sim.generation	num_muts	num_ind	mean-phenotype1-mat	mean-phenotype2-MTWetQ	mean-phenotype3-MTDQ	mean-phenotype4-PDM	mean-phenotype5-PwarmQ	mean-phenotype6-PWM	sd-phenotype1-mat	sd-phenotype2-MTWetQ	sd-phenotype3-MTDQ	sd-phenotype4-PDM	sd-phenotype5-PwarmQ	sd-phenotype6-PWM	corr_phen_env_1mat	corr_phen_env_2MTWetQ	corr_phen_env_3MTDQ	corr_phen_env_4PDM	corr_phen_env_5PwarmQ	corr_phen_env_6PWM
200	31	2166	-7.18017e-06	0.00154093	0.00125965	0.00148374	-0.00189452	0.000723181	0.0138215	0.0185749	0.0102125	0.0202673	0.0146333	0.0132576	0.0343655	0.0231726	-0.104141	0.0034346	-0.0227464	-0.0199631
400	26	518	-0.0191377	-0.043718	-0.000569139	0.0377143	-0.0323763	-0.0120641	0.0845329	0.0927888	0.0641279	0.0716984	0.0547098	0.0483445	0.264485	0.294556	0.314879	0.236158	-0.105883	0.11892
600	44	992	0.0146267	-0.133573	-0.00187878	0.0836821	-0.0743259	-0.02388	0.135494	0.139255	0.101722	0.135921	0.0679522	0.147654	0.554239	0.686957	0.531492	0.661448	0.394358	0.708052
800	78	1686	-0.00651806	-0.120179	-0.0188264	0.0773601	-0.104067	-0.0548053	0.175009	0.225749	0.158066	0.193874	0.100606	0.185153	0.699937	0.816838	0.683901	0.759961	0.582196	0.822954
1000	130	2547	-0.00427455	-0.0895202	-0.0129754	0.027165	-0.0872738	-0.0516722	0.21501	0.257938	0.232344	0.237303	0.15723	0.244915	0.762873	0.820984	0.814388	0.819005	0.782296	0.85942
1200	211	4145	-0.0271278	-0.0809885	-0.0148815	0.0101027	-0.0387234	-0.00400705	0.256535	0.26748	0.300194	0.264046	0.223651	0.292947	0.82087	0.863104	0.887198	0.860681	0.887778	0.907129
1400	291	5751	-0.0453896	-0.0584165	-0.0424881	-0.0220119	-0.00834284	0.00919498	0.278834	0.286627	0.308929	0.294786	0.274773	0.319213	0.85925	0.907158	0.913587	0.90846	0.929364	0.937379
1600	350	7036	-0.0381263	-0.0290804	-0.0460522	-0.0377465	-0.0077464	-0.00215918	0.279268	0.304983	0.311612	0.307792	0.306679	0.339164	0.878668	0.934145	0.917351	0.923466	0.946128	0.951731
1800	389	7646	-0.0357675	-0.00725279	-0.0366142	-0.0335803	-0.00231587	-0.0127867	0.283248	0.325488	0.298668	0.311723	0.313899	0.339569	0.884976	0.949072	0.923005	0.937377	0.954761	0.951818
2000	404	7937	-0.0356647	-0.00677171	-0.0344757	-0.0268105	0.00440962	-0.0115081	0.285306	0.331385	0.292959	0.323432	0.318367	0.331627	0.896517	0.951168	0.923465	0.951695	0.956685	0.95336
2200	391	8168	-0.0293556	-0.00906484	-0.0308449	-0.0123872	0.0161935	-0.00271949	0.291201	0.335231	0.290223	0.33829	0.328267	0.333119	0.903739	0.956735	0.92825	0.959359	0.96342	0.958754
2400	397	8231	-0.0250735	-0.00697009	-0.0295797	-0.00652084	0.0210144	0.000843648	0.292738	0.333482	0.292742	0.341491	0.330655	0.328743	0.906443	0.958773	0.928322	0.961189	0.966409	0.960305
2600	394	8311	-0.0210412	-0.00142079	-0.0269283	-0.0117268	0.0210465	-0.000635422	0.293423	0.335103	0.290331	0.342151	0.337093	0.32936	0.914724	0.962906	0.931202	0.962202	0.967375	0.960255
2800	385	8417	-0.0233289	-0.00135387	-0.0257735	-0.0025273	0.0219395	0.00147486	0.293451	0.336398	0.296064	0.340909	0.33507	0.331458	0.913282	0.962204	0.934425	0.961117	0.967585	0.960686
3000	399	8438	-0.0256108	0.00421329	-0.0246921	-0.00711182	0.0237432	-0.00677567	0.297095	0.335077	0.294204	0.336668	0.335613	0.327985	0.916773	0.960694	0.934464	0.963212	0.968969	0.961215
3200	389	8361	-0.0216009	-0.00344681	-0.021266	-0.0052009	0.0235477	-0.000555216	0.291299	0.336262	0.292293	0.335072	0.336966	0.329941	0.907709	0.963044	0.931767	0.963007	0.969598	0.960896
3400	381	8328	-0.024307	0.0021551	-0.0265026	-0.00558021	0.0298019	0.00147699	0.295097	0.339729	0.29226	0.334682	0.334353	0.322437	0.915087	0.963412	0.934695	0.963028	0.970504	0.96097
3600	385	8440	-0.0200327	-0.00495326	-0.0198949	0.000712703	0.0247386	0.00430087	0.291613	0.339787	0.294774	0.338963	0.335412	0.327548	0.910745	0.961347	0.933932	0.963963	0.969604	0.961625
3800	384	8401	-0.0145738	0.000232536	-0.0188592	-0.000422771	0.0272024	0.00557585	0.294932	0.339242	0.29336	0.339141	0.334025	0.325711	0.914954	0.963605	0.936195	0.964934	0.971549	0.960691
4000	362	8390	-0.0219236	0.00230226	-0.0193607	0.00251302	0.0263932	0.0034557	0.292093	0.339671	0.291557	0.339205	0.335446	0.327673	0.911345	0.965292	0.932739	0.967006	0.971553	0.961601
4200	345	8431	-0.0217461	0.000865879	-0.0203577	9.46867e-05	0.0233704	-0.00154019	0.294667	0.337199	0.289171	0.334616	0.33488	0.322496	0.910309	0.96343	0.934019	0.964894	0.972242	0.961392
4400	353	8511	-0.0216356	0.00163341	-0.0203012	0.000591566	0.0249967	-0.00314874	0.29313	0.33824	0.291867	0.337703	0.336888	0.322169	0.914511	0.963046	0.937105	0.964457	0.971936	0.960859
4600	347	8408	-0.0164629	0.00131607	-0.0187095	-0.00206024	0.019598	-0.00515656	0.294501	0.342121	0.2899	0.336227	0.337673	0.326527	0.913664	0.96475	0.936774	0.967061	0.974159	0.962442
4800	334	8465	-0.020511	-0.000361967	-0.0204003	-0.00380249	0.0215331	-0.00549274	0.295499	0.343558	0.292128	0.331631	0.336232	0.32274	0.912917	0.965636	0.937752	0.964824	0.973687	0.96103
5000	351	8506	-0.0194678	-0.000632876	-0.0198597	0.00446311	0.0234793	-0.000548124	0.293203	0.342629	0.291184	0.33265	0.33716	0.326162	0.913242	0.962254	0.938874	0.965471	0.973969	0.96317
5200	357	8454	-0.0173783	0.00780166	-0.0256323	-0.00444352	0.0213814	-0.00461229	0.294043	0.344086	0.290768	0.335011	0.338566	0.328602	0.916496	0.965342	0.939267	0.966518	0.974062	0.963455
5400	354	8405	-0.0186865	-0.00249963	-0.0227134	-0.00360788	0.021652	-0.00623766	0.294843	0.343666	0.294062	0.332442	0.337292	0.325518	0.914511	0.96628	0.937322	0.967184	0.974536	0.964881
5600	340	8468	-0.0152861	-0.00358117	-0.0154987	0.00259508	0.0204294	-0.004653	0.294716	0.341813	0.292785	0.33078	0.335532	0.325565	0.913649	0.964804	0.941293	0.966693	0.974676	0.963613
5800	343	8528	-0.0186544	-0.00548797	-0.0250708	-0.00420898	0.0242653	-0.00028388	0.295206	0.341453	0.291157	0.335319	0.33902	0.327185	0.916266	0.966646	0.936165	0.967953	0.974483	0.965787
6000	345	8551	-0.01311	-0.00381448	-0.0187018	-0.00319408	0.0201835	-0.00615558	0.296199	0.345644	0.292762	0.333916	0.339391	0.326443	0.915435	0.967112	0.94205	0.966248	0.975271	0.964135
6200	367	8565	-0.0108113	-0.00547503	-0.0188964	-0.00493008	0.0177531	-0.00267908	0.297004	0.34595	0.293933	0.336089	0.341858	0.32759	0.917581	0.967924	0.941518	0.968864	0.97548	0.965782
6400	344	8604	-0.0164523	-0.00407023	-0.0184153	0.000180149	0.0135426	-0.00361547	0.295215	0.345649	0.295055	0.335255	0.338946	0.325629	0.916883	0.965237	0.940396	0.967672	0.976605	0.966658
6600	345	8473	-0.0174613	0.000347965	-0.0176438	-0.00292225	0.0189746	-0.000378948	0.296809	0.344318	0.290577	0.333328	0.337437	0.32689	0.917757	0.96739	0.942251	0.968276	0.977179	0.965833
6800	340	8633	-0.0196835	-0.00330077	-0.0184342	-0.00221951	0.0151295	0.000984398	0.298832	0.344335	0.291956	0.334821	0.338571	0.325894	0.917875	0.96819	0.940853	0.967818	0.97605	0.964991
7000	356	8534	-0.0185355	-0.00619218	-0.0207378	0.00146847	0.0164318	-0.00202216	0.2984	0.345946	0.290753	0.334914	0.337947	0.320669	0.915856	0.968968	0.940618	0.967603	0.976119	0.964823
7200	341	8507	-0.019045	-0.00263118	-0.0215229	-0.00215373	0.0174705	-0.00318569	0.300273	0.34478	0.286677	0.331515	0.339565	0.324133	0.91644	0.967614	0.939361	0.967068	0.975129	0.964565
7400	374	8539	-0.0146568	-0.00315184	-0.0152595	-0.00292888	0.0201764	-0.000652738	0.299519	0.34694	0.29354	0.333174	0.341017	0.32462	0.918732	0.968641	0.94445	0.968367	0.977535	0.967218
7600	339	8597	-0.0126411	-0.00578123	-0.0141108	-0.00426396	0.0170509	-0.00183458	0.299397	0.347488	0.296614	0.333641	0.341374	0.325616	0.917796	0.969226	0.943409	0.968503	0.977889	0.966414
7800	349	8503	-0.0135919	-0.00424221	-0.0155155	-0.00283063	0.0193489	-0.000987228	0.301416	0.345017	0.294052	0.334056	0.339471	0.323175	0.918681	0.967546	0.944537	0.969176	0.976806	0.966805
8000	354	8629	-0.0153988	-0.00247618	-0.0177881	-0.00643878	0.0134525	-0.00611104	0.300917	0.344724	0.294586	0.333511	0.340697	0.327107	0.918832	0.9669	0.94266	0.967928	0.976948	0.967199
8200	332	8536	-0.0180782	-0.00213205	-0.0205504	-0.00334822	0.0192339	-0.000923795	0.300916	0.344771	0.294342	0.332584	0.339162	0.323191	0.919295	0.968379	0.94468	0.969103	0.977262	0.966937
8400	360	8567	-0.0212502	-0.0013888	-0.024189	-0.00500949	0.0168451	-0.00198838	0.302378	0.345305	0.297822	0.335416	0.339568	0.322452	0.91868	0.969434	0.94581	0.968343	0.97713	0.966326
8600	346	8505	-0.0159797	-0.0029231	-0.0205909	-0.00478273	0.0189041	-0.000751764	0.302041	0.348231	0.297436	0.335095	0.341097	0.323158	0.916654	0.971646	0.94647	0.968885	0.977893	0.967373
8800	316	8623	-0.016791	0.00268487	-0.0233478	-0.00799914	0.017072	-0.00560285	0.300958	0.348732	0.294658	0.334625	0.342635	0.322797	0.919753	0.968016	0.944219	0.969303	0.978213	0.967979
9000	361	8624	-0.0185452	-0.00178055	-0.0228846	-0.00234522	0.0214446	-0.00210478	0.300166	0.346964	0.299483	0.333457	0.333447	0.318255	0.918192	0.968499	0.941545	0.968061	0.976967	0.966933
9200	363	8635	-0.0138246	-0.00244619	-0.0219562	-0.00200202	0.0157077	-0.00350638	0.302931	0.343768	0.304138	0.330964	0.336028	0.321183	0.918878	0.969611	0.946905	0.968431	0.977606	0.967679
9400	368	8606	-0.0198771	1.30746e-07	-0.0247648	-0.00611703	0.0216801	-0.000251952	0.302298	0.347386	0.305316	0.334049	0.338383	0.321802	0.922121	0.970056	0.945248	0.968298	0.977212	0.967498
9600	368	8607	-0.0197691	-0.00629428	-0.0231567	-0.00783477	0.0147295	-0.00592477	0.299461	0.343905	0.30311	0.328418	0.337579	0.321918	0.923127	0.969937	0.949468	0.968549	0.977384	0.968107
9800	337	8492	-0.0225425	-0.000250511	-0.0284869	-0.00389418	0.0264394	0.00470777	0.29708	0.347101	0.304989	0.3342	0.340306	0.322131	0.921609	0.971164	0.947754	0.969287	0.979505	0.96765
10000	354	8596	-0.0201866	-0.00501022	-0.0245633	-0.00207077	0.0168764	-0.00205061	0.304379	0.347613	0.302564	0.330399	0.337779	0.322758	0.920422	0.969746	0.947248	0.968022	0.978508	0.966672
