// Initial random seed:
1631824399814

// RunInitializeCallbacks():
initializeTreeSeq();
initializeMutationRate(2.5e-08);
initializeSex("A");
initializeMutationType(2, 0.5, "f", 0);
initializeGenomicElementType(1, m2, 1);
initializeGenomicElement(g1, 0, 550000);
initializeRecombinationRate(c(1e-06, 0.5, 1e-06, 0.5, 1e-06, 0.5, 1e-06, 0.5, 1e-06, 0.5, 1e-06, 0.5, 1e-06, 0.5, 1e-06, 0.5, 1e-06, 0.5, 1e-06, 0.5, 1e-06, 0.5, 1e-06, 0.5, 1e-06, 0.5, 1e-06, 0.5, 1e-06, 0.5, 1e-06, 0.5, 1e-06, 0.5, 1e-06, 0.5, 1e-06, 0.5, 1e-06), c(50000, 50001, 100000, 100001, 150000, 150001, 200000, 200001, 250000, 250001, 300000, 300001, 350000, 350001, 400000, 400001, 450000, 450001, 500000, 500001, 550000, 550001, 600000, 600001, 650000, 650001, 700000, 700001, 750000, 750001, 800000, 800001, 850000, 850001, 900000, 900001, 950000, 950001, 1000000));

QTL DFE means: 
0 0

QTL DFE variance-covariance matrix: 
      [,0]  [,1]
[0,] 0.002     0
[1,]     0 0.002

// Starting run at generation <start>:
1 

100:0.995691 0.995691 -8.43769e-15 0.00239737 0.00355556 0.0267859 0.19828 NAN NAN
200:0.991696 0.991696 -1.73195e-14 -0.0012348 0.00631813 -0.128089 -0.0727146 NAN NAN
300:0.989013 0.989013 -5.66214e-15 0.000792828 0.00409957 0.0329311 -0.120701 NAN NAN
400:0.988156 0.988156 -2.94209e-14 0.0159664 0.00206787 -0.0963001 -0.324363 NAN NAN
500:0.986821 0.986821 -1.66533e-15 0.0242926 0.0118247 0.0429194 -0.269459 NAN NAN
600:0.986237 0.986237 -9.4369e-15 0.0172285 0.00237791 -0.0475043 -0.155767 NAN NAN
700:0.984196 0.984196 -2.55351e-14 0.0141032 0.00196603 -0.0643919 -0.201567 NAN NAN
800:0.984121 0.984121 9.32587e-15 0.00915093 -0.00736319 0.156801 0.123415 NAN NAN
900:0.98375 0.98375 -2.86438e-14 0.0115125 0.00508267 -0.0254015 -0.071428 NAN NAN
1000:0.981011 0.981011 1.66533e-14 0.0283351 -0.0128695 -0.0380103 -0.121154 NAN NAN
1100:0.979207 0.974571 0.00463646 0.0327953 -0.000690578 0.107885 0.849042 0.0285278 0.287076
1200:0.977205 0.951675 0.0255303 0.0451706 0.0133343 0.472154 0.970903 0.107983 0.639044
1300:0.971461 0.914883 0.0565777 0.041647 -0.00422986 0.515584 0.989538 0.147196 0.77071
1400:0.965155 0.867825 0.0973291 0.0640777 0.000879867 0.728084 0.988891 0.225919 0.842844
1500:0.956053 0.808621 0.147431 0.0496272 0.00750433 0.832584 0.991738 0.316396 0.886744
1600:0.948618 0.741037 0.207581 0.105049 0.0174329 0.902708 0.993977 0.434392 0.922473
1700:0.933634 0.674621 0.259013 0.129229 0.00723691 0.945658 0.993505 0.527179 0.931525
1800:0.922393 0.59426 0.328133 0.152553 0.00549952 0.979277 0.994675 0.671294 0.943257
1900:0.901506 0.497365 0.40414 0.181964 0.00822075 0.985332 0.995562 0.741951 0.955232
2000:0.860791 0.377368 0.483423 0.202369 0.0307093 0.991948 0.994512 0.808235 0.958542
2100:0.855237 0.370763 0.484475 0.193144 0.0295674 0.989954 0.995278 0.801147 0.959483
2200:0.860268 0.368488 0.49178 0.193031 0.0132913 0.992925 0.995356 0.813758 0.959412
2300:0.859042 0.367759 0.491283 0.193149 0.0201221 0.99018 0.995154 0.810798 0.960185
2400:0.852371 0.369124 0.483247 0.180015 0.0117988 0.990471 0.994963 0.797844 0.957958
2500:0.856166 0.369462 0.486704 0.198394 0.0185594 0.991784 0.995198 0.804644 0.958806
2600:0.855726 0.370118 0.485607 0.201884 0.0173454 0.992159 0.994774 0.804374 0.957918
2700:0.856594 0.36898 0.487615 0.197097 0.0258199 0.992268 0.994817 0.806682 0.957474
2800:0.8522 0.368227 0.483973 0.203935 0.0202014 0.992812 0.994918 0.800645 0.956345
2900:0.852397 0.366215 0.486182 0.20481 0.0252983 0.989699 0.995234 0.799977 0.958659
3000:0.850495 0.36736 0.483134 0.205867 0.0315158 0.992448 0.994834 0.799501 0.955613
