// Initial random seed:
2571017424126

// RunInitializeCallbacks():
initializeTreeSeq();
initializeMutationRate(1e-09);
initializeSex("A");
initializeMutationType(2, 0.5, "f", 0);
initializeGenomicElementType(1, m2, 1);
initializeGenomicElement(g1, 0, 550000);
initializeRecombinationRate(c(1e-06, 0.5, 1e-06, 0.5, 1e-06, 0.5, 1e-06, 0.5, 1e-06, 0.5, 1e-06, 0.5, 1e-06, 0.5, 1e-06, 0.5, 1e-06, 0.5, 1e-06, 0.5, 1e-06, 0.5, 1e-06, 0.5, 1e-06, 0.5, 1e-06, 0.5, 1e-06, 0.5, 1e-06, 0.5, 1e-06, 0.5, 1e-06, 0.5, 1e-06, 0.5, 1e-06), c(50000, 50001, 100000, 100001, 150000, 150001, 200000, 200001, 250000, 250001, 300000, 300001, 350000, 350001, 400000, 400001, 450000, 450001, 500000, 500001, 550000, 550001, 600000, 600001, 650000, 650001, 700000, 700001, 750000, 750001, 800000, 800001, 850000, 850001, 900000, 900001, 950000, 950001, 1000000));

QTL DFE means: 
0 0

QTL DFE variance-covariance matrix: 
     [,0] [,1]
[0,]  0.4    0
[1,]    0  0.4

// Starting run at generation <start>:
1 

100:0.998886 0.998886 2.36478e-14 0.00280248 0.000415155 -0.150708 -0.254715 NAN NAN
200:0.999207 0.999207 8.77076e-15 -0.000113291 0.000490708 -0.208202 0.186743 NAN NAN
300:0.999117 0.999117 -7.32747e-15 -0.000180424 0.0004825 -0.0757002 -0.0129313 NAN NAN
400:0.998367 0.998367 2.86438e-14 -0.00915297 -0.00341171 -0.343942 -0.143454 NAN NAN
500:0.997948 0.997948 -2.55351e-15 -0.00416862 0.00230878 0.15942 0.246111 NAN NAN
600:0.999181 0.999181 -5.55112e-16 -0.00535939 0.00135145 -0.179362 0.220402 NAN NAN
700:0.999223 0.999223 -6.66134e-15 -0.000976199 0.00139618 -0.0151997 0.0971236 NAN NAN
800:0.999153 0.999153 2.05391e-14 -0.003595 -0.000566157 0.0127705 0.149724 NAN NAN
900:0.999299 0.999299 3.44169e-15 9.5216e-05 0.000334861 0.176522 -0.113065 NAN NAN
1000:0.99925 0.99925 -9.32587e-15 0.000143002 0.000800759 0.102836 0.080371 NAN NAN
1100:0.99408 0.994041 3.894e-05 0.000482057 -0.000538184 0.0190955 0.0825585 0.0320479 0.00151035
1200:0.979226 0.979174 5.15962e-05 0.00295259 -0.00124977 0.180922 -0.0270189 0.0277348 0.0121746
1300:0.955694 0.954655 0.0010389 0.00315781 0.00165169 -0.041616 0.391644 0.0143464 0.0924418
1400:0.924025 0.919325 0.00470018 0.00227539 -0.0019891 0.201098 0.524537 0.0366981 0.168791
1500:0.92218 0.831617 0.0905632 0.031399 0.0153783 0.419202 0.925025 0.336714 0.728296
1600:0.901189 0.744033 0.157156 -0.0228143 0.024827 0.488574 0.933341 0.444521 0.818637
1700:0.876899 0.660653 0.216246 0.0259435 0.0302829 0.624702 0.917811 0.553115 0.838295
1800:0.875152 0.545859 0.329293 0.0304926 -0.0496322 0.84375 0.955091 0.740305 0.889219
1900:0.852589 0.437726 0.414863 0.0158518 -0.018144 0.878971 0.968272 0.786914 0.907497
2000:0.823438 0.324456 0.498982 0.0311813 -0.0190622 0.934912 0.962565 0.859176 0.918238
2100:0.828943 0.322564 0.506379 0.01704 -0.0204532 0.934025 0.969477 0.856223 0.92312
2200:0.817176 0.326715 0.49046 0.0193278 -0.0383736 0.921113 0.968429 0.842008 0.918706
2300:0.819065 0.324408 0.494656 0.0341334 -0.011869 0.92725 0.959635 0.854019 0.913819
2400:0.823028 0.324177 0.498852 0.00538466 -0.00363056 0.935009 0.960733 0.857292 0.910453
2500:0.828351 0.329725 0.498627 0.0158452 0.0139161 0.938158 0.961166 0.86094 0.907755
2600:0.827859 0.330194 0.497665 0.0138872 0.0125654 0.935133 0.963537 0.857324 0.908688
2700:0.824958 0.33072 0.494239 0.0247827 0.000382719 0.938245 0.964283 0.8548 0.909117
2800:0.81873 0.330659 0.488071 0.0273867 0.00308415 0.919895 0.963939 0.851327 0.911924
2900:0.830982 0.331929 0.499053 0.027796 0.00730308 0.939193 0.955977 0.862502 0.909964
3000:0.834792 0.329453 0.505339 0.0187527 0.00851652 0.94732 0.961495 0.864271 0.907564
