0.737802 0.618762 0.359621 0.253147 0.16123 0.669474 0.506131 0.462512 0.233732 0.125799 0.622147 0.557372 0.361392 0.162322 0.129326 0.447344 0.348721 0.230021 0.155007 0.0827276 0.336959 0.230635 0.189446 0.108416 0.0533595 0.229638 0.179645 0.132754 0.0680146 0.0494402 0.116271 0.0948742 0.0847461 0.0379247 0.0212412 0.0684956 0.0606487 0.0435429 0.0327708 0.0155115 0.0371937 0.0332015 0.0197137 0.0126689 0.008823 0.0169414 0.013362 0.00729016 0.00449882 0.00454917
0.853454 0.788021 0.593294 0.499104 0.394061 0.786634 0.711975 0.64962 0.442571 0.317293 0.725476 0.66366 0.542193 0.351039 0.322454 0.502145 0.437813 0.354089 0.29445 0.208007 0.36126 0.317581 0.286491 0.214461 0.139814 0.256089 0.235435 0.194227 0.134684 0.118921 0.136255 0.131629 0.116884 0.0855795 0.0624764 0.0834301 0.0775166 0.0681792 0.0593456 0.0388311 0.0435619 0.0422341 0.0312891 0.0239028 0.0208358 0.01861 0.0185591 0.012044 0.0104635 0.0107706
0.675028 0.706899 0.747992 0.724789 0.690153 0.649274 0.718306 0.68077 0.653434 0.585596 0.569772 0.562484 0.607803 0.563376 0.561506 0.39141 0.412997 0.440944 0.436261 0.390384 0.262538 0.32218 0.330433 0.323762 0.271896 0.196705 0.225186 0.215253 0.204857 0.210816 0.116129 0.132352 0.128956 0.138215 0.123696 0.0677411 0.0683327 0.0765073 0.0835684 0.0707124 0.0335224 0.0389762 0.0365055 0.0345926 0.0355735 0.0150202 0.0195389 0.0150695 0.018282 0.0187973
0.366795 0.457089 0.711855 0.772966 0.846584 0.376962 0.519128 0.544007 0.730481 0.762267 0.307105 0.367827 0.513606 0.655857 0.688923 0.22448 0.305424 0.439497 0.492412 0.523192 0.132701 0.245783 0.290237 0.368764 0.375778 0.107933 0.160255 0.186691 0.238906 0.26824 0.0726336 0.0997156 0.116148 0.15897 0.164225 0.0374483 0.0420825 0.06307 0.0913391 0.0930127 0.0172113 0.026977 0.0323987 0.0397355 0.0444974 0.00915483 0.015884 0.0140006 0.0238527 0.0238374
0.137859 0.21712 0.49344 0.594965 0.708182 0.152964 0.265891 0.33044 0.591566 0.681142 0.114546 0.19702 0.320434 0.536983 0.591315 0.100196 0.17581 0.33513 0.402843 0.482313 0.0478171 0.141267 0.192253 0.305438 0.357537 0.0438383 0.0839595 0.126478 0.207807 0.237229 0.0325491 0.0581005 0.0814486 0.128075 0.145023 0.0145428 0.0181754 0.0388124 0.0757528 0.0872449 0.0059725 0.014059 0.0222586 0.0356475 0.0409266 0.00416523 0.00991314 0.00936786 0.0225525 0.021743
0.68273 0.574738 0.337892 0.233076 0.150859 0.702288 0.540886 0.490931 0.246131 0.135852 0.714005 0.634749 0.418342 0.191046 0.14843 0.578988 0.458357 0.295011 0.199709 0.106768 0.479389 0.327032 0.266887 0.152179 0.0756759 0.351975 0.277275 0.205442 0.104766 0.075681 0.197387 0.160414 0.141713 0.0645863 0.0360828 0.12635 0.113236 0.0810422 0.0587492 0.0288221 0.0758213 0.0661121 0.0403285 0.0257843 0.0175855 0.0373772 0.0288889 0.0164609 0.0100204 0.00963187
0.789581 0.734491 0.558257 0.460826 0.370693 0.828032 0.760977 0.692043 0.468933 0.341672 0.834365 0.755306 0.628435 0.410773 0.370965 0.64901 0.573497 0.452341 0.377338 0.266895 0.511783 0.450575 0.404727 0.298387 0.197868 0.391113 0.361093 0.300526 0.206198 0.181017 0.230328 0.220621 0.195203 0.144527 0.105463 0.154398 0.144112 0.126257 0.105944 0.0712234 0.0887502 0.0842332 0.064012 0.048458 0.0416215 0.0409493 0.0398462 0.0271586 0.0229708 0.022834
0.624832 0.661008 0.705756 0.673887 0.654235 0.685443 0.769238 0.727484 0.693967 0.630267 0.657278 0.640126 0.704507 0.656746 0.64736 0.505218 0.537108 0.559974 0.557257 0.498917 0.370686 0.456916 0.467698 0.448122 0.384079 0.299228 0.343068 0.332726 0.312192 0.319743 0.194512 0.220413 0.214674 0.23159 0.207784 0.125733 0.126287 0.140708 0.148231 0.127952 0.0682689 0.0778406 0.0745613 0.0695285 0.0709375 0.0329281 0.0418033 0.0338703 0.0393856 0.0399936
0.33991 0.429281 0.67438 0.72623 0.809321 0.399027 0.558051 0.583472 0.775488 0.821941 0.355474 0.417985 0.595238 0.762817 0.795431 0.289233 0.393332 0.554245 0.628179 0.667101 0.186749 0.348451 0.410855 0.509845 0.529918 0.163386 0.242782 0.288123 0.362906 0.406247 0.120001 0.165238 0.192213 0.26447 0.274872 0.0696791 0.0773084 0.115151 0.16114 0.166231 0.035053 0.0539356 0.0658425 0.0788067 0.0880215 0.019991 0.0339674 0.0313212 0.050349 0.0507258
0.127957 0.205438 0.469755 0.566123 0.682709 0.162375 0.287364 0.356367 0.626861 0.737289 0.133004 0.222842 0.371463 0.623673 0.682912 0.128681 0.224228 0.419844 0.513744 0.614145 0.0670078 0.200414 0.271555 0.423062 0.503436 0.0659276 0.126709 0.194826 0.31467 0.359278 0.0529661 0.095568 0.133743 0.211662 0.242147 0.0271061 0.033243 0.0704849 0.133315 0.154431 0.0121761 0.0281062 0.0448307 0.0695834 0.079726 0.00906558 0.0212285 0.0208527 0.0466914 0.0460186
0.574223 0.487523 0.288446 0.195009 0.128496 0.669762 0.526298 0.473922 0.235682 0.133641 0.745013 0.658492 0.44209 0.20447 0.154943 0.682356 0.548295 0.344328 0.233982 0.125388 0.62105 0.421437 0.341593 0.194414 0.0973987 0.491341 0.389367 0.28887 0.146716 0.105315 0.306087 0.247501 0.216283 0.100048 0.0557502 0.2124 0.192753 0.137352 0.0962676 0.0487135 0.140482 0.119937 0.0749194 0.0476767 0.0319243 0.0750949 0.0571358 0.033853 0.0203119 0.0187439
0.663901 0.624931 0.477491 0.386786 0.317593 0.792764 0.740273 0.670514 0.451718 0.335239 0.872492 0.783118 0.664631 0.437336 0.388211 0.763836 0.683658 0.525972 0.439841 0.311836 0.660216 0.580977 0.519398 0.377992 0.254208 0.544129 0.504095 0.42238 0.287108 0.250526 0.355599 0.337451 0.297242 0.222067 0.1619 0.260255 0.244276 0.212929 0.172741 0.118891 0.16433 0.153069 0.11896 0.089374 0.0757487 0.0820756 0.0782518 0.0557843 0.0459684 0.0444045
0.525634 0.563912 0.605608 0.569917 0.565055 0.658432 0.749725 0.707239 0.670046 0.618128 0.68935 0.663589 0.745105 0.696915 0.678932 0.59379 0.635725 0.647578 0.647531 0.581004 0.476599 0.589035 0.601278 0.564838 0.492654 0.41468 0.475875 0.466996 0.43282 0.440915 0.297547 0.334898 0.325578 0.353094 0.317375 0.212445 0.2128 0.235722 0.23999 0.210819 0.126348 0.141637 0.138389 0.127375 0.128973 0.0657683 0.0817232 0.0693382 0.0774645 0.0778716
0.286261 0.367646 0.58125 0.621117 0.705126 0.384423 0.546003 0.569697 0.748626 0.807743 0.374011 0.43246 0.629443 0.808032 0.835458 0.339276 0.461038 0.636922 0.729088 0.775573 0.239302 0.449223 0.528247 0.64191 0.678722 0.225315 0.334933 0.40362 0.501641 0.559336 0.181059 0.249743 0.289688 0.400356 0.418287 0.117949 0.129469 0.191546 0.259314 0.270623 0.0648733 0.0982229 0.121666 0.142743 0.158987 0.0397711 0.0662691 0.0638065 0.0971297 0.0986082
0.10792 0.177243 0.40696 0.490767 0.599996 0.156881 0.282668 0.350235 0.604225 0.727589 0.140336 0.229292 0.392814 0.66007 0.717452 0.150413 0.260291 0.479619 0.596153 0.713534 0.0854876 0.258655 0.348424 0.533499 0.643971 0.0903018 0.174152 0.272346 0.433768 0.494649 0.0786913 0.143368 0.200005 0.318293 0.367576 0.0459281 0.0554073 0.116636 0.213865 0.24907 0.0225553 0.0511622 0.082168 0.124258 0.142101 0.0179712 0.0414118 0.0422564 0.0883855 0.0888857
0.43911 0.377626 0.223732 0.148267 0.0996731 0.58075 0.466409 0.41614 0.205211 0.119793 0.706741 0.621959 0.426181 0.198952 0.147119 0.732294 0.596848 0.365669 0.249281 0.133976 0.732722 0.493636 0.397235 0.225982 0.113761 0.624436 0.497309 0.369077 0.186776 0.133252 0.433371 0.348354 0.301241 0.140958 0.0783588 0.325366 0.29908 0.211956 0.144094 0.0749021 0.23658 0.198191 0.126389 0.0800812 0.0527874 0.137397 0.103278 0.0634154 0.0374652 0.0334883
0.507506 0.485287 0.371263 0.295141 0.247927 0.69039 0.655513 0.590928 0.395595 0.299772 0.829523 0.739281 0.640884 0.423543 0.369569 0.818641 0.741593 0.556544 0.466336 0.331691 0.775674 0.680888 0.605546 0.435764 0.296476 0.689324 0.640325 0.539264 0.363536 0.315316 0.501178 0.470904 0.412662 0.310403 0.226068 0.399543 0.377433 0.326997 0.257103 0.180643 0.276548 0.253383 0.200817 0.149922 0.125591 0.149847 0.140452 0.104382 0.0838368 0.0791434
0.401999 0.438799 0.47263 0.438495 0.444846 0.575526 0.665036 0.625594 0.588168 0.552498 0.657319 0.626281 0.718462 0.673058 0.647769 0.635499 0.684746 0.681743 0.684475 0.616327 0.558087 0.690317 0.702157 0.64801 0.573802 0.523381 0.600797 0.595189 0.545838 0.552878 0.415503 0.46417 0.449837 0.489787 0.440887 0.326749 0.326868 0.359676 0.354487 0.316332 0.212521 0.234758 0.233407 0.212591 0.213749 0.119677 0.145902 0.129303 0.139073 0.138684
0.219156 0.287045 0.455808 0.483701 0.560153 0.337078 0.486213 0.506512 0.65718 0.723564 0.357712 0.407199 0.606853 0.779378 0.798293 0.362341 0.491832 0.666707 0.769858 0.821819 0.279269 0.526676 0.616909 0.735585 0.789532 0.283009 0.420618 0.513251 0.630949 0.700186 0.24939 0.344243 0.397606 0.55139 0.57885 0.181632 0.197624 0.290284 0.380502 0.4014 0.109109 0.162909 0.20441 0.235984 0.262104 0.072085 0.117917 0.118384 0.171239 0.175058
0.0827307 0.139401 0.320846 0.38773 0.480944 0.137959 0.253051 0.313807 0.529783 0.654763 0.134563 0.214574 0.378662 0.636498 0.685704 0.160028 0.275019 0.499397 0.629442 0.756021 0.099314 0.30371 0.406112 0.612222 0.74829 0.112651 0.217918 0.3455 0.544307 0.619145 0.106712 0.196154 0.272392 0.435456 0.507383 0.0707427 0.084144 0.175874 0.312644 0.366109 0.037967 0.0847943 0.137043 0.202854 0.231618 0.0324489 0.0735846 0.0779646 0.152994 0.156656
0.305416 0.267119 0.157684 0.102441 0.0704422 0.457899 0.37659 0.332415 0.162475 0.0978842 0.60951 0.534623 0.374579 0.175953 0.127066 0.715678 0.591171 0.353275 0.241496 0.130226 0.787372 0.525629 0.419723 0.238943 0.120581 0.722351 0.577556 0.428511 0.216124 0.153338 0.559999 0.44714 0.382866 0.180617 0.100206 0.454157 0.422922 0.297777 0.196901 0.104796 0.362149 0.298261 0.193622 0.122175 0.0795073 0.228942 0.170486 0.108211 0.0628734 0.0548681
0.352844 0.343932 0.262421 0.204764 0.17643 0.546939 0.528472 0.473771 0.314965 0.244372 0.717065 0.635136 0.56313 0.373042 0.320061 0.799025 0.731927 0.535778 0.449718 0.321132 0.830107 0.725391 0.641395 0.457011 0.313886 0.795029 0.739864 0.625479 0.418539 0.360994 0.644555 0.599379 0.522294 0.394673 0.287187 0.558608 0.531472 0.457229 0.349141 0.24986 0.423018 0.382007 0.307937 0.228683 0.189692 0.249202 0.230243 0.177945 0.139324 0.129178
0.279615 0.311401 0.335474 0.306997 0.319368 0.457787 0.536943 0.503588 0.469385 0.450178 0.569864 0.537868 0.63121 0.591466 0.562269 0.619371 0.671126 0.653187 0.658186 0.595417 0.595301 0.73554 0.744852 0.676365 0.606839 0.601519 0.690154 0.688879 0.626105 0.630527 0.529448 0.58675 0.5662 0.618052 0.557148 0.457436 0.457577 0.499816 0.477511 0.432326 0.324898 0.354379 0.357719 0.323132 0.322856 0.198401 0.237765 0.219676 0.227872 0.225795
0.152581 0.204284 0.325221 0.343095 0.405926 0.269021 0.394077 0.410189 0.524609 0.590958 0.311015 0.34881 0.533093 0.684389 0.693968 0.352342 0.477507 0.635483 0.739564 0.793458 0.296881 0.561613 0.654434 0.766882 0.834125 0.32376 0.480693 0.592473 0.722054 0.797008 0.313478 0.4327 0.496994 0.69081 0.728627 0.254444 0.274891 0.400771 0.50892 0.542535 0.166781 0.246047 0.312237 0.355885 0.394242 0.119032 0.191318 0.200071 0.275876 0.283738
0.0576632 0.0999321 0.230212 0.279266 0.351798 0.110426 0.206169 0.256456 0.422551 0.537479 0.117265 0.182591 0.33256 0.559144 0.596249 0.154977 0.264492 0.473774 0.604693 0.730253 0.105088 0.324491 0.430026 0.639087 0.789841 0.127999 0.248181 0.397778 0.62172 0.704607 0.132049 0.244763 0.337862 0.54192 0.637013 0.0990575 0.116413 0.241664 0.416383 0.49058 0.0580773 0.127948 0.207977 0.302553 0.345066 0.0533689 0.119091 0.130993 0.242191 0.251894
0.1933 0.172591 0.100986 0.0643213 0.0453785 0.328337 0.277159 0.241599 0.116973 0.0729478 0.477886 0.418072 0.300044 0.141413 0.0998314 0.637008 0.53276 0.310439 0.212737 0.115137 0.770741 0.50889 0.402975 0.229791 0.115986 0.760623 0.609764 0.452136 0.227293 0.160529 0.6602 0.523265 0.443998 0.210471 0.116608 0.577626 0.544928 0.380817 0.245504 0.133446 0.503948 0.408727 0.269363 0.169287 0.109089 0.347432 0.256848 0.16821 0.0959919 0.0823517
0.223219 0.222481 0.168629 0.129179 0.114504 0.39421 0.387991 0.345597 0.227981 0.181683 0.56359 0.496396 0.450697 0.298754 0.252169 0.710292 0.65722 0.46918 0.394481 0.282951 0.809335 0.702611 0.617255 0.4359 0.301671 0.834781 0.777408 0.659132 0.438096 0.376046 0.756142 0.69569 0.602624 0.456448 0.331976 0.711232 0.681881 0.58204 0.432409 0.314674 0.588188 0.524451 0.428932 0.317134 0.261006 0.377501 0.34452 0.276391 0.210947 0.192937
0.176969 0.201543 0.216578 0.195623 0.209187 0.331394 0.394653 0.368976 0.340556 0.334487 0.449213 0.420199 0.505039 0.47286 0.444031 0.549764 0.598492 0.569438 0.575761 0.523757 0.578563 0.712649 0.717816 0.642051 0.582732 0.629515 0.721144 0.724118 0.653163 0.654144 0.615382 0.67635 0.649221 0.709426 0.640621 0.582893 0.58365 0.632485 0.5864 0.538242 0.451484 0.487144 0.498181 0.447155 0.444388 0.299641 0.353527 0.340049 0.340709 0.335922
0.0966499 0.132512 0.211137 0.221727 0.268469 0.195434 0.290737 0.302672 0.38082 0.440198 0.245848 0.271748 0.426486 0.547047 0.548876 0.311979 0.421894 0.551405 0.646369 0.697872 0.287564 0.544764 0.630669 0.72712 0.800324 0.337346 0.499773 0.620886 0.75179 0.825054 0.359467 0.495937 0.565758 0.787234 0.834449 0.324266 0.348374 0.504035 0.620271 0.668332 0.231714 0.338369 0.433621 0.489374 0.540876 0.17907 0.28298 0.30804 0.406129 0.419774
0.036557 0.0652915 0.150338 0.183434 0.234946 0.0804554 0.152879 0.191264 0.30658 0.402605 0.0928845 0.141264 0.26598 0.447435 0.471728 0.136624 0.231532 0.40938 0.528565 0.642886 0.101308 0.315528 0.413695 0.606657 0.757291 0.132484 0.257177 0.415634 0.64639 0.729115 0.149069 0.27855 0.381666 0.613409 0.727606 0.126101 0.146703 0.302595 0.505087 0.599408 0.0807385 0.175761 0.287181 0.412038 0.469657 0.0799612 0.175541 0.200458 0.350642 0.369476
0.111384 0.101894 0.0587713 0.0367032 0.026658 0.214145 0.186025 0.15979 0.0765773 0.0496151 0.340643 0.297332 0.218975 0.103264 0.0713496 0.516439 0.436813 0.248095 0.17041 0.0925838 0.687375 0.44805 0.351575 0.200988 0.101243 0.729195 0.585118 0.433581 0.217237 0.152951 0.709895 0.558135 0.469763 0.223035 0.123499 0.669414 0.639643 0.443269 0.279179 0.154702 0.637556 0.50998 0.340305 0.213031 0.136365 0.480198 0.352975 0.238206 0.133329 0.113117
0.128568 0.131385 0.0985133 0.074115 0.067806 0.258534 0.259487 0.229407 0.150025 0.123254 0.402777 0.352823 0.328454 0.217514 0.18075 0.575143 0.536863 0.373675 0.314753 0.226859 0.719035 0.618848 0.539758 0.378046 0.263189 0.798112 0.742663 0.631129 0.416876 0.356555 0.808887 0.736179 0.633821 0.480137 0.349264 0.824654 0.796955 0.674441 0.488252 0.360913 0.743504 0.65559 0.542746 0.399804 0.327176 0.52089 0.470329 0.391183 0.290971 0.26351
0.101974 0.118972 0.127175 0.113482 0.125066 0.218349 0.264117 0.246125 0.224635 0.226721 0.321998 0.298521 0.367875 0.343867 0.319032 0.444463 0.485579 0.451609 0.458196 0.419447 0.51245 0.627964 0.628492 0.554148 0.508094 0.600003 0.685243 0.691335 0.619664 0.617529 0.652231 0.710847 0.678146 0.740671 0.670381 0.676075 0.678177 0.728749 0.656317 0.610545 0.57033 0.609742 0.630471 0.563228 0.557363 0.412265 0.479447 0.479673 0.464824 0.456484
0.0557307 0.0783446 0.124725 0.130596 0.162127 0.129243 0.195276 0.203571 0.251382 0.299168 0.1767 0.192501 0.310615 0.397974 0.394987 0.251555 0.339206 0.43544 0.513969 0.559079 0.253862 0.48078 0.552156 0.626813 0.697373 0.320208 0.472594 0.590722 0.712126 0.776867 0.375929 0.518284 0.586549 0.815943 0.869687 0.375961 0.402172 0.577401 0.68873 0.750494 0.292629 0.423671 0.547499 0.61337 0.676681 0.245435 0.381512 0.432153 0.546319 0.566745
0.0210904 0.0388786 0.0893591 0.109913 0.143331 0.0533602 0.103186 0.130247 0.202344 0.275309 0.0668819 0.0993517 0.193654 0.32613 0.33959 0.109647 0.184485 0.322098 0.420393 0.515776 0.0890058 0.279304 0.361603 0.523528 0.659517 0.12494 0.242418 0.394158 0.611694 0.68609 0.153484 0.289124 0.392686 0.631462 0.756314 0.145954 0.168371 0.345256 0.557927 0.667959 0.102014 0.219798 0.360796 0.512139 0.583773 0.10915 0.235653 0.279447 0.464342 0.494318
0.0584691 0.05499 0.0310825 0.0190345 0.0142876 0.127061 0.113935 0.0961851 0.0455857 0.0308216 0.220761 0.192271 0.145573 0.0685032 0.0463878 0.381426 0.32583 0.180292 0.124132 0.0677034 0.558613 0.358827 0.27875 0.159886 0.0801971 0.636727 0.51023 0.377918 0.188676 0.132692 0.696041 0.542492 0.453426 0.214924 0.119057 0.706917 0.68387 0.469554 0.289439 0.163331 0.733404 0.579348 0.390463 0.243462 0.155319 0.604485 0.442304 0.307323 0.168486 0.142077
0.067465 0.0708518 0.0523237 0.0386775 0.0366527 0.154304 0.158151 0.138594 0.0897538 0.0763455 0.261754 0.228002 0.21791 0.143951 0.117867 0.424273 0.398934 0.270636 0.228451 0.165491 0.582237 0.495762 0.428912 0.298088 0.208436 0.695042 0.644902 0.549147 0.360593 0.307853 0.788863 0.710109 0.607661 0.45935 0.334496 0.870761 0.848332 0.711295 0.502494 0.377081 0.854495 0.746154 0.623915 0.458172 0.373666 0.65468 0.58558 0.50453 0.365645 0.328911
0.0535344 0.0640649 0.0679251 0.0599471 0.0682809 0.13096 0.160985 0.149504 0.134708 0.140258 0.209904 0.192807 0.243881 0.227427 0.208551 0.327333 0.358408 0.325772 0.33174 0.305786 0.413769 0.503359 0.500004 0.434766 0.402247 0.520989 0.591992 0.59954 0.534595 0.530642 0.6302 0.681135 0.645308 0.70333 0.638615 0.713788 0.717706 0.764431 0.669347 0.631118 0.655005 0.694877 0.72513 0.645661 0.637005 0.516729 0.592904 0.616666 0.578633 0.566408
0.0292727 0.0422207 0.0670437 0.0701266 0.0894405 0.0778104 0.119431 0.124852 0.150895 0.185588 0.115491 0.123967 0.205884 0.263479 0.258628 0.184727 0.248162 0.312886 0.371846 0.407926 0.204318 0.386155 0.439223 0.491156 0.55185 0.276964 0.406359 0.51028 0.613675 0.665499 0.358457 0.49388 0.55385 0.769131 0.825118 0.396602 0.422839 0.602423 0.696583 0.768362 0.335957 0.482959 0.628534 0.700568 0.77192 0.306493 0.468767 0.552524 0.671549 0.69817
0.0110788 0.0210995 0.0483453 0.0600966 0.0799139 0.0322169 0.0634045 0.0810346 0.121483 0.171945 0.0437853 0.063514 0.128314 0.216519 0.222452 0.0801139 0.133799 0.230696 0.304243 0.377082 0.0712875 0.225145 0.287199 0.41063 0.521698 0.107386 0.207807 0.339259 0.526879 0.587156 0.144099 0.273732 0.368004 0.591141 0.715641 0.153614 0.17596 0.358946 0.561111 0.679027 0.117161 0.250218 0.412413 0.580762 0.662483 0.135762 0.288106 0.354952 0.562522 0.603174
0.0279802 0.0271417 0.014939 0.00897204 0.00698919 0.0685986 0.0637212 0.0527035 0.0246759 0.0175035 0.130082 0.113025 0.088143 0.0412772 0.0274346 0.256691 0.221109 0.119124 0.0822301 0.0450193 0.413757 0.261462 0.200866 0.115689 0.0576477 0.506737 0.404269 0.299422 0.148906 0.104877 0.622172 0.480392 0.399243 0.188328 0.104487 0.680311 0.665832 0.452602 0.273492 0.157106 0.767236 0.599228 0.406933 0.252701 0.161224 0.693064 0.505222 0.361242 0.193738 0.163061
0.0322778 0.0349029 0.0252669 0.0183622 0.0180931 0.0838262 0.0878781 0.0762188 0.0488165 0.0432085 0.1547 0.133929 0.131589 0.0865838 0.0699245 0.285191 0.269655 0.17822 0.150842 0.10983 0.429819 0.36132 0.309756 0.213676 0.149846 0.551643 0.508958 0.434235 0.283512 0.242173 0.701224 0.624282 0.531031 0.399679 0.29168 0.837383 0.82228 0.682676 0.471269 0.358991 0.893002 0.773195 0.651699 0.47731 0.388892 0.749486 0.664732 0.593041 0.418653 0.375016
0.0256259 0.0314761 0.0329993 0.0288451 0.0340556 0.0715087 0.0893971 0.0827188 0.0734399 0.0792387 0.124454 0.11319 0.147118 0.136784 0.124035 0.21964 0.24065 0.213715 0.218529 0.202917 0.304649 0.367129 0.361478 0.310017 0.289141 0.412333 0.464892 0.472318 0.41938 0.415224 0.554989 0.59502 0.559417 0.607425 0.55394 0.686048 0.691636 0.729915 0.621934 0.59463 0.683985 0.720996 0.758087 0.673609 0.663479 0.59001 0.668446 0.722635 0.657317 0.641558
0.0140166 0.0207419 0.0327933 0.0343415 0.0450934 0.0426516 0.0665304 0.0698572 0.0823627 0.10514 0.068655 0.072562 0.124164 0.158732 0.154085 0.123558 0.165194 0.204532 0.244784 0.271073 0.149971 0.282349 0.317479 0.349756 0.396576 0.218394 0.317647 0.400234 0.481101 0.518797 0.311572 0.429167 0.476346 0.659333 0.71283 0.380715 0.404815 0.572379 0.641641 0.717335 0.350666 0.501215 0.656166 0.72907 0.802918 0.348736 0.524882 0.64392 0.754431 0.78467
0.00530243 0.0104367 0.0238085 0.0299908 0.0407389 0.0177083 0.0354757 0.0460899 0.0663447 0.0981287 0.026066 0.0369042 0.0773527 0.130936 0.132604 0.053295 0.0883246 0.150376 0.200362 0.251227 0.0520697 0.165333 0.207285 0.292679 0.374829 0.0841564 0.161965 0.265038 0.413074 0.457062 0.12334 0.236426 0.314154 0.503217 0.616616 0.147043 0.167422 0.340014 0.513708 0.629831 0.122315 0.259301 0.428939 0.600708 0.686318 0.153894 0.320786 0.410891 0.623542 0.671229
0.0122163 0.0122586 0.00652523 0.00384405 0.00312176 0.0337065 0.0325665 0.0262912 0.012146 0.00909603 0.0696974 0.0603882 0.0486039 0.0225889 0.0147594 0.157449 0.136503 0.0715547 0.0495422 0.0272183 0.279375 0.173389 0.131564 0.0761517 0.0376038 0.367897 0.291011 0.215657 0.106783 0.0755708 0.506934 0.3875 0.320665 0.150053 0.0834906 0.596731 0.590242 0.396921 0.235472 0.137742 0.73006 0.564328 0.385296 0.238237 0.152555 0.723751 0.525948 0.386885 0.202762 0.170908
0.0140926 0.0157126 0.0110933 0.00793214 0.00815923 0.0414578 0.044542 0.0381622 0.0241382 0.0223617 0.0831572 0.0714976 0.0723177 0.0473261 0.0377379 0.174726 0.165795 0.106698 0.0906147 0.0663069 0.289352 0.239645 0.203333 0.139242 0.0977863 0.39935 0.365001 0.312081 0.202604 0.173678 0.568048 0.500164 0.423001 0.316269 0.231625 0.733502 0.725627 0.596185 0.402714 0.311531 0.848744 0.729504 0.618713 0.452075 0.368917 0.781528 0.687861 0.635358 0.436863 0.390429
0.0111952 0.0141137 0.0145824 0.0126463 0.0155226 0.035553 0.045246 0.0417004 0.036399 0.0409061 0.0671245 0.0603889 0.0807388 0.0748039 0.0671162 0.134307 0.146981 0.127487 0.130983 0.122563 0.204607 0.24372 0.237511 0.200892 0.188708 0.297658 0.331802 0.338049 0.29915 0.296017 0.445399 0.473906 0.441824 0.477104 0.437626 0.600362 0.606811 0.634342 0.526445 0.510769 0.649513 0.681127 0.720642 0.639636 0.629929 0.613714 0.686954 0.772008 0.681569 0.663223
0.00612376 0.00929044 0.0145963 0.0153415 0.0207854 0.0212883 0.0337674 0.0356757 0.0408786 0.0544253 0.037126 0.0385998 0.0681156 0.0870145 0.0835294 0.0752876 0.100049 0.121613 0.146631 0.164055 0.100428 0.188009 0.208546 0.226311 0.258806 0.157092 0.22569 0.285055 0.343123 0.368158 0.246831 0.340144 0.373194 0.513992 0.560925 0.332627 0.352841 0.495186 0.538231 0.610787 0.33281 0.473555 0.623112 0.691325 0.761652 0.361576 0.535545 0.684184 0.774799 0.80451
0.00231405 0.00470546 0.010673 0.0136631 0.0189964 0.00886182 0.0180787 0.0239793 0.0329572 0.0511989 0.0141132 0.0194877 0.0424168 0.0721298 0.0719321 0.0322826 0.0530678 0.0891892 0.120079 0.152541 0.0346976 0.110655 0.135964 0.189536 0.244603 0.0601659 0.114751 0.187939 0.294779 0.323684 0.0962314 0.186336 0.244323 0.389508 0.483956 0.128041 0.14501 0.293431 0.428084 0.533141 0.11609 0.244609 0.406003 0.566678 0.649137 0.159016 0.325283 0.433587 0.632647 0.681211
