seed mutID muttype p cor_sal cor_temp mutSalEffect mutTempEffect
1231195 438890 m2 0.0148 -0.263544 0.263802 -0.0118032 0
1231195 382789 m2 0.06565 -0.288561 0.401998 -0.0407662 0
1231195 368057 m2 0.04435 -0.405484 -0.0220491 -0.0921085 0
1231195 418653 m2 0.0268 0.180066 -0.59443 0 0.00412313
1231195 373293 m2 0.023 -0.214459 -0.307775 -0.00265252 0
1231195 88670 m2 0.03495 0.218556 0.142392 -0.00774507 0
1231195 98752 m2 0.0673 -0.368023 0.104316 -0.0113241 0
1231195 528271 m2 0.016 -0.215017 0.239697 -0.00496677 0
1231195 304633 m2 0.1718 -0.364516 -0.163523 -0.0794537 0
1231195 293041 m2 0.0643 0.0357654 0.181512 -0.0325827 0
1231195 786645 m2 0.01095 -0.195625 0.25965 -0.00671905 0
1231195 749466 m2 0.01955 -0.248618 0.256565 0.0117964 0
1231195 791877 m2 0.01315 -0.204032 0.193971 -0.0329541 0
1231195 483515 m2 0.0129 0.0516068 0.205827 -0.00918258 0
1231195 292525 m2 0.1462 -0.110189 0.212024 0 0.025644
1231195 40314 m2 0.04265 -0.149399 0.437132 0.0058018 0
1231195 648141 m2 0.01585 -0.0794714 0.354879 0 0.0107568
1231195 288960 m2 0.1373 0.00997806 0.632156 0 0.0226345
1231195 468467 m2 0.01185 -0.0955889 0.338538 0.00116828 0
1231195 619896 m2 0.01545 0.197441 0.286785 0.0248428 0
1231195 754872 m2 0.0102 -0.22384 0.273235 0 0.0624027
1231195 719073 m2 0.013 -0.0900589 0.359064 -0.0319743 0
1231195 385856 m2 0.08245 -0.224087 0.415273 0 0.00540814
1231195 661560 m2 0.01705 -0.0582891 0.252689 0 0.0379686
1231195 264152 m2 0.0224 0.0289116 0.200246 -0.00243003 0
1231195 170652 m2 0.0193 0.191537 0.410551 -0.0180563 0
1231195 449220 m2 0.03885 -0.0189536 -0.0532121 0 0.0339677
1231195 301921 m2 0.0211 -0.211833 -0.377286 -0.00125055 0
1231195 194990 m2 0.0215 0.172278 0.267389 0 0.0429358
1231195 777277 m2 0.0118 0.00287975 0.269363 0 0.0716319
1231195 719591 m2 0.01435 0.164707 0.368305 0 0.00698127
1231195 535444 m2 0.0169 0.0593256 -0.0369254 -0.00473993 0
1231195 441715 m2 0.0319 -0.20099 0.404621 0 0.0394909
1231195 726817 m2 0.0119 0.195873 0.241873 0.0226174 0
1231195 571302 m2 0.011 -0.274216 0.249888 0 -0.00466063
1231195 180837 m2 0.05095 -0.0372532 0.53023 -0.0313117 0
1231195 424925 m2 0.0396 0.00366698 0.418445 0 0.00501727
1231195 293297 m2 0.08275 0.282832 0.543846 0 0.0482394
1231195 664322 m2 0.02575 -0.195412 0.33514 -0.00579099 0
1231195 799777 m2 0.0111 0.0441548 0.351219 0 0.0081873
1231195 164507 m2 0.1671 -0.0955608 0.794959 0 0.0492019
1231195 158219 m2 0.13075 0.341525 -0.32585 0 -0.0078033
1231195 600889 m2 0.0459 0.331769 0.42274 0.021789 0
1231195 226512 m2 0.03895 0.399772 0.43291 0 0.00241165
1231195 151577 m2 0.1758 0.0614961 0.0865051 0.025504 0
1231195 724638 m2 0.0144 0.145281 0.225774 -0.0269031 0
1231195 196329 m2 0.0464 -0.141573 0.433814 0 0.0417501
1231195 203130 m2 0.02185 0.21313 0.391982 -0.0278473 0
1231195 479396 m2 0.06975 -0.0842418 0.500831 0 0.0453401
1231195 16202 m2 0.11645 0.105758 0.441156 0 0.0370873
1231195 409144 m2 0.0175 0.274112 0.30859 0 0.0414319
1231195 451148 m2 0.02525 0.383699 -0.116238 0.0716978 0
1231195 549016 m2 0.03495 0.249595 0.428603 0.00889825 0
1231195 596166 m2 0.05545 0.261474 0.424994 0 0.0121655
1231195 490389 m2 0.0339 0.245968 0.413473 0.0267024 0
1231195 162060 m2 0.1667 0.229568 0.635409 0.0435355 0
1231195 358830 m2 0.05895 0.277605 0.467227 0.028686 0
1231195 436654 m2 0.0951 0.545958 0.406109 0.0585606 0
1231195 635175 m2 0.018 -0.307703 0.229673 -0.0380189 0
1231195 351709 m2 0.0428 0.0752279 0.166358 0 0.0254404
1231195 638136 m2 0.0102 -0.251783 0.302918 -0.0139326 0
1231195 681934 m2 0.0151 0.336779 0.177405 0 -0.0325266
1231195 414173 m2 0.09055 0.488137 0.526664 0 0.0281051
1231195 318452 m2 0.04585 -0.191197 0.202879 0 0.0167205
1231195 284467 m2 0.0235 -0.17192 0.375036 0 0.0637766
1231195 305977 m2 0.0651 -0.307723 0.353673 0 0.0193657
1231195 288061 m2 0.08225 0.0656599 0.540352 -0.0330832 0
1231195 520478 m2 0.05 0.0869957 0.526882 0.0281875 0
1231195 380851 m2 0.0275 -0.115781 -0.0800459 0 0.00945619
1231195 510238 m2 0.0376 0.226154 0.454343 0 0.0466825
1231195 340364 m2 0.02505 0.2246 0.295612 0 0.0712825
1231195 711295 m2 0.01635 0.214953 0.319018 0 0.0213456
1231195 623531 m2 0.01625 0.243426 0.403181 -0.0268662 0
1231195 428147 m2 0.16825 0.216171 0.562255 0 0.0219846
1231195 670121 m2 0.04885 0.0419908 0.535434 0.00823007 0
1231195 485139 m2 0.03275 -0.0209444 0.397326 0 0.0169699
1231195 747212 m2 0.0134 0.0605399 0.327035 0 0.0828354
1231195 470087 m2 0.03815 -0.307025 0.0561314 0 0.0232738
1231195 743169 m2 0.01075 0.275274 0.256349 0 0.00870677
1231195 313174 m2 0.0466 -0.164307 0.393968 0 0.0133386
1231195 588473 m2 0.0155 -0.179094 0.321874 -0.00669397 0
1231195 678826 m2 0.01495 -0.204958 0.280081 -0.0322893 0
1231195 767518 m2 0.01095 -0.199108 0.230424 0 -0.00889557
1231195 713239 m2 0.01295 -0.0584264 0.288699 0 -0.0574208
1231195 279070 m2 0.05235 0.477627 0.444707 0.0318848 0
1231195 545467 m2 0.0156 0.030072 0.391821 0 0.0162932
1231195 388864 m2 0.04765 -0.084418 0.432106 0 0.0308633
1231195 614224 m2 0.02615 0.312273 0.269341 0.0789451 0
1231195 137409 m2 0.0766 -0.420774 0.228075 -0.0717476 0
1231195 215256 m2 0.0433 0.121991 0.0466278 0.0587076 0
1231195 178560 m2 0.0448 0.0483925 0.41809 0 0.021002
1231195 339011 m2 0.0146 -0.240293 0.270283 -0.0482814 0
1231195 422991 m2 0.02345 0.218682 0.413432 0 0.0578396
1231195 760113 m2 0.0127 -0.0632334 0.28889 -0.0722579 0
1231195 799475 m2 0.0117 -0.00940585 0.172404 0.00708166 0
1231195 630018 m2 0.0247 0.160486 0.440378 0 0.0394232
1231195 238715 m2 0.03055 -0.419213 0.10455 -0.0247067 0
1231195 345648 m2 0.06355 -0.0865858 0.289442 0 0.0607905
1231195 694858 m2 0.01445 -0.168687 0.39968 0 0.00719991
1231195 542648 m2 0.05715 -0.15945 0.410503 0 0.0161451
1231195 179956 m2 0.09375 0.217956 -0.0960722 0 0.00973496
1231195 650827 m2 0.02 0.309347 0.357766 0.0316177 0
1231195 478072 m2 0.01415 0.128036 0.369212 0 0.0464103
1231195 776409 m2 0.0175 -0.0503142 0.227567 -0.0553595 0
1231195 599824 m2 0.04385 0.13182 0.485002 -0.00147682 0
1231195 521012 m2 0.01005 -0.0716285 0.314799 -0.0532629 0
1231195 428422 m2 0.0567 -0.211699 0.403982 0 -0.0421366
1231195 380273 m2 0.0292 -0.322174 0.00619848 -0.0306281 0
1231195 736808 m2 0.016 -0.31266 0.21371 -0.0372134 0
1231195 532685 m2 0.0431 0.210907 0.330037 0.0267715 0
1231195 44746 m2 0.0418 0.205973 -0.00295635 0.00435667 0
1231195 749131 m2 0.0138 -0.124349 0.285796 0 0.0365145
1231195 757864 m2 0.0126 0.295622 0.359287 0 0.00705229
1231195 728192 m2 0.02575 -0.0631838 0.443907 0 0.00710739
1231195 451665 m2 0.1036 0.0813421 0.598929 0 0.0137341
1231195 106962 m2 0.0161 -0.19877 -0.0942225 -0.0546033 0
1231195 264102 m2 0.02945 0.197008 0.525746 0 0.0293561
1231195 519066 m2 0.0183 -0.221495 0.34021 -0.00920108 0
1231195 593696 m2 0.0127 0.157224 0.277468 0 0.0758817
1231195 371567 m2 0.0152 -0.00735305 0.160069 0 0.0797746
1231195 433116 m2 0.09785 0.0820403 0.612883 0 0.028746
1231195 768641 m2 0.02545 -0.291315 0.349995 0 -0.01088
1231195 724315 m2 0.01245 0.160019 0.21692 0 -0.0442565
1231195 368267 m2 0.0411 -0.139733 -0.412861 0.0367743 0
1231195 167223 m2 0.02105 -0.200339 0.0127348 -0.0142429 0
1231195 595315 m2 0.01735 0.18869 0.480875 0 0.0372327
1231195 288900 m2 0.03 0.0811851 0.479715 0 -0.00653136
1231195 340945 m2 0.03065 0.0710249 0.473315 0.0306474 0
1231195 45833 m2 0.01075 -0.312128 0.123061 -0.00207809 0
1231195 359609 m2 0.1261 0.267301 0.692804 0 0.0571156
1231195 302918 m2 0.08305 0.254195 -0.326152 0 -0.00794258
1231195 40788 m2 0.06735 0.230927 0.351423 0 0.0309894
1231195 544577 m2 0.03715 0.346417 0.0611378 0 -0.00310268
1231195 95397 m2 0.04585 -0.256278 -0.00788913 -0.0972789 0
1231195 443073 m2 0.0736 -0.248634 0.436635 -0.00974482 0
1231195 391588 m2 0.19775 -0.144834 0.50389 0 0.0601895
1231195 350888 m2 0.0333 -0.0757516 0.375824 0 0.0652189
1231195 320044 m2 0.04855 0.47821 0.469171 0.00598963 0
1231195 126726 m2 0.0466 -0.284776 -0.0628994 -0.067598 0
1231195 324214 m2 0.04025 -0.247272 0.436944 0 -0.000936029
1231195 341476 m2 0.13615 0.163757 0.653215 0 0.043863
1231195 358207 m2 0.0234 -0.219745 0.343814 0 -0.00435123
1231195 712111 m2 0.02295 0.181525 0.303359 0.013898 0
1231195 379998 m2 0.11225 0.0119616 0.593349 0 0.0410693
1231195 587634 m2 0.01045 0.155449 0.339597 0.027837 0
1231195 651591 m2 0.016 -0.193429 0.292762 0 -0.0193504
1231195 159832 m2 0.11055 0.233863 0.243188 0.00884545 0
1231195 345037 m2 0.0214 0.298707 0.360878 0 0.0200613
1231195 403057 m2 0.02 0.140975 0.386632 -0.00397583 0
1231195 284137 m2 0.01735 0.315338 0.381012 0 0.0133513
1231195 17780 m2 0.0106 -0.31858 0.154471 0 0.00202061
1231195 712649 m2 0.01155 -0.287928 0.141165 0 0.00197603
1231195 376625 m2 0.02435 0.182334 0.270817 0 -0.0243807
1231195 763138 m2 0.01575 0.281822 0.293503 0 -0.0295428
1231195 337033 m2 0.024 -0.172653 0.292982 0 -0.0284821
1231195 693992 m2 0.01745 -0.161325 0.327109 0.0231004 0
1231195 611467 m2 0.017 0.264175 0.378607 0 0.0761811
1231195 428403 m2 0.0123 -0.166977 0.287065 0 -0.0145295
1231195 730342 m2 0.02135 -0.307523 0.24384 -0.0235489 0
1231195 501142 m2 0.01755 0.212623 0.407365 0 -0.00617002
1231195 598073 m2 0.01615 -0.177169 0.271798 0.00136767 0
1231195 628724 m2 0.0441 -0.197558 0.348136 -0.000104493 0
1231195 728168 m2 0.0194 0.329291 0.457469 0 -0.0543548
1231195 88294 m2 0.0131 -0.256099 0.277404 -0.00313277 0
1231195 370462 m2 0.0538 -0.204803 0.439777 0 0.067241
1231195 309176 m2 0.04195 -0.154541 0.264747 0 0.0152721
1231195 30857 m2 0.2038 0.052795 -0.687124 0 -0.0317004
1231195 620616 m2 0.03125 -0.154787 0.277669 0 0.0303471
1231195 581947 m2 0.0192 -0.238744 0.24468 0.0063414 0
1231195 705852 m2 0.0176 -0.230592 0.357926 0 0.0572741
1231195 545426 m2 0.03145 -0.0462283 -0.414581 0 -0.0622349
1231195 727577 m2 0.0188 0.392074 0.352618 0.033502 0
1231195 194902 m2 0.0922 -0.130753 0.444811 0.0159396 0
1231195 67613 m2 0.0563 0.213318 0.428734 0.0117735 0
1231195 47464 m2 0.0579 -0.180035 0.121785 0 0.0111787
1231195 16658 m2 0.02325 -0.255885 0.235343 0.0139651 0
1231195 592496 m2 0.02295 0.0354098 0.313491 -0.0110515 0
1231195 772003 m2 0.01905 -0.276032 0.246673 0 0.0455829
1231195 693974 m2 0.01245 0.014101 0.34595 -0.0257501 0
1231195 451913 m2 0.01575 0.0708112 0.354329 0.0618038 0
1231195 749099 m2 0.0171 0.303288 0.37763 0 0.0349794
1231195 290252 m2 0.0467 0.0151871 0.507279 0 0.0733346
1231195 3142 m2 0.1055 0.452337 0.479569 0.04029 0
1231195 84683 m2 0.02045 0.10203 0.437788 -0.00336279 0
1231195 305610 m2 0.05875 -0.105218 -0.0599703 0 0.0107137
1231195 402762 m2 0.01485 0.129781 0.405187 0 0.0213715
1231195 652982 m2 0.01725 -0.269749 0.040479 0.00464285 0
1231195 788498 m2 0.01595 0.383608 0.277617 0 0.0317086
1231195 430333 m2 0.01155 -0.267413 0.247636 0 0.0267432
1231195 750466 m2 0.0121 -0.113678 0.106756 0 -0.00892353
1231195 257445 m2 0.084 0.137288 0.593501 0 0.0130579
1231195 422639 m2 0.10565 0.097972 0.535033 0 0.0150313
1231195 240563 m2 0.2034 0.185293 0.780814 0 0.054749
1231195 312812 m2 0.0111 0.0646385 0.306076 0 0.0785657
1231195 218618 m2 0.09015 -0.284885 -0.0811295 -0.0382034 0
1231195 161461 m2 0.20615 -0.421351 0.078347 -0.0286526 0
1231195 588676 m2 0.0162 -0.206221 0.359481 -0.0838942 0
1231195 333761 m2 0.1097 -0.268073 0.427508 0 0.0366064
1231195 774187 m2 0.01345 0.222053 0.18311 0.1005 0
1231195 641660 m2 0.0527 0.285236 -0.0627866 0 0.0175991
1231195 704505 m2 0.03565 0.0376091 0.572267 -0.0154684 0
1231195 593917 m2 0.0216 0.193004 0.355013 0.0208012 0
1231195 276507 m2 0.074 -0.238403 0.459773 -0.0258798 0
1231195 586442 m2 0.0364 -0.116961 0.438371 0 -0.0125876
1231195 557515 m2 0.01985 0.0981984 0.430818 -0.00199972 0
1231195 334847 m2 0.0102 0.303834 -0.0528454 0 0.00894686
1231195 674910 m2 0.0181 -0.242193 0.346827 -0.0360332 0
1231195 760594 m2 0.01105 -0.181883 0.1659 0.0197038 0
1231195 786831 m2 0.01305 0.0170822 0.251832 0.0145721 0
1231195 21834 m2 0.0299 0.321173 0.473268 0 0.00150507
1231195 669496 m2 0.0175 -0.215276 0.266399 -0.00931139 0
1231195 646338 m2 0.01345 -0.1828 -0.1539 0 0.0490306
1231195 446606 m2 0.0238 -0.0200689 0.340054 -0.0333525 0
1231195 427274 m2 0.02575 0.122485 0.437519 0 -0.0215981
1231195 664558 m2 0.0114 -0.194592 -0.0699196 0 0.0200398
1231195 578409 m2 0.01865 0.320529 0.377157 0.0165047 0
1231195 262422 m2 0.2413 0.0911708 0.530931 0 0.036002
1231195 722938 m2 0.01545 -0.232503 0.267871 0.0196136 0
1231195 78230 m2 0.02495 -0.244728 0.333816 0.0103184 0
1231195 791496 m2 0.0148 -0.162187 0.318444 0 5.67688e-08
1231195 177342 m2 0.1081 0.374813 0.550718 0.0612368 0
1231195 717274 m2 0.022 0.353018 0.219903 0.0264414 0
1231195 675737 m2 0.043 -0.0463543 -0.31403 0 0.0399915
1231195 271009 m2 0.06225 -0.215302 0.452206 0 0.0489622
1231195 547322 m2 0.06245 -0.315776 0.383957 0 0.0531438
1231195 159241 m2 0.10865 0.161399 0.478803 0 0.0270079
1231195 587009 m2 0.01105 -0.267334 0.268369 0 0.0383945
1231195 635358 m2 0.02285 0.322568 0.432426 0.0467483 0
1231195 537574 m2 0.07955 -0.110596 0.562616 0 0.0286726
1231195 746589 m2 0.01845 -0.056897 0.369584 0 -0.00191764
1231195 699233 m2 0.01275 -0.221695 0.236764 0 -0.0294537
1231195 465683 m2 0.01095 -0.0255428 0.300578 0 -0.00254653
1231195 717266 m2 0.04905 0.122988 0.414063 0.0164829 0
1231195 761765 m2 0.0172 -0.284998 0.266182 0 -0.0609594
1231195 200074 m2 0.0341 -0.27756 0.272034 -0.0908523 0
1231195 782135 m2 0.0125 -0.282782 0.274353 0 -0.0291302
1231195 520676 m2 0.0318 -0.144637 0.355611 0.0197609 0
1231195 696468 m2 0.0142 0.268074 -0.0174391 0 -0.0249086
1231195 686587 m2 0.01465 -0.265848 0.316214 0.0337709 0
1231195 75518 m2 0.09015 0.424773 0.427594 0 0.0183413
1231195 416626 m2 0.01865 -0.152617 0.353599 0.0369805 0
1231195 653480 m2 0.01925 -0.099782 0.289536 0.0143374 0
1231195 690347 m2 0.01155 0.312297 0.302428 0 0.0112124
1231195 346971 m2 0.0409 0.269309 0.416508 0.0214324 0
1231195 249017 m2 0.0432 -0.230523 0.348506 0 -0.00151918
1231195 68439 m2 0.021 -0.20944 0.251188 0.0183769 0
1231195 304800 m2 0.1551 -0.354923 0.570211 0 0.0962602
1231195 703358 m2 0.0318 0.0133439 -0.496463 0.0345319 0
1231195 644664 m2 0.0218 -0.116403 -0.294558 0 -0.0378833
1231195 313369 m2 0.1218 -0.354382 0.306841 0 0.0408378
1231195 49670 m2 0.20295 0.662403 -0.00758342 0.0574682 0
1231195 644663 m2 0.0236 -0.224172 0.192203 0.0362939 0
1231195 613637 m2 0.028 -0.196449 0.338468 0.0100715 0
1231195 591088 m2 0.0273 0.338081 0.337829 -0.0290411 0
1231195 712879 m2 0.01315 0.203987 0.349267 0 0.0158645
1231195 732722 m2 0.01855 -0.19989 0.31706 0.022334 0
1231195 633205 m2 0.0249 -0.0231866 0.327607 0 0.0630598
1231195 340280 m2 0.05575 -0.187361 0.449788 -0.0177973 0
1231195 304796 m2 0.01195 0.158623 0.270551 0 0.032605
1231195 685800 m2 0.0304 -0.102715 0.350901 0 0.0314425
1231195 565234 m2 0.03285 0.174038 -0.195753 0.00800978 0
1231195 280463 m2 0.06225 -0.301979 0.334053 -0.0687991 0
1231195 192188 m2 0.01795 -0.12707 0.0622355 0 0.0149771
1231195 377682 m2 0.06885 -0.232392 -0.200404 0.00446167 0
1231195 693669 m2 0.0208 -0.295688 0.223986 -0.000203894 0
1231195 177887 m2 0.0286 0.324626 0.23696 0 -0.00796198
1231195 760872 m2 0.0114 0.0677122 0.312281 0 0.0210654
1231195 407075 m2 0.03425 -0.160736 0.224513 0 0.0207739
1231195 500518 m2 0.03745 -0.284536 0.32231 -0.0422912 0
1231195 93344 m2 0.0316 -0.0957903 -0.158977 -0.0240336 0
1231195 295896 m2 0.0133 -0.0868312 0.313115 0 -0.00242545
1231195 68422 m2 0.0215 -0.145283 -0.452084 -0.0313635 0
1231195 390988 m2 0.07205 -0.0417987 0.447599 0 0.0169437
1231195 447123 m2 0.0131 -0.295102 0.131838 -0.0546948 0
1231195 765289 m2 0.01865 -0.198623 0.301619 -0.0120368 0
1231195 650193 m2 0.01535 -0.118125 0.323895 0 0.0368977
1231195 162540 m2 0.01395 0.208169 -0.10404 0.0514389 0
1231195 670842 m2 0.0407 0.2422 0.446707 0 0.0551304
1231195 343847 m2 0.0464 0.0284101 0.480563 0.00287158 0
1231195 387682 m2 0.0346 0.0659427 0.54025 0.0136681 0
1231195 489763 m2 0.02765 -0.0917759 0.414825 -0.0246814 0
1231195 451595 m2 0.02125 0.136068 0.402635 -0.00144661 0
1231195 753423 m2 0.02065 -0.221918 0.30024 0.0245534 0
1231195 293687 m2 0.02385 0.422953 0.0777301 0 -0.00538982
1231195 456339 m2 0.01235 0.109134 0.375731 0 0.00235514
1231195 682377 m2 0.0158 -0.262432 0.180904 0 0.0255825
1231195 786797 m2 0.0163 0.403014 0.386077 0.0309213 0
1231195 575011 m2 0.07355 -0.332812 -0.304284 0.00167278 0
1231195 42358 m2 0.13095 -0.173511 0.168587 0 0.0400399
1231195 222559 m2 0.1458 0.549505 0.457089 0 0.0286308
1231195 129883 m2 0.05865 -0.154132 0.316947 -0.00252193 0
1231195 286580 m2 0.03735 -0.102565 0.569439 0 0.0277177
1231195 766370 m2 0.0165 -0.0163416 0.236507 0 0.00771002
1231195 237499 m2 0.04895 -0.0537526 0.509202 0 0.0262274
1231195 381307 m2 0.03825 0.380662 0.236243 0.00151099 0
1231195 735384 m2 0.01245 -0.0567406 0.379912 0 0.0431218
1231195 758874 m2 0.0111 0.336265 0.293541 0 -0.00666007
1231195 363382 m2 0.02975 -0.025755 0.385443 0 0.032569
1231195 490823 m2 0.0161 0.308555 0.144121 -0.0466364 0
1231195 753414 m2 0.0131 0.112133 -0.0796078 0 -0.0493553
1231195 311108 m2 0.10225 0.0872272 0.605663 0 0.0315282
1231195 227726 m2 0.1587 0.241982 0.605069 -0.026613 0
1231195 159484 m2 0.0172 -0.162146 -0.261129 0 -0.0420125
1231195 733775 m2 0.0182 -0.165761 0.345967 0 0.0194591
1231195 539988 m2 0.04685 0.226428 -0.259254 0 0.00411496
1231195 36568 m2 0.05485 -0.306537 0.361425 -0.0258709 0
1231195 446571 m2 0.06755 -0.270792 0.54195 0 0.0282411
1231195 586981 m2 0.01475 -0.14021 0.228129 -0.0034204 0
1231195 534454 m2 0.03865 -0.035424 0.430275 -0.0171504 0
1231195 695354 m2 0.011 -0.23075 0.303688 -0.0574369 0
1231195 794244 m2 0.0208 -0.334884 0.24305 0 0.00439634
1231195 22924 m2 0.13175 -0.422272 0.386686 -0.0819577 0
1231195 730789 m2 0.03245 -0.261225 0.340492 0.0304504 0
1231195 647132 m2 0.0205 -0.066323 0.432451 -0.0196338 0
1231195 288549 m2 0.03925 0.334791 0.397089 0.0124491 0
1231195 769953 m2 0.0147 0.340373 0.200272 0 0.0184171
1231195 780427 m2 0.01015 -0.0316233 0.281243 0 0.0741241
1231195 127118 m2 0.0213 -0.292825 0.394662 -0.029056 0
1231195 518705 m2 0.05385 0.468747 0.443194 0.0952627 0
1231195 527070 m2 0.0138 -0.00405966 0.106179 -0.00286052 0
1231195 60131 m2 0.01295 -0.350113 0.215034 0.00858287 0
1231195 575575 m2 0.0158 -0.27595 0.27545 0 0.046838
1231195 629642 m2 0.04665 0.0516227 0.445526 0 -0.00434782
1231195 562456 m2 0.0198 -0.181928 0.13593 0.00256308 0
1231195 322188 m2 0.04575 0.295389 -0.233581 0 -0.0489146
1231195 392873 m2 0.0113 -0.225437 0.349082 -0.00906292 0
1231195 244061 m2 0.0244 -0.258805 0.205564 0 0.00341722
1231195 306917 m2 0.03395 -0.135515 0.368095 0 0.01833
1231195 496954 m2 0.0255 -0.22651 0.260298 0 0.0805994
1231195 597750 m2 0.01865 -0.213895 0.229676 0 0.0258458
1231195 564636 m2 0.0132 -0.131705 0.287548 0.0699142 0
1231195 725639 m2 0.01105 -0.276809 0.284254 -0.032339 0
1231195 672996 m2 0.02185 0.256217 0.0721343 0 -0.00415494
1231195 146755 m2 0.0794 -0.320533 -0.34052 -0.0509099 0
1231195 663418 m2 0.0259 0.190041 0.419011 0.0366183 0
1231195 744175 m2 0.01655 -0.300404 0.17867 0 0.0387095
1231195 331791 m2 0.11465 -0.171989 -0.0418742 0.0188511 0
1231195 567093 m2 0.0268 -0.0338289 0.20666 0.00316455 0
1231195 92028 m2 0.0357 -0.19476 0.406129 -0.00642587 0
1231195 24214 m2 0.0393 -0.239359 0.437236 0 0.00679505
1231195 688180 m2 0.0151 -0.218312 0.176564 0 0.0409808
1231195 41768 m2 0.03085 0.347732 0.217805 0 -0.0153221
1231195 394458 m2 0.0251 0.397837 0.374817 0 0.0715507
1231195 517852 m2 0.07195 0.527552 0.35578 0.00575982 0
1231195 643295 m2 0.01705 0.124407 0.336906 0 0.0317125
1231195 784300 m2 0.0113 -0.215942 0.0681515 0 0.0449526
1231195 343573 m2 0.0409 -0.055065 0.360755 0.0373356 0
1231195 444345 m2 0.0436 0.317259 0.337236 0 -0.0106142
1231195 101348 m2 0.0133 0.295954 0.264385 -0.0392736 0
1231195 690003 m2 0.01665 0.214959 0.24946 0 -0.00271637
1231195 643815 m2 0.01165 0.392593 0.19065 0 -0.0102198
1231195 103023 m2 0.19595 0.144261 0.00319472 0 0.0168117
1231195 696175 m2 0.01985 0.285442 0.264965 -0.00764762 0
1231195 474319 m2 0.0171 0.109621 -0.175633 0 0.0157042
1231195 742731 m2 0.01065 0.204553 0.298335 0 -0.027412
1231195 440197 m2 0.06065 -0.354059 0.498101 0 0.0062155
1231195 404890 m2 0.01255 0.259588 0.210751 0 0.0256582
1231195 159460 m2 0.0425 0.261096 -0.385714 -0.0125946 0
1231195 695052 m2 0.05185 0.284935 0.550968 0 0.00751358
1231195 427766 m2 0.1236 -0.505612 -0.134209 -0.103478 0
1231195 766073 m2 0.01015 -0.0238285 0.348059 -0.0349902 0
1231195 457946 m2 0.016 0.304957 -0.107606 0.0539505 0
1231195 454055 m2 0.0228 0.456248 0.0648119 -0.0347015 0
1231195 218801 m2 0.16265 -0.164926 0.513894 0 0.0176479
1231195 353229 m2 0.02005 0.0393253 0.249299 0.00835445 0
1231195 577222 m2 0.06845 -0.311028 0.184611 -0.00969539 0
1231195 467507 m2 0.15305 0.208471 0.731016 0 0.0459699
1231195 729985 m2 0.0178 -0.255513 0.110249 0.0390089 0
1231195 218285 m2 0.22145 -0.0469594 0.704707 0 0.0287953
1231195 619193 m2 0.01325 0.137388 0.328849 0 -0.00950887
1231195 103294 m2 0.2588 -0.336499 0.145101 -0.0476487 0
1231195 116147 m2 0.1254 -0.227442 0.382753 0 0.00351027
1231195 65553 m2 0.02795 0.224325 -0.268334 0.0122272 0
1231195 332863 m2 0.0105 -0.191484 0.294653 0.0217669 0
1231195 754983 m2 0.0261 -0.00937165 0.396972 0 0.0409325
1231195 749848 m2 0.01675 -0.265273 0.117358 0 0.00393137
1231195 726151 m2 0.01815 0.118254 -0.119865 -0.0590144 0
1231195 683487 m2 0.0132 -0.0366935 0.355238 0 0.0178547
1231195 293945 m2 0.01815 0.225264 0.30096 0.0107649 0
1231195 372617 m2 0.11925 0.325137 0.590973 0 0.0363418
1231195 345807 m2 0.04985 0.189731 0.397904 0.037647 0
1231195 444868 m2 0.10245 -0.165095 0.462854 0 0.0332079
1231195 359243 m2 0.0371 0.396471 0.284901 0 0.0445125
1231195 585807 m2 0.0384 -0.188662 0.380913 0 0.0553665
1231195 703310 m2 0.036 0.111175 0.375293 0.043903 0
1231195 358947 m2 0.03385 -0.162998 0.416798 0 0.00898735
1231195 398241 m2 0.01355 -0.315319 0.288187 -0.0201776 0
1231195 390371 m2 0.02905 -0.324609 0.274584 -0.0535104 0
1231195 728623 m2 0.01435 0.0484723 -0.0107847 0 -0.011691
1231195 736145 m2 0.0168 -0.277421 0.320449 0 0.000240982
1231195 564908 m2 0.01475 -0.127254 0.250522 0 0.00840919
1231195 263684 m2 0.03815 -0.347907 0.211921 0 0.0017905
1231195 318830 m2 0.0102 0.264392 0.360109 0.0254873 0
1231195 553526 m2 0.0508 -0.320231 0.322683 0.00979554 0
1231195 39261 m2 0.0615 -0.0110927 0.327006 0 0.0267194
1231195 142011 m2 0.06025 -0.102836 0.383485 0 0.0193248
1231195 262601 m2 0.02405 0.422521 0.0796157 0 0.0316026
1231195 232998 m2 0.10115 -0.0448896 0.652438 0 0.0526507
1231195 95013 m2 0.04645 0.390741 0.474318 0 0.0333602
1231195 82947 m2 0.1012 0.353955 -0.155181 0 -0.0254904
1231195 42571 m2 0.0543 0.357184 -0.207792 0.0444261 0
1231195 469667 m2 0.05605 0.217207 0.464611 0.00122925 0
1231195 41722 m2 0.1287 0.396836 0.577504 0.0329111 0
1231195 420112 m2 0.01005 0.0062155 0.325038 0.0164485 0
1231195 629093 m2 0.0103 -0.357347 -0.23787 -0.107995 0
1231195 325477 m2 0.01555 -0.275216 0.301737 0 0.0233473
1231195 131447 m2 0.0275 -0.0801154 0.0270005 0.0123719 0
1231195 342763 m2 0.19675 -0.327647 -0.128609 -0.0366135 0
1231195 147538 m2 0.0163 0.0392579 0.241725 -0.00618918 0
1231195 40895 m2 0.028 0.128826 0.153252 0 0.0117266
1231195 546451 m2 0.024 -0.0853105 -0.210315 -0.00593082 0
1231195 479484 m2 0.11625 0.230898 0.365276 -0.00176885 0
1231195 764948 m2 0.0116 -0.0350424 -0.15097 -0.00279794 0
1231195 546972 m2 0.0276 -0.157791 0.366444 -0.0309434 0
1231195 389272 m2 0.13505 0.0746144 0.622686 0 0.0052301
1231195 435933 m2 0.04385 0.0923342 -0.108148 0.0121915 0
1231195 217705 m2 0.03385 -0.0142507 0.417831 -0.0335941 0
1231195 416554 m2 0.0176 0.055721 0.179384 0.0100086 0
1231195 353202 m2 0.0452 0.375617 0.484764 0.0635739 0
1231195 210956 m2 0.1253 -0.244974 -0.513918 -0.0207671 0
1231195 290695 m2 0.0373 0.0682099 0.468146 0 0.019234
1231195 302805 m2 0.0415 0.331178 0.45583 0 0.028858
1231195 492858 m2 0.02195 0.106323 0.044175 0 0.0153008
1231195 613563 m2 0.01995 0.233368 0.432182 -0.0262354 0
1231195 750872 m2 0.01345 -0.403246 0.0180897 0.0221253 0
1231195 539392 m2 0.0218 0.0537659 0.315312 0 0.0194581
1231195 209852 m2 0.05875 0.0214287 -0.649023 -0.033472 0
1231195 371141 m2 0.0546 0.443441 -0.449847 0 -0.0194971
1231195 659741 m2 0.01095 -0.28779 0.273318 0.0221186 0
1231195 515606 m2 0.01535 0.142669 -0.011706 -0.00907571 0
1231195 423407 m2 0.082 -0.223252 0.018396 -0.00684513 0
1231195 619962 m2 0.0305 0.254826 0.412723 0 0.0765344
1231195 193953 m2 0.0378 0.0645599 -0.0887961 0 0.00450202
1231195 504929 m2 0.0856 0.233164 0.306094 0.022672 0
1231195 669397 m2 0.02135 -0.334756 0.220639 0.00245499 0
1231195 543319 m2 0.03205 -0.340832 0.198844 -0.00823611 0
1231195 633679 m2 0.0208 0.331557 -0.381096 0 0.00718048
1231195 745430 m2 0.0117 -0.0225899 0.191652 0 -0.0160906
1231195 426926 m2 0.02515 0.276427 0.516035 -0.037915 0
1231195 779027 m2 0.01445 0.287284 0.166292 0 0.0739716
1231195 242347 m2 0.01105 -0.0722121 0.32884 0 -0.0257889
1231195 113343 m2 0.0335 -0.0749588 -0.268107 0 -0.0489631
1231195 195594 m2 0.0386 -0.0927583 0.469205 -0.0200114 0
1231195 61692 m2 0.02615 0.133933 0.212601 0 0.00573304
1231195 696703 m2 0.0105 -0.106511 0.178672 0 0.00750447
1231195 756315 m2 0.01185 0.119016 0.230224 0 0.00379667
1231195 104309 m2 0.0269 0.255942 0.0102778 0.0614045 0
1231195 528380 m2 0.02975 -0.0513168 0.562971 0 -0.00664007
1231195 637975 m2 0.01965 0.353947 0.268729 0.0240267 0
1231195 744928 m2 0.01235 0.0789003 0.276729 -0.0119669 0
1231195 160783 m2 0.0326 0.103178 0.172583 0 0.0133973
1231195 743562 m2 0.01245 0.16153 0.185484 0 0.00512124
1231195 201852 m2 0.02245 -0.258165 0.206772 0 -0.00422401
1231195 178403 m2 0.12235 -0.310691 -0.178873 -0.0343253 0
1231195 345779 m2 0.15435 0.577045 -0.407742 0.0451888 0
1231195 555740 m2 0.03845 -0.29802 0.336886 0 0.00235637
1231195 738318 m2 0.02105 -0.281135 0.166955 0 -0.0348219
1231195 619436 m2 0.0206 -0.00894831 -0.127668 -0.032564 0
1231195 663377 m2 0.0274 0.338894 0.216921 0.0213828 0
1231195 313828 m2 0.0232 0.106158 0.477402 0 0.0641962
1231195 674830 m2 0.0246 0.494828 0.196366 0.0564943 0
1231195 728853 m2 0.0106 -0.174296 -0.182815 0 -0.129912
1231195 263945 m2 0.01795 -0.240101 0.279617 0 0.0061239
1231195 239387 m2 0.06905 0.0375446 -0.416805 -0.0264579 0
1231195 123800 m2 0.0338 -0.410927 0.223778 -0.0662305 0
1231195 70325 m2 0.0647 -0.325723 -0.260101 -0.0389486 0
1231195 605336 m2 0.019 0.0168544 0.433466 0 0.0626242
1231195 587486 m2 0.0163 0.210794 0.346629 0 0.0415401
1231195 364920 m2 0.0442 0.0867575 -0.104156 0 0.0094471
1231195 666354 m2 0.0136 0.2063 0.362634 0 0.0138685
1231195 121932 m2 0.04075 0.215666 0.453732 0.0673958 0
1231195 435676 m2 0.0284 0.240905 0.460949 0.00167085 0
1231195 248389 m2 0.0504 0.151925 0.552346 0.0674159 0
1231195 88964 m2 0.0256 -0.209919 0.330616 -0.0431883 0
1231195 607494 m2 0.04725 0.0748579 0.530143 -0.000691035 0
1231195 216533 m2 0.07325 -0.159195 0.299282 -0.0276892 0
1231195 105134 m2 0.08515 -0.195447 0.428114 -0.0143437 0
1231195 682045 m2 0.0271 -0.00216015 -0.0150022 -0.021833 0
1231195 383417 m2 0.0772 -0.0163294 0.433487 0 0.0418529
1231195 146393 m2 0.0213 -0.165225 0.258894 -0.056734 0
1231195 648515 m2 0.0317 -0.161366 0.134444 0 0.0274064
1231195 368701 m2 0.0319 0.210891 0.293751 0 0.0539405
1231195 85081 m2 0.02095 -0.166556 -0.180412 0 0.019732
1231195 706782 m2 0.0125 0.338773 -0.0360428 0.0514493 0
1231195 560169 m2 0.02715 -0.175114 -0.139876 0 0.0273939
1231195 85084 m2 0.05535 0.0303927 0.382889 0 0.0404534
1231195 110936 m2 0.04955 -0.158075 -0.175812 0 0.0271541
1231195 638730 m2 0.03235 -0.362854 -0.345884 -0.0237856 0
1231195 581259 m2 0.0402 -0.224408 0.35306 0 0.0243578
1231195 140000 m2 0.1409 -0.160574 -0.555353 -0.0268001 0
1231195 417366 m2 0.04855 -0.043658 0.409941 0 0.0720029
1231195 458446 m2 0.0419 0.383989 0.254781 0 -0.00610246
1231195 432108 m2 0.01055 -0.233279 0.309514 -0.00592605 0
1231195 765216 m2 0.0123 -0.040422 0.358478 0 -0.0195628
1231195 169259 m2 0.46115 0.717581 -0.388808 0.0780307 0
1231195 193688 m2 0.0505 -0.0231581 0.609338 0 0.0841446
1231195 419016 m2 0.0619 -0.169561 -0.227159 -0.0450697 0
1231195 707062 m2 0.0187 -0.179457 0.332581 -0.00714625 0
1231195 140282 m2 0.16575 -0.0258444 0.437115 0 0.01575
1231195 184933 m2 0.05015 0.161833 -0.408394 0.0399343 0
1231195 108458 m2 0.02915 0.339993 0.504178 0.0411891 0
1231195 95497 m2 0.02175 0.194248 0.329364 0.0674291 0
1231195 756299 m2 0.01765 -0.141914 -0.200572 -0.027118 0
1231195 137208 m2 0.0414 -0.0786858 -0.423138 0 -0.038018
1231195 502413 m2 0.04015 -0.00688766 0.160076 -0.00502016 0
1231195 131412 m2 0.1661 0.593968 -0.277051 0.0371419 0
1231195 255557 m2 0.17685 -0.188847 -0.558531 0 -0.0120642
1231195 224415 m2 0.01745 0.311628 -0.186209 0.0531258 0
1231195 316940 m2 0.0204 -0.168288 0.262057 0 0.0084782
1231195 507368 m2 0.0363 0.464696 0.28189 0.0296557 0
1231195 288467 m2 0.01545 0.30519 0.173542 -0.00941086 0
1231195 382581 m2 0.01735 0.278081 0.345028 0 -0.0124446
1231195 703272 m2 0.0276 0.23646 0.121476 0 -0.0885503
1231195 317770 m2 0.03155 0.145282 0.334812 0.0041062 0
1231195 114745 m2 0.14905 0.529816 0.110694 0.0510316 0
1231195 669375 m2 0.03145 0.373545 -0.452705 0 -0.0357303
1231195 256107 m2 0.21315 -0.358779 -0.407265 0 0.00654856
1231195 750610 m2 0.0156 0.369601 -0.156595 0.0308773 0
1231195 641538 m2 0.0263 0.280936 0.0385835 0.041999 0
1231195 172345 m2 0.11535 -0.374475 0.327187 -0.0548811 0
1231195 455362 m2 0.0182 -0.216022 -0.236879 0 -0.0365383
1231195 114192 m2 0.01245 0.145033 0.122741 0 -0.0329544
1231195 631544 m2 0.02095 -0.194109 0.351289 0 0.0314048
1231195 729629 m2 0.01505 -0.312085 0.0851593 0.0190144 0
1231195 698024 m2 0.02285 -0.185506 0.339538 0 0.0289494
1231195 265556 m2 0.0129 -0.186653 0.159424 0 0.0300139
1231195 133303 m2 0.24285 -0.58544 -0.181902 -0.0480215 0
1231195 593236 m2 0.0206 -0.208717 0.214738 0.0138663 0
1231195 154040 m2 0.05065 -0.0171091 0.476856 0 0.0231498
1231195 358335 m2 0.05235 -0.390216 0.085257 0 0.0287688
1231195 730205 m2 0.0129 -0.0632405 0.00518869 0.0578449 0
1231195 547692 m2 0.04405 -0.254078 0.320927 -0.0475004 0
1231195 393052 m2 0.05425 0.200163 -0.604581 0.0767156 0
1231195 284576 m2 0.03295 -0.269038 0.323935 0 0.0317418
1231195 151941 m2 0.03065 0.15167 0.291968 0 -0.0067794
1231195 127317 m2 0.06645 -0.446843 0.122466 -0.0197705 0
1231195 316663 m2 0.04445 -0.272003 0.321678 -0.0236127 0
1231195 671845 m2 0.05925 0.464584 0.123407 -0.0383275 0
1231195 546130 m2 0.0373 -0.268935 -0.0174228 -0.0438 0
1231195 759418 m2 0.0159 0.311572 0.46634 -0.00597299 0
1231195 744099 m2 0.02005 0.473958 0.0759761 0.0627406 0
1231195 657747 m2 0.02105 0.366859 0.129075 -0.0164262 0
1231195 355620 m2 0.01415 0.278851 -0.0972357 0.0196872 0
1231195 210103 m2 0.0507 0.416749 -0.289287 0.0761531 0
1231195 178096 m2 0.0172 0.163438 0.266981 0.0567578 0
1231195 400410 m2 0.05815 0.253105 -0.54579 -0.000110854 0
1231195 216221 m2 0.02105 0.478372 0.121232 0.0491813 0
1231195 592964 m2 0.01165 0.184107 0.260228 0.0109208 0
1231195 579397 m2 0.06285 -0.211264 0.0780023 0.0148286 0
1231195 254207 m2 0.0295 -0.326679 0.275088 -0.0730139 0
1231195 420619 m2 0.07955 0.233566 -0.530753 0.00778408 0
1231195 491499 m2 0.01015 0.21598 0.275656 0.0511735 0
1231195 172888 m2 0.0668 -0.159172 0.259689 0 0.0199335
1231195 621556 m2 0.0174 -0.0144562 0.100819 0 -0.00277313
1231195 612970 m2 0.0731 -0.0173774 -0.326318 -0.0420661 0
1231195 537719 m2 0.02315 0.396 -0.393485 0.080052 0
1231195 691615 m2 0.02275 -0.00176904 0.399406 0 -0.00461527
1231195 298548 m2 0.0187 -0.313815 0.207415 -0.0509955 0
1231195 215949 m2 0.04605 -0.138201 0.373034 0 0.024175
1231195 159932 m2 0.03265 -0.320482 0.311695 -0.0632128 0
1231195 713082 m2 0.01235 0.327871 0.248587 -0.00254554 0
1231195 579653 m2 0.01815 0.0648911 0.293449 0 0.048298
1231195 441809 m2 0.0243 -0.109316 -0.134687 0 0.00614055
1231195 469627 m2 0.0339 0.208504 0.17229 0 0.024346
1231195 680941 m2 0.02075 -0.10735 0.372319 0 0.0706337
1231195 772688 m2 0.01295 -0.236799 0.057796 0 -0.0481192
1231195 353966 m2 0.045 -0.300751 0.149426 -0.057542 0
1231195 754165 m2 0.04235 -0.338966 -0.339468 0 -0.045725
1231195 215916 m2 0.04425 -0.0538928 -0.177523 0.0141264 0
1231195 152674 m2 0.0318 -0.158421 -0.0171637 -0.0132526 0
1231195 155485 m2 0.03715 -0.0471377 0.274814 -0.00837089 0
1231195 180876 m2 0.0259 -0.264778 0.290883 -0.0251451 0
1231195 401218 m2 0.028 0.259489 0.383803 0.0537374 0
1231195 664434 m2 0.03295 -0.0588035 -0.229086 0 -0.0283479
1231195 274140 m2 0.01195 0.24263 0.404621 0.0438893 0
1231195 554641 m2 0.0366 -0.275773 0.0588583 -0.0653112 0
1231195 294964 m2 0.01475 -0.291542 0.289927 -0.00855156 0
1231195 362415 m2 0.01255 -0.102419 0.254116 0 -0.0365341
1231195 367041 m2 0.0331 -0.401334 0.225568 -0.108982 0
1231195 677813 m2 0.04535 0.334593 -0.666028 0 0.0116722
1231195 238499 m2 0.05715 0.519035 -0.319128 0 0.000822441
1231195 715767 m2 0.023 0.134096 -0.45864 -0.0535093 0
1231195 195031 m2 0.1981 0.698603 0.241338 0.0791309 0
1231195 713617 m2 0.01205 0.273662 0.35306 0 0.0712234
1231195 706756 m2 0.01395 -0.158439 -0.119565 0 -0.0105673
1231195 628024 m2 0.02725 0.234478 -0.424051 0 -0.064243
1231195 299121 m2 0.02065 -0.181486 -0.183112 0 -0.00307366
1231195 717955 m2 0.0386 -0.168666 -0.227309 0 -0.00112119
1231195 689135 m2 0.01225 0.279626 0.374942 0.0310115 0
1231195 747824 m2 0.0104 0.229168 -0.100172 0 0.00284489
1231195 475885 m2 0.05375 -0.0808177 0.219568 0.0245463 0
1231195 234028 m2 0.0335 -0.166372 -0.115109 0 -0.0515975
1231195 194715 m2 0.2172 0.64545 -0.578162 0.0771915 0
1231195 296064 m2 0.1267 -0.366123 -0.197326 0 -0.0302855
1231195 617592 m2 0.04005 -0.20838 -0.420708 0 0.00833302
1231195 569995 m2 0.0207 -0.194448 0.00179895 0.0145592 0
1231195 307901 m2 0.1114 0.0398505 0.220519 0 0.0725804
1231195 310714 m2 0.0376 0.0956691 -0.677137 0 -0.111716
1231195 402892 m2 0.0274 -0.167624 0.298966 0 0.0360175
1231195 671554 m2 0.05365 -0.277089 -0.299308 0 -0.000922631
1231195 646469 m2 0.0339 0.0706891 -0.338014 0 0.0774966
1231195 189026 m2 0.08175 -0.00620768 0.139887 0 0.00825299
1231195 284502 m2 0.0184 0.511512 0.00118244 0 -0.0179698
1231195 210604 m2 0.03815 -0.43951 -0.0980062 -0.094674 0
1231195 741040 m2 0.0158 -0.0428969 -0.272609 0 0.0353119
1231195 193650 m2 0.0168 -0.182133 -0.249939 0 -0.0368082
1231195 187919 m2 0.31905 0.610105 -0.539824 0.0254615 0
1231195 262283 m2 0.03015 -0.0495983 -0.191715 0 0.0275666
1231195 670727 m2 0.0239 -0.0910967 0.259476 0 0.0101179
1231195 700246 m2 0.0171 -0.155009 0.206451 0 0.00474674
1231195 408083 m2 0.08455 -0.236701 -0.353457 -0.0585903 0
1231195 775411 m2 0.0113 -0.131143 -0.243406 -0.0490061 0
1231195 518617 m2 0.07 -0.190582 0.265713 -0.0440346 0
1231195 711686 m2 0.01645 0.394575 0.166607 0 0.0443345
1231195 781678 m2 0.01285 0.0197628 -0.0571004 0.0217336 0
1231195 320906 m2 0.17445 -0.481346 -0.126718 -0.114992 0
1231195 237676 m2 0.012 0.387466 0.100998 -0.0142165 0
1231195 429633 m2 0.05065 0.277775 0.153197 0.0365875 0
1231195 568135 m2 0.0112 -0.139761 -0.201457 0.0678034 0
1231195 300526 m2 0.04275 -0.024749 -0.051161 -0.0277865 0
1231195 312654 m2 0.03525 -0.00902707 -0.52418 -0.0186636 0
1231195 591815 m2 0.02245 0.413911 0.375317 0.0517366 0
1231195 726333 m2 0.0104 -0.202308 0.100845 0 0.0508216
1231195 314633 m2 0.0256 0.160114 0.385762 0.0278113 0
1231195 536071 m2 0.0895 0.0777261 -0.264712 -0.00104408 0
1231195 247214 m2 0.07955 -0.140294 -0.393665 -0.043556 0
1231195 238210 m2 0.09425 0.31559 -0.437212 0.0859881 0
1231195 601759 m2 0.01075 -0.303816 0.159146 0 0.057191
1231195 723625 m2 0.0273 0.298222 0.0495613 0.0142418 0
1231195 763221 m2 0.03095 -0.133025 -0.148795 0.0328129 0
1231195 310733 m2 0.0385 0.387143 0.332614 0.0315942 0
1231195 763277 m2 0.01325 -0.147954 -0.121792 0 -0.00643101
1231195 588271 m2 0.0136 0.0430495 -0.153693 -0.0102908 0
1231195 587145 m2 0.0323 -0.230806 -0.29813 -0.020466 0
1231195 327332 m2 0.1367 0.399437 -0.619364 0.0180874 0
1231195 246955 m2 0.04115 -0.183812 -0.266789 0 -0.0452911
1231195 414516 m2 0.02485 -0.332578 -0.223114 0 -0.0197272
1231195 269005 m2 0.01915 0.332415 0.401988 0 0.033021
1231195 352026 m2 0.0779 0.164503 0.121374 0 0.00761804
1231195 590979 m2 0.0156 0.248158 0.275625 0 0.0327378
1231195 778159 m2 0.01475 -0.0278139 -0.00723885 0.031949 0
1231195 271144 m2 0.12865 0.225462 -0.678087 0.0185207 0
1231195 708371 m2 0.0139 -0.130229 -0.286841 0 0.00748192
1231195 271140 m2 0.1154 0.513135 0.256489 0.107778 0
1231195 413155 m2 0.1362 -0.278895 -0.316362 -0.066276 0
1231195 530227 m2 0.0153 0.252293 0.0648557 0 0.0142406
1231195 432043 m2 0.04065 -0.0335632 -0.00152456 -0.0284245 0
1231195 716076 m2 0.011 -0.279996 -0.0282019 0 -0.0315661
1231195 484141 m2 0.05435 -0.195135 0.355242 -0.0247092 0
1231195 690488 m2 0.0272 0.129741 -0.409605 0 -0.0240576
1231195 619120 m2 0.01755 -0.255589 -0.0721074 -0.0419348 0
1231195 422471 m2 0.03225 -0.201854 -0.236899 0 -0.0368265
1231195 647904 m2 0.0129 -0.152933 0.283696 0 -0.00461942
1231195 573337 m2 0.02885 -0.339582 0.292944 0 0.0404749
1231195 413140 m2 0.03985 -0.28148 -0.39428 0 -0.0320522
1231195 674006 m2 0.02425 0.0051553 -0.0695259 0 -0.0270304
1231195 370800 m2 0.0127 -0.0230539 -0.121798 0.0304398 0
1231195 373612 m2 0.07785 -0.256317 -0.425064 0 -0.0540604
1231195 542406 m2 0.08395 0.149167 -0.480401 0 0.00317628
1231195 677778 m2 0.02445 -0.0663639 -0.522419 0 -0.0112534
1231195 513945 m2 0.0144 -0.210121 0.28134 0 0.0175931
1231195 507589 m2 0.1422 0.315197 -0.62104 0 -0.0338262
1231195 757660 m2 0.01105 -0.310992 -0.262453 0 -0.0161129
1231195 697441 m2 0.02475 0.415402 0.273926 0.0294529 0
1231195 309536 m2 0.03975 -0.134166 -0.399265 -0.0584205 0
1231195 734196 m2 0.0177 -0.0781884 0.127915 0 -0.000194816
1231195 425487 m2 0.0744 -0.233804 -0.375348 -0.0344174 0
1231195 690178 m2 0.01245 0.303102 -0.0361335 0 -0.025961
1231195 328468 m2 0.04755 0.17293 0.439049 0.0261403 0
1231195 522500 m2 0.0736 0.192003 -0.685396 0 -0.00211307
1231195 736042 m2 0.02975 -0.141022 -0.348287 0 0.017579
1231195 648157 m2 0.0335 0.291982 0.157457 0 -0.000897032
1231195 544681 m2 0.0136 0.177964 -0.101552 -0.0178124 0
1231195 341827 m2 0.1052 0.0384432 -0.685709 0 -0.0444944
1231195 746761 m2 0.0117 -0.12466 0.0994166 -0.0223421 0
1231195 763509 m2 0.01095 0.228419 -0.14504 0.00907011 0
1231195 469848 m2 0.02075 0.175037 0.355522 0 -0.0100937
1231195 721360 m2 0.0106 -0.301821 -0.316 0 -0.0582529
1231195 358590 m2 0.05645 0.464175 0.334805 0.0940072 0
1231195 372776 m2 0.03315 -0.096275 -0.431389 -0.0544361 0
1231195 624673 m2 0.011 0.190771 -0.171549 0 -0.0419282
1231195 748891 m2 0.03595 -0.290964 -0.227839 0.0401175 0
1231195 802054 m2 0.0104 0.0599157 -0.0143456 0.0123026 0
1231195 631201 m2 0.0461 -0.0617198 -0.57534 0 -0.0637685
1231195 464447 m2 0.09355 -0.218319 -0.0938926 0 0.0384544
1231195 380337 m2 0.0979 0.175 -0.252589 0.018952 0
1231195 434548 m2 0.0248 -0.361046 0.14912 -0.0201349 0
1231195 658276 m2 0.01465 0.0857725 -0.0920868 0 0.0559647
1231195 459472 m2 0.10555 -0.306791 0.40424 -0.0419397 0
1231195 610773 m2 0.01225 0.310838 -0.103555 -0.0148866 0
1231195 639830 m2 0.01695 -0.090284 -0.257531 0 -0.0108653
1231195 699616 m2 0.01485 0.35244 0.370883 0.0313878 0
1231195 392223 m2 0.0719 0.230862 -0.416757 -0.0214456 0
1231195 390296 m2 0.0354 0.160926 0.548608 0.0302297 0
1231195 751876 m2 0.0107 -0.230331 0.0973835 -0.0121915 0
1231195 415349 m2 0.03285 0.161036 0.149293 0.0184316 0
1231195 662978 m2 0.01265 0.0209245 -0.0737325 0 0.0124256
1231195 395202 m2 0.0235 -0.0282506 -0.363064 0 -0.00768338
1231195 643177 m2 0.0184 0.176056 -0.429078 0 -0.0665876
1231195 786149 m2 0.03825 0.420261 0.015546 0.035216 0
1231195 498496 m2 0.01425 -0.210675 0.283143 0 -0.0122976
1231195 604422 m2 0.02925 0.107268 0.169018 -0.0122132 0
1231195 555136 m2 0.03975 0.248266 0.186837 0.00580335 0
1231195 590932 m2 0.07595 -0.0566871 0.0903179 0 0.073993
1231195 477564 m2 0.0101 -0.253535 0.293934 0 0.0248008
1231195 402010 m2 0.01335 -0.0426809 0.333316 0 -0.0134929
1231195 489891 m2 0.0209 0.385044 -0.400966 -0.00316443 0
1231195 637914 m2 0.0395 -0.159648 0.321329 0 -0.0326664
1231195 521665 m2 0.0294 -0.378258 0.183845 -0.0349554 0
1231195 763505 m2 0.0221 -0.271849 -0.135862 0 0.0464139
1231195 605508 m2 0.0111 0.00420357 0.308739 0.0158114 0
1231195 723583 m2 0.0108 -0.211246 -0.263397 -0.0378378 0
1231195 764598 m2 0.01285 0.110484 -0.018557 -0.0363845 0
1231195 615394 m2 0.01535 0.161809 -0.379196 0 -0.0457085
1231195 520517 m2 0.0691 0.0565485 -0.754212 0 -0.0209628
1231195 636053 m2 0.0297 -0.284699 -0.417223 0 -0.0600923
1231195 674779 m2 0.01605 0.140935 -0.199998 0 0.00403867
1231195 705148 m2 0.0197 -0.0752159 -0.39508 0 0.0401738
1231195 609998 m2 0.01335 0.0180989 0.098702 0 0.0371435
1231195 661827 m2 0.05565 0.164016 -0.289952 0 0.014445
1231195 574629 m2 0.01975 0.329112 0.188874 0.0176401 0
1231195 586864 m2 0.02165 -0.330011 -0.218707 -0.0273703 0
1231195 754100 m2 0.01415 -0.273236 -0.0577861 0.0306157 0
1231195 685626 m2 0.0171 -0.268673 -0.10087 0 0.0022745
1231195 513406 m2 0.0251 -0.240835 0.297958 0 0.0244848
1231195 509486 m2 0.08945 -0.225852 -0.389865 0 0.00154612
1231195 662992 m2 0.03345 -0.125868 -0.132582 0 0.0623002
1231195 595388 m2 0.0122 0.0161463 0.440223 0 0.0412913
1231195 694060 m2 0.0263 0.0469766 -0.257795 0.0393198 0
1231195 685620 m2 0.0253 0.220291 -0.315371 0 -0.0317189
1231195 662719 m2 0.0191 -0.258251 -0.103624 0 -0.0139886
1231195 787234 m2 0.01045 0.335182 0.0219906 -0.0146104 0
1231195 743230 m2 0.02275 -0.175691 -0.106293 0 0.0478997
1231195 697715 m2 0.0195 -0.340273 -0.325929 0 0.000626041
1231195 662410 m2 0.01145 0.164377 0.207066 0 -0.0113386
