// Initial random seed:
2843616225726

// RunInitializeCallbacks():
initializeTreeSeq();
initializeMutationRate(2.5e-08);
initializeSex("A");
initializeMutationType(2, 0.5, "f", 0);
initializeGenomicElementType(1, m2, 1);
initializeGenomicElement(g1, 0, 550000);
initializeRecombinationRate(c(1e-06, 0.5, 1e-06, 0.5, 1e-06, 0.5, 1e-06, 0.5, 1e-06, 0.5, 1e-06, 0.5, 1e-06, 0.5, 1e-06, 0.5, 1e-06, 0.5, 1e-06, 0.5, 1e-06, 0.5, 1e-06, 0.5, 1e-06, 0.5, 1e-06, 0.5, 1e-06, 0.5, 1e-06, 0.5, 1e-06, 0.5, 1e-06, 0.5, 1e-06, 0.5, 1e-06), c(50000, 50001, 100000, 100001, 150000, 150001, 200000, 200001, 250000, 250001, 300000, 300001, 350000, 350001, 400000, 400001, 450000, 450001, 500000, 500001, 550000, 550001, 600000, 600001, 650000, 650001, 700000, 700001, 750000, 750001, 800000, 800001, 850000, 850001, 900000, 900001, 950000, 950001, 1000000));

QTL DFE means: 
0 0

QTL DFE variance-covariance matrix: 
      [,0]  [,1]
[0,] 0.002     0
[1,]     0 0.002

// Starting run at generation <start>:
1 

100:0.99765 0.99765 -4.44089e-16 -0.00223556 -0.00011143 -0.0107093 0.227636 NAN NAN
200:0.995916 0.995916 -4.01901e-14 0.00303792 0.00335132 0.0599709 -0.219832 NAN NAN
300:0.99501 0.99501 2.9643e-14 0.0153045 0.00106229 -0.00420585 -0.253499 NAN NAN
400:0.993172 0.993172 3.44169e-15 0.0456675 -0.0132556 -0.176359 0.171622 NAN NAN
500:0.992022 0.992022 -8.88178e-15 0.0432908 -0.0098938 -0.036798 0.318902 NAN NAN
600:0.992129 0.992129 4.15223e-14 0.0394291 -0.00423209 -0.193385 0.136108 NAN NAN
700:0.99064 0.99064 -1.92069e-14 0.0319757 0.00312388 -0.121726 0.102147 NAN NAN
800:0.989969 0.989969 7.32747e-15 0.0231499 -0.00930417 0.239133 0.421882 NAN NAN
900:0.988479 0.988479 1.09912e-14 0.0329735 -0.0121256 0.0545762 0.291947 NAN NAN
1000:0.986962 0.986962 -1.59872e-14 0.00922961 -0.0102646 -0.0175268 0.198787 NAN NAN
1100:0.985495 0.981542 0.00395296 0.00124914 0.00313527 0.0121121 0.602557 0.116431 0.190696
1200:0.981462 0.964727 0.0167342 0.0016729 0.020346 0.249231 0.843763 0.243198 0.491818
1300:0.976009 0.935546 0.0404636 -0.00756179 0.0484232 0.598363 0.918508 0.480343 0.622541
1400:0.971799 0.888323 0.0834756 0.0077573 0.0653997 0.810726 0.94222 0.681531 0.725041
1500:0.967918 0.831071 0.136847 0.0172171 0.096921 0.870887 0.978888 0.753218 0.7947
1600:0.961016 0.757997 0.20302 0.0400779 0.101878 0.91442 0.974092 0.822981 0.839104
1700:0.958688 0.679166 0.279521 0.00756019 0.116417 0.961362 0.988566 0.876619 0.865555
1800:0.951421 0.587922 0.363499 0.0263951 0.145047 0.980052 0.989822 0.909643 0.886041
1900:0.940303 0.482314 0.457988 0.0119162 0.171274 0.989328 0.985333 0.934585 0.893098
2000:0.921974 0.359208 0.562766 0.00118967 0.190344 0.992217 0.987676 0.947448 0.907728
2100:0.931335 0.352973 0.578363 0.00295495 0.198405 0.995346 0.992046 0.951446 0.915498
2200:0.927315 0.355489 0.571825 -0.00127303 0.203577 0.994031 0.987851 0.95256 0.914135
2300:0.930849 0.352873 0.577976 -0.00783982 0.19791 0.993112 0.99279 0.952196 0.913128
2400:0.929639 0.351542 0.578097 -0.0101935 0.192124 0.993869 0.989237 0.953745 0.910208
2500:0.92935 0.347955 0.581395 0.0137006 0.177468 0.993503 0.992663 0.949707 0.914177
2600:0.927233 0.343265 0.583968 0.00959636 0.161393 0.993674 0.991754 0.951309 0.914685
2700:0.925244 0.349035 0.576209 -0.0131427 0.191479 0.993983 0.992622 0.95054 0.910237
2800:0.925861 0.352481 0.57338 0.0102246 0.197003 0.994337 0.993468 0.947527 0.914146
2900:0.926179 0.349423 0.576756 -0.00313443 0.182033 0.992886 0.993553 0.951186 0.911128
3000:0.92583 0.347819 0.578011 -0.00335613 0.1825 0.99108 0.992392 0.949436 0.917332
