seed mutID muttype p cor_sal cor_temp mutSalEffect mutTempEffect
1231206 427977 m2 0.0521 0.210432 0.581067 0 0.00250788
1231206 148002 m2 0.01565 -0.150855 0.30216 -0.0473468 0
1231206 508397 m2 0.01895 0.313215 0.481961 0 0.0865112
1231206 659095 m2 0.0113 0.159293 0.356494 -0.0243947 0
1231206 165705 m2 0.0724 0.215749 0.586921 0.0294413 0
1231206 313897 m2 0.089 -0.364832 0.531817 0 0.0976007
1231206 295813 m2 0.0694 0.127093 0.522616 0 0.0136138
1231206 42457 m2 0.08285 0.229483 0.587046 0.000535753 0
1231206 385934 m2 0.0153 -0.0219906 0.442772 0.00575974 0
1231206 121452 m2 0.1115 0.354058 0.570624 0.0156383 0
1231206 296890 m2 0.189 0.237364 0.711722 0 0.140025
1231206 187923 m2 0.0104 0.178452 0.343178 0 -0.0132442
1231206 267795 m2 0.0195 -0.227834 0.335472 0 0.00725303
1231206 305374 m2 0.0978 0.235158 0.603762 0.00524052 0
1231206 535950 m2 0.01775 -0.0583125 0.492768 0.00192374 0
1231206 113248 m2 0.15595 -0.439681 0.555416 -0.0406828 0
1231206 541914 m2 0.0685 0.306687 0.549095 0 -0.0590082
1231206 141057 m2 0.07765 -0.0466131 0.595963 0 -0.0350379
1231206 375239 m2 0.04265 0.356449 0.486878 0.0472212 0
1231206 491527 m2 0.0178 0.338593 0.32251 0.0225301 0
1231206 384071 m2 0.0178 0.296427 0.361699 0.00794964 0
1231206 353023 m2 0.0112 0.334829 0.349892 -0.0148918 0
1231206 499399 m2 0.02405 0.0534373 0.40679 0 0.0363577
1231206 761174 m2 0.01425 -0.0179929 0.47861 0.0648482 0
1231206 735630 m2 0.01855 0.149259 0.430763 0.0210585 0
1231206 474325 m2 0.0122 0.061392 0.316747 0 -0.0522073
1231206 624977 m2 0.0227 -0.176722 0.476944 0 0.0141512
1231206 494039 m2 0.0259 0.372952 0.386272 0 0.0366641
1231206 512213 m2 0.071 0.213682 0.584647 0.0154334 0
1231206 322413 m2 0.02255 0.271116 0.52423 0.065187 0
1231206 17013 m2 0.0264 -0.306706 0.41377 0 -0.059413
1231206 666207 m2 0.0102 -0.113792 0.378259 0 -0.0448539
1231206 350816 m2 0.06385 0.333937 0.571919 0.0185474 0
1231206 720522 m2 0.0123 -0.337322 0.3351 0 -0.0605298
1231206 535359 m2 0.0314 0.0654666 0.505998 -0.00944944 0
1231206 475138 m2 0.01665 0.252568 0.451104 0.0113128 0
1231206 641023 m2 0.01165 0.162896 0.41121 0 -0.00657551
1231206 144932 m2 0.12885 0.00909149 0.663319 0 0.0545681
1231206 180950 m2 0.1552 -0.151908 0.712977 0.0161727 0
1231206 115134 m2 0.0105 -0.280744 0.374156 0.00484144 0
1231206 294694 m2 0.0381 -0.280753 0.470423 -0.0457035 0
1231206 766678 m2 0.0228 -0.15882 0.410992 0 0.0052011
1231206 347985 m2 0.0466 -0.0984808 0.161872 -0.0217304 0
1231206 650218 m2 0.02265 -0.256902 0.380235 0.00934073 0
1231206 97222 m2 0.1001 -0.362693 0.514328 -0.00499059 0
1231206 495450 m2 0.04775 -0.31586 0.543738 0 -0.0480064
1231206 670609 m2 0.0116 -0.0357993 0.428079 0.00904451 0
1231206 449002 m2 0.01615 0.362226 0.381527 0.0809482 0
1231206 640174 m2 0.0154 0.0487718 0.398898 0 -0.0521102
1231206 150145 m2 0.08745 -0.102778 0.68603 0 0.0737462
1231206 123536 m2 0.07785 0.170524 0.681389 0 0.085124
1231206 529841 m2 0.0247 0.28795 0.33855 0.0442003 0
1231206 521996 m2 0.0245 0.314015 0.406069 0 -0.0258796
1231206 667030 m2 0.04605 -0.397623 0.43827 0 0.0249202
1231206 323248 m2 0.01055 -0.170152 0.428062 0 -0.013196
1231206 571000 m2 0.0144 0.126821 0.44659 0 -0.00536782
1231206 524973 m2 0.0213 -0.158157 0.499889 0 0.0208005
1231206 548564 m2 0.0123 -0.167134 0.387251 0 0.0198708
1231206 661843 m2 0.02585 -0.0556008 0.329846 0 0.0667765
1231206 142143 m2 0.0518 0.312728 0.549864 0 0.033216
1231206 340066 m2 0.116 -0.30547 0.607941 -0.0338209 0
1231206 208108 m2 0.05215 0.182244 0.615316 0 0.0534824
1231206 590876 m2 0.0251 -0.377558 0.376307 0.0065308 0
1231206 631792 m2 0.0342 -0.220165 0.14267 0 -0.0408554
1231206 318550 m2 0.1185 -0.364527 0.626984 -0.0113948 0
1231206 446549 m2 0.03335 0.26856 0.531067 0 0.0723671
1231206 216305 m2 0.0587 -0.39199 0.46422 -0.0362084 0
1231206 517994 m2 0.02325 -0.063166 0.541312 0.0368106 0
1231206 598646 m2 0.02515 -0.33628 0.42718 -0.0393058 0
1231206 705690 m2 0.02155 0.342224 0.303817 0.0878919 0
1231206 46553 m2 0.02705 0.210472 0.391548 0.00122541 0
1231206 147412 m2 0.0292 0.104816 0.409574 0 0.0472833
1231206 684075 m2 0.0104 0.145796 0.295343 0 -0.0283114
1231206 498794 m2 0.04975 -0.196995 0.606941 -0.0209226 0
1231206 501628 m2 0.0498 0.317949 0.554664 -0.0235906 0
1231206 637912 m2 0.03015 -0.129719 0.465092 -0.0125378 0
1231206 460315 m2 0.03975 0.300502 0.439831 0 0.00866575
1231206 668417 m2 0.0126 0.346831 0.295488 0.0357809 0
1231206 687962 m2 0.0336 -0.360447 0.462464 -0.0316539 0
1231206 545948 m2 0.05255 -0.361387 0.3082 0 -0.00206667
1231206 85395 m2 0.1277 0.365757 0.571672 0 0.00101898
1231206 537362 m2 0.0421 -0.342366 0.363239 0 0.0380343
1231206 55165 m2 0.0714 -0.241504 0.623236 0 0.0282855
1231206 741658 m2 0.01125 -0.157779 0.304323 0 -0.0382714
1231206 444899 m2 0.0594 -0.354377 0.538051 -0.0340981 0
1231206 704564 m2 0.018 -0.325589 0.305014 -0.021073 0
1231206 792455 m2 0.01175 0.337464 0.3936 0 0.0308374
1231206 107393 m2 0.02545 -0.0722416 0.420123 -0.00730312 0
1231206 584229 m2 0.066 0.161414 0.641499 0.01575 0
1231206 719946 m2 0.0195 0.315208 0.303829 0 0.0347476
1231206 411952 m2 0.0632 -0.0353019 0.608957 0 0.0548584
1231206 599954 m2 0.015 -0.14276 0.321962 -0.0109314 0
1231206 340587 m2 0.05625 -0.263722 0.502356 0 0.0278187
1231206 114576 m2 0.0457 -0.239212 0.532391 0 0.0821827
1231206 382129 m2 0.0273 -0.345674 0.456173 0 0.0798606
1231206 16973 m2 0.12575 0.247568 0.636255 0.0279553 0
1231206 367647 m2 0.1582 -0.24347 0.699625 -0.01819 0
1231206 599136 m2 0.05095 -0.38452 0.443907 0 0.0136155
1231206 712536 m2 0.01165 -0.190795 0.135522 0.034446 0
1231206 658554 m2 0.0417 -0.389077 0.386885 -0.0272989 0
1231206 743911 m2 0.0221 -0.0824803 0.426704 0 0.0912011
1231206 515235 m2 0.0396 0.221828 0.543436 0 0.011876
1231206 730720 m2 0.0224 -0.330927 0.380525 0 -0.00452949
1231206 537903 m2 0.02305 0.0971665 0.511445 0 -0.00785838
1231206 739380 m2 0.0252 -0.336291 0.449079 0 -0.0105958
1231206 538171 m2 0.0284 -0.0829634 0.498851 0 0.0259982
1231206 590 m2 0.25945 0.0174481 -0.800584 0 -0.0434069
1231206 591975 m2 0.0266 -0.345262 0.42986 0.0194277 0
1231206 582014 m2 0.01095 0.263832 0.342499 0 0.0382843
1231206 99094 m2 0.0472 0.191013 0.534771 0.0150419 0
1231206 386473 m2 0.01075 0.132557 0.131335 0 0.00852949
1231206 706269 m2 0.0138 0.315261 0.315591 0 0.0533095
1231206 20274 m2 0.2487 -0.0804629 0.798709 0 0.00732341
1231206 731557 m2 0.01105 -0.287734 0.317125 0 -0.0473257
1231206 587241 m2 0.0234 -0.184963 0.395101 0 0.0142204
1231206 526040 m2 0.0116 -0.355754 0.352757 0 0.0351641
1231206 248508 m2 0.0307 0.181398 0.518648 0.00808049 0
1231206 345775 m2 0.0184 0.346036 0.418011 0 0.0379058
1231206 1505 m2 0.073 -0.158036 7.80699e-18 0 -0.0442352
1231206 787318 m2 0.01195 -0.126042 0.344198 0 0.0378487
1231206 566819 m2 0.01875 0.361185 0.431421 0 -0.0282994
1231206 764461 m2 0.01065 -0.231539 0.335097 0.0366266 0
1231206 229198 m2 0.0241 0.278383 0.49426 0.0665734 0
1231206 497604 m2 0.0213 0.110384 0.369285 0 0.0622198
1231206 82360 m2 0.13375 0.0493008 0.689716 0.0251416 0
1231206 699037 m2 0.0222 -0.375816 0.371573 0.0168226 0
1231206 56523 m2 0.0627 -0.349186 0.497561 0 0.0364245
1231206 602147 m2 0.01055 -0.249447 0.282172 0 0.0242884
1231206 394384 m2 0.0109 -0.258208 0.341829 -0.0409587 0
1231206 330908 m2 0.08795 -0.398152 0.489906 -0.0549545 0
1231206 217640 m2 0.03255 -0.288746 0.468311 0 -0.0495912
1231206 275002 m2 0.0347 -0.0990557 0.558957 0 0.0269174
1231206 446514 m2 0.06995 0.408501 0.501488 -0.00335257 0
1231206 14128 m2 0.01765 0.36186 0.353137 -0.000407252 0
1231206 444588 m2 0.0861 -0.427998 0.520838 0 0.0477222
1231206 296297 m2 0.06095 0.329024 0.187048 0.0423055 0
1231206 196411 m2 0.0233 0.0188901 0.473381 -0.0154672 0
1231206 690419 m2 0.01345 0.29549 0.449097 0 -0.0157292
1231206 477779 m2 0.05725 -0.169653 0.635237 0 0.0359271
1231206 450658 m2 0.04205 0.290896 0.529495 0 -0.011042
1231206 332824 m2 0.01045 0.235635 0.350789 0 0.0480538
1231206 28039 m2 0.0576 0.313396 0.325872 0.0414285 0
1231206 757557 m2 0.01215 0.280226 0.304386 0 0.0581648
1231206 188909 m2 0.09815 -0.249114 0.637075 0 0.0509918
1231206 114014 m2 0.04855 -0.384103 0.457279 -0.0383528 0
1231206 5074 m2 0.0416 -0.158772 0.0139706 0.000878873 0
1231206 372039 m2 0.02115 -0.146823 0.469142 -0.00316306 0
1231206 651523 m2 0.0139 0.241527 0.488336 0 0.0388054
1231206 760589 m2 0.0152 0.0189377 0.348383 0.045751 0
1231206 650928 m2 0.03075 -0.104764 0.540178 -0.00541558 0
1231206 286391 m2 0.1119 0.21978 0.652494 0.0283008 0
1231206 273448 m2 0.1096 0.370374 0.546078 0.0691035 0
1231206 249058 m2 0.0461 -0.388562 0.512914 0 0.0544106
1231206 704803 m2 0.011 0.32177 0.303609 -0.018701 0
1231206 485198 m2 0.0244 -0.342937 0.428928 -0.0273996 0
1231206 438558 m2 0.02645 0.237433 0.508598 0 0.0665554
1231206 323498 m2 0.01385 -0.138014 0.237499 0 -0.0116178
1231206 511585 m2 0.02565 -0.341101 0.426164 0 -0.0497321
1231206 115094 m2 0.09205 -0.399872 0.479157 -0.0804418 0
1231206 15596 m2 0.0189 0.118341 0.121777 -0.0815343 0
1231206 770977 m2 0.0128 -0.349203 0.324312 0.00683987 0
1231206 566805 m2 0.0121 -0.275975 0.394379 0 -0.0220483
1231206 341109 m2 0.0307 0.354104 0.394021 0.0613015 0
1231206 277187 m2 0.10895 0.388474 0.534251 0.0646514 0
1231206 357804 m2 0.0205 -0.318374 0.426745 0 0.053366
1231206 621600 m2 0.0123 0.0651036 0.286456 0 -0.0479961
1231206 451729 m2 0.05225 0.312343 0.548635 0.0643989 0
1231206 694844 m2 0.08765 -0.2098 0.540502 0.00262163 0
1231206 703386 m2 0.01275 0.315349 0.293574 0 -0.00102233
1231206 102689 m2 0.0143 0.0171727 0.0897764 0 0.0112351
1231206 361930 m2 0.04015 0.283165 0.551176 0 0.0758842
1231206 265510 m2 0.0381 -0.396605 0.457607 0 -0.00590119
1231206 395784 m2 0.03005 -0.10046 0.601278 0 0.0112294
1231206 434615 m2 0.04705 0.38264 0.382414 0.0943445 0
1231206 535627 m2 0.0211 0.0934844 0.344296 0 -0.0349688
1231206 352442 m2 0.1338 0.285188 0.625807 0 0.0150984
1231206 546429 m2 0.01825 -0.344959 0.282239 0 -0.00651938
1231206 14970 m2 0.15095 0.0254393 0.0249483 -0.00388391 0
1231206 785696 m2 0.011 -0.0825914 0.216668 -0.0135615 0
1231206 116178 m2 0.0926 -0.367656 0.498814 -0.010701 0
1231206 129296 m2 0.082 0.160761 0.16192 0.06031 0
1231206 717517 m2 0.02515 0.0952777 0.410543 0 0.0146897
1231206 293277 m2 0.0534 -0.36656 0.412299 -0.0618579 0
1231206 85923 m2 0.08185 0.207985 -0.0400929 0 0.0271484
1231206 593606 m2 0.0245 0.129966 0.147871 0 0.0242816
1231206 320445 m2 0.03465 0.366501 0.420791 0 0.00124938
1231206 3919 m2 0.0642 -0.223588 0.00342283 0 0.0107538
1231206 244847 m2 0.06775 -0.280647 0.528325 0.000958299 0
1231206 6460 m2 0.08825 0.100901 -0.134779 0 0.0371017
1231206 689318 m2 0.0186 -0.22929 0.388752 0 0.0376644
1231206 356444 m2 0.1561 -0.282564 0.66913 -0.0539629 0
1231206 749753 m2 0.02935 0.280662 0.395196 0 0.0206747
1231206 405479 m2 0.01095 0.27943 0.280162 0 0.0222957
1231206 676950 m2 0.0285 -0.0811964 0.469727 0.0693272 0
1231206 557674 m2 0.0173 -0.0870707 0.477044 0 0.00905795
1231206 186454 m2 0.01355 -0.27299 0.327006 0.0230824 0
1231206 77611 m2 0.0134 0.219115 0.098043 0.0341798 0
1231206 59252 m2 0.0309 0.0937552 0.140406 0.01898 0
1231206 411650 m2 0.0146 -0.349945 0.0657069 0 -0.0204597
1231206 9751 m2 0.2379 -0.130877 -0.0736294 0 -0.0180136
1231206 564062 m2 0.02715 -0.218123 0.371367 0.0107551 0
1231206 4457 m2 0.03145 0.203703 0.00543077 0.0188638 0
1231206 469047 m2 0.0283 0.384173 0.341712 0.0104376 0
1231206 3371 m2 0.04365 0.151158 -0.139248 -0.0281547 0
1231206 355659 m2 0.0666 0.314961 0.563148 0 0.0144748
1231206 502160 m2 0.05435 -0.348073 0.483936 0 0.0260094
1231206 506476 m2 0.05255 0.154899 0.565511 -0.00678792 0
1231206 24156 m2 0.0251 -0.222487 0.108086 0.0160763 0
1231206 335280 m2 0.0438 0.081196 0.590239 0 0.00166193
1231206 459141 m2 0.01545 0.296358 0.459823 0.00797228 0
1231206 220147 m2 0.01595 0.211999 0.108773 0.016043 0
1231206 649631 m2 0.05355 0.0893333 0.668907 0 0.0414764
1231206 428997 m2 0.0378 0.252348 0.535835 0.0351292 0
1231206 277742 m2 0.03685 0.196971 0.518007 0 0.00221901
1231206 47063 m2 0.09765 -0.181007 0.0958272 -0.0531967 0
1231206 342991 m2 0.0209 0.33126 0.289033 0.0757961 0
1231206 696557 m2 0.01055 0.202004 0.277147 0 -0.0283229
1231206 572356 m2 0.0359 -0.344742 0.331812 0 -0.044294
1231206 564319 m2 0.01275 0.112681 0.368093 0.0396864 0
1231206 594434 m2 0.01715 -0.268468 0.308439 -0.0110601 0
1231206 162680 m2 0.0262 -0.23421 0.529812 -0.049849 0
1231206 297669 m2 0.0557 0.0122058 0.719962 0 0.0366584
1231206 346588 m2 0.01635 0.0887106 0.35027 0 -0.00447495
1231206 389490 m2 0.0169 0.358003 0.390277 -0.0147417 0
1231206 400440 m2 0.03675 -0.261543 0.5579 -0.0492063 0
1231206 119964 m2 0.0503 -0.364553 0.193306 0 -0.00571259
1231206 159644 m2 0.075 0.0959135 0.162853 0 0.0237752
1231206 609423 m2 0.01035 -0.0827611 0.31852 0 0.0493385
1231206 392746 m2 0.02685 0.234396 0.105897 0 0.107871
1231206 532312 m2 0.0316 0.134819 0.415025 0.0324759 0
1231206 752524 m2 0.01115 -0.218216 0.10317 0 -0.0491347
1231206 4135 m2 0.0911 -0.251072 -0.582034 -0.0154752 0
1231206 339749 m2 0.06185 0.30409 0.308908 0 0.0104931
1231206 146807 m2 0.03835 -0.377309 0.402623 -0.0724132 0
1231206 565975 m2 0.0339 -0.372181 0.33565 0 -0.00491023
1231206 470397 m2 0.02125 -0.264999 0.437632 0 -0.0118981
1231206 785437 m2 0.01025 -0.286962 0.297023 -0.0464329 0
1231206 210757 m2 0.04095 0.260931 0.124519 0.0232412 0
1231206 658517 m2 0.01505 0.132498 0.344346 0.0061695 0
1231206 149031 m2 0.0387 0.147276 0.159252 0.0345385 0
1231206 494550 m2 0.01345 0.0270633 0.377615 -0.0294271 0
1231206 249570 m2 0.01525 0.0984806 0.0695034 0 -0.0308299
1231206 358293 m2 0.0253 0.246958 0.111254 0.0291073 0
1231206 460539 m2 0.04195 -0.0664582 0.0797363 0.0148887 0
1231206 414041 m2 0.05115 0.226348 0.132747 0.0464623 0
1231206 409245 m2 0.0188 -0.19268 0.36638 -0.0029604 0
1231206 732605 m2 0.0122 0.240027 0.110647 0 -0.0389766
1231206 639567 m2 0.01685 -0.288698 0.516346 0.0361031 0
1231206 478848 m2 0.0491 0.200566 0.137649 0 -0.0678289
1231206 740751 m2 0.01795 0.255508 0.0896637 0.0408374 0
1231206 81153 m2 0.02055 0.208332 0.102299 -0.00923813 0
1231206 204849 m2 0.0435 -0.237098 0.359895 -0.0138906 0
1231206 302885 m2 0.02695 0.347922 -0.0638454 0.0959547 0
1231206 6411 m2 0.05435 -0.303771 -0.567825 0 -0.024863
1231206 89428 m2 0.02055 0.208332 0.102299 0.0619964 0
1231206 736677 m2 0.0195 -0.261032 0.485237 -0.0693484 0
1231206 436796 m2 0.06765 -0.026961 0.1715 0 0.0487353
1231206 348471 m2 0.0159 -0.331105 0.34728 0 0.0236964
1231206 746716 m2 0.02075 0.0355462 0.114354 0 -0.012552
1231206 727125 m2 0.013 -0.0242535 0.111281 0 0.0295128
1231206 89152 m2 0.16645 -0.115713 0.022746 0 0.0463473
1231206 550724 m2 0.04555 -0.331554 0.0897145 -0.081107 0
1231206 633415 m2 0.01725 0.193919 0.118691 0 0.118728
1231206 328684 m2 0.01185 -0.0084164 0.100825 0 0.0779664
1231206 737705 m2 0.01365 -0.198365 0.109384 0.0411881 0
1231206 690122 m2 0.02585 0.300339 0.0866123 0 0.0344241
1231206 685107 m2 0.01225 0.160864 0.429833 -0.00314648 0
1231206 572624 m2 0.0228 -0.379366 0.352169 -0.0296755 0
1231206 485472 m2 0.0218 0.119717 0.136108 0 -0.0288711
1231206 114782 m2 0.1278 0.224505 0.151741 0.0557233 0
1231206 745037 m2 0.01435 0.114494 0.127874 -0.0390674 0
1231206 520910 m2 0.06015 0.0873732 -0.00163258 0.035106 0
1231206 220693 m2 0.0419 0.0503956 0.161011 0 0.00272173
1231206 15813 m2 0.18595 -0.0338153 -0.0176938 0 0.00173002
1231206 657145 m2 0.01225 -0.140145 0.313888 -0.0225684 0
1231206 589115 m2 0.02335 0.209608 0.122892 0 -0.0899684
1231206 724058 m2 0.01475 0.21289 0.10031 0.00911159 0
1231206 758640 m2 0.01975 -0.207788 0.432301 -0.0327803 0
1231206 486793 m2 0.0121 0.0273552 0.114137 -0.0340681 0
1231206 99838 m2 0.0486 0.178091 0.00351403 0 -0.000929889
1231206 396276 m2 0.0671 0.172063 0.313894 0 0.0412047
1231206 747034 m2 0.02045 -0.375712 0.345789 -0.0605992 0
1231206 565409 m2 0.02095 -0.263293 0.150356 0 0.0103468
1231206 559544 m2 0.0219 -0.234323 0.0951844 -0.012308 0
1231206 116128 m2 0.0218 -0.218012 0.104454 -0.0598628 0
1231206 705072 m2 0.04235 0.205796 0.155861 -0.049926 0
1231206 659022 m2 0.011 0.0123982 0.091196 0 -0.00145875
1231206 724612 m2 0.0187 -0.254954 0.120589 -0.0421851 0
1231206 547706 m2 0.03515 0.197276 0.00980531 0 -0.050115
1231206 672215 m2 0.02575 0.183015 0.132593 0.0150224 0
1231206 26537 m2 0.0704 -0.214242 -0.0293565 0 0.0141917
1231206 257734 m2 0.1012 0.366899 0.0334846 0.0701924 0
1231206 391361 m2 0.01475 0.103373 0.115658 -0.0328563 0
1231206 400143 m2 0.118 -0.316102 0.60087 0 0.0136721
1231206 307993 m2 0.05655 -0.0333655 0.642394 -0.00372982 0
1231206 376572 m2 0.01225 -0.189447 0.118304 0 -0.000420997
1231206 348154 m2 0.06015 0.0873732 -0.00163258 0.021702 0
1231206 440093 m2 0.04375 0.316528 -0.0106544 0 -0.0566599
1231206 381497 m2 0.04585 -0.374436 0.0356842 -0.0130519 0
1231206 696532 m2 0.02755 -0.184466 0.363571 -0.0261428 0
1231206 589695 m2 0.0325 0.322834 -0.00710175 0 -0.0159698
1231206 130645 m2 0.0142 0.284052 0.0211872 -0.0128221 0
1231206 576150 m2 0.0151 -0.0478568 0.118465 -0.00534834 0
1231206 666669 m2 0.038 -0.326785 0.0886541 0 0.00245257
1231206 465335 m2 0.0477 0.267837 0.128537 0.0592371 0
1231206 36090 m2 0.02905 -0.0829042 -0.344982 -0.00574651 0
1231206 598261 m2 0.031 -0.249013 0.116935 0.00886002 0
1231206 157688 m2 0.01745 0.261742 0.0152648 0.0489725 0
1231206 576683 m2 0.04975 -0.38637 0.0553626 -0.0695357 0
1231206 288190 m2 0.04845 0.339201 0.0115861 0 0.0358814
1231206 601019 m2 0.01635 0.21912 0.0898272 0.0172775 0
1231206 555113 m2 0.06155 -0.200163 0.176237 -0.0421515 0
1231206 589693 m2 0.0219 -0.156963 -0.00569425 -0.031587 0
1231206 347385 m2 0.0379 -0.21802 0.120718 -0.0825294 0
1231206 759453 m2 0.01165 0.204094 0.0933385 -0.0747627 0
1231206 788612 m2 0.01135 -0.219823 0.0992043 0.0232598 0
1231206 381489 m2 0.0276 0.247929 -0.014814 0.0156489 0
1231206 760003 m2 0.0104 0.0241221 -0.0143097 0.0686076 0
1231206 275780 m2 0.0233 -0.0958991 0.118961 0 -0.0374611
1231206 229697 m2 0.0583 -0.315048 -0.00239547 -0.110924 0
1231206 593028 m2 0.02595 -0.225539 0.110813 0 0.0309875
1231206 31963 m2 0.0126 -0.283601 0.0189489 -0.0983276 0
1231206 189400 m2 0.021 0.291136 0.103696 0.00302767 0
1231206 727656 m2 0.02305 -0.242695 0.0957831 -0.0279581 0
1231206 124238 m2 0.06345 0.128956 -0.000697062 0 0.059313
1231206 437652 m2 0.03665 0.146335 -0.0184218 0 0.00249883
1231206 685629 m2 0.01825 -0.0252083 0.002031 0.0187974 0
1231206 616304 m2 0.01805 -0.168299 0.434559 0 -0.0106949
1231206 339978 m2 0.03035 0.258694 -0.0171459 0.0336694 0
1231206 642308 m2 0.01065 -0.0965143 0.0877278 0.0326138 0
1231206 442331 m2 0.04095 0.260931 0.124519 0 -0.0202659
1231206 733134 m2 0.0106 -0.223446 0.0976043 -0.0327913 0
1231206 469554 m2 0.04525 -0.327445 0.119137 -0.0163231 0
1231206 162637 m2 0.02665 0.087591 0.00364439 0 -0.0316269
1231206 328935 m2 0.06935 -0.254461 0.129932 -0.0171115 0
1231206 408127 m2 0.04975 0.283765 0.000187717 0 0.0454215
1231206 325277 m2 0.0249 -0.227111 0.0103132 0 -0.0517475
1231206 644339 m2 0.01425 -0.279742 0.247558 0.00597183 0
1231206 272852 m2 0.04225 0.260393 0.0499032 0.00948992 0
1231206 55056 m2 0.11315 0.294691 0.00141063 0.0205969 0
1231206 494832 m2 0.0219 0.215617 0.0970186 0 -0.0483751
1231206 399061 m2 0.0118 0.168468 0.00230147 0 0.0108038
1231206 639831 m2 0.02815 -0.211184 0.172161 -0.0287133 0
1231206 682098 m2 0.019 -0.208776 0.111601 -0.0202682 0
1231206 524898 m2 0.03225 0.222228 0.111435 0 0.0259942
1231206 69152 m2 0.0434 -0.165288 -0.145017 -0.0602478 0
1231206 638983 m2 0.0224 0.321117 0.24238 0.00278872 0
1231206 523571 m2 0.0212 0.23336 0.0159584 -3.32391e-05 0
1231206 221523 m2 0.06585 0.0297982 0.303261 0 0.0421837
1231206 16044 m2 0.04015 0.175883 -0.515977 -0.00379389 0
1231206 38622 m2 0.0334 0.143517 -0.00406514 0 -0.101853
1231206 619618 m2 0.01685 -0.227797 0.0851778 0 0.0198925
1231206 109300 m2 0.0219 -0.27988 -0.00421448 -0.0303046 0
1231206 222350 m2 0.08365 0.276974 -0.00375468 -0.00200947 0
1231206 285519 m2 0.02775 -0.277345 0.00121683 0 0.0361373
1231206 537842 m2 0.076 -0.191541 0.021269 0 -0.0528936
1231206 386116 m2 0.02115 -0.120811 0.131089 0 0.075459
1231206 723738 m2 0.01255 -0.148534 0.112862 -0.000859691 0
1231206 701409 m2 0.01425 0.0199214 0.128066 -0.0236641 0
1231206 183576 m2 0.13795 0.269828 0.0454028 0.0734627 0
1231206 638391 m2 0.02835 0.313137 -0.00368204 0.00746087 0
1231206 309875 m2 0.04615 -0.219093 0.00696255 0 -0.0144698
1231206 276304 m2 0.1009 -0.0503904 0.0304498 0 -0.0130295
1231206 609652 m2 0.02435 0.108364 0.109564 0 0.0349586
1231206 11014 m2 0.01095 0.239432 -0.410704 0.0148818 0
1231206 622632 m2 0.02335 -0.299275 -0.00729939 0 0.0227353
1231206 605672 m2 0.0373 -0.248062 -0.0612905 -0.0557977 0
1231206 155272 m2 0.0255 0.151484 -0.13201 0.023472 0
1231206 591895 m2 0.0295 0.265185 0.000179664 -0.00554834 0
1231206 471191 m2 0.04045 0.079189 0.155007 -0.0324863 0
1231206 543233 m2 0.012 -0.0690263 0.123629 0.00787709 0
1231206 538084 m2 0.0495 0.155332 0.0149643 0 -0.0158846
1231206 608492 m2 0.0225 0.227166 0.0157027 0 -0.0192044
1231206 646791 m2 0.01555 0.304897 -0.0074763 0.0113453 0
1231206 10420 m2 0.03235 0.0358946 -0.129742 -0.000340928 0
1231206 12887 m2 0.0519 0.2216 -0.557732 0 0.0134367
1231206 713264 m2 0.0119 -0.221237 0.107494 -0.000483126 0
1231206 582494 m2 0.01035 -0.0482743 0.0131207 0 0.0152873
1231206 599881 m2 0.01855 0.0994871 0.0962604 0 0.0119879
1231206 781084 m2 0.0101 0.075571 0.016569 0 0.0286209
1231206 706769 m2 0.01225 -0.212678 0.0850044 -0.0554975 0
1231206 718216 m2 0.01965 0.163872 -0.0256722 0.0263472 0
1231206 674091 m2 0.01645 0.129547 0.00634867 0 0.016714
1231206 319264 m2 0.0217 0.293858 -0.00514637 0.00851222 0
1231206 347628 m2 0.0132 0.264981 -0.0764782 0 -0.039522
1231206 563999 m2 0.02945 -0.299362 0.00497171 0 -0.0773421
1231206 53926 m2 0.01125 -0.0736728 -0.104693 -0.0244839 0
1231206 414001 m2 0.0106 0.276421 0.00162792 0 -0.0485186
1231206 678255 m2 0.0146 0.087587 0.00746257 -0.0370742 0
1231206 563695 m2 0.0126 -0.125048 0.00277884 0.0192582 0
1231206 683149 m2 0.0463 -0.0221819 -0.00301795 0 0.0573331
1231206 83978 m2 0.07455 0.222473 0.000824153 0 0.0341032
1231206 689255 m2 0.0179 0.300873 -0.0023761 0 -0.0090465
1231206 428123 m2 0.0308 -0.205036 0.121679 -0.0541773 0
1231206 362878 m2 0.0353 -0.100056 -0.423347 -0.00127482 0
1231206 334405 m2 0.039 0.327155 0.00473185 0.045671 0
1231206 605381 m2 0.0205 -0.0845589 -0.00357291 0 0.00425225
1231206 614375 m2 0.0423 0.333022 -6.19095e-17 0 -0.025358
1231206 464178 m2 0.0298 0.291893 0.0151764 0.0256546 0
1231206 584401 m2 0.0119 -0.159118 -0.0195295 -0.024015 0
1231206 675517 m2 0.02125 0.149068 0.104991 0.0384404 0
1231206 729505 m2 0.01715 0.230806 -0.012282 0 -0.0236407
1231206 535251 m2 0.01915 -0.03368 0.110252 0 0.0075608
1231206 734160 m2 0.0245 -0.0268869 0.0227505 -0.00253945 0
1231206 308467 m2 0.02985 -0.0979896 -0.00411366 0.0436726 0
1231206 214793 m2 0.02495 -0.296213 -0.0400766 -0.0720432 0
1231206 510679 m2 0.0559 -0.135496 -0.0109829 0 -0.00479645
1231206 373712 m2 0.02935 0.123805 0.00117706 0 0.0183371
1231206 203989 m2 0.04335 0.255758 0.000984441 0.0152534 0
1231206 39404 m2 0.0155 -0.290221 -0.417337 0 -0.0288253
1231206 598758 m2 0.01005 0.21781 -0.101892 -0.039466 0
1231206 592690 m2 0.0707 -0.09674 -0.0214707 0 -0.0135015
1231206 54153 m2 0.0213 0.372012 -0.34859 0.0444798 0
1231206 403996 m2 0.0751 -0.264826 -0.12153 -0.00840549 0
1231206 322030 m2 0.0124 -0.120726 0.0324007 0.0471117 0
1231206 777506 m2 0.01865 0.235542 -0.0111224 0 -0.0177069
1231206 461384 m2 0.0129 0.295045 -0.0163519 0.00557133 0
1231206 49480 m2 0.08535 0.205925 -0.62735 0 -0.0202866
1231206 668058 m2 0.02625 -0.267553 0.00513557 0 -0.0300735
1231206 284434 m2 0.02425 0.0926582 0.0148972 0 0.0267136
1231206 559245 m2 0.0252 0.0368422 0.137391 0.00857724 0
1231206 672964 m2 0.0133 -0.174895 0.00636754 0 -0.0430165
1231206 201720 m2 0.07855 0.0970151 0.00975094 0 -0.0172549
1231206 87192 m2 0.03865 0.286155 -0.0129606 0 -0.0244605
1231206 647646 m2 0.02335 -0.300038 -0.00575873 -0.0638668 0
1231206 39991 m2 0.21205 -0.105526 -0.762212 0 -0.0385697
1231206 623466 m2 0.01785 0.131268 -0.0213124 -0.0471331 0
1231206 701662 m2 0.0428 -0.164955 0.0161627 0.0128375 0
1231206 335477 m2 0.03105 0.3142 0.00533729 -0.0157769 0
1231206 193798 m2 0.12105 -0.294777 -0.117964 -0.045374 0
1231206 512628 m2 0.03805 0.193801 -0.00282744 0 0.00351762
1231206 334668 m2 0.09965 0.126436 0.000115186 0 0.029331
1231206 155539 m2 0.2029 -0.0119589 -0.000355656 0 -0.00754091
1231206 17329 m2 0.01665 0.19203 -0.345047 -0.0232139 0
1231206 354468 m2 0.04575 0.234736 -0.12664 0 -0.0125736
1231206 307371 m2 0.0455 0.172545 -0.0467153 0.00392588 0
1231206 440875 m2 0.02555 0.290124 -0.00439117 0 0.0294965
1231206 739858 m2 0.0164 -0.225597 0.0977727 -0.0171709 0
1231206 551534 m2 0.01525 -0.295374 0.00647206 0 0.0628826
1231206 763792 m2 0.0133 0.125584 0.0053603 0.0307314 0
1231206 686981 m2 0.0125 -0.0850341 0.0178507 0 -0.0289545
1231206 650115 m2 0.02965 -0.188235 0.141081 -0.0227178 0
1231206 17595 m2 0.0494 -0.172426 -0.34091 0 0.0111523
1231206 135528 m2 0.03985 -0.179294 -0.142347 0 0.0171871
1231206 614898 m2 0.01155 0.228069 -0.00433435 0 0.0382785
1231206 60581 m2 0.0404 0.347983 -0.316932 0 -0.0439359
1231206 432016 m2 0.028 -0.241 -0.0835863 0 0.0289264
1231206 369788 m2 0.046 -0.174761 -5.22611e-18 -0.0510604 0
1231206 661729 m2 0.0554 -0.0356746 -0.087645 0.0363883 0
1231206 490627 m2 0.01085 -0.270321 0.00767249 -0.0424319 0
1231206 736619 m2 0.01375 -0.0528905 0.0128051 0 0.0207965
1231206 556991 m2 0.06735 0.153894 0.0264958 0 -0.00280263
1231206 108991 m2 0.02905 -0.280861 0.0209302 0 0.0061128
1231206 532999 m2 0.01565 -0.296809 0.00535162 0 0.0745724
1231206 18404 m2 0.15115 0.0121824 -0.750965 0 -0.0990565
1231206 98980 m2 0.02175 -0.0207448 -0.25224 0.040856 0
1231206 528642 m2 0.0391 -0.251567 0.126385 0 0.0689419
1231206 480775 m2 0.0897 0.123175 -0.0080728 -0.00410032 0
1231206 315946 m2 0.10005 -0.283852 -0.0191356 -0.0500243 0
1231206 48606 m2 0.1031 0.26688 -0.635597 0 0.00548039
1231206 583254 m2 0.03655 0.16438 -0.14791 -0.0114878 0
1231206 378148 m2 0.0519 -0.0955222 -0.180419 -0.0599409 0
1231206 733369 m2 0.015 -0.0386223 0.00451964 0 -0.0497233
1231206 100882 m2 0.0588 0.179507 -0.137816 0.0597572 0
1231206 249756 m2 0.02365 -0.0927572 0.00879968 0 -0.0106243
1231206 170689 m2 0.0512 0.407099 -0.40893 0.0270037 0
1231206 700829 m2 0.01955 0.165906 0.000712042 0 -0.0311798
1231206 118220 m2 0.0235 -0.162773 -0.121434 0 0.0188536
1231206 144519 m2 0.06915 -0.114818 0.122415 0 0.0400065
1231206 336365 m2 0.01085 0.209992 0.0940846 0.0168847 0
1231206 146999 m2 0.05655 -0.205656 -0.354367 0 0.0767052
1231206 232973 m2 0.01815 0.21688 -0.083882 0.0455226 0
1231206 212880 m2 0.02185 0.0105216 0.00970178 0 0.0772152
1231206 631956 m2 0.0105 -0.189735 -0.0145346 -0.0201711 0
1231206 511469 m2 0.0124 0.271441 -0.344783 0 -0.0375073
1231206 274097 m2 0.01495 0.0870344 -0.154024 -0.0183576 0
1231206 93787 m2 0.08725 0.230919 -0.658399 0 -0.0245141
1231206 126125 m2 0.0353 0.356893 -0.402562 0 0.00692144
1231206 140306 m2 0.04295 0.384877 -0.431225 0 0.00927006
1231206 522162 m2 0.0551 -0.0508439 -0.00290932 0 -0.0573806
1231206 608456 m2 0.02215 -0.279824 -0.00465266 -0.0210584 0
1231206 295103 m2 0.04675 0.158929 -0.142381 0.132628 0
1231206 705852 m2 0.0182 -0.290599 -0.0128368 0 -0.0721165
1231206 510149 m2 0.01025 -0.246024 0.0248609 -0.0343787 0
1231206 258581 m2 0.06775 0.293635 -0.0134355 0 -0.0434199
1231206 23148 m2 0.0728 -0.283044 -0.582626 0 -0.0188323
1231206 491948 m2 0.02385 0.218034 -0.113996 0.0112786 0
1231206 350949 m2 0.03995 0.125832 -0.163038 0.00245691 0
1231206 589365 m2 0.03845 0.0290133 0.0122205 0 0.0496077
1231206 321441 m2 0.0762 0.257608 -0.603056 0.0951421 0
1231206 739271 m2 0.02055 -0.298076 -0.008261 0 -0.0167916
1231206 60281 m2 0.07725 0.173194 -0.682744 0 -0.0576049
1231206 572277 m2 0.0168 0.306575 -0.00776503 0.0400635 0
1231206 634436 m2 0.0141 0.204136 0.0742658 0 0.0436018
1231206 438463 m2 0.03575 0.320578 -0.000316589 0.0426826 0
1231206 528376 m2 0.02345 -0.171447 -0.129761 0 -0.0318815
1231206 581596 m2 0.0425 -0.164872 -0.542696 0 -0.0105261
1231206 564823 m2 0.01155 -0.108561 -0.000185574 0 0.0605251
1231206 400612 m2 0.0778 0.266167 -0.305319 0.0444951 0
1231206 357688 m2 0.0186 -0.316989 0.0171276 0 -0.0227923
1231206 252526 m2 0.03345 -0.235575 -0.169538 -0.0142376 0
1231206 586290 m2 0.01435 -0.0691338 -0.00333749 0 -0.0996559
1231206 29217 m2 0.1287 -0.171351 -0.721779 0 0.00385929
1231206 539195 m2 0.03505 -0.205392 -0.00064968 0.00729836 0
1231206 722834 m2 0.0152 -0.115418 -0.00787717 0.0161784 0
1231206 394826 m2 0.0565 0.090049 -0.213319 0 0.0147167
1231206 770875 m2 0.0165 0.21533 -0.113392 0.0544574 0
1231206 592363 m2 0.02915 -0.212432 -0.114709 0 0.0128069
1231206 401929 m2 0.02375 0.219424 -0.103708 0 0.00905098
1231206 400869 m2 0.0678 -0.0987785 0.00542869 0 0.0217647
1231206 363899 m2 0.0676 0.168898 -0.612269 0 -0.0352993
1231206 219491 m2 0.1153 -0.0138427 -0.416783 0 -0.0209448
1231206 617386 m2 0.01015 0.206022 0.00734886 0 -0.0272836
1231206 329409 m2 0.09815 0.0115688 0.061625 0 -0.0114384
1231206 301155 m2 0.05475 -0.35024 0.212388 0.00186418 0
1231206 657076 m2 0.02085 -0.278501 -0.0245705 -0.00580373 0
1231206 311768 m2 0.04985 -0.305508 -0.0209056 0 0.0664275
1231206 236512 m2 0.02155 0.28867 -0.00946886 0.00791639 0
1231206 672684 m2 0.0179 0.223019 -0.0969726 0 0.00609031
1231206 531930 m2 0.01685 0.04994 -0.44946 -0.0235484 0
1231206 741811 m2 0.0125 -0.272128 -0.0215486 -0.0568073 0
1231206 405907 m2 0.07165 0.162639 -0.246187 0 0.000425943
1231206 511203 m2 0.0537 -0.215706 -0.00815592 0.0132159 0
1231206 121263 m2 0.0431 0.144438 -0.145543 -0.0201344 0
1231206 613761 m2 0.01045 -0.0608272 -0.135489 0 0.0064891
1231206 233480 m2 0.03965 0.217361 -0.116859 0.0801388 0
1231206 407278 m2 0.03365 -0.134926 0.0140077 -0.0537198 0
1231206 703295 m2 0.0439 -0.310231 -0.00621955 0 -0.00991444
1231206 372213 m2 0.01935 -0.248065 0.0281073 -0.039167 0
1231206 46353 m2 0.09045 -0.13907 -0.704043 0 0.0454522
1231206 744350 m2 0.02135 -0.110801 0.000127504 0 -0.0417338
1231206 302803 m2 0.02605 -0.13003 0.0501125 -0.0150538 0
1231206 691721 m2 0.01025 0.275652 0.0121069 0.0213547 0
1231206 61833 m2 0.03475 0.349636 -0.435175 0 -0.0605082
1231206 567267 m2 0.0355 -0.128047 -0.159842 -0.0251869 0
1231206 749105 m2 0.02625 0.039116 -0.126107 -0.0431856 0
1231206 111102 m2 0.13345 -0.0929547 -0.758331 -0.00664438 0
1231206 618449 m2 0.01765 0.0259108 -0.127444 0 -0.0393121
1231206 699702 m2 0.0221 -0.0860991 -0.119814 0 0.0323433
1231206 229620 m2 0.08465 0.104892 -0.39565 0.0372952 0
1231206 302797 m2 0.0913 0.0883314 0.00437605 0 -0.00687276
1231206 516490 m2 0.035 -0.218907 -0.115272 -0.0245693 0
1231206 576079 m2 0.0108 0.248992 -0.386419 0 0.0072895
1231206 282664 m2 0.06615 0.183171 -0.146765 0.0536144 0
1231206 702725 m2 0.0277 0.294305 -0.00279758 0 0.0331638
1231206 683951 m2 0.0208 0.27849 -0.01902 0 -0.0162029
1231206 247236 m2 0.15525 -0.307991 -0.639715 -0.0731149 0
1231206 439774 m2 0.02665 0.268199 -0.163069 0.0529441 0
1231206 38231 m2 0.033 0.144382 -0.562652 0 0.0229754
1231206 507164 m2 0.01895 -0.243181 -0.01009 0 0.0190848
1231206 446140 m2 0.0152 -0.0852353 -0.129558 0 -0.00886104
1231206 411023 m2 0.02825 0.319274 -0.00100544 0 0.0596355
1231206 218599 m2 0.0129 -0.129704 -0.374982 -0.0173824 0
1231206 510943 m2 0.02655 -0.306225 -0.00046809 -0.0463049 0
1231206 354709 m2 0.11225 0.32111 -0.624392 0 -0.0771848
1231206 673770 m2 0.0243 -0.27332 0.0104338 0 0.0135585
1231206 194064 m2 0.04235 -0.38719 -0.438738 0 -0.0205314
1231206 498914 m2 0.06445 0.023546 -0.169191 0.0253174 0
1231206 466400 m2 0.017 0.0102252 -0.116568 0 0.0465194
1231206 95981 m2 0.1356 -0.142867 -0.707688 0 -0.0608617
1231206 698113 m2 0.0129 0.0795002 0.00673731 -0.0390948 0
1231206 577192 m2 0.0606 -0.247484 -0.0122041 0.0169077 0
1231206 405642 m2 0.03185 -0.168487 -0.129256 -0.0663398 0
1231206 550631 m2 0.06075 0.266978 -0.214704 0 -0.0123337
1231206 587112 m2 0.0203 -0.225875 -0.101294 0 -0.0431232
1231206 283779 m2 0.0701 0.0763655 -0.214721 0 -0.0450116
1231206 435031 m2 0.03495 -0.180609 -0.138175 -0.0284574 0
1231206 454032 m2 0.05615 -0.179647 -0.149953 0 -0.0370554
1231206 260753 m2 0.0851 -0.00847846 -0.200434 0 -0.0874246
1231206 457671 m2 0.02525 -0.0872327 -0.144751 0.0235772 0
1231206 781562 m2 0.0146 -0.205489 -0.106893 0 0.010929
1231206 46884 m2 0.2111 -0.160535 -0.755949 -0.0323921 0
1231206 700243 m2 0.01795 0.222872 -0.0966706 0 -0.000918215
1231206 566159 m2 0.01035 0.043787 -0.110088 0 -0.0283451
1231206 462425 m2 0.01155 -0.0626962 -0.000176609 0.0281808 0
1231206 609044 m2 0.01475 0.131592 0.0433363 -0.0507712 0
1231206 208223 m2 0.02215 -0.223105 -0.102989 0 -0.0347398
1231206 599823 m2 0.01735 -0.202366 -0.11684 0 -0.00590844
1231206 317251 m2 0.04895 -0.212647 -0.229452 0 0.0473091
1231206 695575 m2 0.0211 0.221135 -0.0955486 0.0298464 0
1231206 432257 m2 0.0162 -0.278903 -0.0370368 -0.0520626 0
1231206 602327 m2 0.01485 0.26781 0.00872087 0 0.013262
1231206 199503 m2 0.01785 -0.362834 -0.406615 0 0.00983483
1231206 666862 m2 0.01375 0.182078 -0.414317 0.0436326 0
1231206 289814 m2 0.01835 -0.318998 -0.254895 -0.0598189 0
1231206 753555 m2 0.01165 -0.172918 0.0210875 0.000439052 0
1231206 170083 m2 0.1263 0.340925 -0.579659 0 -0.0510206
1231206 593482 m2 0.0271 0.019739 -0.488337 -0.025359 0
1231206 57164 m2 0.03475 -0.380993 -0.355731 -0.0426349 0
1231206 89546 m2 0.0341 0.284918 -0.372324 0 0.00692736
1231206 65306 m2 0.02255 -0.0444107 -0.502157 -0.0481427 0
1231206 711261 m2 0.0154 0.200325 -0.44842 0 -0.0359651
1231206 662176 m2 0.0188 0.217668 -0.48554 0 0.0460498
1231206 321147 m2 0.0535 -0.217073 -0.147722 -0.0735672 0
1231206 386054 m2 0.02335 -0.300038 -0.00575873 -0.017934 0
1231206 245580 m2 0.04755 -0.0685928 -0.555219 0 -0.0520464
1231206 565306 m2 0.0163 0.339881 -0.368046 0 -0.0215819
1231206 661145 m2 0.01055 -0.222191 -0.0910335 0 -0.0503231
1231206 496656 m2 0.03885 0.134234 -0.14227 -0.00316767 0
1231206 256599 m2 0.02415 -0.100213 -0.00247599 0 -0.00323274
1231206 574959 m2 0.02895 0.0836766 -0.514489 0 0.0767156
1231206 594315 m2 0.01655 0.212437 -0.11372 0.0169202 0
1231206 73647 m2 0.156 -0.254465 -0.673956 -0.0173762 0
1231206 604767 m2 0.03905 0.0618564 -0.148951 -0.0541145 0
1231206 314515 m2 0.05475 0.319753 -0.568006 0 -0.0554588
1231206 632452 m2 0.0186 0.218219 -0.370897 0 -0.0316127
1231206 748589 m2 0.01225 -0.159821 -0.00883266 -0.010229 0
1231206 764584 m2 0.0126 0.0298399 -0.112795 0 -0.0927245
1231206 334089 m2 0.0484 0.134307 -0.149379 0.0208004 0
1231206 502809 m2 0.03345 -0.0450163 -0.522303 0 0.0433824
1231206 448822 m2 0.0174 0.207146 -0.111687 0 0.0061647
1231206 693631 m2 0.0185 -0.165614 0.0253168 0 0.0766244
1231206 357900 m2 0.0175 0.123663 -0.500386 -0.000942265 0
1231206 691425 m2 0.01135 -0.250615 0.00581187 0 0.00491563
1231206 363620 m2 0.09545 0.367122 -0.535956 0.0398902 0
1231206 510378 m2 0.0254 -0.271622 -0.113145 0 0.00534742
1231206 590688 m2 0.0218 -0.217384 -0.498919 0 -0.0952287
1231206 700226 m2 0.0104 -0.215805 -0.107558 0 0.0312833
1231206 723367 m2 0.02245 -0.309723 -0.0144751 -0.052201 0
1231206 132713 m2 0.0422 0.403453 -0.383653 0 -0.0301483
1231206 595943 m2 0.04275 0.342534 -0.367892 0.0515293 0
1231206 315074 m2 0.04295 -0.382737 -0.422951 0 -0.0480046
1231206 244095 m2 0.11125 0.223631 -0.700076 0.0152545 0
1231206 437565 m2 0.01045 -0.163809 -0.11782 -0.015082 0
1231206 236984 m2 0.10465 -0.379472 -0.503694 -0.0597392 0
1231206 108602 m2 0.05155 -0.229956 -0.577184 0 -0.0204612
1231206 463821 m2 0.06525 0.351777 -0.518905 0 -0.0257016
1231206 114369 m2 0.018 0.365774 -0.292619 0.0337094 0
1231206 669591 m2 0.0282 -0.0965715 -0.120403 0 -0.0380337
1231206 155704 m2 0.01745 -0.297517 -0.421112 0 -0.00475361
1231206 635243 m2 0.01705 -0.0941116 -0.323859 0.0123284 0
1231206 598989 m2 0.012 -0.18846 -0.1127 0 -0.025363
1231206 245854 m2 0.055 0.122207 -0.153574 0 -0.022931
1231206 153497 m2 0.0262 0.350431 -0.369152 0.0703175 0
1231206 311977 m2 0.0194 -0.259148 -0.439166 0 0.000487009
1231206 381128 m2 0.0269 -0.210986 -0.115044 0 -0.0718032
1231206 531593 m2 0.0108 0.363699 -0.385531 0 0.0149139
1231206 378084 m2 0.0255 -0.175975 -0.439592 0 -0.00535764
1231206 673171 m2 0.0152 0.316644 -0.494285 0 0.0901747
1231206 317833 m2 0.01895 -0.0190102 -0.153295 -0.0163655 0
1231206 545792 m2 0.01285 -0.208394 -0.0820171 -0.00920896 0
1231206 680398 m2 0.0248 0.115122 -0.133742 -0.0125887 0
1231206 733324 m2 0.016 0.235317 -0.452533 0 0.0199547
1231206 164971 m2 0.0962 -0.296327 -0.351833 -0.00535089 0
1231206 420853 m2 0.04835 -0.361434 -0.48179 -0.0495599 0
1231206 77974 m2 0.0546 -0.390559 -0.423212 0 -0.0203583
1231206 789861 m2 0.01115 -0.105498 -0.113653 -0.0208721 0
1231206 286214 m2 0.0938 0.122885 -0.658475 0 0.022293
1231206 93990 m2 0.01765 0.0827596 -0.00178152 -0.00126919 0
1231206 301103 m2 0.0925 0.409923 -0.478442 0.103182 0
1231206 397078 m2 0.08745 -0.0518438 -0.17128 -0.0347732 0
1231206 619535 m2 0.03205 -0.223277 -0.473474 0 0.0463977
1231206 416749 m2 0.04935 0.0115535 -0.629259 0 -0.0165623
1231206 732466 m2 0.02185 -0.269696 -0.399739 -0.0384762 0
1231206 731387 m2 0.02665 -0.0775183 -0.423238 0 0.00583089
1231206 587353 m2 0.01205 -0.0755258 -0.453973 0 -0.0523204
1231206 686912 m2 0.01835 0.302281 -0.411026 -0.0534288 0
1231206 445847 m2 0.04115 -0.167585 -0.144421 0 -0.0298173
1231206 713458 m2 0.0238 -0.119588 -0.14399 0 -0.0628389
1231206 598164 m2 0.02085 -0.212164 -0.103719 -0.0629043 0
1231206 524520 m2 0.01835 -0.304544 -0.460417 0 -0.0287537
1231206 749364 m2 0.0172 0.218713 -0.0988232 0.00857683 0
1231206 622824 m2 0.02095 -0.231087 -0.431827 0 -0.0762405
1231206 286207 m2 0.0119 0.28106 -0.326764 -0.0247156 0
1231206 516181 m2 0.03615 0.349277 -0.458619 0.0141625 0
1231206 292601 m2 0.03035 -0.424504 -0.438533 -0.0558553 0
1231206 452407 m2 0.04615 0.00559524 -0.546792 0 -0.0270734
1231206 201903 m2 0.02885 0.223923 -0.568025 -0.0237195 0
1231206 140810 m2 0.0283 -0.0258931 -0.619082 0.00942654 0
1231206 656746 m2 0.01545 0.0787385 -0.416357 -0.0283338 0
1231206 697790 m2 0.02505 0.0482377 -0.600384 -0.0406674 0
1231206 651388 m2 0.0217 -0.197827 0.0184672 0 0.0493198
1231206 773280 m2 0.019 -0.0250489 -0.459825 0.00339778 0
1231206 218011 m2 0.0325 0.3718 -0.409452 0.0102629 0
1231206 705251 m2 0.02065 -0.0953826 -0.137577 0.0423746 0
1231206 772464 m2 0.01125 0.279483 -0.214396 0 -0.0207025
1231206 561380 m2 0.03105 0.125046 -0.502812 0 0.00524706
1231206 504415 m2 0.0311 0.342855 -0.432428 0.0567954 0
1231206 469173 m2 0.04 -0.347654 -0.460407 -0.0262461 0
1231206 738934 m2 0.015 -0.319054 -0.390971 0.00399118 0
1231206 511394 m2 0.0391 -0.319035 -0.525624 0 0.0268743
1231206 611501 m2 0.01335 -0.250346 -0.321351 -0.00443831 0
1231206 650755 m2 0.03425 0.230899 -0.527994 -0.0193494 0
1231206 272191 m2 0.08565 0.303586 -0.607506 0 -0.0193474
1231206 375023 m2 0.041 0.358634 -0.39255 0.0119836 0
1231206 595914 m2 0.0328 -0.385964 -0.392687 0 0.0649031
1231206 278956 m2 0.06745 -0.0323922 -0.167026 0.0158864 0
1231206 481239 m2 0.01785 0.380843 -0.360791 -0.000199158 0
1231206 536600 m2 0.0178 -0.124446 -0.102566 0 0.00308748
1231206 306728 m2 0.01095 0.167747 -0.365311 -0.0142443 0
1231206 548357 m2 0.0294 0.146788 -0.501296 0.0121828 0
1231206 443313 m2 0.0537 0.309404 -0.530607 0 -0.0370689
1231206 550049 m2 0.01345 -0.0672054 -0.472421 0 -0.00113244
1231206 157531 m2 0.0233 -0.0121173 -0.524149 0.0142466 0
1231206 453739 m2 0.1067 0.00705807 -0.741794 0 -0.0252052
1231206 209008 m2 0.03705 -0.00895278 -0.168899 0 -0.0231658
1231206 709541 m2 0.0235 -0.180199 -0.46928 0 -0.0408332
1231206 164617 m2 0.0111 -0.265836 -0.287719 -0.0602204 0
1231206 267802 m2 0.03165 0.049622 -0.51329 0 -0.0067716
1231206 368252 m2 0.0207 -0.251368 -0.461001 0 -0.0183611
1231206 183991 m2 0.06065 0.1343 -0.625304 -0.0149618 0
1231206 669865 m2 0.0191 -0.133934 -0.133468 0 0.0557903
1231206 211129 m2 0.0252 -0.0170357 -0.509876 0 -0.0594272
1231206 278908 m2 0.0436 -0.116168 -0.540421 0.0262969 0
1231206 573829 m2 0.01725 0.311473 -0.367056 0 -0.053529
1231206 715996 m2 0.0323 -0.273063 -0.441089 0 0.000393716
1231206 382447 m2 0.01165 -0.283596 -0.352561 0 -0.054078
1231206 628100 m2 0.01705 -0.320882 -0.240929 -0.011538 0
1231206 163799 m2 0.04925 -0.289568 -0.527056 0 -0.0102151
1231206 658657 m2 0.01545 -0.197848 -0.369378 0.0325384 0
1231206 259871 m2 0.0982 0.311275 -0.526215 0.0723354 0
1231206 292316 m2 0.02115 0.0627407 -0.483551 0 -0.0219182
1231206 642430 m2 0.01815 0.244235 -0.418448 0.0397488 0
1231206 514488 m2 0.03465 0.107541 -0.49985 0 0.016883
1231206 556351 m2 0.04225 -0.283765 -0.493681 -0.0237512 0
1231206 686895 m2 0.0134 -0.21618 -0.365336 0 -0.0538338
1231206 182052 m2 0.04965 -0.096743 -0.616702 0 0.0333149
1231206 367157 m2 0.0847 0.400252 -0.482392 0 0.0325785
1231206 488925 m2 0.0324 0.311286 -0.421965 -0.0386139 0
1231206 458682 m2 0.0243 0.131846 -0.472473 0.0763593 0
1231206 240219 m2 0.05445 -0.353178 -0.479119 -0.0434111 0
1231206 775472 m2 0.01225 -0.287762 -0.268321 0 -0.000773073
1231206 266745 m2 0.0272 -0.366589 -0.370325 -0.0220356 0
1231206 605572 m2 0.0728 0.402586 -0.444342 0.0520813 0
1231206 360943 m2 0.03975 -0.252046 -0.120153 -0.0120235 0
1231206 275646 m2 0.05665 0.353901 -0.525341 0 -0.0540005
1231206 264260 m2 0.0217 -0.0582442 -0.598971 0 0.0184898
1231206 345834 m2 0.05475 -0.192172 -0.60344 0.00972962 0
1231206 179567 m2 0.15845 -0.123797 -0.705598 0 -0.0675893
1231206 279525 m2 0.08465 -0.177144 -0.628896 0.019943 0
1231206 774365 m2 0.01585 0.303031 -0.303792 0 0.0373854
1231206 351123 m2 0.0441 -0.290648 -0.570785 0 -0.0794634
1231206 728095 m2 0.0107 -0.0340395 -0.421981 -0.0234803 0
1231206 517244 m2 0.01825 0.0772036 -0.501554 0.0530171 0
1231206 623649 m2 0.01445 -0.358518 -0.396614 0 -0.00189026
1231206 568857 m2 0.02705 0.11689 -0.444963 0.00539402 0
1231206 523731 m2 0.01085 0.0325373 -0.360603 0.0793625 0
1231206 679828 m2 0.01275 -0.0455259 -0.358543 -0.00659681 0
1231206 370486 m2 0.06255 0.238813 -0.566504 0 -0.0389112
1231206 688579 m2 0.0116 -0.273489 -0.264279 -0.0198789 0
1231206 567755 m2 0.0101 -0.260988 -0.294805 0.0347932 0
1231206 362008 m2 0.06875 -0.0376765 -0.662126 0 -0.121796
1231206 747661 m2 0.01035 -0.0237634 -0.442632 0.0376657 0
1231206 449867 m2 0.0412 -0.36869 -0.398719 -0.0521569 0
1231206 346104 m2 0.0353 0.333886 -0.43464 0 0.0389154
1231206 667713 m2 0.03845 0.342696 -0.531569 0 0.01551
1231206 336800 m2 0.0855 0.285344 -0.575794 -0.0248539 0
1231206 508992 m2 0.0126 0.0674777 -0.492587 0 -0.0734367
1231206 549480 m2 0.0256 -0.321626 -0.356669 -0.0476047 0
1231206 698313 m2 0.05065 -0.275269 -0.484381 0 -0.0248515
1231206 245517 m2 0.0222 -0.358502 -0.364992 0 0.0220693
1231206 508991 m2 0.0334 -0.369424 -0.436428 0 -0.0640575
1231206 409067 m2 0.11625 -0.242365 -0.6805 -0.0351802 0
1231206 290612 m2 0.0552 0.257083 -0.603638 0 -0.0583096
1231206 565810 m2 0.0479 -0.249615 -0.549406 0 -0.0349061
1231206 649999 m2 0.02645 0.32079 -0.306747 -0.0251036 0
1231206 373020 m2 0.05675 0.353018 -0.533201 0.0155303 0
1231206 318325 m2 0.0273 0.327366 -0.514155 0.00210109 0
1231206 414438 m2 0.04045 0.384503 -0.425001 0 -0.0312733
1231206 564703 m2 0.02985 0.369785 -0.362698 0.0194883 0
1231206 639419 m2 0.0531 0.32825 -0.480524 0.0290128 0
1231206 260124 m2 0.1497 0.0994255 -0.726669 0.013559 0
1231206 367717 m2 0.11845 0.332017 -0.625446 0 -0.0281114
1231206 635747 m2 0.014 0.149546 -0.354903 0 0.0538873
1231206 655615 m2 0.01255 0.00164234 -0.426304 0 -0.0350649
1231206 615628 m2 0.02205 0.156139 -0.489332 0 0.0558327
1231206 351103 m2 0.05025 0.0694968 -0.57909 0 -0.0797289
1231206 280633 m2 0.0343 -0.359502 -0.420359 0 -0.0587952
1231206 403305 m2 0.02575 0.00994434 -0.44107 0 0.0243763
1231206 763681 m2 0.0229 0.0768489 -0.429785 0 0.0401855
1231206 620338 m2 0.02015 0.200978 -0.388173 0.0362453 0
1231206 602768 m2 0.01245 0.328498 -0.36242 0.0138052 0
1231206 484469 m2 0.04565 -0.372845 -0.43295 0 -0.0450188
1231206 622517 m2 0.0161 0.335907 -0.301126 0 0.00919453
1231206 607236 m2 0.02655 0.319724 -0.393417 0 0.0207155
1231206 571615 m2 0.03265 -0.306001 -0.414142 0 0.0126223
1231206 460958 m2 0.04545 0.070428 -0.532395 0 0.0118634
1231206 294170 m2 0.06065 0.338233 -0.541185 0.045834 0
1231206 678149 m2 0.0233 -0.354816 -0.361912 -0.0101071 0
1231206 421944 m2 0.0174 0.101745 -0.125557 0.0328753 0
1231206 724171 m2 0.01325 0.165375 -0.371456 0.102886 0
1231206 661632 m2 0.01665 -0.207266 -0.450058 0.00683411 0
1231206 451548 m2 0.0144 -0.159866 -0.358998 0 0.00511188
1231206 582917 m2 0.0143 -0.205188 -0.422533 0 0.0616945
1231206 330421 m2 0.08865 -0.435737 -0.501387 -0.0583375 0
1231206 640265 m2 0.01465 -0.215242 -0.34168 -0.0181786 0
1231206 604381 m2 0.0118 -0.325967 -0.38334 0 0.0454119
1231206 360919 m2 0.1239 0.178128 -0.736916 0 -0.032127
1231206 718940 m2 0.0104 -0.308414 -0.380331 0 -0.00281779
1231206 494705 m2 0.0122 -0.168053 -0.534126 0.000510261 0
1231206 696056 m2 0.0114 -0.259712 -0.369497 0 0.0654672
1231206 374693 m2 0.03475 -0.0506426 -0.448125 0 -0.0490472
1231206 580159 m2 0.02615 0.224762 -0.508529 -0.00298781 0
1231206 661327 m2 0.0663 -0.298464 -0.489494 -0.00362304 0
1231206 397584 m2 0.01475 -0.0447844 -0.268565 0.0139554 0
1231206 630743 m2 0.03455 -0.12056 -0.561414 0 0.0042772
1231206 377784 m2 0.114 0.275215 -0.647333 0.000390193 0
1231206 484149 m2 0.01725 -0.35502 -0.384697 0 -0.0285871
1231206 387082 m2 0.0486 0.00399215 -0.607306 0.0358114 0
1231206 493216 m2 0.0149 -0.245891 -0.500125 0.0414922 0
1231206 505979 m2 0.01315 -0.317368 -0.310868 -0.0644283 0
1231206 518342 m2 0.02795 0.313787 -0.440316 0 0.0810709
1231206 609791 m2 0.0276 0.366505 -0.354984 0.0216988 0
1231206 631827 m2 0.04405 0.322791 -0.494303 -0.0308873 0
1231206 634343 m2 0.0333 0.370553 -0.373632 0 -0.012629
1231206 430757 m2 0.0148 0.217244 -0.468657 0 -0.0286772
1231206 548935 m2 0.0329 -0.302702 -0.4083 -0.00269699 0
1231206 487774 m2 0.029 0.364846 -0.455676 0.0064599 0
1231206 626668 m2 0.01195 0.281303 -0.26764 0 0.0156094
1231206 602757 m2 0.01015 0.26004 -0.385986 0 0.0411097
1231206 617256 m2 0.0169 -0.03465 -0.454685 0.0136048 0
1231206 415054 m2 0.0342 -0.177179 -0.521286 -0.0526874 0
1231206 755659 m2 0.01205 0.141744 -0.329186 0 0.052695
1231206 736528 m2 0.01645 -0.263982 -0.35326 0 -0.0337619
1231206 597839 m2 0.0114 0.315088 -0.340498 0.0107869 0
1231206 459788 m2 0.02385 -0.196805 -0.476606 0.0323538 0
1231206 698814 m2 0.0415 -0.358647 -0.41003 0.000270556 0
1231206 762075 m2 0.01485 -0.18183 -0.264953 0.0792232 0
1231206 534254 m2 0.0244 -0.164502 -0.50901 -0.0443399 0
1231206 722437 m2 0.02265 0.349731 -0.412003 0.0163526 0
1231206 672054 m2 0.0745 0.368417 -0.521665 -0.000620207 0
1231206 705198 m2 0.01245 -0.231639 -0.316073 0 0.0826886
1231206 514726 m2 0.0181 -0.139536 -0.500431 -0.00344641 0
1231206 684126 m2 0.01985 -0.342835 -0.450784 0 0.0156365
1231206 766440 m2 0.01325 0.136746 -0.343623 0 -0.0350056
1231206 581811 m2 0.0541 -0.0407029 -0.636889 0 -0.0444105
1231206 546261 m2 0.0189 0.218236 -0.436811 0 0.0288097
1231206 494362 m2 0.0478 0.368744 -0.424228 0 -0.0194484
1231206 568553 m2 0.0624 -0.335264 -0.481245 -0.0102456 0
1231206 789777 m2 0.01485 -0.288155 -0.303738 0 -0.0430577
1231206 601134 m2 0.03355 -0.293468 -0.408872 0 0.0518901
1231206 610917 m2 0.02925 0.0705409 -0.508637 0 0.0223503
1231206 729909 m2 0.0119 -0.0760797 -0.279612 0 0.0372291
1231206 689667 m2 0.04595 -0.261098 -0.503384 0 0.0270773
1231206 657786 m2 0.0133 0.355887 -0.357516 0 -0.0189361
1231206 781221 m2 0.01165 0.195151 -0.376167 0 0.00759298
1231206 715373 m2 0.0116 0.16322 -0.382925 0 0.0581712
1231206 687721 m2 0.0222 -0.23081 -0.439212 0 0.0430461
1231206 745720 m2 0.0103 -0.0572196 -0.337868 -0.0373639 0
1231206 623347 m2 0.0279 -0.13894 -0.538566 0 0.0158384
1231206 664083 m2 0.0452 -0.0441562 -0.495297 0 -0.048176
1231206 667394 m2 0.0134 -0.250475 -0.415665 0 -0.0164116
1231206 637137 m2 0.0294 0.248952 -0.429108 0 0.0233004
1231206 749554 m2 0.01455 0.292715 -0.328875 0 -0.001924
1231206 670066 m2 0.01525 -0.328665 -0.307291 0 0.00831991
1231206 744251 m2 0.01135 0.157155 -0.478426 -0.00301179 0
1231206 751503 m2 0.0119 -0.0872104 -0.357563 0 0.0018651
1231206 684106 m2 0.0374 0.0232646 -0.327993 0 -5.50093e-05
1231206 724182 m2 0.01725 -0.261575 -0.371473 0 0.0179599
1231206 719753 m2 0.01185 -0.263202 -0.340707 0 0.0469043
1231206 674233 m2 0.0141 0.374669 -0.386804 0.0602179 0
1231206 680313 m2 0.0329 -0.271819 -0.469505 0 -0.0687557
1231206 674509 m2 0.01445 0.255502 -0.298515 -0.00792586 0
1231206 721633 m2 0.0145 0.228188 -0.39028 0 0.0137948
