seed mutID muttype p cor_sal cor_temp mutSalEffect mutTempEffect
1231196 99408 m2 0.08785 -0.240954 0.569919 0 0.025141
1231196 255004 m2 0.01455 0.0261017 0.367655 -0.0534104 0
1231196 174252 m2 0.04755 -0.163201 0.416169 0 0.0599153
1231196 244482 m2 0.11485 0.0654113 0.672356 -0.00304281 0
1231196 65341 m2 0.02895 -0.229142 0.350824 -0.0479291 0
1231196 704311 m2 0.01885 -0.243137 0.281856 0.037535 0
1231196 1407 m2 0.05365 -0.100427 0.401007 0 0.0239057
1231196 371492 m2 0.01735 -0.204152 0.313784 -0.000157176 0
1231196 486182 m2 0.0993 -0.0594429 0.546028 -0.0258234 0
1231196 679411 m2 0.02205 -0.235457 0.285848 -0.0244121 0
1231196 150596 m2 0.0605 0.244091 0.527802 0.00701336 0
1231196 649527 m2 0.0116 -0.19674 0.34995 0 -0.000412549
1231196 704059 m2 0.0238 -0.238433 0.314508 0 0.0163059
1231196 61532 m2 0.0428 0.256175 0.544223 0 0.0301734
1231196 109989 m2 0.13055 0.0534482 0.625053 0.0143985 0
1231196 426854 m2 0.01515 -0.244437 0.285252 -0.0553964 0
1231196 19605 m2 0.05875 -0.225589 0.446641 0.00919776 0
1231196 573481 m2 0.0137 -0.0578355 0.341591 0 -0.0470125
1231196 630222 m2 0.0126 0.00304323 0.429015 0 0.0265163
1231196 115426 m2 0.0571 0.194126 0.561038 0.0101628 0
1231196 410819 m2 0.0272 -0.0977393 0.375912 0 -0.0207078
1231196 84188 m2 0.0846 0.207756 0.603411 0 0.0335133
1231196 690357 m2 0.011 -0.228986 0.276854 -0.0204941 0
1231196 624364 m2 0.01155 -0.22498 0.30402 0 0.00622564
1231196 185396 m2 0.07295 -0.0615014 0.547468 0 0.0127267
1231196 20139 m2 0.1251 -0.257753 0.464101 -0.0688867 0
1231196 39665 m2 0.0701 0.0121086 0.553489 -0.0376093 0
1231196 679112 m2 0.0173 -0.131391 0.310463 0.00579213 0
1231196 509159 m2 0.01405 -0.0899059 0.219326 0 0.00339628
1231196 259503 m2 0.0486 -0.122402 0.434198 -0.0231155 0
1231196 11640 m2 0.1314 0.32089 0.587018 0.0341974 0
1231196 716174 m2 0.01215 -0.0784985 0.272064 0 -0.0345573
1231196 742392 m2 0.02315 0.0870092 0.411932 0 -0.0442776
1231196 699987 m2 0.0152 -0.177641 0.311757 -0.0038714 0
1231196 398251 m2 0.0271 0.16373 0.446429 0.0265527 0
1231196 618887 m2 0.0209 -0.247012 0.294973 0 -0.0127255
1231196 3862 m2 0.2227 -0.0999905 0.739825 0 0.000700182
1231196 561733 m2 0.02475 0.0136225 0.503514 0.00471724 0
1231196 512646 m2 0.01065 0.204054 0.336562 0 0.0352959
1231196 623783 m2 0.0193 -0.0642832 0.354081 0.0512547 0
1231196 699702 m2 0.03305 0.175794 0.483156 0 0.0129395
1231196 645162 m2 0.02305 0.0388947 0.411521 0 0.030275
1231196 630214 m2 0.01315 -0.13451 0.369046 -0.0899941 0
1231196 312189 m2 0.0235 -0.145881 0.362793 0 0.0572325
1231196 590488 m2 0.0198 0.208736 0.407833 0.037241 0
1231196 560145 m2 0.04155 0.223799 0.423247 0 -0.0543727
1231196 695610 m2 0.01335 0.279054 0.261393 0 -0.0604181
1231196 381259 m2 0.0287 0.0529266 0.336013 0 0.0131619
1231196 673732 m2 0.0375 -0.217683 0.497809 0 0.0243828
1231196 253601 m2 0.25565 0.0423642 0.745973 0 0.0548668
1231196 279078 m2 0.0332 -0.0310405 0.521673 0 -0.0141764
1231196 373696 m2 0.07765 0.0375713 0.589986 0 0.0535291
1231196 431601 m2 0.0117 -0.0594761 0.2787 0.0249175 0
1231196 431883 m2 0.01945 -0.222102 0.38947 0 0.029668
1231196 33297 m2 0.05905 -0.149354 0.42728 0 -0.0043903
1231196 457392 m2 0.0252 0.320279 0.293826 0.0598576 0
1231196 588322 m2 0.0133 0.326077 0.395383 0.0139346 0
1231196 752480 m2 0.02345 0.342879 0.364376 0 -0.0451792
1231196 716443 m2 0.02115 0.190385 0.465619 0.0160373 0
1231196 622393 m2 0.01845 -0.173618 0.283389 -0.00675419 0
1231196 579564 m2 0.04895 0.285283 0.463062 0.0513678 0
1231196 493866 m2 0.02135 0.202242 0.463881 0.0441077 0
1231196 118484 m2 0.0792 -0.0714716 0.522758 0 -0.00800567
1231196 747418 m2 0.02325 -0.151189 0.290441 -0.00688947 0
1231196 429340 m2 0.0118 -0.183384 0.296953 0 0.0289158
1231196 697773 m2 0.0181 0.245337 0.319092 0 -0.00489016
1231196 601075 m2 0.0819 0.140977 0.612472 0 0.0402252
1231196 388371 m2 0.1037 -0.259308 0.417027 -0.116172 0
1231196 258084 m2 0.1128 0.019941 0.593082 0 0.00518724
1231196 565863 m2 0.02275 0.265177 0.449163 -0.00935822 0
1231196 592380 m2 0.0135 0.234363 0.406525 0.0120738 0
1231196 321480 m2 0.0644 -0.010922 0.511295 0 0.0618318
1231196 274915 m2 0.06345 0.249523 0.56311 0 0.00037341
1231196 774945 m2 0.01255 0.133205 0.23805 0.0327303 0
1231196 588053 m2 0.01485 -0.164315 0.319418 0.00401587 0
1231196 213023 m2 0.0333 -0.0102172 0.475997 0.0117773 0
1231196 60971 m2 0.1494 -0.0379133 0.680706 0 0.0183634
1231196 489167 m2 0.0346 -0.101951 0.421552 -0.0206321 0
1231196 384560 m2 0.04595 0.339652 0.482206 0.029159 0
1231196 103597 m2 0.0168 0.0838756 0.404118 0.0341257 0
1231196 443984 m2 0.06445 0.0209578 0.52769 0 0.0194879
1231196 186744 m2 0.0955 0.361349 0.508726 0.0887112 0
1231196 370417 m2 0.06525 0.106059 0.56675 0.00806766 0
1231196 102788 m2 0.04965 -0.158399 0.443866 0.0330666 0
1231196 734527 m2 0.0135 -0.220995 0.233286 -0.0929715 0
1231196 290830 m2 0.03795 0.24592 0.444295 0.00282177 0
1231196 584818 m2 0.0751 -0.140275 0.441046 -0.0345791 0
1231196 547991 m2 0.0512 -0.259451 0.348426 -0.0392932 0
1231196 645144 m2 0.0139 0.159701 0.441799 0.00336435 0
1231196 354307 m2 0.0543 -0.247247 0.358334 0 0.0185547
1231196 622123 m2 0.03245 0.0303636 0.442614 0 -0.0164311
1231196 660711 m2 0.0151 -0.246804 0.286297 0 -0.0019515
1231196 297189 m2 0.0253 -0.0120579 0.40519 0 0.0677543
1231196 455038 m2 0.025 -0.015377 0.366156 0 -0.00502318
1231196 703724 m2 0.01525 0.231889 0.345488 0 -0.00849497
1231196 344763 m2 0.02655 0.234469 0.475257 0 0.038952
1231196 566084 m2 0.02015 0.226056 0.416085 -0.0150789 0
1231196 436786 m2 0.02105 -0.253183 0.317041 -0.0414332 0
1231196 511037 m2 0.11815 -0.0122575 0.573869 0 -0.0171419
1231196 771000 m2 0.01015 0.0582166 0.262805 -0.0154533 0
1231196 30850 m2 0.12515 0.0689633 0.577045 0 -0.0083687
1231196 650559 m2 0.0566 0.123395 0.546458 0 0.0492001
1231196 430991 m2 0.09965 -0.0358036 0.61246 0 0.0136525
1231196 48463 m2 0.23005 0.343748 0.687505 0.0509545 0
1231196 83886 m2 0.04745 0.250038 0.497805 0.0579099 0
1231196 594828 m2 0.0106 -0.239137 0.224533 0 0.0290788
1231196 347763 m2 0.0126 0.185923 0.372799 0.0835119 0
1231196 626902 m2 0.02225 0.296049 0.292804 0 0.0198603
1231196 729134 m2 0.0117 -0.00473855 0.281105 0 -0.00764137
1231196 240625 m2 0.1428 0.250309 0.635334 0.0102441 0
1231196 441428 m2 0.0391 0.347757 0.388711 0.0599002 0
1231196 107092 m2 0.01735 0.292477 0.377956 0.0473944 0
1231196 556231 m2 0.01095 -0.00249872 0.299848 0.000768274 0
1231196 153849 m2 0.01145 0.042673 0.118075 0.0253814 0
1231196 675582 m2 0.053 -0.144754 0.547458 0 0.00758648
1231196 544079 m2 0.02475 -0.23821 0.299075 -0.0552153 0
1231196 16493 m2 0.2261 -0.120801 0.745307 0 0.0259248
1231196 255536 m2 0.06735 0.29451 0.536269 0.0631125 0
1231196 611714 m2 0.0326 -0.162211 0.368602 -0.00749357 0
1231196 664850 m2 0.03105 0.188886 0.480156 0 0.0206145
1231196 693644 m2 0.0106 0.0490722 0.247562 -0.0277943 0
1231196 459289 m2 0.0341 0.099527 0.564535 0 0.0612897
1231196 290008 m2 0.0112 -0.127428 0.362047 0.00685823 0
1231196 705896 m2 0.02855 -0.186482 0.352052 -0.0440089 0
1231196 48721 m2 0.14515 0.147248 0.673721 0.0384313 0
1231196 316007 m2 0.03135 0.0327167 0.431256 -0.00839605 0
1231196 221835 m2 0.17665 0.0744313 0.684181 0 0.0392814
1231196 91864 m2 0.0662 -0.0626993 0.497096 0.00267617 0
1231196 668984 m2 0.0328 0.140217 0.517381 0.0288363 0
1231196 34601 m2 0.1196 -0.012014 0.654776 0 0.033824
1231196 322019 m2 0.0607 -0.269518 0.348468 -0.108643 0
1231196 272977 m2 0.05255 -0.137485 0.422348 -0.017804 0
1231196 671241 m2 0.0129 0.215411 0.300194 0.0354586 0
1231196 659314 m2 0.01155 0.155705 0.426865 0 -0.0260466
1231196 574562 m2 0.06685 0.252149 0.559362 0 0.0101626
1231196 138041 m2 0.0589 -0.200223 0.399876 0 0.0280095
1231196 706700 m2 0.01485 -0.0744238 0.265516 0.0415687 0
1231196 252469 m2 0.03535 -0.0890707 0.417168 0.0371398 0
1231196 729913 m2 0.0148 0.000640084 0.307404 0 -0.0457697
1231196 636526 m2 0.01875 -0.025726 0.363976 0.0019051 0
1231196 531506 m2 0.02515 0.0659105 0.412344 0 0.00700322
1231196 555464 m2 0.01955 0.211777 0.370886 0 -0.00276753
1231196 606819 m2 0.0155 0.260537 0.278324 0.00103456 0
1231196 672882 m2 0.01975 0.151265 0.424093 0 -0.000964293
1231196 518921 m2 0.04175 -0.206064 0.371339 -0.0450947 0
1231196 162558 m2 0.0348 0.194217 0.517395 0.0119019 0
1231196 220975 m2 0.01255 0.223249 0.40593 0 0.0500569
1231196 698579 m2 0.01955 -0.0207586 0.466939 0 0.0421112
1231196 393230 m2 0.0358 0.133561 0.551099 0.00954057 0
1231196 199156 m2 0.05005 0.0101275 0.61072 0 0.0016202
1231196 278218 m2 0.0416 0.0542648 0.446779 0.0126781 0
1231196 322575 m2 0.01665 -0.243018 0.303353 -0.0581234 0
1231196 731267 m2 0.01305 0.162421 0.377829 0.0221256 0
1231196 497614 m2 0.0124 -0.203369 0.34802 -0.0715883 0
1231196 130746 m2 0.05615 -0.225485 0.369728 -0.00921327 0
1231196 479851 m2 0.0176 0.0162839 0.416448 0 0.0559742
1231196 220675 m2 0.02765 -0.0833675 0.431988 -0.0042598 0
1231196 687578 m2 0.0221 0.0545097 0.446847 0 0.067077
1231196 254430 m2 0.0869 -0.141097 0.45258 0 0.0311024
1231196 218463 m2 0.0228 0.32127 0.37259 0.086717 0
1231196 589906 m2 0.01455 0.307715 0.330457 0.00704031 0
1231196 22518 m2 0.05825 -0.0658609 0.485233 0.0211624 0
1231196 290517 m2 0.14315 0.0774877 0.692058 0.0148024 0
1231196 228566 m2 0.0732 0.0636811 0.643123 0 0.0358653
1231196 731525 m2 0.01065 0.341843 0.329613 0.0426197 0
1231196 272695 m2 0.03465 -0.10189 0.422083 0 0.0047283
1231196 597794 m2 0.0228 -0.0844357 0.439531 0.0277864 0
1231196 707232 m2 0.01325 -0.032771 0.217406 0 -0.0548343
1231196 262656 m2 0.0676 -0.0818736 0.167755 -0.0117467 0
1231196 170882 m2 0.01915 -0.239412 0.297258 0 0.0376948
1231196 34317 m2 0.11945 -0.00779955 0.618949 0 0.0164818
1231196 215746 m2 0.07875 0.177273 0.593955 0 0.0402934
1231196 740426 m2 0.0118 -0.195331 0.247652 0 -0.0132018
1231196 676114 m2 0.01145 0.18418 0.316056 -0.0510687 0
1231196 544902 m2 0.0616 -0.241453 0.444076 -0.0553636 0
1231196 729111 m2 0.01185 0.260527 0.293414 0 0.0146827
1231196 579792 m2 0.02455 -0.250101 0.323044 -0.0428157 0
1231196 56573 m2 0.0108 -0.152663 0.0952331 -0.00479007 0
1231196 406911 m2 0.0854 0.0367655 0.641885 0 0.0404468
1231196 748823 m2 0.01045 0.124547 0.344172 -0.00338094 0
1231196 554628 m2 0.0324 -0.0662647 0.410384 -0.0313773 0
1231196 619652 m2 0.0215 -0.154765 0.378108 0 -0.0109241
1231196 470231 m2 0.0172 -0.26593 0.264904 0 -0.0383276
1231196 719903 m2 0.0116 0.093422 0.376757 0 -0.0400442
1231196 293268 m2 0.0627 -0.215734 0.391206 -0.0839686 0
1231196 127247 m2 0.0467 -0.260349 0.316426 -0.0888549 0
1231196 1238 m2 0.0292 -0.0586584 0.137216 0.0112902 0
1231196 298876 m2 0.019 -0.179302 0.377656 0 0.0120073
1231196 317350 m2 0.0334 -0.0213198 0.40633 -0.041117 0
1231196 2914 m2 0.0213 0.116729 0.00448931 0 -0.0190722
1231196 9869 m2 0.0516 -0.105144 0.146577 -0.026976 0
1231196 676113 m2 0.01425 -0.10154 0.304197 0.0223874 0
1231196 610578 m2 0.0315 -0.0867668 0.368593 0 0.0487729
1231196 702926 m2 0.0168 -0.0171877 0.264739 0 0.047242
1231196 352069 m2 0.02365 -0.156775 0.392217 0.0153639 0
1231196 479248 m2 0.02385 0.0701025 0.485628 0.0416282 0
1231196 536486 m2 0.01195 0.33382 0.370458 -0.0119962 0
1231196 181121 m2 0.1124 -0.0292903 0.532423 0 0.00456688
1231196 37908 m2 0.05955 0.108417 0.189865 0.0192708 0
1231196 30274 m2 0.11825 0.166288 0.384059 0.0196769 0
1231196 341277 m2 0.02815 0.347364 0.338341 0 0.0464327
1231196 761727 m2 0.01665 0.266476 0.364312 0 0.00821731
1231196 699109 m2 0.01015 -0.164883 0.261663 0.042772 0
1231196 127504 m2 0.0177 -0.18467 0.264457 -0.0153411 0
1231196 392176 m2 0.02555 0.172924 0.420092 0 0.0192694
1231196 796992 m2 0.01075 0.0294492 0.224672 0 -0.0712707
1231196 214416 m2 0.06825 0.16575 0.520092 -0.00031582 0
1231196 408074 m2 0.0329 -0.272616 0.303126 -0.0594193 0
1231196 182519 m2 0.06845 -0.230137 0.413473 -0.0547253 0
1231196 589900 m2 0.0105 -0.0645204 0.360933 0.00669217 0
1231196 575959 m2 0.02435 -0.239968 0.288813 -0.0400216 0
1231196 637036 m2 0.0424 0.304913 0.399348 0.0271608 0
1231196 643728 m2 0.02295 0.0952741 0.414074 0 -0.00711674
1231196 739582 m2 0.0174 -0.250584 0.251559 0.0258746 0
1231196 339055 m2 0.0448 0.0581305 0.304099 0.0351478 0
1231196 612254 m2 0.02845 -0.0133426 0.453547 -0.0293892 0
1231196 756211 m2 0.01695 0.309717 0.366249 -0.00750937 0
1231196 717753 m2 0.0313 0.262545 0.454045 0.0506589 0
1231196 424613 m2 0.0237 0.273857 0.393772 0 0.0207008
1231196 454431 m2 0.01295 -0.0972145 0.299826 0 -0.0387987
1231196 744032 m2 0.01985 0.26321 0.459582 0 -0.0011609
1231196 707215 m2 0.01005 -0.198611 0.266433 0 -0.00916147
1231196 621804 m2 0.01375 -0.234904 0.234228 -0.0570301 0
1231196 310721 m2 0.24225 0.0660365 0.72503 0 0.0449694
1231196 457039 m2 0.0823 0.297066 0.508916 0.0362702 0
1231196 217637 m2 0.02095 -0.158307 0.39134 9.98379e-05 0
1231196 343405 m2 0.01745 0.0581904 0.402935 0 0.0362703
1231196 336282 m2 0.01445 -0.235774 0.378384 0 0.0239499
1231196 758945 m2 0.0237 -0.0394768 0.319114 0 -0.00814385
1231196 411615 m2 0.02345 0.157038 0.489783 0.0660766 0
1231196 634862 m2 0.01015 0.0142047 0.360758 0 -0.00438118
1231196 687002 m2 0.0105 0.109277 0.172827 0 -0.0263468
1231196 293808 m2 0.01625 -0.157797 0.0100349 0 0.0255831
1231196 26778 m2 0.04455 -0.12562 0.203543 -0.0154592 0
1231196 259145 m2 0.0558 0.0537448 0.182176 0 -0.00074262
1231196 600449 m2 0.0264 -0.115169 0.133353 0 -0.0475773
1231196 196662 m2 0.0901 -0.00978334 0.228009 0 0.0118213
1231196 78206 m2 0.01255 -0.189896 0.00571186 -0.0620091 0
1231196 101867 m2 0.14035 0.0454231 0.636118 0 0.0252834
1231196 28117 m2 0.11425 0.0142753 0.294788 0.00759414 0
1231196 349104 m2 0.0904 -0.138496 0.455417 -0.0979674 0
1231196 317332 m2 0.0538 0.206706 0.540583 0.0314992 0
1231196 653491 m2 0.0116 0.121291 0.367468 0.019421 0
1231196 292457 m2 0.06205 -0.0300498 0.548164 -0.0205884 0
1231196 38736 m2 0.0364 0.192927 0.188309 0.0467061 0
1231196 322833 m2 0.20675 -0.00532667 0.686889 0 0.0803018
1231196 5669 m2 0.0252 0.223145 -0.100933 0.0656939 0
1231196 294913 m2 0.0643 0.147766 0.265801 0 0.0121951
1231196 472120 m2 0.02035 0.318706 0.358196 0.0137646 0
1231196 39562 m2 0.04925 -0.059213 0.210529 -0.0459524 0
1231196 54363 m2 0.04995 0.289673 0.133314 0.0800937 0
1231196 513624 m2 0.01335 -0.246893 0.316603 0 0.0153229
1231196 349634 m2 0.0292 -0.116275 0.124868 0 0.0192637
1231196 288570 m2 0.02715 0.0598205 0.471968 0 0.0115089
1231196 568806 m2 0.0222 0.155772 0.15171 0 0.0639411
1231196 754799 m2 0.01255 0.15845 0.152033 0 0.00633485
1231196 563012 m2 0.03365 -0.172786 0.372956 0.00609507 0
1231196 693611 m2 0.0191 0.206513 0.422395 0.0187721 0
1231196 504250 m2 0.10025 0.300811 0.522547 0.0403648 0
1231196 754798 m2 0.01755 0.21157 0.148406 -0.017226 0
1231196 352876 m2 0.0648 -0.164118 0.557952 -0.0411116 0
1231196 341512 m2 0.01335 0.136571 0.124884 0 0.0897499
1231196 384776 m2 0.0197 0.023136 0.174958 0 0.0181782
1231196 618556 m2 0.0173 0.321664 0.418365 0 0.0351804
1231196 368981 m2 0.0522 -0.170779 0.378166 0 0.00363339
1231196 217031 m2 0.05605 0.25172 0.109526 0.0073519 0
1231196 457594 m2 0.01895 -0.00236701 0.165295 0 -0.0131033
1231196 296537 m2 0.0735 0.0402085 0.204042 0.0291039 0
1231196 291069 m2 0.06705 -0.102357 0.536394 0 0.0303654
1231196 421560 m2 0.0231 -0.193823 0.383142 0.00226098 0
1231196 109632 m2 0.01635 0.136051 0.172107 0.0182063 0
1231196 525652 m2 0.0402 -0.026119 0.163954 0 -0.00694392
1231196 264528 m2 0.03625 -0.0645281 0.147572 -0.0567294 0
1231196 11751 m2 0.04635 -0.0380558 -0.13528 0 -0.0290686
1231196 73720 m2 0.0118 -0.00702734 0.163827 -0.0481722 0
1231196 602402 m2 0.0159 0.112453 0.188012 -0.0354678 0
1231196 320311 m2 0.07085 0.224291 0.188407 0.0917122 0
1231196 662896 m2 0.03015 -0.0964015 0.190226 0 0.0596159
1231196 619626 m2 0.0102 -0.155451 0.111471 0 0.0270444
1231196 464860 m2 0.0234 -0.0879767 0.136445 -0.0505871 0
1231196 670659 m2 0.01295 0.19436 0.431461 -0.0321814 0
1231196 682112 m2 0.0146 0.265274 0.268784 0.0292205 0
1231196 451086 m2 0.01585 0.197881 0.134396 0.0738115 0
1231196 454990 m2 0.13415 0.063362 0.657214 0 -0.0157668
1231196 338458 m2 0.0436 0.0300842 0.165684 -0.0244137 0
1231196 174709 m2 0.0191 0.12705 0.162958 -0.0603794 0
1231196 680989 m2 0.02235 0.241646 0.440184 0 0.0364353
1231196 518628 m2 0.03355 0.157088 0.172178 0 0.0046127
1231196 33721 m2 0.0229 -0.050773 -0.308859 -0.0501013 0
1231196 125856 m2 0.1159 -9.81558e-18 0.273148 0 0.022644
1231196 516944 m2 0.0731 -0.145535 0.0179127 0.00868888 0
1231196 459532 m2 0.0119 -0.210415 0.301432 -0.00795324 0
1231196 401388 m2 0.0244 -0.118227 0.120255 -0.0667706 0
1231196 631514 m2 0.0165 -0.154212 0.100393 -0.0996767 0
1231196 583067 m2 0.01575 0.213369 0.108578 0 0.0149275
1231196 78179 m2 0.12145 0.0789073 -0.0181185 0.0259075 0
1231196 282074 m2 0.06055 0.112032 0.22081 0.0140171 0
1231196 651601 m2 0.01495 0.183227 0.155299 0 -0.0217435
1231196 137723 m2 0.2076 0.400374 0.422592 0.052522 0
1231196 667594 m2 0.04005 0.24438 0.45393 0 0.0170937
1231196 92052 m2 0.03415 0.189221 -0.131573 0.0073227 0
1231196 636203 m2 0.0378 -0.0222963 0.161761 -0.0388013 0
1231196 282347 m2 0.0656 0.0880426 0.225789 0.0366305 0
1231196 601525 m2 0.04775 0.0651019 0.203113 0 0.0128887
1231196 552951 m2 0.01915 -0.134976 0.115317 0 -0.0409503
1231196 350976 m2 0.044 0.187252 0.159586 0.0740739 0
1231196 559522 m2 0.01255 0.150464 0.119155 0 0.000406404
1231196 660331 m2 0.0162 -0.0317354 0.129765 -0.0653447 0
1231196 671195 m2 0.0262 -0.135206 0.126044 0 0.0078063
1231196 244369 m2 0.0597 0.0535521 0.17532 0.00457344 0
1231196 98194 m2 0.01865 0.169994 0.293215 -0.000917722 0
1231196 676351 m2 0.02085 -0.0579406 0.0111011 -0.0211657 0
1231196 591255 m2 0.0116 0.170765 0.147172 0 0.0344547
1231196 269150 m2 0.0233 -0.0938464 0.132567 0 0.0309557
1231196 380382 m2 0.01065 -0.155646 0.0825477 0 0.0669781
1231196 433488 m2 0.0119 -0.194932 0.0868111 -0.0267687 0
1231196 793615 m2 0.0102 -0.221561 0.304733 0 0.0199301
1231196 744601 m2 0.0148 0.290756 0.357859 0 0.0198173
1231196 323658 m2 0.06305 0.297511 0.545115 0 0.000787647
1231196 575632 m2 0.02545 -0.109274 0.126523 0 -0.013759
1231196 472928 m2 0.0141 -0.0530558 -0.00139877 0 -0.0341213
1231196 146328 m2 0.04425 0.113111 0.186686 0.037807 0
1231196 119717 m2 0.0197 -0.0979114 0.0204204 -0.0344633 0
1231196 402441 m2 0.02795 -0.177572 0.018988 -0.00600075 0
1231196 277928 m2 0.10495 0.152649 0.32422 0.0486903 0
1231196 502589 m2 0.0212 -0.0825474 0.12745 -0.0136462 0
1231196 9783 m2 0.01535 -0.193744 -0.0699471 0 0.00460537
1231196 514156 m2 0.08275 0.409002 0.421708 0.0407959 0
1231196 219826 m2 0.0589 -0.159093 0.187374 0 0.0562995
1231196 349891 m2 0.0362 -0.143621 0.0293086 0 0.0208724
1231196 23267 m2 0.033 -0.188506 -0.38713 -0.0773865 0
1231196 298824 m2 0.0365 -0.0867299 0.13502 -0.179153 0
1231196 500888 m2 0.01535 -0.153584 0.114038 0 0.0142756
1231196 233912 m2 0.10235 0.0777567 -0.27046 0 0.00977484
1231196 309804 m2 0.01925 -0.141825 0.109006 0 0.00824248
1231196 318161 m2 0.06565 0.0067967 0.0377672 0 0.0138732
1231196 313521 m2 0.06175 0.0302275 0.0163209 0 0.0164532
1231196 583660 m2 0.0145 0.06233 0.150025 -0.00715369 0
1231196 355871 m2 0.04145 -0.0338236 0.165481 0.000318104 0
1231196 414093 m2 0.0985 0.0152533 0.299688 -0.025595 0
1231196 217002 m2 0.0402 0.0299147 0.0450978 0 0.0239481
1231196 498138 m2 0.01885 0.154418 0.16043 0.0217372 0
1231196 622861 m2 0.04585 -0.118401 0.0373157 0 0.0265808
1231196 62999 m2 0.07025 -0.0872047 0.120687 -0.0293988 0
1231196 197741 m2 0.04005 0.199176 0.0531784 0.0208746 0
1231196 350429 m2 0.09005 0.102094 0.394877 0 0.061047
1231196 7834 m2 0.0939 0.267731 -0.633744 0.0200999 0
1231196 196336 m2 0.05355 0.120813 0.0399991 0 0.0179731
1231196 504487 m2 0.0532 -0.0860179 0.0375735 -0.0626234 0
1231196 587969 m2 0.01005 -0.0778826 0.118213 0.0342037 0
1231196 522404 m2 0.03225 -0.10974 0.135112 0.00297737 0
1231196 587968 m2 0.02825 -0.125352 0.13008 0 -0.0214872
1231196 662861 m2 0.02355 -0.190539 0.00460267 0.0701765 0
1231196 318449 m2 0.0216 0.00989112 0.153818 -0.0541937 0
1231196 430617 m2 0.02345 0.203015 0.0238423 0 0.0245225
1231196 177404 m2 0.03775 -0.00616375 0.136555 0.000108568 0
1231196 584204 m2 0.0376 0.249672 0.0374067 0 -0.022162
1231196 635334 m2 0.01185 -0.124071 0.00718923 0 0.00449095
1231196 215675 m2 0.0376 0.212956 -0.0245469 0.055103 0
1231196 462621 m2 0.05275 -0.0877258 0.0239953 0 -0.0423606
1231196 115603 m2 0.04105 0.110262 0.0386521 0 0.00870539
1231196 90113 m2 0.03465 -0.093008 -0.104833 -0.0675688 0
1231196 522976 m2 0.0367 0.078504 0.179209 -0.0067695 0
1231196 133776 m2 0.04985 0.149938 0.0273727 0.0613591 0
1231196 122263 m2 0.0654 -0.0263946 0.0250153 0 -0.0130437
1231196 773018 m2 0.01455 -0.0577761 0.140812 0 0.0543018
1231196 311228 m2 0.04765 0.163462 0.0452784 0.0177052 0
1231196 579725 m2 0.0206 -0.070034 0.0288935 0 0.00343606
1231196 117537 m2 0.05265 -0.0697005 0.0164647 -0.0469251 0
1231196 477602 m2 0.02935 0.00600435 0.154623 0 0.0536034
1231196 53739 m2 0.12595 -0.133254 0.0315402 0 0.0177075
1231196 247331 m2 0.0345 -0.200967 0.0217255 -0.086749 0
1231196 586606 m2 0.0224 0.175694 0.033691 0.00682375 0
1231196 428425 m2 0.0443 0.0316535 0.170828 0 0.0558137
1231196 669236 m2 0.0398 0.206511 0.161092 0 0.0222848
1231196 52610 m2 0.0577 -0.0967377 0.0222505 0 -0.0311752
1231196 670056 m2 0.01735 0.195748 0.132579 0 0.0168765
1231196 432071 m2 0.0118 0.00441286 0.254068 0 -0.000847853
1231196 86257 m2 0.0296 0.0456701 0.0379096 0 0.00797792
1231196 43032 m2 0.0573 0.240664 0.0502617 0.0663425 0
1231196 564693 m2 0.03885 0.116576 0.185634 0.0434258 0
1231196 156783 m2 0.06785 0.0737532 0.0372594 0 0.0115546
1231196 538863 m2 0.02155 -0.180084 -0.00204981 -0.0355141 0
1231196 345469 m2 0.0642 -0.161742 0.0626182 0 -0.0277549
1231196 301496 m2 0.0551 0.214171 -0.135312 0.0563855 0
1231196 198524 m2 0.04775 0.221368 0.023212 0.0175002 0
1231196 38928 m2 0.0423 0.157236 -0.174255 0.0224019 0
1231196 338163 m2 0.05415 0.0749535 0.0294227 -0.0408916 0
1231196 458341 m2 0.03035 0.168851 0.0527537 0.0661161 0
1231196 62463 m2 0.03375 -0.244279 -0.0438116 -0.056071 0
1231196 682080 m2 0.0277 -0.118634 0.125766 0.0759992 0
1231196 389942 m2 0.021 -0.171144 0.142662 -0.086131 0
1231196 298803 m2 0.02425 -0.0596571 -0.0495425 -0.00517452 0
1231196 476193 m2 0.05025 -0.0742122 0.0146312 -0.0198652 0
1231196 662587 m2 0.0337 0.231363 0.0114851 0 -0.0144659
1231196 9999 m2 0.0643 0.23825 -0.607925 0 0.000529739
1231196 364509 m2 0.0696 0.351048 0.0407708 0.0496016 0
1231196 118913 m2 0.0147 0.193813 0.033022 -0.0159525 0
1231196 346558 m2 0.07445 0.259404 0.0222851 0.0525592 0
1231196 517404 m2 0.0303 -0.143803 0.0361509 0.0251612 0
1231196 771953 m2 0.01545 0.280666 0.0267469 0.033718 0
1231196 39735 m2 0.01375 -0.200052 -0.203927 -0.134029 0
1231196 178746 m2 0.0125 -0.172249 0.0352336 -0.0121241 0
1231196 279211 m2 0.0453 0.226285 0.0263827 0.0609882 0
1231196 778410 m2 0.0174 0.263394 0.0379307 0.0495946 0
1231196 242690 m2 0.0275 0.180313 0.0331868 0 0.0154478
1231196 323875 m2 0.01955 0.305594 0.0115425 0.0283635 0
1231196 684781 m2 0.01865 0.0954207 0.0327848 0.0620568 0
1231196 351993 m2 0.0145 -0.167329 0.0462912 0 0.0672183
1231196 355580 m2 0.0193 -0.26324 0.0434942 -0.0396005 0
1231196 330436 m2 0.0384 0.0677572 0.0134509 0.0161883 0
1231196 375941 m2 0.03315 -0.0864301 -0.106384 -0.0963762 0
1231196 402953 m2 0.0209 -0.217234 0.0227228 -0.108305 0
1231196 318430 m2 0.01725 -0.201127 -0.00274524 0 -0.00884857
1231196 636171 m2 0.0149 -0.0373515 0.021013 0 -0.0103332
1231196 334242 m2 0.0631 -0.0685108 0.0237133 -0.0208831 0
1231196 378981 m2 0.01155 -0.200792 0.0281831 0 0.0120796
1231196 439157 m2 0.01095 -0.139127 0.0394995 0.0391083 0
1231196 458633 m2 0.055 -0.120992 0.41494 0 0.0256895
1231196 490466 m2 0.02915 0.0313893 0.0276996 0.0589314 0
1231196 386621 m2 0.02755 -0.07528 0.0384323 0 0.0706105
1231196 284074 m2 0.0463 0.279452 0.0287374 0.0557626 0
1231196 435897 m2 0.07625 -0.0653785 0.020505 -0.0950644 0
1231196 551553 m2 0.02745 0.292999 0.0191277 0.0634948 0
1231196 419865 m2 0.10575 -0.301398 0.248766 -0.0789937 0
1231196 174107 m2 0.0955 0.0954088 0.0389411 0 0.0114142
1231196 278124 m2 0.01575 -0.15792 -0.0837064 -0.0220174 0
1231196 142678 m2 0.16345 0.152651 -0.150267 0 0.0145973
1231196 673876 m2 0.01435 0.270142 0.0217514 -0.0114458 0
1231196 285770 m2 0.0501 -0.00346131 0.505847 0 0.0179904
1231196 767561 m2 0.0125 -0.207265 0.00340371 0 -0.0320023
1231196 688083 m2 0.01475 0.319454 0.0253216 0 0.0296118
1231196 528995 m2 0.02345 0.037939 0.181684 0.0324321 0
1231196 729579 m2 0.0227 0.35406 -0.0139915 0 0.0176229
1231196 464809 m2 0.01225 0.0328668 0.0388388 -0.0296225 0
1231196 284639 m2 0.0487 0.219293 0.0341137 0.0439051 0
1231196 677661 m2 0.017 0.162162 0.0409441 0 0.0699683
1231196 488203 m2 0.02245 -0.1438 -0.0815104 -0.0417224 0
1231196 406822 m2 0.011 -0.213974 0.00606945 -0.0404164 0
1231196 183589 m2 0.05765 0.0538264 0.0213872 0 -0.0179057
1231196 400515 m2 0.0707 0.0208808 0.0912179 0 0.00162389
1231196 597717 m2 0.0245 -0.173762 0.0459727 -0.0273245 0
1231196 375926 m2 0.02425 -0.0611578 -0.10329 0 -0.0131274
1231196 68706 m2 0.0671 -0.207894 -0.610069 0 -0.00412461
1231196 665357 m2 0.03245 0.32242 0.00594436 0.0238091 0
1231196 227872 m2 0.0447 -0.104692 0.0358413 0 0.0301743
1231196 443325 m2 0.0424 -0.155688 0.00760747 0 -0.0184723
1231196 35864 m2 0.0844 -0.0543362 -0.605105 -0.0120713 0
1231196 17366 m2 0.0833 0.0554823 -0.690267 0.0145154 0
1231196 242406 m2 0.0715 0.10722 -0.134699 0.00398813 0
1231196 62940 m2 0.0443 -0.0211684 -0.596492 0 -0.00979614
1231196 647537 m2 0.0498 -0.0474211 0.0214842 0 -0.0170302
1231196 424840 m2 0.06495 -0.0567254 0.0179695 -0.0831516 0
1231196 698483 m2 0.0103 0.137179 -0.00369819 -0.0508886 0
1231196 551276 m2 0.01555 -0.217975 0.00535226 -0.0152551 0
1231196 710023 m2 0.01895 -0.0874077 0.130426 -0.0105607 0
1231196 625399 m2 0.01455 0.285093 0.00651746 0 0.0214665
1231196 602355 m2 0.0399 0.245869 0.0275142 0.04489 0
1231196 736684 m2 0.0281 0.260774 0.0217265 0 -0.0314492
1231196 588748 m2 0.03185 -0.171925 0.0305476 0 -0.0471733
1231196 124931 m2 0.12425 0.00102492 -0.0437602 0 0.0241186
1231196 547358 m2 0.01525 -0.134856 -0.0103444 0 -0.0583142
1231196 506380 m2 0.0116 -0.158176 0.0328526 0 0.100189
1231196 299830 m2 0.01245 -0.0304005 -0.113466 -0.00854413 0
1231196 143733 m2 0.11545 0.216491 -0.559521 0.0270595 0
1231196 415169 m2 0.05485 -0.225522 0.0395274 -0.0227465 0
1231196 422058 m2 0.0247 -0.219517 0.00911991 -0.093946 0
1231196 338662 m2 0.03665 -0.051005 0.0388714 0 -0.00737311
1231196 459184 m2 0.06955 0.11089 0.0273027 0 -0.00473731
1231196 653419 m2 0.01945 0.110293 0.0208874 0 -0.0623926
1231196 462299 m2 0.01415 -0.0643965 0.0301148 0 -0.0111522
1231196 592535 m2 0.01695 -0.0887236 0.0369837 0 0.00851205
1231196 280025 m2 0.0214 -0.0594646 0.133984 0 0.0451242
1231196 645040 m2 0.02605 0.296402 0.0137435 0 0.0625889
1231196 130091 m2 0.0155 0.0299617 -0.135946 0.0621492 0
1231196 203396 m2 0.0121 0.0623435 0.138994 -0.0171911 0
1231196 18243 m2 0.0157 -0.0883523 -0.471865 -0.0449268 0
1231196 635887 m2 0.0616 0.0660981 0.044494 0 0.0380891
1231196 171879 m2 0.0145 0.0421249 -0.12473 -0.0201625 0
1231196 664463 m2 0.02425 0.145734 -0.113584 0 -0.0111093
1231196 123592 m2 0.01535 -0.0603686 -0.123688 0.00956756 0
1231196 727368 m2 0.01195 -0.113423 0.00948466 -0.0742473 0
1231196 29613 m2 0.04975 -0.201054 -0.454175 -0.0445339 0
1231196 399719 m2 0.04035 0.189296 -0.144023 0.061729 0
1231196 507130 m2 0.02535 0.130099 -0.142507 0 0.0447103
1231196 333665 m2 0.04925 -0.18021 0.0258142 -0.0637275 0
1231196 139018 m2 0.01085 -0.0718415 0.0359643 -0.0382315 0
1231196 684759 m2 0.01065 -0.164592 0.0356379 0 -0.0151555
1231196 708277 m2 0.03145 0.236668 0.0438297 0 0.0566051
1231196 425089 m2 0.131 0.0306217 0.0327211 0 0.0284067
1231196 299268 m2 0.05035 -0.211758 -0.393485 -0.0244969 0
1231196 282277 m2 0.0358 -0.0360708 0.0305232 0.00355764 0
1231196 789372 m2 0.01275 0.00996319 -0.0116423 -0.0236763 0
1231196 345688 m2 0.0648 -0.114892 -0.318317 0 -0.0689623
1231196 246760 m2 0.0139 0.0209947 -0.120937 0 0.0394975
1231196 751475 m2 0.01025 -0.0554594 0.0471991 0.0128506 0
1231196 400765 m2 0.0325 -0.062427 -0.475801 0 -0.00720748
1231196 64053 m2 0.05745 -0.179447 -0.0727072 0 0.0127233
1231196 462292 m2 0.03305 -0.0772993 -0.111534 -0.0404754 0
1231196 647223 m2 0.02275 -0.177619 0.0273046 -0.0139516 0
1231196 324105 m2 0.04085 0.165647 -0.133135 -0.00628477 0
1231196 225064 m2 0.06375 -0.223653 -0.426246 -0.0885445 0
1231196 320233 m2 0.0356 -0.167589 -0.255881 -0.0544576 0
1231196 217541 m2 0.06335 -0.0692911 0.0235473 -0.0388562 0
1231196 318935 m2 0.01245 0.25771 0.0266896 0.0649593 0
1231196 682864 m2 0.0185 -0.181049 -0.0764753 -0.0268276 0
1231196 695724 m2 0.01635 -0.183366 0.028192 -0.053741 0
1231196 358891 m2 0.03375 -0.0739642 -0.114569 -0.0338428 0
1231196 647219 m2 0.02385 0.210801 0.0270438 0.0286364 0
1231196 116684 m2 0.02775 -0.0688239 0.0207579 0 0.0333818
1231196 659218 m2 0.01005 -0.0144776 0.0234067 -0.0461694 0
1231196 454645 m2 0.0836 -0.00219365 0.0239147 0.0198429 0
1231196 255412 m2 0.0183 -0.153226 0.0055533 -0.0359116 0
1231196 757231 m2 0.0103 -0.194907 0.0355096 0 0.00644834
1231196 544797 m2 0.0152 0.0309299 0.000701656 0 -0.0300047
1231196 556126 m2 0.03305 0.187333 0.0436444 0.0336364 0
1231196 228433 m2 0.0246 -0.0634087 -0.120158 0 -0.0379257
1231196 200078 m2 0.0243 -0.125383 -0.119296 -0.00865173 0
1231196 679265 m2 0.0341 0.153016 0.0166251 0.0627696 0
1231196 441324 m2 0.0524 0.149533 0.0411331 -0.0169682 0
1231196 418207 m2 0.06835 0.0338806 0.0172616 0 -0.00668266
1231196 276782 m2 0.0207 -0.0794502 0.0200038 -0.035593 0
1231196 190179 m2 0.02395 -0.0741957 -0.289763 -0.0117998 0
1231196 709420 m2 0.02545 0.196713 0.188435 0.00663244 0
1231196 640012 m2 0.0262 -0.159646 0.0298413 -0.0608087 0
1231196 715756 m2 0.014 0.11827 0.0347497 0.0170548 0
1231196 596055 m2 0.02355 -0.126414 -0.0986902 -0.0271396 0
1231196 454339 m2 0.0148 -0.0548386 -0.098249 0 -0.00389267
1231196 185195 m2 0.0406 -0.0280225 -0.128975 0.000930812 0
1231196 742535 m2 0.02735 0.215592 0.0425031 -0.0237355 0
1231196 678436 m2 0.0185 0.0540553 0.0311023 0.00930371 0
1231196 85914 m2 0.0183 0.255518 -0.509127 0.0175278 0
1231196 61057 m2 0.1523 -0.000531038 -0.711964 0 -0.0559794
1231196 372365 m2 0.0282 0.122288 -0.143499 0.0281208 0
1231196 481342 m2 0.05035 -0.131237 0.0117218 -0.0219601 0
1231196 338637 m2 0.01595 -0.179215 -0.125058 -0.0785996 0
1231196 330933 m2 0.05465 0.144643 -0.251299 0 -0.00837267
1231196 252610 m2 0.12845 -0.0212312 -0.210589 0 -0.0192553
1231196 70838 m2 0.0864 0.297795 -0.647265 0.0632054 0
1231196 698206 m2 0.012 -0.209186 0.0178569 -0.122061 0
1231196 141534 m2 0.0679 -0.0761627 0.0446854 0 0.019154
1231196 682290 m2 0.01175 -0.202222 0.00111501 -0.0314782 0
1231196 757844 m2 0.0128 0.258933 0.0464461 0 -0.0193758
1231196 652924 m2 0.02055 -0.148143 0.010726 0 0.0184075
1231196 567611 m2 0.03275 -0.127385 0.0829016 -0.0187551 0
1231196 685571 m2 0.02605 0.0511463 0.021724 0 -0.0645376
1231196 567331 m2 0.0139 -0.182945 0.0269345 -0.0505031 0
1231196 284610 m2 0.015 0.139794 -0.1097 0 0.0400484
1231196 315872 m2 0.0738 -0.0326697 -0.410196 -0.0184412 0
1231196 314287 m2 0.0879 -0.00927594 -0.140948 -0.0152597 0
1231196 477270 m2 0.02045 0.307097 0.0315554 0 0.00463336
1231196 645565 m2 0.016 -0.0805342 0.0362081 -0.0467246 0
1231196 207394 m2 0.02455 0.0506473 -0.129774 0 0.0386477
1231196 570691 m2 0.03585 -0.132498 0.0281285 0 0.0309177
1231196 727872 m2 0.02455 0.212706 -0.110477 0.0490846 0
1231196 383593 m2 0.086 -0.0414439 -0.175506 0 -0.0373075
1231196 209800 m2 0.06905 0.0806797 -0.13714 0.0287911 0
1231196 759130 m2 0.0147 -0.152676 -0.0769416 -0.0321244 0
1231196 582997 m2 0.02075 0.212445 -0.10002 0.00504142 0
1231196 603702 m2 0.03425 -0.0466027 0.161286 0 0.0616328
1231196 427016 m2 0.01605 -0.143597 0.0240962 -0.0271254 0
1231196 599829 m2 0.01685 -0.215149 0.0277128 0 0.0114056
1231196 270403 m2 0.0324 0.199985 -0.349548 0.00666899 0
1231196 337253 m2 0.0182 -0.201776 -0.339775 -0.0188056 0
1231196 549556 m2 0.011 0.136391 -0.118097 -0.0305982 0
1231196 159696 m2 0.01885 0.312133 -0.337412 0.032548 0
1231196 540803 m2 0.02415 0.0778129 0.0358 -0.0288977 0
1231196 65632 m2 0.0114 -0.232861 -0.279909 0 0.0205937
1231196 208942 m2 0.07585 -0.241833 -0.472162 -0.0758027 0
1231196 625940 m2 0.01285 -0.221909 0.0204588 -0.0195333 0
1231196 320769 m2 0.03125 0.101955 -0.426633 0.0194204 0
1231196 724643 m2 0.01855 0.21177 -0.10928 -0.052553 0
1231196 668573 m2 0.0187 -0.0837249 -0.387272 0 -0.0217064
1231196 432847 m2 0.02585 0.239042 -0.504313 0.0134258 0
1231196 393895 m2 0.06445 -0.156502 -0.262133 0 -0.0193196
1231196 647794 m2 0.02285 0.283647 0.00834767 0 -0.00543147
1231196 689058 m2 0.01255 -0.15483 -0.0654993 -0.0324702 0
1231196 317503 m2 0.11695 0.120868 -0.257537 0.054581 0
1231196 181833 m2 0.01885 0.114071 -0.521077 0.0416271 0
1231196 270098 m2 0.0309 0.263037 -0.46493 0 -0.0698634
1231196 631147 m2 0.02095 -0.0893624 0.00736834 0.0334718 0
1231196 615996 m2 0.04575 0.0642565 0.0304886 -0.0123473 0
1231196 776144 m2 0.012 -0.00655487 0.00394696 0.0409375 0
1231196 484310 m2 0.01665 -0.0704912 -0.10641 -0.00352474 0
1231196 613523 m2 0.0546 0.319073 0.0321432 0.103634 0
1231196 640612 m2 0.01955 -0.156001 0.0274623 0 -0.0355455
1231196 683951 m2 0.01395 -0.234212 -0.310693 0 0.00678508
1231196 195963 m2 0.0202 -0.229915 -0.484579 -0.0325287 0
1231196 437716 m2 0.03335 0.249462 -0.469916 -0.0222599 0
1231196 386040 m2 0.05095 0.0631373 -0.141202 0.0177182 0
1231196 331154 m2 0.0778 -0.0875891 -0.636197 0 -0.0793152
1231196 444888 m2 0.0394 -0.215284 -0.429093 0 0.028573
1231196 275867 m2 0.0132 -0.0937747 -0.0996636 0.0152382 0
1231196 158350 m2 0.0463 -0.164715 -0.159755 -0.040419 0
1231196 382772 m2 0.04775 0.198208 -0.149892 0.101426 0
1231196 396173 m2 0.03485 -0.0895862 -0.10617 0 0.0137863
1231196 462259 m2 0.01845 -0.142687 -0.392245 0 0.015222
1231196 320203 m2 0.0368 0.336748 -0.485527 0.105929 0
1231196 471170 m2 0.0643 -0.223332 -0.437969 -0.070776 0
1231196 542076 m2 0.06435 0.142338 -0.149105 0.0684469 0
1231196 308859 m2 0.024 0.0243579 -0.126533 0 -0.0407552
1231196 685548 m2 0.0126 0.195531 -0.0966955 0 -0.0188752
1231196 264940 m2 0.17805 0.0759242 -0.8081 0 -0.0108949
1231196 528324 m2 0.03415 -0.0943227 -0.105549 -0.109711 0
1231196 425594 m2 0.0712 0.108167 -0.199972 0 -0.0548773
1231196 202541 m2 0.01435 -0.128348 -0.427439 -0.0153673 0
1231196 266020 m2 0.01615 0.00308649 -0.460356 0.0068316 0
1231196 115504 m2 0.01625 -0.132189 -0.313725 -0.0285862 0
1231196 314572 m2 0.13695 -0.0244236 0.0374533 -0.0262339 0
1231196 390947 m2 0.02345 -0.0860695 -0.29004 0 0.0121264
1231196 634766 m2 0.0124 -0.0592141 0.00751192 0 0.0287612
1231196 732473 m2 0.01295 0.0821796 -0.272805 -0.00494202 0
1231196 69184 m2 0.05915 -0.00394605 -0.525338 0 0.00904031
1231196 145646 m2 0.05295 -0.00689179 -0.609261 0 0.00500584
1231196 677616 m2 0.0202 -0.191254 0.0457199 0 0.0683366
1231196 361378 m2 0.08675 -0.176112 -0.472208 -0.10803 0
1231196 178659 m2 0.0147 -0.00305288 -0.352478 0 -0.0100701
1231196 375873 m2 0.01295 0.245478 -0.391086 0.0116927 0
1231196 74127 m2 0.023 -0.0439887 -0.46763 0.0689218 0
1231196 242902 m2 0.06285 -0.207211 -0.443782 -0.0257863 0
1231196 526145 m2 0.01165 -0.128969 -0.0792891 -0.0257073 0
1231196 692652 m2 0.0238 0.197897 -0.121323 0 0.0408846
1231196 768638 m2 0.01305 -0.151121 -0.0761305 0 0.00163327
1231196 233799 m2 0.0506 0.191491 -0.536009 0.0462557 0
1231196 301412 m2 0.03975 0.362939 -0.483583 0.024438 0
1231196 584120 m2 0.03685 -0.176224 -0.267046 0.01898 0
1231196 347318 m2 0.02845 -0.19847 -0.402067 0.0124391 0
1231196 602860 m2 0.01635 0.105357 -0.109331 0.0205098 0
1231196 537442 m2 0.0139 -0.0986433 -0.10222 0 0.0577895
1231196 199799 m2 0.1019 -0.276943 -0.56517 -0.00831256 0
1231196 134483 m2 0.03905 -0.129151 -0.373062 -0.0357298 0
1231196 496086 m2 0.0399 -0.122317 -0.386472 0.0262174 0
1231196 320745 m2 0.0469 0.133571 -0.488532 0 0.00110353
1231196 379467 m2 0.0593 -0.142538 0.0131689 0 0.0165268
1231196 528315 m2 0.0137 -0.176385 -0.373485 0.0282484 0
1231196 781404 m2 0.0104 -0.182758 -0.267638 0 -0.0420667
1231196 726798 m2 0.01165 -0.0189191 -0.0887307 0 -0.0287503
1231196 418413 m2 0.0246 0.341627 -0.519083 0.0047921 0
1231196 679514 m2 0.02675 -0.00973086 -0.121034 -0.0534389 0
1231196 96932 m2 0.13805 0.0895245 -0.706844 0 -0.0162156
1231196 292562 m2 0.0108 -0.122777 -0.320986 0.00297052 0
1231196 422553 m2 0.0521 -0.269759 -0.332121 0 -0.0425671
1231196 785559 m2 0.0161 -0.256556 -0.289314 -0.0468125 0
1231196 311713 m2 0.05685 -0.233332 -0.386334 -0.0569334 0
1231196 486801 m2 0.02675 -0.188528 -0.408323 0.00110186 0
1231196 204897 m2 0.0233 -0.09645 -0.470361 -0.0147421 0
1231196 212567 m2 0.05425 -0.178671 -0.430988 0 -0.0352259
1231196 684189 m2 0.01625 0.309249 -0.321458 0 0.0560507
1231196 674889 m2 0.0137 0.119163 -0.123008 0 0.0648075
1231196 248636 m2 0.03865 -0.225545 -0.275721 -0.0390132 0
1231196 398046 m2 0.0632 0.0897844 -0.616625 0 -0.00389447
1231196 579640 m2 0.0371 -0.239127 -0.372376 0 -0.0107846
1231196 654492 m2 0.01895 -0.12967 -0.260916 0 0.00959467
1231196 141740 m2 0.0876 0.0418563 -0.668006 0 -0.0151478
1231196 524217 m2 0.0123 -0.132084 -0.305468 0 0.000372223
1231196 175338 m2 0.05835 -0.190904 -0.453302 -0.0552048 0
1231196 707105 m2 0.0126 -0.154758 -0.0657296 -0.061932 0
1231196 294490 m2 0.0733 -0.0834954 -0.582989 0 -0.0241743
1231196 756912 m2 0.0109 0.200959 -0.106795 0 0.0175213
1231196 624748 m2 0.0161 0.022026 0.0246473 0 -0.0167886
1231196 698164 m2 0.05435 0.311033 -0.603599 0 -0.0538107
1231196 379170 m2 0.01105 -0.164504 -0.332447 0 -0.0642842
1231196 546463 m2 0.0142 -0.154488 -0.231308 0 0.0308286
1231196 744162 m2 0.01055 -0.158349 -0.0655673 -0.0311202 0
1231196 638313 m2 0.01225 0.200053 -0.315449 0.0443768 0
1231196 614570 m2 0.08045 0.0718418 -0.192379 -0.0136092 0
1231196 317187 m2 0.02725 0.290074 -0.45894 0.00721458 0
1231196 315020 m2 0.10455 -0.0597357 -0.629254 0 -0.0310287
1231196 298074 m2 0.0714 0.245878 -0.615167 0.0349652 0
1231196 663846 m2 0.01085 0.171479 -0.340458 0 -0.00401788
1231196 741420 m2 0.0162 0.19287 -0.131146 0 -0.00255025
1231196 552840 m2 0.01955 0.18725 -0.12805 0.0271728 0
1231196 373764 m2 0.0339 0.0436642 -0.666274 0 0.0244462
1231196 705478 m2 0.01515 0.170572 -0.0912563 0.0482113 0
1231196 167081 m2 0.01825 -0.283029 -0.299844 0.00725103 0
1231196 701164 m2 0.01335 0.183836 -0.0862349 0 -0.0363293
1231196 698418 m2 0.022 -0.202397 -0.315558 0 0.0211871
1231196 442400 m2 0.02755 0.377618 -0.389276 0.0386016 0
1231196 457202 m2 0.0433 -0.0384837 -0.114095 0 0.0240531
1231196 468402 m2 0.02525 -0.165114 -0.374265 0 0.00735746
1231196 371533 m2 0.06145 -0.0387878 -0.497116 -0.022503 0
1231196 673786 m2 0.016 0.147789 -0.349297 0 0.0237753
1231196 607720 m2 0.0136 0.289385 -0.279896 0.0691628 0
1231196 232193 m2 0.0371 -0.0284859 -0.498139 -0.030789 0
1231196 181776 m2 0.13515 0.240351 -0.686698 0.0692282 0
1231196 699793 m2 0.0191 0.209924 -0.110494 -0.0296362 0
1231196 719218 m2 0.01015 -0.0756815 -0.264968 0 0.0589754
1231196 268429 m2 0.1519 -0.0474325 -0.736711 0 -0.0375362
1231196 746674 m2 0.01875 -0.184914 -0.388205 -0.0086851 0
1231196 431365 m2 0.0733 0.204261 -0.660443 0 0.000862596
1231196 136713 m2 0.0535 -0.219445 -0.422179 -0.101571 0
1231196 261674 m2 0.13755 0.284288 -0.647263 0.0393468 0
1231196 651744 m2 0.0407 0.314725 -0.4931 0.0366251 0
1231196 627237 m2 0.0226 -0.108234 -0.411581 -0.0185664 0
1231196 693467 m2 0.01195 -0.146682 -0.0689887 -0.00652908 0
1231196 626973 m2 0.01785 0.3248 -0.416247 0 0.0530026
1231196 552764 m2 0.0168 -0.144328 -0.384186 0 -0.072785
1231196 304986 m2 0.0698 0.0677138 -0.667837 0.00344795 0
1231196 746178 m2 0.014 0.186426 -0.374852 0 0.0191079
1231196 512427 m2 0.02195 -0.132644 -0.389882 -0.0162882 0
1231196 296978 m2 0.09165 -0.0926064 -0.567987 -0.02295 0
1231196 294472 m2 0.0552 0.244335 -0.59101 0.00271448 0
1231196 763443 m2 0.01345 -0.148136 -0.0797546 0 0.0228225
1231196 223838 m2 0.05215 -0.121467 -0.448143 0.0332472 0
1231196 231942 m2 0.0801 -0.012751 -0.649738 0 -0.0542616
1231196 530552 m2 0.06615 0.298877 -0.559507 0.0200063 0
1231196 311386 m2 0.13005 -0.151118 -0.671805 0 -0.0157859
1231196 362458 m2 0.02585 0.297381 -0.474272 0.0532905 0
1231196 684900 m2 0.01635 -0.149073 -0.399801 0.0444501 0
1231196 591140 m2 0.0405 -0.0451793 -0.454021 -0.0165095 0
1231196 321244 m2 0.19615 -0.00746178 -0.799764 0 -0.0421812
1231196 171242 m2 0.0307 -0.244723 -0.366728 -0.0338857 0
1231196 563727 m2 0.09785 -0.131516 -0.651477 0 0.043854
1231196 574096 m2 0.0203 0.181685 -0.490346 0 0.0385328
1231196 352997 m2 0.1489 0.431889 -0.590558 0.0787989 0
1231196 668295 m2 0.0148 0.265844 -0.324712 0.0168185 0
1231196 624168 m2 0.0112 -0.16688 -0.0732794 -0.0440318 0
1231196 336389 m2 0.051 0.184774 -0.538038 0.0204143 0
1231196 463059 m2 0.06905 0.00806215 -0.533733 0 0.026746
1231196 773707 m2 0.0111 -0.0532931 -0.404661 0.0194692 0
1231196 711858 m2 0.021 -0.195432 -0.330176 -0.02772 0
1231196 612945 m2 0.01175 0.301213 -0.482082 0.04489 0
1231196 705459 m2 0.0284 0.157469 -0.507186 0 -0.0577206
1231196 705458 m2 0.01485 0.258357 -0.343009 0 0.019193
1231196 274129 m2 0.06255 0.299248 -0.551255 0.0318577 0
1231196 766405 m2 0.0185 0.251281 -0.414381 0 0.0118637
1231196 678860 m2 0.03465 -0.253087 -0.36404 0 -0.0208789
1231196 432527 m2 0.02845 0.101432 -0.497894 0.0539704 0
1231196 232988 m2 0.0181 -0.144394 -0.369639 -0.00361039 0
1231196 587852 m2 0.0133 0.0186763 -0.283321 0.00603868 0
1231196 289802 m2 0.0964 -0.224781 -0.642616 0 -0.0315128
1231196 574934 m2 0.0111 0.00235135 -0.373613 0 -0.000757544
1231196 433327 m2 0.03575 0.350805 -0.426963 0 0.042845
1231196 547808 m2 0.0401 -0.248295 -0.392307 -0.0337488 0
1231196 251978 m2 0.28615 0.0291649 -0.827998 0 -0.0549956
1231196 316608 m2 0.02065 0.131089 -0.44803 0 -0.0415903
1231196 486766 m2 0.0175 0.271 -0.395524 0.0262808 0
1231196 288653 m2 0.0498 0.225563 -0.577174 -0.00769056 0
1231196 406156 m2 0.04965 0.146054 -0.649197 0.038379 0
1231196 433640 m2 0.01315 0.200667 -0.378573 0.0261165 0
1231196 354646 m2 0.04115 -0.0135799 -0.576593 0 -0.030762
1231196 778308 m2 0.0111 -0.246646 -0.266506 -0.0104335 0
1231196 372852 m2 0.1307 0.290819 -0.672869 0.0255654 0
1231196 798498 m2 0.01215 0.286667 -0.257465 0.0614598 0
1231196 303231 m2 0.0311 -0.0642978 -0.441139 0 0.00194907
1231196 286416 m2 0.043 0.133909 -0.633503 0.0372269 0
1231196 279913 m2 0.05935 -0.111485 -0.573764 0 -0.0438706
1231196 590264 m2 0.04405 0.347379 -0.462598 0 0.0120687
1231196 279627 m2 0.1973 0.0399833 -0.781438 0 -0.0165324
1231196 321519 m2 0.04825 -0.0125907 -0.538612 0.01996 0
1231196 538738 m2 0.0132 0.253918 -0.490754 0.0300196 0
1231196 565085 m2 0.01355 -0.167907 -0.433692 -0.0344561 0
1231196 771075 m2 0.01145 0.000789259 -0.330073 0 -0.0304918
1231196 391962 m2 0.03515 -0.0552209 -0.449669 0 -0.00355193
1231196 357342 m2 0.0874 -0.288437 -0.382627 -0.0871038 0
1231196 555234 m2 0.06115 0.279532 -0.649119 0.0167361 0
1231196 559647 m2 0.0336 -0.2517 -0.228493 0 0.0224104
1231196 434969 m2 0.01575 -0.170545 -0.365922 0.0109511 0
1231196 751674 m2 0.0113 -0.246311 -0.276649 0 -0.0653001
1231196 459368 m2 0.0622 -0.0666828 -0.510799 0 -0.0135887
1231196 421110 m2 0.0116 0.0464652 -0.405831 0.0325496 0
1231196 392273 m2 0.0634 0.22276 -0.649382 0 -0.026106
1231196 551169 m2 0.0444 -0.117766 -0.498857 -0.0117083 0
1231196 476914 m2 0.02635 -0.171868 -0.335236 0 -0.0213323
1231196 666084 m2 0.0102 0.248628 -0.342591 0 0.0212774
1231196 708480 m2 0.0163 -0.116622 -0.267072 0 -0.0234884
1231196 554135 m2 0.028 -0.024032 -0.616117 0.0135521 0
1231196 664086 m2 0.0198 -0.236007 -0.372667 -0.0299161 0
1231196 408934 m2 0.0101 -0.153338 -0.0739717 -0.0373493 0
1231196 442347 m2 0.0942 0.00272607 -0.72744 0 -0.00935516
1231196 431039 m2 0.03095 0.0491902 -0.498752 0.0668576 0
1231196 492492 m2 0.0247 -0.25106 -0.343636 0 -0.037376
1231196 492776 m2 0.01115 0.00162396 -0.267496 0 -0.010098
1231196 514855 m2 0.01555 -0.0225959 -0.419425 0 -0.0329768
1231196 494180 m2 0.0422 -0.243285 -0.374281 -0.103714 0
1231196 466097 m2 0.0222 0.266914 -0.303246 0 0.000154536
1231196 451195 m2 0.0395 0.213096 -0.586235 0 -0.0776761
1231196 715129 m2 0.0176 -0.172641 -0.213343 0 0.0392822
1231196 619967 m2 0.0382 0.292983 -0.332044 0.0229965 0
1231196 404760 m2 0.02115 -0.192366 -0.295672 -0.0964206 0
1231196 435497 m2 0.04435 0.0514116 -0.555597 0 -0.017955
1231196 558762 m2 0.0335 -0.0305672 -0.513743 0 -0.0128393
1231196 612916 m2 0.02965 0.271373 -0.527387 0 0.0229965
1231196 765817 m2 0.01255 -0.0100823 -0.213188 0 0.0392485
1231196 484824 m2 0.0472 0.141572 -0.589628 0 -0.0445817
1231196 591107 m2 0.01805 0.203004 -0.441333 -0.050389 0
1231196 749435 m2 0.0159 -0.201431 -0.280652 0 0.0167629
1231196 762060 m2 0.0146 0.0426347 -0.328488 0 0.0356935
1231196 639374 m2 0.02155 -0.220574 -0.365937 0 -0.0107986
1231196 793738 m2 0.0101 -0.0551227 -0.347318 0 -0.0154757
1231196 620010 m2 0.0147 -0.258216 -0.298527 -0.0314178 0
1231196 603088 m2 0.049 0.0339999 -0.535781 0 0.00318971
1231196 527999 m2 0.0278 0.167391 -0.412621 0 0.0119705
1231196 518476 m2 0.0411 -0.0828837 -0.538368 0.0321217 0
1231196 411413 m2 0.09725 0.302925 -0.638186 0.0473496 0
1231196 411115 m2 0.0126 -0.244509 -0.304084 -0.0574972 0
1231196 411382 m2 0.07725 -0.11713 -0.525504 -0.0183164 0
1231196 545843 m2 0.01275 0.167015 -0.367979 0 -0.014373
1231196 655263 m2 0.0125 0.188347 -0.377959 0 -0.00181278
1231196 447624 m2 0.0698 -0.176618 -0.553985 0 0.0704304
1231196 608158 m2 0.02025 -0.0685172 -0.346707 0 -0.0586718
1231196 534924 m2 0.0424 -0.175555 -0.456056 0 -0.0422947
1231196 758511 m2 0.02655 -0.275168 -0.305761 -0.0422773 0
1231196 647131 m2 0.0204 0.0700819 -0.299478 -0.0134799 0
1231196 540680 m2 0.05095 -0.177128 -0.44466 0.0344996 0
1231196 499641 m2 0.05075 0.178676 -0.642695 -0.00969632 0
1231196 475267 m2 0.0458 0.340629 -0.513747 0.0111735 0
1231196 607952 m2 0.0212 0.306339 -0.450539 0 -0.0155344
1231196 557973 m2 0.0326 -0.257267 -0.36246 0.015436 0
1231196 724327 m2 0.02635 -0.263728 -0.292903 -0.0327487 0
1231196 701644 m2 0.02125 -0.155148 -0.422818 0 -0.0102983
1231196 603329 m2 0.0255 -0.132994 -0.366959 -0.0133031 0
1231196 770184 m2 0.0121 -0.17888 -0.327465 0 1.46958e-05
1231196 719962 m2 0.02985 0.331231 -0.536128 0 0.0194568
1231196 574892 m2 0.08395 0.0620764 -0.633137 0 0.00809447
1231196 604931 m2 0.0283 0.255885 -0.575499 0 -0.0203995
1231196 623540 m2 0.02205 -0.268651 -0.31515 0 0.0198397
1231196 741058 m2 0.0165 0.228527 -0.294644 0.0328735 0
1231196 629166 m2 0.0487 -0.211106 -0.428678 -0.0242558 0
1231196 768569 m2 0.01355 0.312736 -0.45664 -0.0408364 0
1231196 712095 m2 0.0238 -0.252388 -0.338997 -0.00742301 0
1231196 749131 m2 0.01165 -0.145797 -0.32498 -0.0018779 0
1231196 745229 m2 0.01295 -0.280714 -0.325865 0 0.029685
1231196 734026 m2 0.0181 -0.234406 -0.330433 0 0.0209395
1231196 762854 m2 0.0173 -0.140501 -0.32435 -0.0182857 0
1231196 780200 m2 0.01075 0.0919927 -0.432569 -0.031528 0
1231196 780218 m2 0.0146 -0.125755 -0.338075 0.0070703 0
