seed mutID muttype p cor_sal cor_temp mutSalEffect mutTempEffect
1231167 1699 m2 0.0146 -0.335872 0.210486 -0.684205 0.452587
1231167 1890 m2 0.1287 0.516649 0.15795 0.374447 0.174188
1231167 1624 m2 0.1054 0.488797 -0.436599 0.551079 -0.139782
1231167 1842 m2 0.1088 0.488097 0.462472 0.424053 0.543096
1231167 1884 m2 0.13825 -0.536368 -0.064494 -0.486781 -0.0937795
1231167 2158 m2 0.0439 -0.29892 -0.311823 -0.499672 -0.533674
1231167 2540 m2 0.07795 0.0810513 -0.660208 0.0228943 -0.521859
1231167 2289 m2 0.109 -0.439954 0.210933 -0.363362 0.141646
1231167 2277 m2 0.0903 -0.285938 0.412407 -0.145221 0.705538
