seed mutID muttype p cor_sal cor_temp mutSalEffect mutTempEffect
1231176 476214 m2 0.0335 0.185275 0.402316 0 -0.0354905
1231176 325948 m2 0.02725 -0.293558 0.469909 0 0.0238903
1231176 688418 m2 0.0217 0.34836 0.359957 0 0.0544031
1231176 532747 m2 0.0548 0.323035 0.4125 0 0.018365
1231176 802226 m2 0.01115 0.278245 0.23094 0 0.0100597
1231176 230597 m2 0.0394 0.34345 0.42701 0 0.00497548
1231176 263549 m2 0.01175 0.312017 0.398418 0 0.0374055
1231176 270952 m2 0.0233 -0.359669 0.387738 0 0.0374442
1231176 699135 m2 0.01065 0.102901 0.353956 0 -0.0723888
1231176 450573 m2 0.0276 0.0613903 0.534923 0 0.0382956
1231176 362439 m2 0.08245 -0.319827 0.547341 0 0.00368173
1231176 419813 m2 0.0843 0.316243 0.543965 0 0.0390891
1231176 709835 m2 0.0239 0.212888 0.399439 0 -0.013454
1231176 360462 m2 0.029 0.282292 0.418366 0 -0.0159949
1231176 157464 m2 0.03115 0.255927 0.420027 0 0.00410082
1231176 726423 m2 0.02005 -0.331293 0.437606 0 -0.00244007
1231176 250819 m2 0.01565 -0.0259628 0.453085 0 0.0153363
1231176 507235 m2 0.05655 0.243494 0.57775 0 0.0099349
1231176 391443 m2 0.13135 0.156062 0.679668 0 0.0238969
1231176 575686 m2 0.0166 -0.15427 0.373781 0 0.00896203
1231176 723975 m2 0.0236 0.289962 0.356353 0 0.0199163
1231176 466072 m2 0.0311 0.115532 0.490742 0 0.00252467
1231176 708758 m2 0.01415 -0.0953996 0.382701 0 -0.00347814
1231176 619028 m2 0.02945 0.282448 0.403849 0 0.0611995
1231176 533017 m2 0.0327 0.366016 0.33843 0 -0.00658631
1231176 412064 m2 0.0438 -0.023941 0.590689 0 0.0374335
1231176 694682 m2 0.0127 0.216174 0.360222 0 0.0482056
1231176 384917 m2 0.0114 0.185317 0.425752 0 0.0539253
1231176 145804 m2 0.02595 0.0061122 0.46563 0 0.00414783
1231176 53171 m2 0.0823 -0.0753224 0.67836 0 0.00282907
1231176 219639 m2 0.0647 0.0919242 0.549458 0 0.033898
1231176 543459 m2 0.0102 0.264277 0.234307 0 -0.0312216
1231176 740468 m2 0.0126 0.294843 0.338037 0 0.00200335
1231176 567987 m2 0.0274 -0.214541 0.496177 0 0.0152615
1231176 122761 m2 0.069 -0.282672 0.586199 0 0.00279091
1231176 773158 m2 0.01205 -0.175664 0.274448 0 0.0179959
1231176 693310 m2 0.01745 -0.227475 0.428416 0 0.0193834
1231176 671395 m2 0.0194 -0.0826102 0.397967 0 -2.03357e-05
1231176 233589 m2 0.01555 0.230503 0.342289 0 -0.00487967
1231176 370657 m2 0.045 -0.213333 0.480989 0 0.0154744
1231176 611266 m2 0.01135 -0.306269 0.368082 0 0.0283003
1231176 414250 m2 0.0256 -0.0925882 0.520226 0 0.0315156
1231176 791560 m2 0.01065 -0.27634 0.298305 0 0.0190187
1231176 555160 m2 0.0114 -0.232986 0.346293 0 0.0395165
1231176 412591 m2 0.02155 -0.337956 0.44009 0 0.0279598
1231176 610719 m2 0.0361 -0.353822 0.417619 0 0.0151288
1231176 578111 m2 0.0317 -0.116051 0.527798 0 0.0295674
1231176 700434 m2 0.01865 -0.295925 0.369252 0 -0.0219232
1231176 718708 m2 0.0104 -0.269697 0.343363 0 -0.0287236
1231176 769336 m2 0.01035 0.283437 0.345071 0 -0.00361723
1231176 7626 m2 0.0867 0.106018 0.676112 0 0.00629937
1231176 338167 m2 0.0519 -0.238617 0.501022 0 0.016831
1231176 120561 m2 0.0251 -0.148937 0.457897 0 -0.00839905
1231176 167774 m2 0.0263 -0.107611 0.523555 0 -0.0185071
1231176 736063 m2 0.02045 0.286354 0.381813 0 0.0294032
1231176 518767 m2 0.022 0.14491 0.500475 0 0.0127373
1231176 443953 m2 0.0213 -0.337163 0.398466 0 0.0504733
1231176 452440 m2 0.09585 -0.0436731 0.678488 0 -0.0223956
1231176 242214 m2 0.01175 0.294413 0.363449 0 0.0427738
1231176 149632 m2 0.01745 -0.226673 0.308911 0 -0.00527055
1231176 470697 m2 0.07035 0.235985 0.592182 0 0.0319433
1231176 204607 m2 0.01815 -0.0875182 0.506592 0 0.0267572
1231176 491037 m2 0.0212 -0.322097 0.394186 0 0.0478577
1231176 602013 m2 0.0111 0.231348 0.352823 0 -0.0535497
1231176 268198 m2 0.0943 -0.140346 0.650183 0 -0.0137194
1231176 244946 m2 0.01285 0.36286 0.387397 0 0.0139502
1231176 701766 m2 0.0125 0.128086 0.457295 0 0.0268957
1231176 758052 m2 0.01165 -0.325259 0.274574 0 0.0313198
1231176 399613 m2 0.0409 0.330755 0.488181 0 0.0151618
1231176 165331 m2 0.1234 -0.137951 0.682632 0 0.0213122
1231176 434675 m2 0.0303 0.0424054 0.597611 0 -0.0139933
1231176 286623 m2 0.013 0.0744475 0.34299 0 0.00178066
1231176 753901 m2 0.02275 0.0944346 0.386658 0 0.046605
1231176 422809 m2 0.01735 -0.0774676 0.418757 0 0.0198401
1231176 298140 m2 0.05675 0.232372 0.561104 0 0.0197908
1231176 339865 m2 0.09395 0.316339 0.503507 0 0.0302259
1231176 324270 m2 0.1426 0.013561 0.714731 0 0.0449072
1231176 475885 m2 0.0279 0.380462 0.369192 0 -0.0111754
1231176 214129 m2 0.0346 0.0689999 0.489731 0 0.00772747
1231176 96371 m2 0.06875 -0.161769 0.539466 0 0.0387248
1231176 783654 m2 0.02155 -0.360151 0.311312 0 -0.085643
1231176 758594 m2 0.02805 0.221155 0.351457 0 -0.00323264
1231176 94953 m2 0.1161 0.16467 0.740112 0 0.0144339
1231176 326974 m2 0.035 0.339423 0.48688 0 0.0495358
1231176 708454 m2 0.0126 -0.320107 0.312353 0 0.00757771
1231176 10942 m2 0.0722 -0.147057 0.643064 0 0.0158356
1231176 577533 m2 0.01655 0.316597 0.371269 0 0.0248697
1231176 511390 m2 0.07145 -0.172667 0.64003 0 0.00802877
1231176 696590 m2 0.0117 -0.0197333 0.375098 0 0.00966901
1231176 399605 m2 0.0231 0.195323 0.408028 0 -0.00524962
1231176 654242 m2 0.0154 0.223882 0.443739 0 -0.0212035
1231176 695190 m2 0.03575 0.3422 0.384026 0 -0.00586901
1231176 526971 m2 0.06685 0.0948467 0.61981 0 0.0111804
1231176 394714 m2 0.0935 -0.205163 0.635453 0 0.00719587
1231176 525638 m2 0.0647 -0.11421 0.578337 0 -0.0274792
1231176 540687 m2 0.0505 0.402782 0.397303 0 0.00786101
1231176 773422 m2 0.0141 0.012395 0.343561 0 0.0201584
1231176 785252 m2 0.01215 0.155925 0.284979 0 0.0906629
1231176 259367 m2 0.01045 0.0885954 0.339175 0 0.0586667
1231176 277656 m2 0.01025 -0.0543779 0.378671 0 0.0548536
1231176 130528 m2 0.0428 0.141901 0.572573 0 0.0151973
1231176 588888 m2 0.01595 -0.308817 0.370357 0 0.0145176
1231176 427191 m2 0.0135 -0.141149 0.369499 0 0.00463807
1231176 298429 m2 0.0319 -0.172178 0.528973 0 0.0441256
1231176 354663 m2 0.0229 0.196055 0.149213 0 0.0169626
1231176 492968 m2 0.03885 -0.340892 0.36499 0 0.0555991
1231176 359019 m2 0.04725 0.211446 0.485959 0 0.0271124
1231176 597528 m2 0.05505 -0.330061 0.542461 0 -0.0107975
1231176 309022 m2 0.0262 0.052383 0.520155 0 9.90751e-05
1231176 351570 m2 0.05845 -0.125147 0.659252 0 0.0480059
1231176 185303 m2 0.03885 -0.314698 0.463158 0 -0.00696049
1231176 329127 m2 0.1223 -0.296431 0.587136 0 0.0217278
1231176 607837 m2 0.0138 0.30398 0.353673 0 -0.02491
1231176 77723 m2 0.2893 -0.0257064 0.762208 0 0.0139932
1231176 331237 m2 0.0106 -0.27505 0.428468 0 0.0027952
1231176 591674 m2 0.0102 -0.0523294 0.323404 0 0.00405025
1231176 274607 m2 0.08375 -0.247002 0.581987 0 0.019157
1231176 464111 m2 0.0633 -0.376742 0.467682 0 0.0247341
1231176 261501 m2 0.03005 0.32076 0.433995 0 0.0365381
1231176 454714 m2 0.0391 0.202191 0.469761 0 -0.0101015
1231176 754950 m2 0.0147 0.181236 0.385541 0 0.01281
1231176 433780 m2 0.03745 -0.176518 0.543259 0 0.0134954
1231176 203414 m2 0.0355 0.120877 0.564659 0 -0.00644564
1231176 778930 m2 0.012 0.219946 0.321635 0 -0.0191371
1231176 593338 m2 0.0143 0.297078 0.372546 0 0.00206139
1231176 380931 m2 0.0453 -0.164622 0.567905 0 7.0461e-05
1231176 147129 m2 0.024 0.258778 0.440265 0 0.00530574
1231176 230819 m2 0.0303 -0.154876 0.490042 0 0.00662928
1231176 334166 m2 0.0259 0.285149 0.389908 0 -0.0090455
1231176 452976 m2 0.02495 0.352804 0.384879 0 0.00772107
1231176 795751 m2 0.01215 -0.0543964 0.292836 0 0.0171141
1231176 597524 m2 0.01875 -0.0249772 0.471367 0 -0.0208446
1231176 656858 m2 0.02145 -0.340045 0.298019 0 0.0036678
1231176 336114 m2 0.2408 0.115671 0.729874 0 0.047489
1231176 702572 m2 0.0107 0.0298176 0.204057 0 0.00528764
1231176 611755 m2 0.0696 -0.333816 0.542203 0 -0.0398547
1231176 753330 m2 0.0115 -0.315224 0.284092 0 0.0091902
1231176 580552 m2 0.01735 -0.369821 0.390888 0 0.00878619
1231176 783910 m2 0.01675 0.159823 0.323998 0 0.000231824
1231176 632700 m2 0.0122 0.0149553 0.28052 0 0.011302
1231176 50052 m2 0.0422 0.364324 0.428654 0 -0.00537396
1231176 223509 m2 0.1297 0.0870504 0.706301 0 0.0211056
1231176 287707 m2 0.0522 0.0645999 0.610105 0 0.0181627
1231176 344390 m2 0.0666 0.334472 0.509783 0 0.0273419
1231176 356538 m2 0.05815 -0.355175 0.455523 0 0.0194953
1231176 312887 m2 0.01245 0.0726497 0.458393 0 0.0292535
1231176 770127 m2 0.0153 -0.332895 0.344171 0 -0.00117996
1231176 768238 m2 0.0106 0.258166 0.292193 0 0.0049977
1231176 184196 m2 0.08415 0.243471 0.580205 0 0.0510217
1231176 556455 m2 0.05365 0.0251977 0.557088 0 0.0366992
1231176 730833 m2 0.0103 0.101499 0.316288 0 0.0205534
1231176 88902 m2 0.1219 0.0695603 0.725449 0 0.047043
1231176 86492 m2 0.0235 -0.245939 0.149082 0 0.00595869
1231176 267859 m2 0.1139 -0.283081 0.59158 0 0.0327634
1231176 192551 m2 0.0633 0.145221 0.551229 0 0.0300121
1231176 327481 m2 0.0147 -0.0497136 0.122637 0 -0.0543385
1231176 743705 m2 0.02405 0.184231 0.45271 0 0.0224174
1231176 312313 m2 0.08185 -0.208762 0.65341 0 0.055234
1231176 710320 m2 0.0202 0.13301 0.520172 0 -0.0359774
1231176 344962 m2 0.0274 0.0824326 0.43249 0 0.0291255
1231176 137729 m2 0.12365 0.297495 0.605185 0 -0.0307726
1231176 754137 m2 0.0265 0.026317 0.493948 0 -0.0299133
1231176 753869 m2 0.02445 -0.349017 0.434694 0 -0.0381797
1231176 557863 m2 0.0664 -0.353088 0.472379 0 0.0248003
1231176 366177 m2 0.0578 -0.363685 0.511169 0 0.0165358
1231176 651193 m2 0.01145 0.125071 0.246654 0 -0.031424
1231176 398777 m2 0.07765 0.140494 0.61128 0 0.0525304
1231176 374417 m2 0.04985 0.0262295 0.586639 0 0.00668065
1231176 639693 m2 0.0206 0.174196 0.469611 0 0.0127737
1231176 653451 m2 0.0112 -0.267059 0.430559 0 -0.000106048
1231176 483421 m2 0.0354 0.0418516 0.158863 0 0.0425426
1231176 615874 m2 0.0124 -0.241364 0.341018 0 0.053629
1231176 268724 m2 0.05955 -0.386651 0.457153 0 0.0618993
1231176 529127 m2 0.0467 0.072572 0.540948 0 -0.0315174
1231176 472876 m2 0.02665 -0.0618537 0.476153 0 -0.0213894
1231176 387326 m2 0.0191 -0.208703 0.338034 0 0.0490816
1231176 389737 m2 0.0378 -0.0719129 0.190646 0 -0.0134554
1231176 664498 m2 0.03495 -0.0925842 0.559711 0 0.042632
1231176 691592 m2 0.01005 0.218796 0.137115 0 0.00269268
1231176 599205 m2 0.0204 0.0390651 0.148373 0 -0.00204285
1231176 483948 m2 0.053 0.15299 0.201724 0 0.0228828
1231176 172394 m2 0.1318 0.326425 0.232113 0 0.0159936
1231176 366684 m2 0.03305 0.0398594 0.167054 0 -0.0255129
1231176 525857 m2 0.0154 -0.133161 0.154255 0 -0.00139319
1231176 127693 m2 0.0993 5.96499e-05 0.219496 0 0.0550326
1231176 627583 m2 0.01285 0.20205 0.111232 0 0.0464037
1231176 568213 m2 0.0434 -0.293709 0.49304 0 -0.0266966
1231176 324496 m2 0.0266 -0.152557 0.154487 0 0.0587904
1231176 799168 m2 0.01165 0.132095 0.113254 0 -0.0198447
1231176 603036 m2 0.0233 -0.163907 0.380071 0 -0.0138926
1231176 654750 m2 0.0416 -0.178896 0.172476 0 -0.0320477
1231176 288268 m2 0.08525 0.101259 0.677894 0 0.0429167
1231176 701162 m2 0.0129 -0.310738 0.337864 0 -0.00103069
1231176 304893 m2 0.02975 -0.115194 0.190597 0 -0.00356458
1231176 658978 m2 0.0235 0.124999 0.193608 0 -0.0148883
1231176 461042 m2 0.04615 -0.394811 0.392613 0 0.0294829
1231176 338373 m2 0.0804 0.0507422 0.00325317 0 -0.0157157
1231176 765169 m2 0.0134 -0.236207 0.388873 0 0.036285
1231176 538716 m2 0.0232 0.124631 0.148226 0 -0.00071549
1231176 306230 m2 0.09545 -0.0335293 0.229 0 0.0276201
1231176 430747 m2 0.0339 0.0609737 0.476953 0 0.0230308
1231176 710575 m2 0.0196 0.0307207 0.366174 0 0.0323394
1231176 656835 m2 0.0247 -0.202367 0.414913 0 -0.0108692
1231176 606667 m2 0.06405 -0.0130353 0.650082 0 0.00494344
1231176 435919 m2 0.02105 0.171433 0.367322 0 0.0604474
1231176 712867 m2 0.0244 -0.0286646 0.448583 0 -0.0471651
1231176 733856 m2 0.02345 -0.219733 0.360102 0 0.0294727
1231176 666909 m2 0.02435 0.244616 0.38955 0 0.0453992
1231176 601965 m2 0.03135 0.0881685 0.184986 0 -0.0237169
1231176 121536 m2 0.0878 0.0395052 0.214904 0 0.0312858
1231176 241911 m2 0.0359 -0.269183 0.470333 0 0.00795055
1231176 415059 m2 0.0982 -0.22417 0.596373 0 0.0723019
1231176 459115 m2 0.0479 -0.173352 0.175146 0 0.0279115
1231176 672141 m2 0.03315 0.121872 0.221869 0 0.0141265
1231176 665545 m2 0.04915 0.210333 0.179316 0 -0.0425867
1231176 333352 m2 0.0207 0.0501303 0.175959 0 0.0244594
1231176 384852 m2 0.02555 -0.268531 0.439774 0 0.0110387
1231176 718972 m2 0.01485 0.287101 0.36633 0 -0.00154953
1231176 489940 m2 0.10445 -0.30119 0.574816 0 -0.0225346
1231176 536296 m2 0.02125 -0.331416 0.286747 0 -0.00664555
1231176 284939 m2 0.06925 0.00236865 0.185741 0 -0.00433695
1231176 564711 m2 0.03325 -0.187124 0.497954 0 -0.0265381
1231176 431008 m2 0.01725 0.0267337 0.479367 0 0.00904463
1231176 703899 m2 0.0167 0.00881724 0.540812 0 0.0609754
1231176 398520 m2 0.0148 -0.226265 0.151126 0 0.031264
1231176 682637 m2 0.0145 -0.196298 0.360229 0 0.0217753
1231176 275727 m2 0.04015 0.206089 0.157784 0 0.0278252
1231176 219006 m2 0.0276 0.161037 0.420714 0 0.00320523
1231176 409538 m2 0.07925 0.0246128 0.215167 0 0.0230359
1231176 746102 m2 0.0146 0.168036 0.132865 0 -0.0129322
1231176 654736 m2 0.017 -0.0232692 -0.0234514 0 -0.0138319
1231176 602763 m2 0.02415 0.144688 0.157072 0 -0.00576269
1231176 381700 m2 0.0207 -0.205701 0.165539 0 0.0533328
1231176 488028 m2 0.0458 -0.190655 0.176961 0 -0.000602969
1231176 409536 m2 0.02445 0.189291 0.154876 0 -0.0278864
1231176 600013 m2 0.0349 -0.0614898 0.203141 0 -0.000533007
1231176 129624 m2 0.0325 -0.0865744 0.191966 0 -0.0287425
1231176 677716 m2 0.0173 0.271255 0.274198 0 -0.000117725
1231176 755738 m2 0.01195 -0.0826871 0.160436 0 0.00729693
1231176 635182 m2 0.01615 0.0593781 0.16683 0 -0.0183866
1231176 469548 m2 0.01505 0.0307922 0.138187 0 0.0440949
1231176 421925 m2 0.0192 -0.297716 0.345029 0 -0.0377162
1231176 325059 m2 0.02585 0.267327 0.426897 0 0.0177136
1231176 616141 m2 0.0169 0.0593816 0.203675 0 0.005509
1231176 529371 m2 0.0167 -0.253907 0.362387 0 0.0519552
1231176 657637 m2 0.02145 -0.300963 0.436332 0 0.0948002
1231176 743951 m2 0.01115 0.0725867 0.149568 0 -0.0289586
1231176 741995 m2 0.0105 -0.0280649 0.108115 0 0.0376372
1231176 650342 m2 0.0236 0.223998 0.135592 0 0.0399144
1231176 704995 m2 0.01215 -0.227295 0.367823 0 -0.0211934
1231176 593044 m2 0.0175 0.221764 0.1252 0 -0.0513252
1231176 85919 m2 0.2068 -0.0199713 0.149664 0 0.0303814
1231176 292731 m2 0.0604 0.117187 0.203948 0 0.0415893
1231176 183312 m2 0.10905 -0.19281 0.0415722 0 0.00687849
1231176 595555 m2 0.01065 0.191285 0.124671 0 -0.0302726
1231176 656073 m2 0.0615 0.225798 0.0543975 0 0.00881665
1231176 287659 m2 0.05615 -0.156396 0.197681 0 0.0407967
1231176 719724 m2 0.0224 -0.0547928 0.175518 0 0.0040117
1231176 333614 m2 0.0145 -0.213091 0.13414 0 0.0120704
1231176 724687 m2 0.013 -0.304703 0.292426 0 -0.0360367
1231176 512388 m2 0.0113 -0.167956 0.133504 0 0.00083578
1231176 443391 m2 0.0112 0.023224 0.320591 0 0.0213856
1231176 478625 m2 0.09415 0.39939 0.109263 0 -0.0177714
1231176 480863 m2 0.0429 -0.213315 0.176707 0 -0.0186275
1231176 377626 m2 0.04835 0.308388 0.0318995 0 0.0185382
1231176 466500 m2 0.03875 0.137782 0.0834222 0 -0.00168584
1231176 565473 m2 0.02865 -0.204085 0.15339 0 0.0357346
1231176 231319 m2 0.1517 -0.0069831 0.0396976 0 0.0105302
1231176 54154 m2 0.04185 0.274339 0.0177889 0 0.0208354
1231176 585022 m2 0.0201 0.211782 0.0231974 0 0.0120162
1231176 327977 m2 0.0354 -0.149738 0.176244 0 0.0222113
1231176 610880 m2 0.01485 0.175558 0.0114398 0 0.0346502
1231176 764856 m2 0.01855 -0.165417 0.15753 0 -0.0112634
1231176 693230 m2 0.01915 0.0966575 0.0255954 0 -0.0161048
1231176 479988 m2 0.01205 -0.278302 0.00885869 0 0.0106142
1231176 346024 m2 0.0752 0.0219933 0.265097 0 -0.0021045
1231176 259276 m2 0.04815 -0.117603 0.0606846 0 0.00793827
1231176 408147 m2 0.0115 0.201221 0.0948385 0 -0.0138827
1231176 682316 m2 0.02095 -0.225768 0.13553 0 0.0143474
1231176 281472 m2 0.0414 -0.151087 0.0513942 0 -0.0109634
1231176 479982 m2 0.05415 -0.327346 0.0407911 0 -0.0147463
1231176 506849 m2 0.0156 0.0168869 0.151668 0 0.050737
1231176 421105 m2 0.02785 -0.0849529 0.173436 0 0.0575107
1231176 598902 m2 0.022 -0.166808 0.15707 0 -0.0301137
1231176 608627 m2 0.04555 -0.0823026 0.0464076 0 0.0125959
1231176 212141 m2 0.0835 -0.097329 0.0337657 0 -0.000882156
1231176 741979 m2 0.01705 0.278961 0.040472 0 -0.0197133
1231176 110918 m2 0.0497 0.0875595 0.00378547 0 -0.00754401
1231176 717512 m2 0.03455 0.237975 0.194752 0 0.0256176
1231176 530151 m2 0.03675 0.32346 0.0195822 0 -0.013411
1231176 430138 m2 0.0234 -0.0475951 -0.00277967 0 -0.00325773
1231176 627280 m2 0.01035 -0.0183212 0.190694 0 0.00339642
1231176 385656 m2 0.079 -0.117691 0.0366109 0 0.0228487
1231176 191928 m2 0.0629 0.251089 0.0175581 0 -0.00523314
1231176 706057 m2 0.0271 -0.226451 0.129969 0 0.031492
1231176 6076 m2 0.16305 -0.246044 -0.743732 0 -0.00565973
1231176 47449 m2 0.10365 -0.152322 -0.341619 0 -0.0245734
1231176 304046 m2 0.1057 -0.0989991 0.0381874 0 0.0127485
1231176 507957 m2 0.02305 -0.104526 0.0244457 0 -0.0344149
1231176 587456 m2 0.03685 -0.0135555 0.215439 0 0.0157929
1231176 183281 m2 0.06685 -0.146528 0.0787939 0 -0.028504
1231176 314481 m2 0.0607 -0.0465537 0.0244528 0 0.0387486
1231176 293253 m2 0.02305 0.135044 0.401867 0 -0.0299455
1231176 697895 m2 0.01795 -0.166673 0.154321 0 -0.0358989
1231176 184640 m2 0.0431 -0.133739 0.044489 0 0.0369846
1231176 594439 m2 0.0122 -0.10199 0.12315 0 0.0185561
1231176 258962 m2 0.0112 -0.197802 0.0120502 0 -0.0157502
1231176 736540 m2 0.01205 0.198164 0.0272235 0 0.00634396
1231176 256968 m2 0.03875 -0.178091 0.0434877 0 0.0259794
1231176 566539 m2 0.0519 -0.121895 0.0345903 0 0.0175701
1231176 546919 m2 0.0228 -0.158945 0.175898 0 0.015477
1231176 437805 m2 0.03705 -0.278298 0.00107412 0 -0.0211552
1231176 397323 m2 0.0121 0.00837292 0.0193931 0 0.00907196
1231176 274232 m2 0.09255 -0.0914633 0.0465097 0 -0.016949
1231176 346805 m2 0.03415 -0.125105 0.0337445 0 0.00345855
1231176 505111 m2 0.02935 0.075826 0.0426681 0 0.0627945
1231176 622561 m2 0.01115 0.263844 0.0130962 0 -0.0038211
1231176 682596 m2 0.02295 0.301476 0.0311941 0 0.0488826
1231176 557242 m2 0.02305 -0.101572 0.0368355 0 -0.00163483
1231176 388321 m2 0.04545 0.0322754 0.196499 0 0.0312385
1231176 534826 m2 0.01005 -0.267641 0.0363485 0 0.0454834
1231176 692106 m2 0.01205 -0.218675 0.114863 0 0.0328565
1231176 750190 m2 0.0135 0.0616642 0.0278758 0 -0.0248169
1231176 383178 m2 0.0176 0.326485 0.122744 0 0.0240541
1231176 682014 m2 0.0596 -0.0519837 0.0160816 0 -0.0131054
1231176 633190 m2 0.0207 0.186041 0.00169808 0 0.0134176
1231176 525790 m2 0.0138 0.0520717 0.0271674 0 0.00978277
1231176 206409 m2 0.0119 0.11778 -0.424517 0 -0.0291937
1231176 604372 m2 0.0593 -0.0879706 0.0222976 0 -0.0355247
1231176 723070 m2 0.02725 -0.267268 0.0620173 0 0.00276066
1231176 196482 m2 0.0499 0.0888586 0.0537105 0 0.0259128
1231176 213178 m2 0.03495 -0.0802081 -0.142363 0 -0.0005396
1231176 489344 m2 0.02035 0.0889144 0.0274887 0 -0.00241803
1231176 601372 m2 0.0298 0.175183 0.0550674 0 0.0449948
1231176 531546 m2 0.0438 0.286396 0.02571 0 0.000448599
1231176 766251 m2 0.01835 -0.116071 0.0452669 0 0.0388666
1231176 217018 m2 0.0815 0.197048 0.0226849 0 0.000634425
1231176 745227 m2 0.0261 0.305179 0.0165821 0 0.01319
1231176 239077 m2 0.04115 -0.151759 0.0389838 0 -0.00574633
1231176 713655 m2 0.01255 0.0200558 0.0426545 0 0.0401946
1231176 695373 m2 0.0267 0.256884 0.00488413 0 -0.0292232
1231176 230736 m2 0.0414 -0.301619 -0.0442173 0 0.00283712
1231176 109295 m2 0.04775 0.184921 0.174328 0 0.000506868
1231176 624369 m2 0.01265 -0.265071 -0.0029428 0 0.0187002
1231176 392154 m2 0.04625 -0.283236 0.0210542 0 -0.040881
1231176 690769 m2 0.01165 -0.260641 0.00711657 0 -0.00633415
1231176 87987 m2 0.0263 0.214019 -0.111241 0 0.0555227
1231176 363089 m2 0.01735 0.189769 0.15216 0 -0.00368687
1231176 110596 m2 0.0479 0.0443744 -0.683652 0 -0.00617008
1231176 353489 m2 0.06835 -0.00461707 0.0162222 0 0.0190275
1231176 346789 m2 0.03695 -0.312782 0.0264065 0 0.047586
1231176 628868 m2 0.0274 -0.0106123 0.0323785 0 -0.00918603
1231176 486040 m2 0.03525 -0.0215575 0.0369901 0 0.0226322
1231176 677365 m2 0.0137 0.251053 0.0232021 0 0.00420624
1231176 347060 m2 0.013 -0.180887 0.0159439 0 0.0125799
1231176 37125 m2 0.1963 0.161052 -0.77044 0 -0.00791365
1231176 364503 m2 0.068 0.196798 0.0347685 0 -0.00469006
1231176 618580 m2 0.016 0.0660942 -0.121052 0 -0.0265039
1231176 161909 m2 0.032 0.251875 -0.115892 0 -0.00865089
1231176 689686 m2 0.0163 0.0220848 0.00209318 0 -0.00326345
1231176 357547 m2 0.0135 0.213848 -0.114653 0 -0.0193911
1231176 25622 m2 0.0439 0.0689393 -0.57664 0 -0.00222148
1231176 69751 m2 0.05415 0.0956707 0.0464243 0 -0.00296299
1231176 116911 m2 0.03565 -0.193377 -0.123961 0 0.0122809
1231176 338301 m2 0.03325 0.263734 -0.141928 0 -0.0309695
1231176 542737 m2 0.0659 -0.136639 -0.14428 0 -0.000296003
1231176 714986 m2 0.02065 -0.146247 -0.0219975 0 0.028764
1231176 201959 m2 0.0656 0.154358 -0.148491 0 -0.00626432
1231176 769213 m2 0.0174 -0.311817 0.0169542 0 -0.0261478
1231176 103480 m2 0.0195 0.225603 0.160803 0 -0.0136688
1231176 344871 m2 0.02875 -0.216017 0.0430055 0 -0.00143638
1231176 495955 m2 0.0171 0.0132071 0.0175071 0 -0.00978733
1231176 359738 m2 0.0202 -0.307939 -0.0244604 0 0.0521332
1231176 239063 m2 0.0132 0.280835 0.0131644 0 -0.00137334
1231176 315751 m2 0.0185 0.218183 -0.107251 0 -0.00762184
1231176 213736 m2 0.0268 -0.0309098 0.0128524 0 -0.0174669
1231176 447127 m2 0.0875 -0.0561694 -0.147705 0 -0.00722528
1231176 121716 m2 0.1019 0.2807 -0.623298 0 -0.0113863
1231176 777461 m2 0.01395 0.0253625 0.00873063 0 0.0363367
1231176 541135 m2 0.02915 0.257141 0.0120168 0 0.00285422
1231176 651659 m2 0.0153 -0.0229912 0.0155406 0 0.0288722
1231176 182716 m2 0.018 -0.221992 0.022589 0 -0.00719706
1231176 755664 m2 0.0108 -0.077505 -0.090053 0 0.04264
1231176 793652 m2 0.01385 0.0298293 -0.0136431 0 -0.0398154
1231176 582076 m2 0.03595 -0.273784 0.0425953 0 0.00632312
1231176 216702 m2 0.0361 0.113629 -0.591092 0 -0.0283713
1231176 30305 m2 0.0981 -0.188157 -0.654935 0 -0.0315559
1231176 282759 m2 0.0425 0.115955 -0.533819 0 -0.0240322
1231176 450660 m2 0.02755 -0.189641 -0.124439 0 0.0297044
1231176 597713 m2 0.0245 -0.252277 -0.222852 0 -0.0111034
1231176 308070 m2 0.03695 0.122005 -0.141534 0 0.0096214
1231176 27306 m2 0.1477 0.0272831 -0.774021 0 -0.0135418
1231176 537296 m2 0.0229 -0.175646 -0.12444 0 0.0222669
1231176 628037 m2 0.026 0.165584 -0.132761 0 0.00201505
1231176 305067 m2 0.0539 -0.0685094 -0.146675 0 0.031853
1231176 768143 m2 0.01305 -0.115893 -0.00645411 0 -0.0520669
1231176 743308 m2 0.0201 -0.0536692 -0.138254 0 0.0157151
1231176 645891 m2 0.01775 -0.210478 0.0236587 0 0.0189857
1231176 474697 m2 0.06335 0.0911492 -0.157002 0 -0.0239682
1231176 366579 m2 0.0243 -0.227027 -0.109469 0 -0.0221461
1231176 347585 m2 0.01645 -0.27152 0.0217776 0 -0.002273
1231176 258354 m2 0.037 0.137093 -0.124796 0 -0.0351118
1231176 738431 m2 0.0193 0.0927674 0.0227201 0 -0.0223192
1231176 338545 m2 0.0171 0.302083 0.00612859 0 -0.0177194
1231176 733746 m2 0.01585 -0.221229 -0.0872189 0 0.00929306
1231176 423197 m2 0.0604 0.301941 0.0219534 0 0.0354522
1231176 448491 m2 0.0607 0.0889921 -0.646246 0 0.0111991
1231176 620802 m2 0.0247 0.251747 -0.134378 0 0.0540243
1231176 621678 m2 0.01475 -0.0542645 0.13646 0 -0.0137138
1231176 713378 m2 0.01795 -0.301253 0.0328331 0 0.0246847
1231176 599403 m2 0.0241 -0.311724 0.0145404 0 0.0131852
1231176 517809 m2 0.01215 0.296338 -0.35009 0 -0.023759
1231176 88240 m2 0.01485 -0.311225 -0.438206 0 -0.0134421
1231176 748753 m2 0.0166 -0.182623 -0.00549157 0 -0.009637
1231176 734049 m2 0.01295 0.189049 -0.0916418 0 -0.0421287
1231176 751537 m2 0.0108 -0.232224 0.073605 0 0.00524429
1231176 387485 m2 0.0494 0.132258 -0.150284 0 -0.0121401
1231176 692065 m2 0.0256 0.224516 0.00581158 0 0.0144913
1231176 424598 m2 0.02605 -0.0178038 -0.122916 0 0.000757701
1231176 424905 m2 0.0826 -0.16096 -0.105131 0 -0.00170686
1231176 503165 m2 0.01585 0.209504 0.0348043 0 0.0257206
1231176 405539 m2 0.01385 -0.0868318 -0.203673 0 0.00855497
1231176 340790 m2 0.0949 -0.125273 -0.209803 0 -0.0119947
1231176 787608 m2 0.0134 -0.156979 -0.118498 0 0.0444083
1231176 587391 m2 0.0461 -0.0489449 0.0150632 0 0.0208214
1231176 565407 m2 0.03075 0.101494 -0.133005 0 -0.0191856
1231176 679230 m2 0.0152 0.022897 -0.357041 0 -0.00774419
1231176 774423 m2 0.01155 -0.274204 0.027697 0 0.0157148
1231176 159471 m2 0.0402 -0.113135 -0.526714 0 0.01588
1231176 212038 m2 0.04885 0.19491 -0.628803 0 -0.0312199
1231176 597097 m2 0.0245 -0.113344 -0.42143 0 -0.0127363
1231176 654121 m2 0.01315 -0.203608 -0.0743532 0 -0.0140699
1231176 324115 m2 0.05435 -0.343193 -0.553723 0 -0.00797964
1231176 582057 m2 0.0377 0.0468648 -0.546679 0 0.0141254
1231176 730459 m2 0.0181 0.123907 0.00197497 0 0.000748514
1231176 713605 m2 0.0462 0.097168 -0.552289 0 -0.0133878
1231176 75006 m2 0.10015 0.159977 -0.252728 0 -0.00591175
1231176 320237 m2 0.07305 -0.069873 -0.721975 0 -0.020989
1231176 110546 m2 0.08175 0.393341 -0.50482 0 -0.0314074
1231176 696993 m2 0.0128 -0.0356098 -0.116463 0 0.0461845
1231176 346196 m2 0.02595 -0.153739 -0.129517 0 -0.0542141
1231176 695617 m2 0.01645 0.223759 -0.237939 0 0.00488793
1231176 493959 m2 0.0401 0.232721 -0.116848 0 0.0148457
1231176 640099 m2 0.0131 -0.0957701 -0.116947 0 0.0428677
1231176 207236 m2 0.1099 0.102226 -0.735958 0 -0.00535082
1231176 198602 m2 0.03535 0.198475 -0.619667 0 0.00481065
1231176 666797 m2 0.013 0.0251195 -0.378461 0 0.00624957
1231176 535059 m2 0.0164 -0.0330439 0.0374704 0 0.0239779
1231176 636274 m2 0.02755 0.191182 -0.116871 0 0.00267911
1231176 276986 m2 0.07345 -0.15019 -0.660232 0 -0.0359455
1231176 705984 m2 0.01975 0.233477 -0.0952316 0 0.00295354
1231176 112458 m2 0.0524 -0.0162714 -0.634575 0 0.0111885
1231176 524075 m2 0.0184 -0.199571 0.0255473 0 -0.00469736
1231176 274151 m2 0.01335 0.243862 -0.490663 0 0.0107438
1231176 415486 m2 0.0545 0.332659 -0.505841 0 0.0103997
1231176 498193 m2 0.07195 -0.167912 0.0398348 0 -0.0256132
1231176 502311 m2 0.01315 -0.207873 0.044395 0 0.048188
1231176 317647 m2 0.0665 -0.345835 -0.541767 0 0.00411059
1231176 331599 m2 0.0218 0.27509 -0.489976 0 -0.0743194
1231176 781536 m2 0.01375 -0.11393 -0.100855 0 0.0368705
1231176 642845 m2 0.01045 0.355735 -0.359608 0 0.0280059
1231176 605685 m2 0.01015 0.171909 -0.263463 0 -0.0101561
1231176 471356 m2 0.0696 -0.00244726 -0.66998 0 -0.0229347
1231176 632037 m2 0.01035 -0.288191 -0.409153 0 -0.0199173
1231176 425394 m2 0.03095 0.0638336 -0.573652 0 -0.0131811
1231176 486766 m2 0.0114 0.0127778 -0.419812 0 -0.0653687
1231176 626326 m2 0.0193 0.063044 -0.42005 0 -0.00833656
1231176 716634 m2 0.02385 -0.106514 -0.12351 0 -0.00689433
1231176 509494 m2 0.01105 0.13011 -0.291768 0 0.0119095
1231176 625741 m2 0.01315 -0.199923 -0.104565 0 -0.0408864
1231176 582035 m2 0.0154 -0.134963 -0.121883 0 0.0214249
1231176 288658 m2 0.01825 0.0480872 -0.501689 0 -0.0243594
1231176 544344 m2 0.0213 -0.369275 -0.427622 0 0.0209857
1231176 482188 m2 0.0484 0.248294 -0.578279 0 -0.0180818
1231176 520728 m2 0.0397 0.2323 -0.120046 0 -0.0241744
1231176 745418 m2 0.01065 0.119927 -0.398234 0 0.0201973
1231176 664376 m2 0.0107 -0.197159 -0.115211 0 -0.0112362
1231176 770548 m2 0.0114 0.321576 -0.327886 0 0.00276413
1231176 369050 m2 0.0138 0.285616 -0.425928 0 -0.0380751
1231176 728463 m2 0.02805 -0.0294378 -0.487538 0 -0.000422742
1231176 795876 m2 0.01245 0.0194081 -0.0967104 0 -0.0249437
1231176 778242 m2 0.01955 0.328502 -0.356957 0 0.002111
1231176 499514 m2 0.01235 -0.290213 -0.440691 0 -0.00869071
1231176 724022 m2 0.01005 0.194032 -0.335886 0 -0.0251574
1231176 493670 m2 0.03705 -0.0567075 -0.121318 0 -0.0413926
1231176 665164 m2 0.01655 0.200396 -0.484096 0 -0.030372
1231176 396946 m2 0.0136 -0.168051 -0.289462 0 0.0101552
1231176 185080 m2 0.017 0.22221 -0.440026 0 -0.0481204
1231176 303943 m2 0.112 -0.155977 -0.688308 0 -0.0166435
1231176 686088 m2 0.052 0.371248 -0.483565 0 -0.0267991
1231176 743850 m2 0.0132 -0.140111 -0.106922 0 -0.0512127
1231176 206080 m2 0.0288 0.330334 -0.427269 0 -0.0367194
1231176 192077 m2 0.03485 0.309335 -0.516822 0 0.00321887
1231176 128936 m2 0.04805 -0.259771 -0.551261 0 -0.00897841
1231176 486508 m2 0.0606 0.391377 -0.409833 0 -0.00311734
1231176 159150 m2 0.0109 -0.105599 -0.451169 0 -0.0443621
1231176 697229 m2 0.021 0.0621005 -0.3803 0 0.0102317
1231176 651892 m2 0.0132 -0.131524 0.00084095 0 0.00297071
1231176 430022 m2 0.0109 0.2892 -0.337361 0 -0.0538031
1231176 670663 m2 0.01485 0.0763892 -0.371449 0 0.0109791
1231176 644744 m2 0.01555 -0.248552 -0.408303 0 0.0153412
1231176 455163 m2 0.0132 -0.20392 -0.396412 0 -0.00524324
1231176 520156 m2 0.0286 0.273037 -0.465234 0 -0.0028829
1231176 635358 m2 0.016 0.164594 -0.391026 0 0.0132634
1231176 736465 m2 0.01105 -0.121415 -0.0833741 0 0.00575551
1231176 306637 m2 0.0112 0.179687 -0.427812 0 0.0162342
1231176 314049 m2 0.04645 -0.246715 -0.591715 0 -0.0412255
1231176 679977 m2 0.01925 0.314236 -0.416805 0 -0.00580128
1231176 760932 m2 0.01325 0.344836 -0.406242 0 -0.00259446
1231176 271766 m2 0.03835 0.0539012 -0.566076 0 -0.0184217
1231176 202647 m2 0.29295 -0.00836003 -0.827145 0 0.0118136
1231176 441286 m2 0.01285 0.271282 -0.415071 0 -0.00655531
1231176 540506 m2 0.0301 0.195553 -0.550884 0 0.0223826
1231176 568626 m2 0.0242 -0.301342 -0.495911 0 0.00268812
1231176 708589 m2 0.01005 0.12879 0.0138838 0 0.00342157
1231176 723235 m2 0.014 0.157683 -0.34749 0 -0.00801048
1231176 702382 m2 0.01365 -0.16133 -0.422144 0 -0.0337693
1231176 704579 m2 0.01385 0.281355 -0.369991 0 -0.00620907
1231176 542166 m2 0.0229 -0.316856 -0.373956 0 0.0454468
1231176 263563 m2 0.29615 -0.000173143 -0.828051 0 -0.0395356
1231176 187549 m2 0.1451 -0.223408 -0.735531 0 -0.0268597
1231176 491670 m2 0.024 -0.233878 -0.119563 0 -0.0350427
1231176 662987 m2 0.03195 -0.193042 -0.116632 0 0.0240226
1231176 356901 m2 0.1034 -0.00351559 -0.727294 0 -0.035415
1231176 642249 m2 0.01995 -0.0328945 -0.520508 0 0.00575514
1231176 309945 m2 0.0257 -0.0565634 -0.403804 0 -0.0324532
1231176 626297 m2 0.0195 -0.215599 -0.510821 0 0.00271265
1231176 552539 m2 0.05015 0.31073 -0.518841 0 -0.00303593
1231176 587922 m2 0.0511 0.23658 -0.54589 0 0.0165892
1231176 257142 m2 0.1788 0.171353 -0.753337 0 -0.0428425
1231176 655189 m2 0.01165 -0.225964 -0.094109 0 0.0428477
1231176 720396 m2 0.0121 0.0880448 -0.44056 0 -0.0144618
1231176 276925 m2 0.0451 -0.116265 -0.680135 0 0.000637131
1231176 661568 m2 0.0196 0.168985 -0.41876 0 0.0336476
1231176 257124 m2 0.0184 0.178717 -0.41068 0 -0.0431829
1231176 548685 m2 0.0979 0.165661 -0.721587 0 -0.0198772
1231176 627972 m2 0.01845 -0.28022 -0.437073 0 -0.00450668
1231176 752618 m2 0.01415 -0.253232 -0.419291 0 0.0328592
1231176 687406 m2 0.0131 0.325235 -0.409 0 0.0342534
1231176 763064 m2 0.01955 0.350475 -0.373885 0 -0.0566188
1231176 689558 m2 0.015 0.174279 -0.482355 0 0.00825718
1231176 369840 m2 0.1758 0.0895761 -0.766344 0 -0.018847
1231176 519871 m2 0.04665 -0.0467095 -0.560882 0 -0.0407385
1231176 461176 m2 0.05595 0.0876415 -0.408577 0 -0.00408047
1231176 632240 m2 0.0371 0.343032 -0.495454 0 0.020236
1231176 621326 m2 0.027 0.115261 -0.506604 0 -0.0248834
1231176 486228 m2 0.0129 0.176464 -0.386687 0 -0.000243278
1231176 616841 m2 0.02625 0.345305 -0.417186 0 -0.0343602
1231176 376176 m2 0.09555 -0.1631 -0.695007 0 0.0212991
1231176 613986 m2 0.02385 -0.192179 -0.48796 0 0.0210849
1231176 588435 m2 0.01075 0.0645751 -0.381329 0 -0.00880539
1231176 455927 m2 0.0142 -0.108465 -0.446178 0 -0.0415502
1231176 736445 m2 0.01125 -0.101084 -0.260905 0 0.0950808
1231176 604512 m2 0.02425 0.140105 -0.597623 0 0.00436577
1231176 735326 m2 0.01355 -0.318661 -0.326293 0 -0.0289416
1231176 585684 m2 0.032 0.170689 -0.552651 0 -0.0114107
1231176 559826 m2 0.0693 -0.325144 -0.599617 0 -0.0184959
1231176 408003 m2 0.106 0.180786 -0.725641 0 -0.0622791
1231176 422011 m2 0.04975 0.0838121 -0.624324 0 -0.0100759
1231176 474311 m2 0.02585 -0.239315 -0.521925 0 -0.000799351
1231176 567455 m2 0.01315 -0.355844 -0.375555 0 -0.00747994
1231176 573225 m2 0.01875 -0.323128 -0.471364 0 -0.0165104
1231176 759799 m2 0.0109 -0.225357 -0.358317 0 0.0316048
1231176 656905 m2 0.0195 0.0434416 -0.445016 0 -0.0640185
1231176 475960 m2 0.0382 -0.251607 -0.480046 0 0.00133464
1231176 684123 m2 0.0109 0.2892 -0.337361 0 -0.0465429
1231176 736120 m2 0.022 -0.27267 -0.427599 0 -0.0634895
1231176 431392 m2 0.0107 -0.243908 -0.19244 0 0.00720654
1231176 663252 m2 0.0315 0.324699 -0.469229 0 -0.00364826
1231176 436822 m2 0.0953 0.214881 -0.632593 0 0.0124454
1231176 523411 m2 0.088 0.214143 -0.62573 0 -0.00981346
1231176 707357 m2 0.0279 0.0754545 -0.529066 0 0.0022594
1231176 707926 m2 0.02125 0.306137 -0.34229 0 -0.0291579
1231176 750610 m2 0.01675 -0.199339 -0.474894 0 0.00996558
1231176 577047 m2 0.0114 0.0127778 -0.419812 0 0.0513282
1231176 482681 m2 0.07395 -0.373093 -0.550959 0 -0.0399387
1231176 637817 m2 0.0201 0.362621 -0.446951 0 -0.00605834
1231176 491904 m2 0.0718 -0.286482 -0.575833 0 -0.0252628
1231176 642495 m2 0.0253 0.175358 -0.431183 0 -0.00457245
1231176 684663 m2 0.02255 -0.367988 -0.38367 0 -0.0534458
1231176 733394 m2 0.01315 -0.278623 -0.482426 0 -0.00115447
1231176 522828 m2 0.07095 -0.304281 -0.562513 0 -0.0450319
1231176 752006 m2 0.0169 0.331476 -0.28048 0 0.0393211
1231176 587330 m2 0.024 0.378655 -0.3978 0 0.0371341
1231176 730908 m2 0.0194 0.24569 -0.420328 0 0.0357824
1231176 677553 m2 0.01635 -0.360669 -0.3657 0 -0.0220903
1231176 768337 m2 0.01135 0.179616 -0.402498 0 0.0208808
1231176 593972 m2 0.0649 0.18346 -0.670921 0 -0.0175989
1231176 593981 m2 0.01075 -0.176715 -0.327864 0 -0.00451528
1231176 740484 m2 0.0168 -0.266554 -0.366253 0 -0.0625029
1231176 692824 m2 0.02325 -0.0830289 -0.470051 0 0.0319273
1231176 576749 m2 0.018 -0.116185 -0.47577 0 -0.0438008
1231176 585655 m2 0.0304 0.0891913 -0.602298 0 0.0220888
1231176 656638 m2 0.033 -0.362328 -0.510252 0 0.0142087
1231176 645245 m2 0.0153 0.343992 -0.311232 0 0.0347451
1231176 683019 m2 0.0369 0.215591 -0.486361 0 -0.0152936
1231176 744837 m2 0.0107 -0.0532458 -0.294812 0 -0.0392768
1231176 717352 m2 0.0164 -0.177103 -0.413192 0 0.0137026
1231176 670059 m2 0.0189 -0.321427 -0.334039 0 -0.0630839
1231176 650737 m2 0.01405 0.290732 -0.304373 0 -0.0425319
1231176 643352 m2 0.01665 -0.0791426 -0.484648 0 0.0237912
1231176 683015 m2 0.0182 0.0494122 -0.406753 0 -0.0295459
1231176 777080 m2 0.0155 -0.317554 -0.308074 0 0.0111708
1231176 729518 m2 0.01105 0.334885 -0.375962 0 -0.0371189
1231176 742123 m2 0.0157 -0.332975 -0.349626 0 -0.0242679
1231176 764147 m2 0.01215 -0.263908 -0.375937 0 -0.0221973
1231176 783154 m2 0.01035 -0.293326 -0.375749 0 -0.0206667
1231176 793008 m2 0.0185 0.330174 -0.277274 0 -0.0174419
