seed mutID muttype p cor_sal cor_temp mutSalEffect mutTempEffect
1231139 2307 m2 0.125398 0.548397 -0.044574 0.383378 0.0393057
1231139 1819 m2 0.222709 0.0309565 -0.851419 -0.0231359 -0.347482
1231139 1953 m2 0.511853 0.771393 0.22295 0.320883 0.0355201
1231139 2224 m2 0.211853 0.0383194 0.19642 -0.083991 0.101498
1231139 2546 m2 0.0617032 -0.195379 -0.144047 -0.43693 -0.143124
1231139 2184 m2 0.180329 0.000914001 0.794407 0.046927 0.384494
1231139 2572 m2 0.0215637 -0.223729 0.0317868 -0.316971 0.266759
1231139 2424 m2 0.0386454 -0.192754 0.22084 -0.371855 -0.226349
1231139 2481 m2 0.0167829 -0.230685 -0.0417902 -0.594486 -0.0865282
