seed mutID muttype p cor_sal cor_temp mutSalEffect mutTempEffect
1231181 617391 m2 0.0101 -0.095114 0.34311 0 0.0129531
1231181 191716 m2 0.01125 -0.0275519 0.309122 0 0.0426016
1231181 635703 m2 0.02545 -0.116742 0.579374 0 0.02487
1231181 564518 m2 0.0164 0.103558 0.402708 0 0.00486966
1231181 724885 m2 0.0143 -0.181152 0.241597 0 -0.0277082
1231181 714015 m2 0.01035 0.214013 0.284848 0 0.00913432
1231181 505075 m2 0.0471 -0.0928913 0.406587 0 -0.0178685
1231181 235186 m2 0.02175 -0.0559704 0.403566 0 0.00107211
1231181 564793 m2 0.01535 0.0310103 0.466301 0 0.00293443
1231181 699746 m2 0.04025 -0.0151486 0.487582 0 -0.0136607
1231181 644124 m2 0.01615 0.0720981 0.473199 0 0.0251633
1231181 151770 m2 0.20605 0.0712051 0.743571 0 0.0180222
1231181 684653 m2 0.01185 -0.158804 0.347032 0 0.00310532
1231181 405670 m2 0.13105 -0.00395799 0.676747 0 0.0204675
1231181 386366 m2 0.02105 0.207308 0.422891 0 -0.00894921
1231181 647408 m2 0.013 -0.234127 0.331511 0 -0.0159399
1231181 708465 m2 0.015 -0.159105 0.281619 0 0.0137746
1231181 386942 m2 0.03355 0.109731 0.485488 0 0.00424121
1231181 746943 m2 0.0131 -0.17486 0.354193 0 -0.0109078
1231181 478739 m2 0.0107 -0.142117 0.329532 0 -0.0269687
1231181 695933 m2 0.027 0.167639 0.524937 0 0.00997011
1231181 722676 m2 0.02425 0.111617 0.468864 0 -0.0282853
1231181 152573 m2 0.0701 -0.0640066 0.488765 0 0.0232429
1231181 558213 m2 0.0113 0.156746 0.397433 0 0.0143784
1231181 371883 m2 0.03945 -0.0153359 0.61704 0 -0.0133323
1231181 508941 m2 0.03975 -0.178056 0.388526 0 0.00395192
1231181 124292 m2 0.20685 0.0867582 0.752839 0 0.0119805
1231181 600845 m2 0.07345 -0.0264946 0.562976 0 -0.00929361
1231181 745553 m2 0.02055 0.13294 0.39514 0 0.00143077
1231181 720220 m2 0.01555 0.22437 0.365761 0 0.0181891
1231181 632978 m2 0.0205 0.0567212 0.425043 0 0.0318269
1231181 603291 m2 0.0112 -0.181311 0.291749 0 0.0582921
1231181 17627 m2 0.0322 -0.023642 0.378922 0 -0.0140392
1231181 250130 m2 0.0202 0.135276 0.392241 0 -0.000773872
1231181 23083 m2 0.21445 0.104731 0.677234 0 0.0208289
1231181 663505 m2 0.01075 -0.172882 0.275793 0 -0.034797
1231181 291757 m2 0.1436 -0.00495862 0.704816 0 0.0631077
1231181 140952 m2 0.0247 -0.0397072 0.457134 0 0.00940263
1231181 531778 m2 0.0167 -0.145797 0.350894 0 -0.0177086
1231181 410329 m2 0.08095 0.0687213 0.610146 0 0.0293324
1231181 770858 m2 0.012 0.199297 0.41157 0 -0.0101202
1231181 720808 m2 0.01215 -0.0557875 0.282084 0 -0.0746983
1231181 588300 m2 0.0524 -0.207576 0.508612 0 0.0165772
1231181 310749 m2 0.0315 -0.0922206 0.441463 0 0.0211655
1231181 464757 m2 0.0581 -0.0709807 0.309123 0 0.0220427
1231181 215252 m2 0.1633 -0.0321084 0.715527 0 -0.00473353
1231181 518032 m2 0.0118 0.102634 0.35108 0 0.0171519
1231181 50957 m2 0.01095 0.0976187 0.414888 0 0.0168627
1231181 633520 m2 0.04885 0.209634 0.419071 0 -0.0136095
1231181 366845 m2 0.0419 -0.203002 0.396356 0 0.00702474
1231181 418004 m2 0.04785 -0.143204 0.387224 0 -0.00525176
1231181 699452 m2 0.01415 0.158981 0.308579 0 -0.0138235
1231181 653765 m2 0.0107 0.0851046 0.303925 0 -0.0322278
1231181 369393 m2 0.04005 0.0505567 0.449083 0 0.0130735
1231181 468277 m2 0.0129 -0.197451 0.488383 0 -0.0317976
1231181 86558 m2 0.1159 -0.0795052 0.62788 0 0.0322965
1231181 378246 m2 0.02945 -0.114904 0.455769 0 0.00443981
1231181 457350 m2 0.16905 0.0452039 0.629152 0 0.0501422
1231181 334744 m2 0.10365 0.135826 0.657207 0 0.0153478
1231181 276580 m2 0.06265 -0.129621 0.42341 0 0.0492445
1231181 552342 m2 0.0362 0.150607 0.551845 0 0.013802
1231181 251780 m2 0.09265 -0.148642 0.64231 0 0.0366595
1231181 345014 m2 0.05825 -0.0561255 0.457258 0 0.0134268
1231181 40293 m2 0.0903 0.00527122 0.564611 0 0.0290395
1231181 358122 m2 0.0245 0.0119204 0.495805 0 -0.00198073
1231181 716933 m2 0.0189 0.0791201 0.385412 0 -0.012854
1231181 165154 m2 0.23765 0.0411387 0.72492 0 0.0200907
1231181 271450 m2 0.04005 -0.0597488 0.543511 0 0.0287492
1231181 116424 m2 0.17035 0.0195259 0.644482 0 0.00437493
1231181 409462 m2 0.0612 0.327446 0.538942 0 0.0211271
1231181 609887 m2 0.0104 0.142494 0.40755 0 -0.0298006
1231181 642745 m2 0.0287 -0.222557 0.391441 0 0.000123251
1231181 364181 m2 0.05485 0.0753857 0.57044 0 0.0323785
1231181 755338 m2 0.0107 -0.149555 0.185624 0 0.0186689
1231181 437272 m2 0.0164 0.304829 0.378016 0 0.0167849
1231181 4107 m2 0.08675 0.0233473 0.217397 0 0.019906
1231181 494897 m2 0.0903 0.00527122 0.564611 0 0.0117901
1231181 472346 m2 0.02175 -0.119291 0.47068 0 0.0146438
1231181 495980 m2 0.03105 0.0271658 0.450565 0 -0.0159814
1231181 347176 m2 0.0601 -0.0054446 0.5967 0 0.028161
1231181 21412 m2 0.06765 -0.0328521 0.612964 0 0.00813381
1231181 297497 m2 0.0112 -0.15561 0.30396 0 0.021243
1231181 754812 m2 0.01155 -0.199399 0.324052 0 0.0185226
1231181 344995 m2 0.034 0.0427398 0.500875 0 0.0312313
1231181 635093 m2 0.08365 0.0844913 0.625496 0 -0.0195889
1231181 355039 m2 0.01935 -0.147681 0.34369 0 0.0160768
1231181 298032 m2 0.0354 -0.00769245 0.473614 0 0.0239752
1231181 522166 m2 0.019 0.279003 0.444682 0 -0.0240341
1231181 467497 m2 0.0195 0.271633 0.476979 0 0.0566855
1231181 703526 m2 0.0134 -0.163804 0.366974 0 0.0373111
1231181 730466 m2 0.0102 0.234279 0.253831 0 -0.0464448
1231181 697774 m2 0.0161 0.31673 0.36121 0 -0.0151598
1231181 639171 m2 0.0135 0.0412501 0.324527 0 0.00900923
1231181 180785 m2 0.069 -0.127596 0.529266 0 0.0269961
1231181 646504 m2 0.0104 0.122051 0.372565 0 0.0280151
1231181 310171 m2 0.0315 -0.0174196 0.511658 0 0.0264801
1231181 224048 m2 0.2297 0.0198826 0.740366 0 0.02999
1231181 470455 m2 0.01295 0.102884 0.387573 0 0.0563967
1231181 32817 m2 0.0314 -0.130218 0.17578 0 -0.0141465
1231181 106735 m2 0.25965 -0.0859083 0.747507 0 0.0527961
1231181 720780 m2 0.01235 -0.0420326 0.278499 0 -0.0199564
1231181 552607 m2 0.0115 0.0376473 0.338578 0 -0.0356041
1231181 571072 m2 0.0205 -0.262388 0.271726 0 -0.00938507
1231181 623620 m2 0.03805 -0.0164857 0.43391 0 -0.0255108
1231181 240603 m2 0.04295 0.0452086 0.487603 0 0.0378001
1231181 625792 m2 0.0111 -0.183947 0.262323 0 0.0383403
1231181 542923 m2 0.0331 -0.178027 0.385795 0 -0.0435936
1231181 106729 m2 0.03795 -0.128917 0.538185 0 -0.0151154
1231181 237914 m2 0.13755 0.0503464 0.689002 0 0.016995
1231181 265616 m2 0.0548 -0.00944271 0.597521 0 0.0298438
1231181 179436 m2 0.2063 0.0194692 0.72948 0 0.01539
1231181 2923 m2 0.177 -0.024546 0.0408798 0 0.0412859
1231181 723383 m2 0.01945 0.150692 0.385824 0 0.00309105
1231181 638112 m2 0.05115 0.18346 0.527444 0 -0.0253294
1231181 738749 m2 0.0249 0.326301 0.416787 0 0.0377176
1231181 700270 m2 0.0431 0.230199 0.51936 0 -0.0190575
1231181 87620 m2 0.0747 0.159021 0.647529 0 -0.00614894
1231181 13167 m2 0.0535 -0.00357711 0.167914 0 -0.00932932
1231181 676827 m2 0.0125 -0.171478 0.262013 0 0.0226052
1231181 23018 m2 0.0674 0.0680666 0.614929 0 0.00228415
1231181 516850 m2 0.0175 0.32784 0.395007 0 0.000286361
1231181 459785 m2 0.03455 0.267975 0.458228 0 0.0381332
1231181 400855 m2 0.059 -0.0557738 0.519732 0 0.0250623
1231181 262852 m2 0.097 -0.0997108 0.571069 0 0.00542083
1231181 671582 m2 0.0264 -0.143549 0.396625 0 0.0197492
1231181 763921 m2 0.01005 0.0271434 0.379818 0 0.0278398
1231181 448148 m2 0.03305 0.13023 0.522964 0 -0.0193987
1231181 74998 m2 0.0674 0.0450341 0.55457 0 -0.0105096
1231181 710648 m2 0.01135 -0.191635 0.317001 0 0.0468766
1231181 402280 m2 0.01445 -0.0152129 0.351331 0 0.0403075
1231181 504747 m2 0.0771 -0.0578261 0.328486 0 0.0223965
1231181 110107 m2 0.04645 -0.0124668 0.178507 0 0.0283822
1231181 709276 m2 0.01235 -0.112807 0.378146 0 0.00951223
1231181 309613 m2 0.16295 0.0210869 0.73124 0 0.0121789
1231181 744688 m2 0.0174 0.20264 0.302881 0 -0.0534437
1231181 687590 m2 0.01775 0.164654 0.371435 0 0.0154372
1231181 255040 m2 0.02325 -0.118458 0.464173 0 0.0078756
1231181 495398 m2 0.02495 -0.0423258 0.414845 0 0.0244448
1231181 696941 m2 0.0206 0.121942 0.468292 0 0.027972
1231181 693989 m2 0.01675 -0.110455 0.445252 0 0.0193944
1231181 729352 m2 0.0106 -0.2419 0.281951 0 -0.00485589
1231181 726892 m2 0.02155 0.247645 0.383268 0 -0.00577885
1231181 327137 m2 0.06935 -0.188954 0.405452 0 -0.0139861
1231181 510554 m2 0.01525 -0.221364 0.304509 0 0.00451914
1231181 328570 m2 0.12515 0.0310483 0.61103 0 0.0422229
1231181 587955 m2 0.02115 0.128945 0.368919 0 -0.0395989
1231181 113399 m2 0.01415 -0.0792747 0.391419 0 0.0541129
1231181 703246 m2 0.01175 0.035004 0.387418 0 0.011787
1231181 49848 m2 0.1255 0.0230053 0.669617 0 0.0562859
1231181 540714 m2 0.04575 0.188749 0.508637 0 0.0309406
1231181 373767 m2 0.04425 0.0723997 0.558437 0 0.00724094
1231181 373766 m2 0.039 -0.0336534 0.14496 0 0.0246075
1231181 485891 m2 0.0458 -0.00755857 0.201166 0 0.0299682
1231181 664836 m2 0.03 -0.11777 0.446759 0 -0.0147529
1231181 2307 m2 0.07875 -0.0747323 -0.270562 0 0.0288391
1231181 577892 m2 0.02815 -0.313047 0.388979 0 -0.0389935
1231181 612925 m2 0.0406 0.188484 0.518971 0 -0.00229381
1231181 333000 m2 0.10465 -0.102786 0.655042 0 -0.0162654
1231181 480540 m2 0.03085 -0.163109 0.390503 0 0.00806566
1231181 657132 m2 0.01485 -0.0873577 0.112749 0 -0.0113805
1231181 651507 m2 0.01245 0.0939968 0.158549 0 -0.0503785
1231181 727943 m2 0.01315 0.149029 0.349266 0 0.00365555
1231181 621086 m2 0.04215 0.11091 0.186524 0 0.00252743
1231181 411083 m2 0.02625 -0.180033 0.0205141 0 -0.00107812
1231181 290376 m2 0.0195 -0.12962 0.123067 0 0.0483432
1231181 385727 m2 0.03805 0.192322 0.493295 0 0.0337895
1231181 447544 m2 0.0431 0.291066 0.534754 0 0.00576307
1231181 354198 m2 0.04235 0.0530788 0.479457 0 0.0655084
1231181 489401 m2 0.01785 -0.0584385 0.416822 0 -0.0338963
1231181 675687 m2 0.01925 0.280538 0.0749908 0 -0.0384525
1231181 470953 m2 0.0131 -0.0737479 0.381822 0 -0.00982426
1231181 422576 m2 0.0262 -0.146136 0.378591 0 -0.0106413
1231181 41572 m2 0.06165 -0.100816 0.182676 0 -0.00658697
1231181 251715 m2 0.0572 -0.0848162 0.204567 0 0.0276333
1231181 774728 m2 0.0108 -0.177733 0.229419 0 -0.0333078
1231181 504725 m2 0.04995 0.12869 0.57456 0 -0.0115227
1231181 715554 m2 0.01255 -0.0209604 0.346995 0 -0.00401899
1231181 330472 m2 0.10025 -0.077863 0.596106 0 0.0132443
1231181 204018 m2 0.04675 0.189479 0.308128 0 -0.0046697
1231181 535369 m2 0.0167 -0.00980027 0.137073 0 -0.0113741
1231181 696391 m2 0.0331 0.136324 0.541602 0 -0.0194455
1231181 683134 m2 0.01635 0.109342 0.446652 0 0.00920174
1231181 562225 m2 0.12035 0.0561843 0.535422 0 -0.0108843
1231181 135516 m2 0.24155 -0.0372152 -0.098915 0 -0.000345136
1231181 2792 m2 0.0449 -0.0508009 -0.658599 0 -0.013419
1231181 658779 m2 0.02765 -0.0203947 0.191596 0 -0.00819739
1231181 30042 m2 0.0436 -0.0374356 0.0265324 0 -0.0132739
1231181 231161 m2 0.0481 -0.0234225 0.47521 0 0.010266
1231181 45092 m2 0.03385 0.00113925 0.0310548 0 -0.0197478
1231181 739280 m2 0.01015 -0.132573 0.114786 0 -0.0253852
1231181 443146 m2 0.02275 -0.140628 0.11491 0 -0.0201905
1231181 349363 m2 0.0687 0.0330734 0.236947 0 0.00322872
1231181 277117 m2 0.0312 0.0482362 0.44691 0 0.0307217
1231181 513563 m2 0.0298 -0.0948804 0.134751 0 -0.0295261
1231181 202859 m2 0.14025 -0.0319334 0.211841 0 -0.00702738
1231181 707081 m2 0.02445 0.1512 0.166544 0 0.0191936
1231181 267799 m2 0.0859 -0.00634933 0.641306 0 0.0372454
1231181 300773 m2 0.01165 0.124602 0.145307 0 0.0337807
1231181 31360 m2 0.0761 -0.0129376 0.0204729 0 -0.0263525
1231181 420664 m2 0.03985 -0.0228651 0.256906 0 0.00855139
1231181 418497 m2 0.03595 -0.0413911 0.171832 0 0.0283262
1231181 95524 m2 0.0444 -0.02088 0.360364 0 0.0223324
1231181 748196 m2 0.0106 0.0192033 0.282974 0 0.0574646
1231181 324572 m2 0.0442 -0.0343501 0.0463192 0 0.00301147
1231181 177202 m2 0.09355 -0.0629178 0.0295179 0 -0.00158683
1231181 268087 m2 0.07875 0.0394049 0.209469 0 0.0355556
1231181 716566 m2 0.02365 0.121711 0.0499357 0 0.00200645
1231181 413224 m2 0.03665 -0.0149057 0.154753 0 0.0208822
1231181 783465 m2 0.0119 0.172749 0.419614 0 -0.0436899
1231181 491025 m2 0.03975 0.00606686 0.201079 0 -0.00877679
1231181 680705 m2 0.01655 0.043626 0.170557 0 0.0255934
1231181 416297 m2 0.05335 0.0557654 0.199788 0 0.000487613
1231181 625450 m2 0.0213 -0.121167 0.125472 0 0.0228973
1231181 612368 m2 0.01235 -0.120631 0.177455 0 0.0359328
1231181 559758 m2 0.05465 0.122022 0.186753 0 0.00712349
1231181 509125 m2 0.06615 -0.0523205 0.130979 0 -0.023311
1231181 758817 m2 0.0157 0.0546299 0.267727 0 -0.00377328
1231181 601788 m2 0.04285 -0.0755931 -0.055762 0 -0.00845524
1231181 731813 m2 0.0401 -0.0844789 0.414559 0 0.0116874
1231181 489934 m2 0.04315 -0.0620081 0.15925 0 0.0573051
1231181 635903 m2 0.0322 -0.0188763 0.494963 0 0.0281715
1231181 759106 m2 0.0202 -0.0236091 0.150454 0 -0.0102874
1231181 220671 m2 0.06335 0.171028 0.0227411 0 0.0567496
1231181 108669 m2 0.02865 -0.0258091 0.0208965 0 -0.00590905
1231181 712846 m2 0.0194 -0.0696429 0.362917 0 0.0320836
1231181 453446 m2 0.04025 0.129992 0.188987 0 0.000764559
1231181 115502 m2 0.1011 -0.0157779 0.0276539 0 -0.00780746
1231181 570471 m2 0.03005 0.0342777 0.174121 0 -0.0456619
1231181 601027 m2 0.01715 -0.0032486 -0.00419001 0 -0.0633745
1231181 803328 m2 0.0128 -0.210189 0.285203 0 -0.0163625
1231181 408313 m2 0.03825 -0.0568004 -0.112133 0 -0.0322025
1231181 269178 m2 0.04275 0.0408355 0.0174333 0 0.00362026
1231181 397810 m2 0.055 -0.0292833 0.21027 0 0.00195392
1231181 625741 m2 0.01045 0.040736 0.163868 0 -0.0249623
1231181 629915 m2 0.01865 0.0599139 0.0480139 0 -0.0414876
1231181 636134 m2 0.01845 0.272568 0.0384836 0 0.00571608
1231181 305962 m2 0.08275 0.000423352 0.214781 0 0.0664262
1231181 577580 m2 0.0801 0.00386793 0.085774 0 0.0222145
1231181 175334 m2 0.03825 0.00471075 0.153106 0 0.0180146
1231181 55732 m2 0.0374 0.136571 0.0114398 0 -0.0158516
1231181 44804 m2 0.03965 -0.017328 -0.121009 0 0.0271799
1231181 113055 m2 0.0367 0.0242967 0.0166234 0 -0.0163199
1231181 537622 m2 0.02385 -0.050479 0.152986 0 0.0105172
1231181 253880 m2 0.17155 0.104995 0.642782 0 0.0519312
1231181 435232 m2 0.029 0.0905841 0.175296 0 -0.010337
1231181 487209 m2 0.0234 0.227627 0.356997 0 0.0394198
1231181 153818 m2 0.01885 -0.147238 0.0559208 0 0.0385682
1231181 188375 m2 0.0163 -0.192823 0.0292967 0 -0.0232993
1231181 348791 m2 0.0241 -0.0841781 0.192679 0 0.0179903
1231181 382572 m2 0.01285 0.174902 0.0139183 0 -0.010002
1231181 769930 m2 0.0252 -0.163564 0.0401993 0 0.00659046
1231181 42617 m2 0.07405 0.0407481 0.112514 0 0.0163266
1231181 489647 m2 0.01505 0.100506 0.142198 0 0.0565374
1231181 454296 m2 0.03805 -0.0609537 0.150564 0 0.0436422
1231181 342061 m2 0.02865 -0.157038 0.0109186 0 0.0159596
1231181 420101 m2 0.01655 0.183108 0.00992314 0 0.0477463
1231181 217403 m2 0.0204 0.133569 0.0294466 0 0.0466507
1231181 714183 m2 0.0149 0.0668453 0.129673 0 0.0607357
1231181 440696 m2 0.05625 0.0483483 0.0483129 0 0.0133815
1231181 777446 m2 0.0105 -0.0306565 0.137931 0 -0.0306464
1231181 566085 m2 0.01985 -0.247679 0.208711 0 0.0218928
1231181 193760 m2 0.0821 0.00718294 -0.533479 0 0.00133378
1231181 137217 m2 0.0284 0.00080719 -0.00992986 0 0.00295498
1231181 595786 m2 0.0314 -0.147467 0.0211761 0 0.01189
1231181 384559 m2 0.07205 0.0458828 0.0160644 0 0.0014703
1231181 578141 m2 0.03875 0.0649707 0.000847286 0 -0.00974757
1231181 691654 m2 0.0128 -0.179512 -0.000254334 0 0.0268166
1231181 518206 m2 0.01115 0.00155139 -0.0104673 0 -0.05282
1231181 573501 m2 0.02515 0.163581 0.459528 0 -0.0354371
1231181 667915 m2 0.0119 -0.131502 0.168692 0 -0.00250729
1231181 335766 m2 0.0736 -0.0434525 0.358629 0 0.024685
1231181 221192 m2 0.07645 -0.153087 0.052767 0 0.00458683
1231181 675966 m2 0.01155 0.159562 0.147749 0 -0.0199518
1231181 479122 m2 0.0199 -0.0907117 0.153512 0 0.00108516
1231181 736744 m2 0.01995 0.000391193 0.143798 0 -0.0386977
1231181 363241 m2 0.0567 -0.0495666 0.0335086 0 0.0346394
1231181 378142 m2 0.052 -0.0143469 -0.158667 0 0.0210952
1231181 459425 m2 0.0911 -0.0762676 0.0367453 0 0.0140258
1231181 598855 m2 0.02775 -0.0381898 0.152572 0 -0.0238694
1231181 333502 m2 0.1085 -0.0347092 0.0302956 0 0.00308188
1231181 781529 m2 0.01385 -0.130606 0.0240361 0 0.0958985
1231181 721423 m2 0.0159 0.186002 -0.0944912 0 0.00774242
1231181 210418 m2 0.0362 -0.007783 -0.114619 0 -0.0123291
1231181 613939 m2 0.0196 0.245104 0.0499765 0 -0.0394466
1231181 212069 m2 0.1006 0.0281914 -0.160997 0 0.00990922
1231181 581495 m2 0.0165 -0.152912 0.0211284 0 -0.00495336
1231181 455653 m2 0.0362 -0.0028583 -0.00507295 0 0.0138687
1231181 618017 m2 0.0238 0.0178904 0.0508885 0 0.0194486
1231181 407522 m2 0.03015 -0.0626578 0.0192417 0 -0.00745781
1231181 486094 m2 0.047 0.132961 0.0338397 0 -0.0286924
1231181 260006 m2 0.0219 -0.137084 0.0755317 0 0.0351075
1231181 418740 m2 0.1099 0.0586232 0.037759 0 0.00488882
1231181 625968 m2 0.0102 -0.144656 0.0333913 0 0.0334087
1231181 271886 m2 0.0138 -0.10499 -0.101112 0 -0.020854
1231181 774955 m2 0.0115 -0.0694352 0.11585 0 0.0513266
1231181 165628 m2 0.01355 -0.11053 0.0333726 0 -0.0149578
1231181 538689 m2 0.0119 -0.135141 0.0362696 0 0.0464258
1231181 45861 m2 0.14685 0.0392707 -0.623734 0 -0.0149257
1231181 92133 m2 0.0335 -0.0152699 0.00193674 0 -0.0379623
1231181 708630 m2 0.01445 0.159635 0.0313885 0 -0.0150558
1231181 429728 m2 0.04305 0.0664504 0.0569363 0 0.00151013
1231181 127309 m2 0.09195 0.0255373 -0.179122 0 -0.0145698
1231181 374823 m2 0.0268 -0.0701559 0.0184117 0 -0.0258839
1231181 394211 m2 0.058 -0.0780364 0.021739 0 0.00651705
1231181 526413 m2 0.0259 0.293893 0.036608 0 0.00623106
1231181 501357 m2 0.04825 -0.15361 0.0288503 0 0.017545
1231181 766424 m2 0.011 -0.142024 0.0156338 0 -0.00894045
1231181 673679 m2 0.01065 0.0823426 5.31235e-05 0 -0.0272429
1231181 774394 m2 0.01075 -0.200701 -0.00106335 0 -0.0166193
1231181 646159 m2 0.02335 0.253517 0.0194796 0 0.00449575
1231181 451190 m2 0.02985 0.0353504 0.0523555 0 0.00498777
1231181 142196 m2 0.10385 0.0283242 -0.0303704 0 0.022047
1231181 785579 m2 0.01535 0.267825 0.0563425 0 0.0229419
1231181 148234 m2 0.02085 0.106535 0.392504 0 0.0130213
1231181 486629 m2 0.0136 -0.112121 -0.0126024 0 -0.0230896
1231181 519290 m2 0.0189 0.0778281 -0.117519 0 -0.0376218
1231181 622414 m2 0.01695 0.0824902 -0.00490803 0 -0.0142913
1231181 525367 m2 0.0211 0.0976477 0.00531787 0 -0.0223372
1231181 705842 m2 0.0129 -0.00795856 -0.103326 0 -0.000600897
1231181 515643 m2 0.01755 0.259833 -0.00356823 0 -0.0366488
1231181 413415 m2 0.0127 -0.0215512 0.0237477 0 0.00207692
1231181 194530 m2 0.04615 0.00797673 -0.144082 0 -0.0614831
1231181 524820 m2 0.0116 0.0243336 0.0243521 0 0.0390285
1231181 379522 m2 0.02605 -0.133432 0.0323915 0 0.0072229
1231181 582015 m2 0.05265 -0.0692666 0.025804 0 -0.00504658
1231181 122712 m2 0.06385 0.178071 -0.638901 0 -0.0212446
1231181 685358 m2 0.01545 -0.0213182 0.00349986 0 -0.0508702
1231181 31867 m2 0.0423 0.194789 -0.571474 0 -0.0333705
1231181 429978 m2 0.02705 -0.15112 -0.112811 0 -0.0555635
1231181 693648 m2 0.022 0.0844724 0.0488526 0 0.00237818
1231181 490174 m2 0.0318 0.0779377 0.0305607 0 0.0131209
1231181 761539 m2 0.02475 -0.193445 0.0240522 0 0.0241268
1231181 639629 m2 0.01465 -0.131858 0.0255797 0 0.0195743
1231181 728693 m2 0.0125 -0.1223 -0.000591767 0 -0.0288354
1231181 618560 m2 0.0141 -0.0812451 0.0164729 0 -0.00658118
1231181 606179 m2 0.0299 0.0550877 0.0461735 0 -0.0202717
1231181 617242 m2 0.03575 -0.0330252 -0.0857661 0 -0.0274783
1231181 731456 m2 0.0102 0.00202364 0.0196304 0 0.0327931
1231181 775466 m2 0.01065 -0.0675973 0.000854767 0 -0.0149883
1231181 284228 m2 0.053 0.121473 -0.12146 0 0.0155186
1231181 403368 m2 0.02255 0.185729 0.0300795 0 0.0263461
1231181 547828 m2 0.0427 0.0945323 0.0182294 0 0.00553516
1231181 643404 m2 0.0106 -0.184419 0.0213752 0 -0.0167609
1231181 52939 m2 0.02655 0.0627551 -0.598137 0 0.00357558
1231181 567678 m2 0.0238 -0.0535594 0.0200068 0 0.0221241
1231181 671772 m2 0.0132 -0.108132 0.0293992 0 0.00509528
1231181 230253 m2 0.0295 -0.127737 -0.143154 0 -0.0131001
1231181 601473 m2 0.02095 0.145623 -0.12394 0 -0.0310229
1231181 176336 m2 0.09395 -0.0151778 -0.394692 0 -0.0239471
1231181 429447 m2 0.06245 -0.0817749 -0.559086 0 -0.0226365
1231181 196466 m2 0.01315 -0.105622 0.156279 0 0.0321158
1231181 688659 m2 0.01655 0.276944 0.0116647 0 0.0251283
1231181 173602 m2 0.01805 0.0517721 0.0432329 0 0.0135278
1231181 689469 m2 0.0157 0.0385234 0.0250523 0 0.0380526
1231181 600957 m2 0.05615 -0.096074 0.0257193 0 0.0526675
1231181 186655 m2 0.0395 -0.0661339 -0.466293 0 -0.00111932
1231181 742119 m2 0.01665 -0.121168 0.00901337 0 -0.0409356
1231181 217063 m2 0.02825 0.229296 0.031185 0 0.0163123
1231181 164740 m2 0.04315 -0.0142228 -0.139073 0 -0.0222569
1231181 652531 m2 0.01045 0.0244585 -0.00329231 0 -0.00690574
1231181 707788 m2 0.018 0.06648 -0.120434 0 0.0298965
1231181 245434 m2 0.02145 0.091789 -0.534719 0 -0.0165129
1231181 702083 m2 0.02025 -0.210709 0.010218 0 -0.0204148
1231181 549501 m2 0.0236 0.0173128 0.0129377 0 0.0436138
1231181 153503 m2 0.01015 0.153673 -0.112705 0 0.0435166
1231181 670342 m2 0.02695 0.0123437 0.0129239 0 0.00493194
1231181 394756 m2 0.01205 -0.0186245 -0.117118 0 -0.0287401
1231181 505459 m2 0.032 -0.0378898 -0.125034 0 -0.0112333
1231181 676452 m2 0.01705 0.142064 -0.0958676 0 0.00135589
1231181 405262 m2 0.034 -0.0323581 -0.126029 0 0.00487653
1231181 551939 m2 0.012 -0.195579 0.0342738 0 0.0177587
1231181 165331 m2 0.06825 0.0993579 0.0298208 0 0.0204337
1231181 303449 m2 0.0182 0.0466894 0.0335515 0 -0.0126872
1231181 35643 m2 0.01635 -0.0665382 -0.44076 0 -0.0308851
1231181 230802 m2 0.0576 0.0649506 -0.481625 0 -0.0209568
1231181 393110 m2 0.04485 0.207384 0.0165475 0 0.017906
1231181 506853 m2 0.05 -0.14535 0.0188999 0 -0.0323276
1231181 594708 m2 0.0336 0.0754855 -0.129047 0 -0.00812444
1231181 724991 m2 0.01255 0.0675231 0.0430472 0 0.0168322
1231181 238356 m2 0.0268 -0.0448154 -0.139859 0 0.00233904
1231181 307852 m2 0.077 0.128808 0.059732 0 0.0484936
1231181 501324 m2 0.0264 0.030187 -0.155713 0 0.0425744
1231181 704514 m2 0.0327 -0.122595 -0.216841 0 0.0279838
1231181 24866 m2 0.0487 -0.0706675 -0.497889 0 0.00887696
1231181 36503 m2 0.0338 -0.0450526 -0.427911 0 -0.00783785
1231181 652808 m2 0.0143 -5.84442e-18 -0.113139 0 0.0138386
1231181 461014 m2 0.0162 0.000675853 -0.453508 0 -0.0209726
1231181 666392 m2 0.02475 -0.0828518 -0.105065 0 -0.00233638
1231181 598502 m2 0.01205 -0.205362 0.0317002 0 0.0161909
1231181 723868 m2 0.0139 0.0313934 0.0446036 0 0.0257074
1231181 265730 m2 0.0354 -0.163346 -0.461005 0 0.00601042
1231181 313879 m2 0.0192 -0.127288 -0.0923194 0 0.0465746
1231181 231081 m2 0.021 -0.0714589 -0.172825 0 -0.0400556
1231181 292697 m2 0.06405 0.113627 -0.0971543 0 0.0106807
1231181 753636 m2 0.0124 0.183391 0.027814 0 0.0415639
1231181 488516 m2 0.0125 0.0959679 -0.119032 0 -0.0130609
1231181 559130 m2 0.0332 -0.186721 0.0368434 0 0.00856378
1231181 718966 m2 0.01145 0.158499 0.037117 0 -0.0119663
1231181 230492 m2 0.03165 -0.0110846 -0.213235 0 0.0618729
1231181 720891 m2 0.01315 0.0603353 -0.356002 0 -0.0431324
1231181 186642 m2 0.0434 0.296077 -0.581153 0 -0.0287614
1231181 46381 m2 0.02435 0.115848 -0.479188 0 0.00168542
1231181 668651 m2 0.01705 -0.118117 0.125787 0 -0.00260475
1231181 197857 m2 0.05135 -0.00741332 -0.49403 0 0.000605908
1231181 746780 m2 0.01115 -0.121067 -0.0905727 0 0.0457337
1231181 489573 m2 0.02145 0.106096 -0.121923 0 -0.0477631
1231181 581707 m2 0.04655 -0.0599931 -0.110262 0 -0.0346118
1231181 403620 m2 0.01945 0.0681507 -0.120496 0 0.00160218
1231181 312234 m2 0.01505 0.12648 -0.442255 0 -0.00351624
1231181 667858 m2 0.0201 0.101639 0.0292168 0 -0.00771978
1231181 167769 m2 0.07585 0.00833367 -0.16499 0 0.00334312
1231181 745130 m2 0.0131 0.0913858 -0.121353 0 -0.0263786
1231181 453640 m2 0.03695 -0.0271411 -0.525548 0 -0.00507435
1231181 651387 m2 0.01045 -0.0659144 -0.102162 0 -0.00160369
1231181 691068 m2 0.0258 -0.0643979 0.0321536 0 0.0282514
1231181 426738 m2 0.0222 0.0420858 0.015827 0 -0.0374492
1231181 97013 m2 0.06135 0.0704981 -0.698439 0 -0.00872951
1231181 716481 m2 0.0145 0.0301289 -0.363699 0 0.0578939
1231181 697343 m2 0.0253 -0.0939837 -0.104048 0 0.0203813
1231181 310004 m2 0.06295 -0.0272924 -0.570952 0 -0.0171642
1231181 109948 m2 0.0617 0.163564 -0.709961 0 -0.00415357
1231181 625087 m2 0.0174 -0.229705 -0.407666 0 -0.014957
1231181 93126 m2 0.0297 -0.0388857 -0.447159 0 -0.0413086
1231181 762948 m2 0.01325 -0.0852404 -0.104012 0 0.0335982
1231181 405772 m2 0.01655 0.0932179 -0.105013 0 0.00954969
1231181 692755 m2 0.0225 -0.0422692 -0.117548 0 0.0479548
1231181 298686 m2 0.02475 0.0868494 -0.474023 0 0.0179751
1231181 167470 m2 0.03695 0.0500576 -0.537764 0 0.00316886
1231181 359619 m2 0.02155 -0.134095 -0.353775 0 -0.045501
1231181 629267 m2 0.02545 0.164241 0.0133001 0 -0.0291269
1231181 648368 m2 0.03305 0.0683685 -0.118356 0 0.0199038
1231181 127786 m2 0.01345 0.247554 -0.312925 0 0.00589209
1231181 175473 m2 0.0627 0.0815093 -0.607616 0 0.010451
1231181 757981 m2 0.01245 0.153017 -0.088298 0 -0.0351555
1231181 764645 m2 0.0105 -0.0705834 -0.342985 0 0.00811272
1231181 327241 m2 0.08705 0.0925283 -0.671279 0 -0.0194894
1231181 533659 m2 0.0158 -0.244487 -0.37777 0 -0.00902201
1231181 223618 m2 0.0225 0.0550766 -0.466218 0 -0.0341759
1231181 667539 m2 0.01915 0.18074 -0.121617 0 0.0441039
1231181 359614 m2 0.02525 -0.00277634 -0.536683 0 -0.0104193
1231181 398804 m2 0.11165 0.0522398 -0.77515 0 -0.0178317
1231181 774616 m2 0.01445 0.250355 -0.0530216 0 -0.00940643
1231181 529376 m2 0.01055 -0.0448005 -0.294347 0 0.0093454
1231181 390615 m2 0.0351 -0.026207 -0.453408 0 -0.0613877
1231181 370603 m2 0.0461 0.0232512 -0.595909 0 -0.0224468
1231181 465366 m2 0.0176 -0.0800683 -0.413663 0 -0.0311066
1231181 522888 m2 0.02115 0.243516 0.0378209 0 0.0256317
1231181 582800 m2 0.0602 -0.0655234 0.0176592 0 0.0388384
1231181 680049 m2 0.02295 -0.19746 -0.40005 0 0.00621188
1231181 211701 m2 0.068 -0.0658562 -0.528934 0 -0.0129393
1231181 615515 m2 0.01535 0.0731946 -0.413197 0 -0.0183447
1231181 604761 m2 0.01325 0.188787 -0.531355 0 -0.00237533
1231181 530773 m2 0.01835 -0.169317 -0.383312 0 -0.0665186
1231181 256050 m2 0.01345 0.0813459 -0.371555 0 -0.0429627
1231181 685021 m2 0.0106 -0.0676988 -0.423974 0 -0.0515814
1231181 538313 m2 0.03945 -0.226258 -0.446735 0 0.0273484
1231181 718649 m2 0.01065 0.336288 -0.377756 0 -0.0159123
1231181 405756 m2 0.1061 -0.123472 -0.62177 0 0.00719056
1231181 514554 m2 0.0626 0.0184989 -0.556404 0 0.00527175
1231181 166654 m2 0.1805 0.089816 -0.756689 0 -0.013278
1231181 213376 m2 0.11 -0.000672616 -0.666778 0 -0.0138237
1231181 507334 m2 0.0366 0.0300773 -0.463294 0 -0.0297831
1231181 656441 m2 0.0158 0.189556 -0.562721 0 0.0185193
1231181 439232 m2 0.0115 -0.0130536 -0.421727 0 -0.0150653
1231181 609996 m2 0.02345 -0.213351 -0.385641 0 -0.0227603
1231181 663892 m2 0.0201 -0.0647454 -0.451937 0 -0.00257413
1231181 735525 m2 0.01605 -0.0102593 -0.096671 0 0.0489912
1231181 385881 m2 0.0537 0.328817 -0.472564 0 -0.0274529
1231181 703647 m2 0.0127 -0.0713669 -0.329756 0 0.0215577
1231181 204742 m2 0.0698 -0.0607192 -0.687186 0 -0.0187161
1231181 634397 m2 0.0314 0.32047 -0.404666 0 0.0300908
1231181 521732 m2 0.0128 0.213687 -0.444723 0 -0.0273696
1231181 755170 m2 0.01185 0.169943 -0.36281 0 0.0282216
1231181 399313 m2 0.01285 -0.0793398 -0.305845 0 -0.0333371
1231181 718645 m2 0.02015 0.0314681 -0.55176 0 0.00288966
1231181 270727 m2 0.0344 -0.037026 -0.674079 0 -0.029706
1231181 281138 m2 0.01765 0.0344924 -0.432222 0 0.00242868
1231181 299249 m2 0.0418 0.121111 -0.523779 0 0.0181452
1231181 736366 m2 0.017 -0.144074 -0.378809 0 0.00591308
1231181 583867 m2 0.03215 0.205468 0.0173183 0 -0.00886196
1231181 324174 m2 0.02485 -0.0279773 -0.488771 0 0.0145592
1231181 619847 m2 0.05725 -0.0445222 -0.538241 0 0.0106794
1231181 368614 m2 0.08315 0.00953518 -0.759061 0 -0.0329738
1231181 673866 m2 0.024 -0.185593 -0.388045 0 0.00606749
1231181 676906 m2 0.0153 -0.0161142 -0.480217 0 -0.0118878
1231181 785242 m2 0.0106 -0.0743681 -0.204373 0 -0.0193825
1231181 334774 m2 0.0493 -0.133305 -0.470468 0 -0.0256904
1231181 738591 m2 0.01045 0.166225 -0.317231 0 -0.0327835
1231181 738590 m2 0.01155 0.201716 -0.109425 0 -0.0309721
1231181 714035 m2 0.0132 -0.190868 -0.357078 0 -0.0250532
1231181 363433 m2 0.04905 0.209496 -0.654685 0 0.0184421
1231181 489812 m2 0.04105 -0.0195021 -0.646914 0 -0.0229598
1231181 358765 m2 0.0297 0.25019 -0.399606 0 -0.0404009
1231181 320097 m2 0.03085 -0.116958 -0.465853 0 -0.0146804
1231181 690734 m2 0.013 -0.0300991 -0.369888 0 0.0442481
1231181 510404 m2 0.07405 -0.0774001 -0.542509 0 -0.00638069
1231181 229080 m2 0.05325 -0.117465 -0.558634 0 -0.063562
1231181 682452 m2 0.02155 -0.13578 -0.456307 0 -0.0208117
1231181 728336 m2 0.0115 0.00320236 -0.297195 0 0.0280255
1231181 365843 m2 0.014 -0.0351244 -0.363566 0 0.0350663
1231181 658125 m2 0.03375 -0.0914052 -0.489556 0 -0.0149684
1231181 292640 m2 0.09455 0.0563786 -0.643276 0 -0.00132945
1231181 238010 m2 0.1672 0.0918565 -0.703879 0 -0.0237172
1231181 707245 m2 0.01495 0.125903 -0.340151 0 0.00467507
1231181 150372 m2 0.20955 0.0402015 -0.816859 0 -0.0345735
1231181 727554 m2 0.0143 -0.244897 -0.378023 0 0.00981665
1231181 609976 m2 0.024 0.23218 -0.407651 0 -0.000444254
1231181 228518 m2 0.0607 0.0318974 -0.627484 0 -0.0467146
1231181 682148 m2 0.02725 0.243412 -0.572351 0 -0.0464381
1231181 401237 m2 0.01835 0.141481 -0.319153 0 0.0110704
1231181 574207 m2 0.05585 -0.0186599 -0.162041 0 0.014232
1231181 532744 m2 0.023 -0.218548 -0.431148 0 0.0335427
1231181 269315 m2 0.0765 -0.054772 -0.121368 0 -0.0450514
1231181 379723 m2 0.09835 0.0935322 -0.607079 0 -0.0372663
1231181 461228 m2 0.02385 -0.219394 -0.375483 0 -0.0261869
1231181 515076 m2 0.08225 0.118599 -0.645603 0 0.0168255
1231181 716165 m2 0.02005 0.224042 -0.280673 0 -0.00336643
1231181 283891 m2 0.01635 -0.0479144 -0.414754 0 -0.0413507
1231181 491163 m2 0.0395 0.0726648 -0.524699 0 0.020882
1231181 718394 m2 0.0186 -0.131583 -0.399211 0 -0.00811544
1231181 716746 m2 0.01995 -0.0848076 -0.34938 0 -0.0371913
1231181 582696 m2 0.01375 0.0324893 -0.342882 0 0.0235592
1231181 545834 m2 0.04315 0.0112822 -0.182761 0 -0.0384748
1231181 331422 m2 0.07085 0.0762364 -0.626467 0 -0.025085
1231181 429889 m2 0.05595 0.0245225 -0.604366 0 -0.0129501
1231181 564522 m2 0.0375 -0.116513 -0.503316 0 0.00120231
1231181 745082 m2 0.01105 0.20787 -0.268125 0 -0.00934352
1231181 501532 m2 0.01315 0.00383648 -0.492693 0 -0.0172889
1231181 678582 m2 0.03095 0.198239 -0.439223 0 0.0184576
1231181 384978 m2 0.0152 0.128121 -0.507759 0 -0.0298514
1231181 627265 m2 0.01795 -0.0942944 -0.410356 0 -0.00205683
1231181 258003 m2 0.0317 -0.0107777 -0.213612 0 -0.0764492
1231181 593223 m2 0.0169 0.112871 -0.464958 0 0.0143469
1231181 568114 m2 0.0137 0.00616654 -0.324658 0 0.0325519
1231181 718383 m2 0.01435 0.109808 -0.447898 0 -0.00661481
1231181 527137 m2 0.01625 0.0729055 -0.437972 0 -0.0140748
1231181 687965 m2 0.0124 0.18775 -0.25322 0 -0.00427148
1231181 738797 m2 0.0127 -0.169611 -0.359438 0 0.00330818
1231181 542735 m2 0.02975 0.133002 -0.464921 0 -0.0204006
1231181 262107 m2 0.02225 -0.296944 -0.378878 0 -0.0311877
1231181 484912 m2 0.02705 0.0561629 -0.523579 0 -0.0441415
1231181 418069 m2 0.03165 0.1245 -0.521714 0 -0.0316247
1231181 347237 m2 0.03355 -0.110008 -0.458044 0 -0.0195454
1231181 638745 m2 0.02195 0.190996 -0.301518 0 0.0636823
1231181 636534 m2 0.0168 0.237231 -0.446811 0 0.00657206
1231181 675794 m2 0.0186 -0.205355 -0.39787 0 -0.00493162
1231181 784135 m2 0.01375 -0.191114 -0.199163 0 0.0169167
1231181 694864 m2 0.0138 -0.187312 -0.242788 0 0.0326176
1231181 741770 m2 0.01235 0.349894 -0.368726 0 -0.00143735
1231181 768228 m2 0.01165 0.326224 -0.319572 0 0.0683077
1231181 666060 m2 0.0178 0.0800315 -0.309153 0 0.0645792
1231181 755737 m2 0.0117 0.312174 -0.273272 0 0.0732526
1231181 570064 m2 0.01165 0.0692428 -0.280931 0 -0.0450991
1231181 366874 m2 0.06015 -0.0380401 -0.604174 0 -0.0313599
1231181 757662 m2 0.0184 0.100812 -0.283435 0 0.0425249
1231181 369130 m2 0.03915 0.0101928 -0.410027 0 0.00484034
1231181 409514 m2 0.0379 0.185331 -0.569961 0 0.00391798
1231181 623681 m2 0.02195 -0.222419 -0.387975 0 -0.0468084
1231181 407103 m2 0.0382 0.0386496 -0.518534 0 -0.040669
1231181 618170 m2 0.0728 -0.0110804 -0.578134 0 -0.0491328
1231181 444628 m2 0.0324 0.206887 -0.476343 0 -0.062702
1231181 699756 m2 0.01455 -0.201382 -0.327828 0 -0.00923558
1231181 542200 m2 0.02565 0.0344179 -0.385887 0 0.0112792
1231181 557173 m2 0.0203 0.0735023 -0.484407 0 -0.0269121
1231181 789027 m2 0.0137 0.321036 -0.40212 0 -0.026765
1231181 399585 m2 0.0265 -0.0647909 -0.431235 0 -0.0132109
1231181 556876 m2 0.02705 -0.190477 -0.453623 0 -0.0262432
1231181 758982 m2 0.0105 0.249239 -0.33283 0 0.0153745
1231181 570615 m2 0.0939 0.119002 -0.654953 0 -0.0060649
1231181 416680 m2 0.01045 -0.0573527 -0.374498 0 0.00382265
1231181 666626 m2 0.01815 -0.10837 -0.399914 0 -0.0293571
1231181 754637 m2 0.01145 -0.00935724 -0.341818 0 -0.0519227
1231181 730783 m2 0.01775 0.178619 -0.484575 0 -0.0175159
1231181 570568 m2 0.0175 -0.266196 -0.317653 0 0.0148857
1231181 739425 m2 0.01145 -0.147357 -0.240613 0 0.0304495
1231181 768459 m2 0.0108 -0.0233381 -0.414233 0 0.0256949
1231181 625563 m2 0.051 -0.179127 -0.467143 0 0.00269584
1231181 577703 m2 0.0473 -0.199059 -0.45375 0 -0.0527784
1231181 497320 m2 0.0224 0.19205 -0.304087 0 -0.0297149
1231181 699201 m2 0.01375 -0.0815405 -0.475033 0 -0.0286441
1231181 726963 m2 0.0197 -0.00511192 -0.477252 0 0.000570714
1231181 682693 m2 0.02155 -0.214145 -0.310125 0 -0.0517945
1231181 660587 m2 0.04985 -0.0515223 -0.567806 0 -0.0322991
1231181 588617 m2 0.0266 -0.0739073 -0.53713 0 0.00423039
1231181 722388 m2 0.017 0.0843003 -0.447854 0 -0.0372316
1231181 779202 m2 0.01365 -0.16038 -0.346051 0 0.00400993
1231181 746691 m2 0.0124 -0.193581 -0.298099 0 0.00157044
1231181 752684 m2 0.01185 0.248842 -0.458781 0 -0.0228239
1231181 739373 m2 0.01095 0.358844 -0.403338 0 -0.0358564
