seed mutID muttype p cor_sal cor_temp mutSalEffect mutTempEffect
1231211 323009 m2 0.0278 0.0497974 0.512637 0.0326437 0
1231211 6782 m2 0.01105 0.237886 0.461634 0 -0.026867
1231211 32809 m2 0.0594 0.178877 0.552604 0.00634459 0
1231211 661179 m2 0.0354 0.0335019 0.461079 -0.00998218 0
1231211 655873 m2 0.0125 -0.166159 0.351022 0 0.0567188
1231211 247396 m2 0.07045 -0.17316 0.443568 0 -0.0224096
1231211 518936 m2 0.01515 -0.145463 0.345403 -0.0284353 0
1231211 775787 m2 0.01055 -0.175249 0.222423 -0.0114207 0
1231211 588976 m2 0.01985 0.187215 0.513494 -0.0612889 0
1231211 203903 m2 0.02715 -0.216875 0.379942 0 -0.00515434
1231211 294885 m2 0.0159 0.301582 0.354335 0 -0.0331203
1231211 655016 m2 0.01885 -0.102291 0.385209 0 -0.0467657
1231211 256007 m2 0.0661 0.0255926 0.574805 -0.0140569 0
1231211 12776 m2 0.03135 -0.0477668 0.473601 0 -0.036739
1231211 222960 m2 0.05335 0.126553 0.586096 0 0.047172
1231211 630927 m2 0.0207 0.0315934 0.545503 0 0.0412488
1231211 69081 m2 0.01785 -0.164827 0.380768 0 -0.0355593
1231211 639156 m2 0.0182 0.252513 0.434189 0 0.0219129
1231211 376638 m2 0.06325 -0.078741 0.61555 0.0137119 0
1231211 409000 m2 0.06415 -0.0243479 0.491674 0 -0.0473204
1231211 187091 m2 0.07795 -0.216559 0.42801 -0.107964 0
1231211 459221 m2 0.0131 -0.243486 0.208042 -0.081705 0
1231211 629247 m2 0.0227 -0.0104492 0.398848 0 -0.0164211
1231211 635114 m2 0.01255 0.0384814 0.294451 0.0404124 0
1231211 175592 m2 0.03515 0.200282 0.531661 0.0601994 0
1231211 25005 m2 0.10395 0.0329694 0.691712 0 0.0402741
1231211 126 m2 0.11875 0.106814 -0.00350379 0 -0.0383285
1231211 628706 m2 0.0597 -0.229818 0.348175 -0.0459972 0
1231211 700382 m2 0.0274 0.236352 0.455918 0 0.0561212
1231211 1038 m2 0.0764 -0.00460681 0.564899 -0.00102915 0
1231211 330868 m2 0.05115 0.261815 0.529383 0.0525284 0
1231211 600104 m2 0.04065 -0.226572 0.37155 -0.0455208 0
1231211 134511 m2 0.0994 0.124632 0.607873 0.000186154 0
1231211 402374 m2 0.0198 -0.0159593 0.389748 0.0163666 0
1231211 771691 m2 0.0199 0.310192 0.381095 0 -0.00224361
1231211 13276 m2 0.0195 0.305654 0.524013 0.047726 0
1231211 549469 m2 0.04985 -0.0372264 0.508026 -0.0451928 0
1231211 719556 m2 0.01375 0.199017 0.358997 -0.0116867 0
1231211 653664 m2 0.01415 0.243009 0.384345 0.00296752 0
1231211 781296 m2 0.0132 -0.255673 0.317362 -0.016861 0
1231211 545925 m2 0.02135 0.00467146 0.433994 0 -0.014269
1231211 20185 m2 0.03295 -0.0463479 0.404496 0 -0.00320429
1231211 675785 m2 0.0356 0.0280583 0.468774 0 -0.0131231
1231211 430135 m2 0.0583 0.283445 0.56667 0.0355489 0
1231211 763480 m2 0.02655 -0.197173 0.365837 0 0.00403116
1231211 162558 m2 0.1222 -0.0166217 0.695291 0 0.0678897
1231211 466685 m2 0.01715 0.278703 0.39495 0.0324808 0
1231211 363678 m2 0.01835 0.356292 0.377741 0 -0.0519102
1231211 430977 m2 0.0209 -0.179802 0.34401 0 -0.0303916
1231211 208752 m2 0.0219 -0.237283 0.275654 0 -0.0121622
1231211 5116 m2 0.0398 -0.219101 0.523952 -0.0147853 0
1231211 707892 m2 0.01615 0.0975752 0.387177 0 0.0475478
1231211 532362 m2 0.01625 -0.241935 0.332569 -0.0562329 0
1231211 15446 m2 0.05675 0.0180848 0.54063 0.0326845 0
1231211 546730 m2 0.02225 -0.267324 0.259861 -0.0569184 0
1231211 214794 m2 0.1281 0.129949 0.709683 0 0.0144482
1231211 241195 m2 0.05235 -0.0114606 0.539344 0 0.00251977
1231211 706194 m2 0.0205 0.199533 0.435867 0 -0.0884943
1231211 421053 m2 0.09135 -0.203841 0.434016 -0.124951 0
1231211 109576 m2 0.11465 -0.107768 0.619375 0 0.00844136
1231211 69065 m2 0.01645 0.246368 0.394236 0.0717593 0
1231211 692899 m2 0.0101 -0.108133 0.309104 0 -0.0866479
1231211 706782 m2 0.01715 -0.0513106 0.412372 0 -0.0186728
1231211 539194 m2 0.0101 -0.153394 0.380461 0 0.018748
1231211 526557 m2 0.01645 -0.00103223 0.263392 0 -0.00943366
1231211 27439 m2 0.1455 0.000112445 0.585973 0 0.0937282
1231211 521615 m2 0.03705 0.0911341 0.542317 0.0181717 0
1231211 24449 m2 0.03855 -0.102471 0.126744 -0.0386712 0
1231211 693936 m2 0.01275 -0.259662 0.312575 -0.0581618 0
1231211 764591 m2 0.01395 0.00654044 0.407166 0.00170421 0
1231211 270105 m2 0.08055 0.0468104 0.69749 -0.00808795 0
1231211 756307 m2 0.03 -0.253655 0.333153 0 0.0292118
1231211 246064 m2 0.08315 0.0448092 0.698309 -0.00180347 0
1231211 45375 m2 0.14365 0.26492 0.663602 0.0474154 0
1231211 686378 m2 0.0131 -0.221937 0.326581 -0.00836298 0
1231211 599549 m2 0.01315 0.239077 0.448288 0.0148996 0
1231211 271691 m2 0.05715 -0.160642 0.456492 0 -0.0119271
1231211 289715 m2 0.09425 -0.148634 0.703003 0 0.0733084
1231211 215393 m2 0.0124 -0.178627 0.205482 -0.0277197 0
1231211 588671 m2 0.0833 0.131926 0.650328 -0.00563829 0
1231211 393837 m2 0.0311 -0.14631 0.559054 0 0.104311
1231211 377165 m2 0.02535 -0.299937 0.332329 -0.0929947 0
1231211 695042 m2 0.0293 -0.0300506 0.421587 0 0.0394956
1231211 584357 m2 0.0652 -0.0119413 0.547285 0.0244344 0
1231211 683041 m2 0.01885 0.300577 0.357447 0 -0.114877
1231211 72916 m2 0.19125 0.280509 0.707802 0.0675973 0
1231211 267355 m2 0.08095 -0.0796651 0.438716 -0.00480926 0
1231211 660309 m2 0.0197 0.228001 0.298145 0 -0.036789
1231211 142652 m2 0.0485 0.166445 0.585204 0 0.016743
1231211 72914 m2 0.0526 0.0569871 0.45777 0 0.0377922
1231211 93071 m2 0.072 -0.00157679 0.633248 0 -0.016305
1231211 665814 m2 0.01255 0.204879 0.310426 0.0556043 0
1231211 47267 m2 0.02565 -0.308137 0.379074 -0.0502385 0
1231211 549720 m2 0.0248 0.354573 0.476696 0.0465083 0
1231211 354619 m2 0.0751 0.339311 0.552913 0.0317169 0
1231211 536218 m2 0.0206 -0.0229953 0.450997 -0.0290306 0
1231211 367034 m2 0.0419 -0.0351552 0.455202 -0.00349553 0
1231211 184520 m2 0.03045 0.214609 0.494211 0 0.0182997
1231211 95363 m2 0.0886 0.27368 0.565061 0 0.0470736
1231211 747879 m2 0.0229 0.140504 0.316527 0.0483362 0
1231211 532902 m2 0.01855 0.335536 0.404827 0 0.0366893
1231211 58579 m2 0.11995 0.127034 0.458109 -0.000688857 0
1231211 523208 m2 0.0167 -0.258858 0.278559 -0.05444 0
1231211 718738 m2 0.01155 0.132776 0.332688 -0.048077 0
1231211 279033 m2 0.02175 -0.240796 0.340654 -0.0485606 0
1231211 592667 m2 0.03675 -0.265834 0.365812 0.00101135 0
1231211 365088 m2 0.05795 0.0368391 0.319719 0.0154958 0
1231211 613330 m2 0.02975 0.0659486 0.53047 0 -0.0556619
1231211 223702 m2 0.0384 0.0357511 0.569496 0 0.0398117
1231211 505893 m2 0.11405 0.140595 0.646551 0 -2.01235e-05
1231211 118263 m2 0.08745 -0.0341026 0.582713 0 0.0627687
1231211 287267 m2 0.0314 0.368327 0.350196 0.0444335 0
1231211 9498 m2 0.07985 0.239282 0.253524 0 0.0289464
1231211 393248 m2 0.01265 0.051436 0.425137 0 0.00351808
1231211 732755 m2 0.01615 0.229734 0.326184 0 0.0218868
1231211 384507 m2 0.1003 -0.00781641 0.665501 0 -0.0050726
1231211 672490 m2 0.01425 0.264384 0.358509 -0.0124383 0
1231211 569779 m2 0.01525 0.0718642 0.422813 -0.0066609 0
1231211 161137 m2 0.05145 -0.261154 0.355851 -0.092218 0
1231211 186202 m2 0.10685 0.147202 0.633685 0.0314369 0
1231211 262592 m2 0.07725 -0.118764 0.503097 0 0.0208871
1231211 62481 m2 0.15355 -0.076938 0.742678 0 0.0424576
1231211 688748 m2 0.01675 0.217207 0.391372 0.00222953 0
1231211 382857 m2 0.01595 0.147555 0.38706 0.0494905 0
1231211 116569 m2 0.03435 0.160915 0.490953 -0.0151021 0
1231211 204157 m2 0.03165 -0.208227 0.392428 0 0.00228541
1231211 169303 m2 0.0107 0.00405219 0.350649 0 -0.0490872
1231211 630323 m2 0.011 -0.262507 0.288723 0 0.0611249
1231211 486393 m2 0.05695 0.181478 0.556567 0.00690827 0
1231211 155323 m2 0.03085 -0.117702 0.100564 -0.0277528 0
1231211 310237 m2 0.1187 0.279224 0.5881 0.0296323 0
1231211 55755 m2 0.0252 -0.0196025 0.458589 0 -0.0287633
1231211 561333 m2 0.0132 0.13484 0.198412 0.03754 0
1231211 630320 m2 0.0211 0.349652 0.368244 0 -0.0645386
1231211 102079 m2 0.1437 0.227263 0.637915 0.0349963 0
1231211 38914 m2 0.0292 -0.286804 0.424915 -0.0090392 0
1231211 376595 m2 0.02155 -0.168217 0.396729 -0.0574654 0
1231211 305241 m2 0.03585 0.247685 0.498196 0 -0.00469618
1231211 574858 m2 0.0328 -0.173086 0.412712 0.0283658 0
1231211 580550 m2 0.0189 0.0909747 0.28245 0 -0.0291264
1231211 664737 m2 0.01715 0.273875 0.375189 0.0166677 0
1231211 702286 m2 0.01525 0.293538 0.281472 0.00134565 0
1231211 95932 m2 0.02345 0.270475 0.372618 0 0.0139422
1231211 250671 m2 0.0351 -0.175863 0.505928 -0.0684453 0
1231211 568942 m2 0.0109 -0.228764 0.242114 0 -0.0470974
1231211 750587 m2 0.01235 -0.0877508 0.344204 -0.00072119 0
1231211 537025 m2 0.04555 0.335984 0.5202 -0.00565424 0
1231211 602895 m2 0.0257 0.363692 0.396103 0 0.0371152
1231211 623465 m2 0.0172 0.081455 0.402951 0 0.0501898
1231211 585949 m2 0.0371 -0.154287 0.429561 -0.0151018 0
1231211 220985 m2 0.01465 0.239215 0.49533 -0.0207 0
1231211 705574 m2 0.0155 0.0836587 0.184711 0 -0.0153815
1231211 2241 m2 0.05265 -0.11609 0.0337698 0 0.0787891
1231211 344005 m2 0.0559 -0.0241175 0.548392 0 0.113983
1231211 288867 m2 0.0302 -0.0783939 0.433913 0.00871973 0
1231211 343469 m2 0.0355 -0.25705 0.463995 -0.0165675 0
1231211 597130 m2 0.0271 0.173908 0.430604 0 0.00959575
1231211 663606 m2 0.0114 -0.181557 0.284501 -0.00631551 0
1231211 751649 m2 0.0146 -0.0527964 0.360961 -0.0508612 0
1231211 678290 m2 0.0129 -0.165433 0.280367 -0.0146867 0
1231211 674414 m2 0.01685 0.0492541 0.447599 0 -0.0151033
1231211 532054 m2 0.0183 -0.116577 0.409819 -0.0489066 0
1231211 168705 m2 0.0532 0.342296 0.494771 0.0842706 0
1231211 378228 m2 0.06455 0.0838899 0.622556 0 0.0403071
1231211 35557 m2 0.047 0.253054 0.501837 0.023363 0
1231211 542501 m2 0.0207 -0.0832121 0.401514 0 0.0520496
1231211 719257 m2 0.0189 -0.157591 0.32357 -0.0629966 0
1231211 442626 m2 0.0646 0.0278343 0.606465 0 0.00236535
1231211 555463 m2 0.0432 -0.148574 0.463847 0 0.0771981
1231211 449823 m2 0.05365 -0.193648 0.468761 -0.0630038 0
1231211 694761 m2 0.01985 -0.157343 0.365777 0 0.0427855
1231211 633664 m2 0.04775 0.0615755 0.473857 0 -0.0862629
1231211 154232 m2 0.10955 -0.114616 0.536184 -0.0366441 0
1231211 225026 m2 0.0148 0.316702 0.360431 0 0.0170267
1231211 32174 m2 0.0544 -0.118368 0.497782 -0.072688 0
1231211 402050 m2 0.0854 0.0850357 0.658352 0 0.0273718
1231211 72546 m2 0.16945 0.0415939 0.625522 -0.0047394 0
1231211 173389 m2 0.02655 -0.105216 0.386709 0 -0.0122892
1231211 716748 m2 0.01595 0.16236 0.466743 0 -0.012024
1231211 568652 m2 0.022 0.259128 0.438401 -0.00507524 0
1231211 228460 m2 0.0407 -0.209235 0.393876 0 0.0611626
1231211 104835 m2 0.03725 0.244831 0.496537 0.0194463 0
1231211 382010 m2 0.0636 0.0454024 0.662561 0 0.0498805
1231211 398723 m2 0.07155 -0.101386 0.477547 -0.0176679 0
1231211 657431 m2 0.01065 0.263119 0.241487 0.0454894 0
1231211 79842 m2 0.0427 -0.0284327 0.124341 -0.0546309 0
1231211 151639 m2 0.09225 -0.0911195 0.49479 0 0.0528717
1231211 386736 m2 0.0204 -0.111388 0.319799 0 -0.00365841
1231211 703114 m2 0.01105 -0.249789 0.327631 0 -0.0539267
1231211 129861 m2 0.11155 0.396775 0.503577 0.121966 0
1231211 354293 m2 0.01395 0.114115 0.41292 -0.0208313 0
1231211 274375 m2 0.0827 -0.143413 0.49155 0 0.023928
1231211 659703 m2 0.0174 -0.218987 0.341193 0 0.00898632
1231211 567859 m2 0.02755 -0.0489606 0.423805 0 -0.00390835
1231211 646742 m2 0.0227 -0.117425 0.464366 0 0.00294096
1231211 328633 m2 0.01015 -0.22196 0.218127 0 -0.0345369
1231211 553790 m2 0.0184 -0.229288 0.263643 -0.0377247 0
1231211 579202 m2 0.024 0.354246 0.326487 0 -0.00209775
1231211 345707 m2 0.1004 0.0933404 0.42148 0 0.00862518
1231211 351523 m2 0.02425 -0.0801332 0.378227 0 0.036589
1231211 151921 m2 0.0456 -0.169149 0.387924 -0.054476 0
1231211 41101 m2 0.066 -0.173506 0.0721947 -0.00400623 0
1231211 706759 m2 0.011 -0.133722 0.339015 -0.0981631 0
1231211 171724 m2 0.08255 0.13304 0.630535 -0.00566732 0
1231211 183668 m2 0.13885 0.0054391 0.635463 0 0.0373257
1231211 544762 m2 0.02855 0.196702 0.405676 0.0189493 0
1231211 48924 m2 0.06885 0.214788 0.61388 -0.0118727 0
1231211 162782 m2 0.20405 0.0947263 0.76523 0 0.0257759
1231211 582721 m2 0.01715 0.0819014 0.404048 0 0.0208971
1231211 301727 m2 0.02995 0.0209919 0.479788 -0.0185195 0
1231211 528136 m2 0.10665 0.395767 0.4983 0 0.0688895
1231211 402890 m2 0.08035 -0.13658 0.472458 0 -0.0011022
1231211 577843 m2 0.01625 -0.0599469 0.448682 0.0274688 0
1231211 506409 m2 0.0322 -0.270726 0.303266 -0.0667663 0
1231211 106734 m2 0.0549 0.00974809 0.590072 0 0.0647098
1231211 473956 m2 0.03425 -0.00469361 0.456899 0 0.0642415
1231211 432006 m2 0.0395 -0.0112048 0.538182 0 -0.0228091
1231211 526773 m2 0.03365 -0.0923265 0.439087 -0.0129272 0
1231211 273551 m2 0.0548 -0.146519 0.425495 0 0.0667701
1231211 653051 m2 0.03775 -0.0779589 0.416663 0 -0.0113602
1231211 724418 m2 0.019 -0.244955 0.224074 0 -0.111527
1231211 39707 m2 0.0683 0.00141142 0.558613 0.0131199 0
1231211 350700 m2 0.04785 -0.0176771 0.560948 0.00358227 0
1231211 669518 m2 0.0213 -0.0457919 0.317024 0 0.0561987
1231211 384762 m2 0.06815 0.0737191 0.538918 0 -0.0286864
1231211 544754 m2 0.0247 -0.0137947 0.340027 0 -0.0478383
1231211 570291 m2 0.02405 -0.0990129 0.405948 0 -0.00488207
1231211 610558 m2 0.0133 0.0285692 0.310223 0.00376354 0
1231211 568923 m2 0.03205 0.0220168 0.453054 0 -0.0954203
1231211 719244 m2 0.01165 -0.0270818 0.335172 0 0.0326501
1231211 551599 m2 0.02045 -0.083066 0.454654 0.0630378 0
1231211 682442 m2 0.0104 0.107168 0.459903 0 0.00287153
1231211 614110 m2 0.02345 0.272404 0.502506 0.0355826 0
1231211 166593 m2 0.039 0.235088 0.468658 0 0.0167363
1231211 2172 m2 0.09325 -0.246575 -0.627451 -0.0496575 0
1231211 717013 m2 0.01075 -0.237458 0.191829 0 -0.034984
1231211 737999 m2 0.01905 -0.231333 0.219181 -0.00427004 0
1231211 408350 m2 0.01915 0.0890193 0.389031 0 -0.0276155
1231211 539140 m2 0.01575 0.288488 0.366003 0 0.016105
1231211 28719 m2 0.03835 0.165976 0.13371 0.0454634 0
1231211 206284 m2 0.0101 -0.237129 0.30093 0 0.0207605
1231211 291494 m2 0.07705 -0.159238 0.478536 -0.0254788 0
1231211 194475 m2 0.098 0.259482 0.081823 0.0279393 0
1231211 301158 m2 0.03045 -0.170849 0.430075 -0.049542 0
1231211 740270 m2 0.01955 0.203343 0.303625 0 -0.0284209
1231211 405866 m2 0.01835 -0.111216 0.103004 0 0.0366563
1231211 16401 m2 0.0126 -0.113763 0.00317056 0.00307531 0
1231211 100449 m2 0.02835 -0.198073 0.0853512 -0.0197443 0
1231211 663859 m2 0.02795 0.0842623 0.33967 0 0.047191
1231211 600620 m2 0.0171 -0.0754711 0.301109 0 0.0165664
1231211 780421 m2 0.0136 -0.114192 0.326802 0 -0.000652315
1231211 385350 m2 0.0506 -0.260766 0.350691 -0.0856106 0
1231211 206007 m2 0.141 -0.130645 0.608006 0 0.0840883
1231211 671378 m2 0.0472 0.363551 0.490625 0.0380585 0
1231211 85877 m2 0.01585 0.207455 0.0253087 -0.0127784 0
1231211 28453 m2 0.02975 -0.167536 0.13412 -0.0350882 0
1231211 683842 m2 0.01705 0.235845 0.412857 0.0348411 0
1231211 52463 m2 0.0962 -0.00401231 0.175883 0.0120516 0
1231211 614397 m2 0.02495 -0.130874 0.429176 -0.023179 0
1231211 653046 m2 0.0226 -0.149358 0.094164 -0.0481517 0
1231211 718404 m2 0.0152 -0.0166703 0.271447 -0.016168 0
1231211 549137 m2 0.0244 0.11484 0.479426 0 0.0161687
1231211 299767 m2 0.03975 -0.264694 0.342883 0 -0.0205428
1231211 222603 m2 0.0778 0.0339711 0.150536 0.00136958 0
1231211 103726 m2 0.01095 -0.00656453 0.0929978 0 0.0102
1231211 536170 m2 0.0108 -0.130015 0.39918 -0.0530603 0
1231211 719784 m2 0.0137 -0.142101 0.388608 -0.0150992 0
1231211 431197 m2 0.0278 -0.140825 0.399753 0 0.0286801
1231211 294518 m2 0.0202 -0.145732 0.0927322 -0.0823901 0
1231211 723610 m2 0.0106 0.256256 0.417163 0 -0.00300072
1231211 163583 m2 0.02355 -0.0511629 0.0323689 0 -0.0707472
1231211 394935 m2 0.1046 0.215342 0.617302 0 0.0148974
1231211 498893 m2 0.01165 -0.258702 0.293741 -0.0875084 0
1231211 627542 m2 0.0464 -0.0761171 0.472014 0.0157946 0
1231211 122631 m2 0.064 0.0565239 0.150391 -0.0440701 0
1231211 33818 m2 0.1379 0.0782402 0.0155187 0 0.0302151
1231211 666035 m2 0.0131 0.0268397 0.118034 -0.00178621 0
1231211 161646 m2 0.0386 -0.103528 0.201719 -0.0180403 0
1231211 225864 m2 0.0658 0.0766857 0.164395 0.0384695 0
1231211 510799 m2 0.0366 -0.0784595 0.00719593 0 -0.00285849
1231211 341787 m2 0.059 0.14287 0.64741 0.0654807 0
1231211 592058 m2 0.01025 -0.264693 0.287624 0 0.0475901
1231211 558503 m2 0.0162 0.223868 0.11114 0 -0.00435443
1231211 97799 m2 0.0996 -0.0211317 0.187826 0.0107812 0
1231211 192500 m2 0.0274 -0.0227777 0.421936 0 0.0447602
1231211 475025 m2 0.04135 -0.0308074 0.123594 -0.0252712 0
1231211 520261 m2 0.0127 0.0255144 0.129359 0 -0.0197759
1231211 159169 m2 0.025 0.224304 0.106739 0.106394 0
1231211 456644 m2 0.0325 -0.20934 0.3725 0 0.0344059
1231211 650013 m2 0.02955 -0.184882 0.369447 -0.0161524 0
1231211 704173 m2 0.01455 -0.03414 0.117334 0 0.0443316
1231211 549125 m2 0.02085 -0.148729 0.0852975 -0.0614674 0
1231211 4654 m2 0.0858 0.266252 -0.610835 0 -0.0416673
1231211 495013 m2 0.03385 0.201757 0.128924 0.0522948 0
1231211 720056 m2 0.013 0.0274073 0.430426 0.0251987 0
1231211 499424 m2 0.01515 0.113866 0.106171 0.0543946 0
1231211 45817 m2 0.02545 0.282098 -0.0165748 0.0422046 0
1231211 691439 m2 0.02055 0.0022509 0.511465 0.0588469 0
1231211 478898 m2 0.07575 0.22886 0.583438 0 -0.0203508
1231211 728046 m2 0.0194 0.145973 0.371701 0.0366844 0
1231211 727744 m2 0.0175 0.321096 0.314286 0 0.0426114
1231211 488857 m2 0.04975 -0.0580354 0.436253 -0.00606425 0
1231211 640497 m2 0.0258 -0.127749 0.102669 -0.0269341 0
1231211 343172 m2 0.0104 -0.23035 0.338966 0 0.00859741
1231211 399212 m2 0.0213 -0.0688118 0.12587 -0.00543963 0
1231211 431189 m2 0.013 0.198739 0.112573 0.00924911 0
1231211 441236 m2 0.03155 -0.236919 0.345608 0 -0.00785695
1231211 752725 m2 0.0158 0.237582 0.418831 -0.0635025 0
1231211 668972 m2 0.01015 -0.156552 0.0787623 0.0304402 0
1231211 38010 m2 0.0887 0.14254 0.00178704 0.0177721 0
1231211 675432 m2 0.0325 -0.129455 0.44389 0 0.0714618
1231211 122619 m2 0.04945 -0.170151 -0.0574486 -0.0139061 0
1231211 596278 m2 0.0585 0.0269141 0.546595 0 -0.0241019
1231211 582143 m2 0.01645 -0.138241 0.0935896 0 0.0587687
1231211 570531 m2 0.037 -0.104218 0.409049 0.00152785 0
1231211 385594 m2 0.01805 -0.0858937 0.111014 -0.016684 0
1231211 183633 m2 0.01455 -0.139205 0.0898425 -0.0754983 0
1231211 481114 m2 0.0344 0.0217905 0.1334 -0.0426845 0
1231211 342281 m2 0.06455 -0.0700293 -0.00172997 0 -0.0205202
1231211 380708 m2 0.01125 -0.118561 0.0980183 0.0267184 0
1231211 315444 m2 0.0495 -0.225583 0.423717 -0.0680896 0
1231211 456891 m2 0.04595 0.189776 0.138399 0.0399461 0
1231211 713363 m2 0.02165 -0.148969 0.0864592 0.00902091 0
1231211 464956 m2 0.0296 0.0462777 0.383245 -0.000702225 0
1231211 526209 m2 0.05455 0.00195923 0.598973 0 -0.100653
1231211 651645 m2 0.01495 -0.0639414 0.138553 0 0.0340121
1231211 622263 m2 0.01765 -0.133914 0.0881626 0.0193315 0
1231211 53793 m2 0.0427 0.0705188 -0.00400078 0 0.0304285
1231211 653601 m2 0.0129 0.0501427 0.392812 0 0.00362835
1231211 480025 m2 0.02615 -0.00688604 0.126335 0 0.09027
1231211 642403 m2 0.0326 -0.12588 0.00625894 0 -0.00564004
1231211 219607 m2 0.12475 0.0316071 0.00599867 0.0184512 0
1231211 356170 m2 0.0438 -0.0642344 -0.00168504 0 -0.0403094
1231211 615781 m2 0.01665 -0.0682995 0.109181 0 -0.0286231
1231211 540240 m2 0.0571 -0.0458937 0.48433 0.028501 0
1231211 337155 m2 0.0109 -0.111674 0.0883965 0 0.0435641
1231211 282543 m2 0.03975 -0.0613358 0.125046 0.00794924 0
1231211 90195 m2 0.0424 -0.186183 0.0834288 0 0.0168617
1231211 630260 m2 0.01765 -0.150715 0.0854188 0 -0.0302752
1231211 203530 m2 0.0659 0.238605 0.139321 0.0755493 0
1231211 430068 m2 0.0469 0.235667 0.131715 0 0.0144637
1231211 547758 m2 0.0371 -0.00260007 0.129531 -0.0415013 0
1231211 732417 m2 0.021 -0.147759 0.375841 0 0.00649215
1231211 689540 m2 0.0196 -0.136546 0.0883729 -0.0457033 0
1231211 450041 m2 0.0186 0.0180128 0.145554 0 -0.0555763
1231211 762291 m2 0.01075 -0.00637465 0.126527 0 -0.0440024
1231211 165489 m2 0.01775 -0.115856 0.0931766 -0.0590875 0
1231211 460470 m2 0.0141 0.138207 0.0959483 0 0.076009
1231211 305981 m2 0.08455 -0.0348787 -0.00486116 -0.0405828 0
1231211 356468 m2 0.0603 0.0328377 0.146077 -0.018145 0
1231211 541888 m2 0.01235 -0.0700413 0.000170723 0.00986917 0
1231211 348920 m2 0.01275 0.195605 0.0839142 0.043851 0
1231211 693873 m2 0.02275 -0.00798459 0.107326 0.0307619 0
1231211 220155 m2 0.1489 0.0556835 0.0464804 0 0.0464657
1231211 149120 m2 0.0976 -0.129682 0.00271367 -0.0351485 0
1231211 411477 m2 0.0296 0.0865823 0.43598 0.0276414 0
1231211 651639 m2 0.01875 -0.0756732 0.101738 0 -0.000869932
1231211 542956 m2 0.01635 -0.100928 -0.0121241 0 0.0293104
1231211 461018 m2 0.01025 -0.0218844 0.122717 0.0112898 0
1231211 369974 m2 0.0349 0.182893 0.556018 0.0423893 0
1231211 545578 m2 0.03385 -0.172703 0.00213616 0 -0.0483828
1231211 35460 m2 0.0305 -0.115106 -0.0961878 0 0.0511886
1231211 217844 m2 0.05895 -0.0784463 0.590171 0 0.0489814
1231211 399493 m2 0.0542 0.0538747 0.149762 0 0.0794024
1231211 34055 m2 0.01405 -0.212482 -0.0039673 0 0.0269704
1231211 677629 m2 0.01525 0.189114 0.0963788 0.0351133 0
1231211 267270 m2 0.10345 0.0724587 -0.0147864 0.00702072 0
1231211 725233 m2 0.01665 -0.0712594 0.331484 0 -0.0721947
1231211 324000 m2 0.03245 0.189167 0.113339 0 0.0249674
1231211 499407 m2 0.02195 -0.137454 0.0990206 0 -0.0213224
1231211 343150 m2 0.0465 0.106828 0.1466 0 -0.00908437
1231211 277910 m2 0.02625 0.171954 0.144366 0 0.0181202
1231211 342850 m2 0.02795 -0.128544 0.122561 -0.015309 0
1231211 329673 m2 0.0297 -0.193554 0.0330777 -0.0280402 0
1231211 490712 m2 0.05835 0.131466 0.141187 0.119661 0
1231211 694170 m2 0.01865 -0.126019 0.406202 0.00988935 0
1231211 107544 m2 0.0277 0.216031 0.0157511 0 0.0586391
1231211 629975 m2 0.0204 0.18083 0.118454 0 -0.0168289
1231211 413377 m2 0.02275 0.101692 0.133486 0 0.0511329
1231211 748918 m2 0.01495 0.0867635 0.136405 -0.0151778 0
1231211 247825 m2 0.0199 -0.0823392 0.00917352 -0.00922399 0
1231211 686851 m2 0.0134 -0.206727 0.00875572 0.000939251 0
1231211 696959 m2 0.0107 -0.112652 0.099467 0.0188277 0
1231211 10978 m2 0.13015 0.119374 -0.71821 0 0.0347405
1231211 304928 m2 0.02085 -0.152518 0.0850399 -0.0725326 0
1231211 220393 m2 0.01775 0.125098 -0.00157566 0 -0.0497207
1231211 439032 m2 0.04 0.198542 0.131069 0.027448 0
1231211 286921 m2 0.01815 0.133995 -0.0984991 0 0.0396957
1231211 767564 m2 0.011 0.0172334 0.0756781 0 -0.038664
1231211 698585 m2 0.0236 0.0461738 0.29576 0 0.0323016
1231211 395217 m2 0.01435 -0.119212 0.101047 0.0425879 0
1231211 705823 m2 0.0155 -0.195464 0.320251 -0.00683285 0
1231211 106671 m2 0.10195 -0.214818 0.0453925 0 0.040351
1231211 391805 m2 0.0646 0.00350656 0.0149991 0.000408443 0
1231211 571353 m2 0.0652 -0.248777 0.361052 0.0119692 0
1231211 587736 m2 0.0187 -0.0670704 0.139293 0 9.02976e-05
1231211 416311 m2 0.0341 -0.222882 0.0768041 -0.00954933 0
1231211 506090 m2 0.0538 0.0688163 0.10015 0.0292895 0
1231211 718958 m2 0.01025 -0.0239158 0.331672 0.0275556 0
1231211 133563 m2 0.03135 0.000480218 0.0102853 0 -0.0152244
1231211 511898 m2 0.01365 -0.0470328 -0.017368 0 0.0230279
1231211 360506 m2 0.0427 0.121348 -0.0169775 0 0.00228054
1231211 406104 m2 0.03905 -0.0814536 -0.0113904 0 -0.0724424
1231211 452009 m2 0.0414 -0.06228 0.180979 -0.018572 0
1231211 684075 m2 0.0101 0.110791 -0.00698501 0 -0.0327709
1231211 637098 m2 0.01795 -0.0390871 0.0308249 0.0246336 0
1231211 16061 m2 0.0845 -0.0293568 -0.602464 0.0227923 0
1231211 329102 m2 0.02365 0.0237459 0.0232474 0.0260399 0
1231211 766683 m2 0.01045 0.180185 0.0942807 0.0250918 0
1231211 762520 m2 0.0173 0.315357 3.9127e-17 0.0339184 0
1231211 376513 m2 0.0731 -0.241203 -0.00361969 -0.102265 0
1231211 105534 m2 0.0636 0.151427 0.016218 0.00142513 0
1231211 157165 m2 0.13755 0.186942 -0.0344482 0.0503339 0
1231211 467674 m2 0.07785 0.270132 0.00230517 0.0904093 0
1231211 637629 m2 0.02145 -0.00558687 0.103154 0.0259186 0
1231211 461567 m2 0.0422 0.155543 0.168076 -0.03069 0
1231211 451411 m2 0.01565 0.02405 -0.200246 0.0314281 0
1231211 13880 m2 0.03945 -0.181896 -0.354948 0 0.0039627
1231211 722763 m2 0.0107 0.099003 0.112571 -0.00488142 0
1231211 99856 m2 0.02945 0.102559 -0.207101 0.0144709 0
1231211 97760 m2 0.05525 0.0355002 0.153161 -0.0498622 0
1231211 76242 m2 0.04705 0.123763 -0.153717 0 -0.0336906
1231211 557645 m2 0.02095 -0.218684 0.000284346 0 -0.0475764
1231211 253060 m2 0.0798 0.166079 -0.0020894 0.00565457 0
1231211 22512 m2 0.057 -0.0458497 -0.520899 0 0.0415387
1231211 257216 m2 0.02725 0.0668573 -0.0824882 0 -0.0215541
1231211 704405 m2 0.0119 0.183417 0.0937213 0 0.0262732
1231211 555082 m2 0.0318 -0.0941163 0.109499 -0.02838 0
1231211 539090 m2 0.01695 0.0127035 0.0223181 -0.0610535 0
1231211 301391 m2 0.054 -0.0715627 0.162101 -0.0195303 0
1231211 633884 m2 0.01015 0.145376 0.119102 0 -0.00298573
1231211 273756 m2 0.10925 -0.052738 0.00462575 0 -0.0603339
1231211 744175 m2 0.015 0.221694 0.113967 0.0966598 0
1231211 666007 m2 0.01285 -0.126235 0.0110215 0.0368744 0
1231211 748350 m2 0.02095 0.245943 0.00680434 0 0.0434182
1231211 411454 m2 0.0183 -0.145997 -0.00331045 0 -0.00829619
1231211 169757 m2 0.0167 -0.191256 0.009547 0 -0.017825
1231211 740771 m2 0.01375 -0.116179 -0.00685847 0 -0.0184742
1231211 517425 m2 0.01905 -0.0725206 0.0307778 0.025304 0
1231211 361346 m2 0.02745 -0.229007 0.00492782 0.00721927 0
1231211 740770 m2 0.01125 -0.0253415 0.0156912 0 -0.00289328
1231211 410602 m2 0.02975 0.269798 0.00464412 0 -0.0297285
1231211 419106 m2 0.01635 -0.155289 0.0797942 0 0.0265018
1231211 644824 m2 0.0137 -0.148449 0.0863234 -0.00366722 0
1231211 50761 m2 0.06535 0.0481457 -0.147225 0.00829555 0
1231211 536129 m2 0.013 -0.124444 0.0959682 0 0.0268844
1231211 161320 m2 0.17785 0.203981 0.391019 0 -0.0141919
1231211 112475 m2 0.0734 0.0606396 0.154424 0 0.0505145
1231211 480788 m2 0.093 -0.0669995 0.000916341 0 -0.0116063
1231211 364433 m2 0.0541 -0.16394 0.0137108 0 0.0154892
1231211 530021 m2 0.0171 0.22581 0.0996637 0 0.00285599
1231211 522606 m2 0.0311 0.115488 0.138519 0.000909938 0
1231211 52100 m2 0.02235 -0.18872 -0.478963 0 -0.0241824
1231211 336550 m2 0.0625 -0.141789 0.00113587 -0.0461636 0
1231211 28353 m2 0.0966 -0.105448 -0.522263 0 -0.0335528
1231211 738499 m2 0.0131 -0.0773481 0.0885612 0 -0.0824894
1231211 544425 m2 0.0374 0.128404 0.150303 0 -0.0233899
1231211 383296 m2 0.09865 0.270298 -0.00270592 0.0498575 0
1231211 568591 m2 0.03455 -0.070523 -0.00176987 0 0.0320685
1231211 209211 m2 0.08495 -0.103324 0.160688 -0.0278408 0
1231211 392096 m2 0.0174 0.0345011 -0.0169872 0.0462949 0
1231211 173837 m2 0.0648 -0.1169 -0.0625841 -0.0729916 0
1231211 325055 m2 0.0548 0.0520171 0.00811029 0 -0.0299036
1231211 535296 m2 0.0452 0.186089 -0.0160066 0.023318 0
1231211 579147 m2 0.02705 0.0331626 -0.0164189 0.0207297 0
1231211 354507 m2 0.03695 0.107873 -0.00553596 0.0163303 0
1231211 761703 m2 0.01585 0.00447257 -0.00452662 -0.00394999 0
1231211 548281 m2 0.0277 -0.0642921 -0.0109499 0 -0.0198461
1231211 543251 m2 0.0177 -0.142309 0.0905262 0 0.0309834
1231211 644536 m2 0.0105 0.0263688 -0.00667701 0 -0.0737431
1231211 467901 m2 0.0235 -0.11217 -0.0161267 0 0.00675242
1231211 100645 m2 0.0959 0.197308 0.000542292 0.0504697 0
1231211 412759 m2 0.0238 0.16769 -0.0150574 0.048393 0
1231211 752419 m2 0.0138 0.138366 -0.0171173 0 -0.0959675
1231211 491200 m2 0.05525 0.142463 -0.013611 0.0230076 0
1231211 615171 m2 0.0279 0.0963915 0.0107966 0 -0.0400609
1231211 735702 m2 0.0186 0.0615706 -0.0135556 -0.0239397 0
1231211 140648 m2 0.0674 0.0421245 -0.157677 0 -0.00754821
1231211 128395 m2 0.13905 0.057952 -0.0226226 0 -0.00868344
1231211 564536 m2 0.02435 -0.0819266 -0.0539685 -0.0282311 0
1231211 725783 m2 0.01125 0.184269 0.0189744 -0.0483383 0
1231211 594271 m2 0.0326 0.303557 -0.00657695 0 -0.0265639
1231211 622786 m2 0.02795 0.27168 -0.00206484 -0.00389229 0
1231211 775138 m2 0.01715 -0.0467186 0.0073049 0 -0.0331503
1231211 287976 m2 0.08555 0.207504 -0.0094316 0.036885 0
1231211 593164 m2 0.0383 0.160798 0.141437 0 -0.036728
1231211 697470 m2 0.01785 0.147022 0.00526773 0.0169434 0
1231211 151837 m2 0.04405 -0.12221 0.0579342 0 0.0524138
1231211 661605 m2 0.0151 -0.119039 -0.0154239 0 -0.0262352
1231211 251907 m2 0.0503 -0.288831 -0.105928 -0.0873623 0
1231211 210860 m2 0.0165 -0.154061 -0.00988246 -0.0478922 0
1231211 177715 m2 0.031 -0.170675 -0.00860198 0 -0.0556448
1231211 106392 m2 0.08515 0.214987 -0.0126593 0 0.0775393
1231211 551526 m2 0.01215 0.2682 -0.0134323 0 0.0761305
1231211 52624 m2 0.0497 -0.0753914 -0.500684 0 -0.0555873
1231211 464914 m2 0.05815 -0.202217 -0.0226239 -0.077453 0
1231211 685998 m2 0.0182 0.0962091 0.0105267 0.0836794 0
1231211 673525 m2 0.0549 0.189031 0.0351436 0 -0.00593285
1231211 654100 m2 0.01775 0.220415 0.0053826 0 -0.0334967
1231211 560976 m2 0.02085 -0.205404 0.00742017 0 0.0276665
1231211 468691 m2 0.0282 -0.0527869 0.0111388 0 -0.0422198
1231211 440053 m2 0.0477 -0.206035 0.0129384 -0.0753397 0
1231211 513298 m2 0.03695 -0.106046 0.00109692 0 -0.019194
1231211 644521 m2 0.02305 0.128413 -0.00266616 -0.00712993 0
1231211 452822 m2 0.0177 -0.158106 0.00178663 0.0149169 0
1231211 637075 m2 0.0181 -0.203968 0.00998031 -0.0078756 0
1231211 373770 m2 0.06135 0.126967 -0.00839649 0 -0.0174127
1231211 482444 m2 0.01115 0.163352 -0.0130876 -0.0062549 0
1231211 297521 m2 0.05515 -0.0576455 0.00984831 -0.0707648 0
1231211 159885 m2 0.0417 -0.108583 -0.145849 -0.00422481 0
1231211 248065 m2 0.0223 0.109292 -0.127208 0 -0.0238147
1231211 322875 m2 0.0346 -0.208653 0.00645687 -0.0805449 0
1231211 50726 m2 0.09175 0.0320753 -0.174511 0 -0.0677895
1231211 578315 m2 0.0115 0.267054 0.00761025 -0.0148149 0
1231211 776467 m2 0.01005 0.159128 0.000178067 -0.0129569 0
1231211 301092 m2 0.0406 -0.133033 -0.0678209 -0.0458346 0
1231211 342511 m2 0.1388 0.159221 0.00135367 0.0521869 0
1231211 48485 m2 0.05625 -0.135359 -0.462412 0 -0.0324419
1231211 382748 m2 0.03015 0.257353 -0.0046133 0 -0.00502661
1231211 464613 m2 0.033 -0.0399139 0.0321239 0 0.00948097
1231211 744977 m2 0.0216 -0.119079 0.0115973 0.0608616 0
1231211 778139 m2 0.01365 0.205148 0.0148082 0 0.0258209
1231211 406653 m2 0.04235 0.0496271 0.00694367 0.0555765 0
1231211 340609 m2 0.04425 -0.123615 -0.0366027 -0.012644 0
1231211 517988 m2 0.06555 -0.0556139 0.00787243 0 0.0121379
1231211 184078 m2 0.04355 0.132528 -0.138847 0.00955541 0
1231211 202929 m2 0.03405 -0.160247 -0.000710232 -0.0381705 0
1231211 36508 m2 0.0352 -0.23416 -0.327635 -0.0101164 0
1231211 116708 m2 0.02335 0.174272 -0.134768 -0.00890786 0
1231211 581017 m2 0.0277 0.0675267 -0.0095326 0 -0.00218748
1231211 715284 m2 0.0368 0.166696 0.0125625 0 -0.0340427
1231211 226644 m2 0.0967 -0.166122 -0.0372686 0 0.0304382
1231211 221970 m2 0.1042 -0.0502691 -0.00800973 0 0.00358833
1231211 143036 m2 0.0544 -0.141597 -0.448298 -0.0489738 0
1231211 533909 m2 0.04205 -0.130213 -0.00407545 -0.0432995 0
1231211 534747 m2 0.03285 0.0238048 0.196576 0.0121593 0
1231211 514084 m2 0.02445 -0.222476 -0.00551891 -0.0565763 0
1231211 738472 m2 0.0109 -0.081785 -0.00706459 0 -0.00121897
1231211 295806 m2 0.09105 -0.109187 -0.000718492 0.00139512 0
1231211 332088 m2 0.01565 0.178508 0.000998762 0.0807412 0
1231211 667588 m2 0.025 -0.202348 -0.00252013 0 -0.0600634
1231211 257184 m2 0.0231 -0.0521302 -0.140462 0 -0.0602789
1231211 699406 m2 0.018 0.069809 -0.000268528 0 -0.00634707
1231211 706674 m2 0.0214 0.217717 -0.0446447 -0.00314356 0
1231211 647195 m2 0.02065 -0.217055 -0.00576516 0 0.0144642
1231211 741884 m2 0.01255 0.179135 0.00991236 0 0.102268
1231211 605212 m2 0.0252 0.235955 -0.00551345 0 0.0212703
1231211 375417 m2 0.03895 0.167767 0.00390454 0 0.00742949
1231211 696038 m2 0.02625 -0.140633 -0.011922 0 -0.0380908
1231211 596776 m2 0.0283 0.308411 0.00927598 0 0.043374
1231211 107208 m2 0.0428 -0.127149 -0.312244 0 0.0113609
1231211 205357 m2 0.05985 -0.190317 -0.441126 0 -0.0544761
1231211 437624 m2 0.0476 0.160841 -0.00481779 0 -0.0485417
1231211 433004 m2 0.0445 -0.182983 -0.179683 -0.0522882 0
1231211 756475 m2 0.01595 0.22614 0.000680585 0 -0.101845
1231211 603592 m2 0.01395 -0.221181 -0.000145203 -0.0305854 0
1231211 555040 m2 0.0356 0.0784716 -0.117198 0 0.101227
1231211 395738 m2 0.0271 -0.216222 -0.000567033 0.0338798 0
1231211 60664 m2 0.01845 -0.00544637 -0.247751 0.000140643 0
1231211 348855 m2 0.06775 -0.202533 0.044433 -0.0596353 0
1231211 627735 m2 0.0188 -0.123566 -0.00847767 0 0.0148763
1231211 541017 m2 0.01215 0.1404 0.00634016 0 -0.0312095
1231211 157999 m2 0.02275 0.20666 0.0144648 0.0512675 0
1231211 99798 m2 0.14755 0.247485 -0.678416 0.0675902 0
1231211 74150 m2 0.02945 0.26505 -0.537852 0 0.0246184
1231211 505784 m2 0.02865 0.232474 0.0127088 0.0216724 0
1231211 446088 m2 0.06945 -0.215979 0.0790391 -0.0475025 0
1231211 173266 m2 0.07405 0.15843 -0.00387574 0.0104533 0
1231211 224374 m2 0.03195 0.0894702 -0.0768548 0.0617241 0
1231211 470879 m2 0.0256 0.0392681 -0.0133669 0 0.0269764
1231211 516299 m2 0.02785 -0.21016 0.00460962 -0.0287034 0
1231211 467867 m2 0.0219 0.0816175 -0.12879 0.0224372 0
1231211 533592 m2 0.0514 0.176328 -0.00120276 0 0.0118296
1231211 123088 m2 0.0182 -0.195411 -0.389255 -0.0206411 0
1231211 326879 m2 0.01525 -0.00438894 -0.0995125 0.000176654 0
1231211 720816 m2 0.02085 -0.0848145 0.00485884 -0.0645386 0
1231211 151253 m2 0.01715 0.155155 -0.120936 0.0132053 0
1231211 107195 m2 0.02955 0.12942 -0.126375 0.0296852 0
1231211 196319 m2 0.11585 -0.0309854 -0.00733468 0 -0.0145646
1231211 192408 m2 0.03305 -0.0658111 0.00125919 -0.0431186 0
1231211 582068 m2 0.012 -0.117127 0.0014508 -0.0511541 0
1231211 248904 m2 0.07935 0.0492185 -0.26485 0 0.0304775
1231211 545193 m2 0.01655 0.00384337 -0.109638 0 -0.0223762
1231211 629338 m2 0.02975 -0.0749198 -0.441868 0.0393544 0
1231211 174308 m2 0.0225 -0.10803 -0.503839 -0.0175324 0
1231211 467630 m2 0.0101 0.097241 0.0104996 -0.0312545 0
1231211 209740 m2 0.05195 -0.0142926 -0.168381 0 -0.0511887
1231211 292751 m2 0.05675 0.138731 -0.617091 0 -0.0326761
1231211 671799 m2 0.01145 0.105591 -0.00655153 -0.079781 0
1231211 204825 m2 0.01235 0.0950665 -0.118782 0 -0.0576309
1231211 389392 m2 0.01475 0.134533 -0.134454 0 0.00383635
1231211 524734 m2 0.03865 0.0860546 -0.126681 0 0.00190314
1231211 470871 m2 0.01255 -0.187397 -0.0195617 0 0.0147135
1231211 728523 m2 0.0186 -0.161946 0.0141545 -0.0169157 0
1231211 282735 m2 0.0605 -0.0357787 -0.153718 -0.0122111 0
1231211 212179 m2 0.01365 -0.159368 -0.0743805 -0.0555012 0
1231211 618676 m2 0.01965 0.0209532 -0.114748 0 -0.00989339
1231211 671535 m2 0.0138 0.10309 -0.149498 0 -0.00380852
1231211 587432 m2 0.07425 0.181332 -0.0126587 0.068329 0
1231211 221383 m2 0.0105 0.170281 -0.112382 0.0540905 0
1231211 67805 m2 0.0154 0.0836837 -0.402085 0 0.0126506
1231211 247505 m2 0.0387 -0.15396 -0.12645 -0.0395699 0
1231211 735660 m2 0.0122 0.0710287 -0.103224 0 0.0292408
1231211 619551 m2 0.0218 -0.150025 0.00488203 0 -0.0142008
1231211 76703 m2 0.01755 0.154016 -0.416066 0.0568455 0
1231211 232480 m2 0.0596 0.218272 -0.140082 0.016972 0
1231211 132636 m2 0.02415 0.0650761 -0.479661 0 0.00923318
1231211 378361 m2 0.05515 -0.134031 -0.201579 -0.0353824 0
1231211 643178 m2 0.0113 0.220717 0.0235459 0.0633195 0
1231211 676461 m2 0.01925 -0.0803367 0.0136272 0.0114879 0
1231211 730725 m2 0.01105 0.260038 -0.0243131 0 0.0152653
1231211 409126 m2 0.0627 -0.0189265 -0.157754 0 0.0112623
1231211 538810 m2 0.025 -0.0855606 -0.106741 0 -0.0414801
1231211 740175 m2 0.01205 0.0648473 0.00830144 -0.0057983 0
1231211 271013 m2 0.1143 0.373261 -0.579871 0.0276876 0
1231211 392055 m2 0.02465 -0.166169 0.00687602 0 -0.0154553
1231211 65601 m2 0.09355 -0.152 -0.641305 0 0.00452222
1231211 640422 m2 0.0242 -0.21748 0.0465973 -0.059156 0
1231211 545767 m2 0.0322 -0.123057 -0.103833 -0.0330123 0
1231211 479937 m2 0.10285 0.213775 -0.317174 0.00505151 0
1231211 763603 m2 0.01015 0.303293 -0.00190906 -0.0215353 0
1231211 443902 m2 0.07725 -0.101578 -0.290877 -0.0193061 0
1231211 572042 m2 0.04705 -4.81479e-18 0.000498232 0.0307434 0
1231211 156552 m2 0.05305 -0.26373 -0.356242 -0.00763605 0
1231211 690815 m2 0.0235 -0.071919 -0.113993 0 -0.0509803
1231211 490060 m2 0.0159 -0.158762 -0.0735437 -0.105034 0
1231211 477743 m2 0.03235 -0.119113 -0.424462 -0.0379958 0
1231211 500172 m2 0.0205 -0.160662 -0.0842143 -0.0270201 0
1231211 60317 m2 0.0495 0.0788252 -0.612031 0 -0.0446173
1231211 122215 m2 0.11945 -0.165532 -0.595277 0 -0.0438092
1231211 446879 m2 0.0385 -0.0484281 -0.122137 0 0.0263556
1231211 546564 m2 0.0357 -0.0783122 -0.109334 0.0623411 0
1231211 240238 m2 0.0109 -0.228565 -0.0663011 0.0271689 0
1231211 462358 m2 0.02275 -0.146997 -0.0875562 -0.0688366 0
1231211 384350 m2 0.0105 -0.123495 -0.0728267 0 -0.045403
1231211 637571 m2 0.01235 -0.156388 -0.0654059 0 0.0439416
1231211 130247 m2 0.01315 0.0139256 -0.422588 0.0123027 0
1231211 537457 m2 0.0198 -0.193834 -0.0127515 -0.0417718 0
1231211 460655 m2 0.0134 -0.159345 -0.0743852 -0.0195054 0
1231211 440331 m2 0.0245 -0.22445 -0.00409864 -0.0667732 0
1231211 461778 m2 0.04375 0.207689 -0.123246 0.0862394 0
1231211 87759 m2 0.11795 0.251866 -0.635601 0.023611 0
1231211 756170 m2 0.01045 -0.210628 0.00279782 0.0163785 0
1231211 133484 m2 0.05945 0.112801 -0.52 0.0380523 0
1231211 448243 m2 0.03375 -0.00252227 -0.0788595 0.010409 0
1231211 604640 m2 0.01805 -0.142204 -0.0913586 -0.0487368 0
1231211 470852 m2 0.06935 0.00453899 -0.204667 0 0.0157695
1231211 73274 m2 0.0437 -0.0703976 -0.414854 0 0.0132712
1231211 237325 m2 0.0487 0.0359336 -0.595532 0.00957128 0
1231211 741854 m2 0.0109 0.148384 -0.00891804 0 -0.00106686
1231211 280229 m2 0.0199 -0.150795 -0.368811 0 -0.0133796
1231211 721631 m2 0.01845 -0.0845759 0.00772609 0.0147689 0
1231211 97955 m2 0.139 0.239952 -0.674375 0.052569 0
1231211 696891 m2 0.0151 -0.118197 0.0400986 -0.00215656 0
1231211 218669 m2 0.01175 -0.135134 -0.342083 0 0.00410539
1231211 202065 m2 0.0536 -0.0187217 -0.127858 0 0.00794792
1231211 742703 m2 0.01195 0.098658 0.0292756 0 0.0185795
1231211 264117 m2 0.023 0.0394774 -0.0181628 0.0213091 0
1231211 90417 m2 0.0458 -0.0354867 -0.145498 0.0667323 0
1231211 498188 m2 0.0107 -0.156684 -0.0663909 -0.0548456 0
1231211 380319 m2 0.01695 -0.0547487 -0.399598 0 -0.089164
1231211 350852 m2 0.0703 0.102517 -0.161903 0.0886189 0
1231211 76414 m2 0.03695 -0.170151 -0.434844 -0.0260387 0
1231211 188256 m2 0.15635 0.0371661 -0.743394 0 -0.0240124
1231211 673219 m2 0.01125 -0.0199436 -0.0618632 0 -0.0188799
1231211 634957 m2 0.0157 0.0404503 -0.0860606 -0.0114974 0
1231211 559546 m2 0.01145 0.217578 -0.0981293 0 0.00183126
1231211 325794 m2 0.02285 -0.165202 -0.0932453 -0.018728 0
1231211 390157 m2 0.0624 0.0203065 -0.474974 -0.0121224 0
1231211 702155 m2 0.0182 -0.129184 -0.0892769 -0.0395997 0
1231211 362365 m2 0.07505 0.203523 -0.625396 0.0223109 0
1231211 512967 m2 0.01945 -0.183225 -0.051015 -0.0724719 0
1231211 447961 m2 0.03925 0.0592772 -0.140891 0.0148753 0
1231211 267177 m2 0.03745 0.0687587 -0.50906 -0.0231967 0
1231211 327425 m2 0.02925 -0.145511 -0.0602539 -0.0219888 0
1231211 413761 m2 0.0512 -0.26687 -0.347326 -0.0767613 0
1231211 718023 m2 0.01315 0.178664 -0.112673 0 0.074313
1231211 72371 m2 0.0969 -0.349119 -0.576171 0 -0.0142337
1231211 662656 m2 0.01885 -0.198248 0.00897455 -0.000918667 0
1231211 180402 m2 0.1788 0.124038 -0.673663 0 -0.047136
1231211 389628 m2 0.01615 -0.0272729 -0.110499 0 -0.0492765
1231211 222746 m2 0.07065 -0.107426 -0.63426 -0.00662353 0
1231211 437012 m2 0.05445 -0.21944 -0.391819 -0.0392637 0
1231211 352795 m2 0.0389 0.13007 -0.128857 0 -0.0503256
1231211 90060 m2 0.1271 -0.165919 -0.493367 -0.0614306 0
1231211 101086 m2 0.0359 -0.233586 -0.263189 0 -0.0360784
1231211 796045 m2 0.013 -0.202501 -0.0161934 0 0.0339129
1231211 209148 m2 0.01285 -0.159161 -0.0755245 0 0.0243588
1231211 415946 m2 0.03015 -0.245686 -0.284122 -0.0867641 0
1231211 259176 m2 0.01125 -0.122448 -0.23563 0 -0.0616274
1231211 745217 m2 0.0122 -0.158488 -0.0727798 -0.0340925 0
1231211 186291 m2 0.14055 0.00874435 -0.698375 0 -0.0455886
1231211 604111 m2 0.0125 0.253326 -0.334843 0 0.00759245
1231211 545749 m2 0.0223 -0.0410876 -0.379685 0 -0.0370334
1231211 779735 m2 0.01075 -0.220317 -0.00597788 0 0.0379149
1231211 276693 m2 0.02545 0.295009 -0.423227 0.0215852 0
1231211 671275 m2 0.011 -0.0183921 -0.114937 -0.0581217 0
1231211 395686 m2 0.05245 -0.0385993 -0.498951 0 0.0396177
1231211 379742 m2 0.03185 0.334458 -0.42632 0.0589069 0
1231211 630474 m2 0.0102 -0.156439 -0.0755441 -0.00952579 0
1231211 415942 m2 0.0727 -0.231458 -0.402065 -0.046428 0
1231211 520139 m2 0.03475 0.0676231 -0.598712 0 -0.0313802
1231211 504046 m2 0.03895 -0.0886331 -0.0977564 -0.023916 0
1231211 501244 m2 0.05255 0.185116 -0.609157 0 0.0113682
1231211 206390 m2 0.0132 0.187474 -0.366635 0 0.0116495
1231211 624970 m2 0.01785 -0.198451 -0.353352 -0.0676367 0
1231211 249672 m2 0.0409 -0.10747 -0.392651 0 0.0590999
1231211 735933 m2 0.011 0.15752 -0.106199 0 -0.0584458
1231211 179657 m2 0.06655 -0.0904175 -0.165994 -0.0165423 0
1231211 258571 m2 0.05225 0.21336 -0.561207 0 -0.112251
1231211 490890 m2 0.01625 -0.0192351 -0.498288 0 -0.0204398
1231211 422232 m2 0.0156 0.303084 -0.339978 0 0.0119185
1231211 333745 m2 0.09055 0.307429 -0.511611 0.119822 0
1231211 762205 m2 0.01125 0.147975 -0.106448 -0.0588246 0
1231211 384618 m2 0.11855 0.182875 -0.642815 0.0292329 0
1231211 301317 m2 0.0826 0.0878695 -0.163837 0.0156634 0
1231211 710224 m2 0.0143 0.122652 -0.106177 0 0.0431865
1231211 335628 m2 0.21715 -0.00895442 -0.803068 0 -0.066901
1231211 252410 m2 0.0998 0.029107 -0.628692 0 -0.0636872
1231211 537706 m2 0.03645 -0.0545551 -0.0869885 0.027092 0
1231211 377235 m2 0.04935 0.0862042 -0.638783 0 -0.0883481
1231211 772921 m2 0.01615 0.0898234 -0.0987442 0 -0.0776567
1231211 705140 m2 0.0329 0.228263 -0.105247 0 0.0663923
1231211 315349 m2 0.0491 -0.160641 0.00760262 0.0166295 0
1231211 369555 m2 0.0394 0.075678 -0.457206 0 0.00747698
1231211 776418 m2 0.01165 0.272261 -0.340931 -0.00655807 0
1231211 652912 m2 0.01315 0.0971471 -0.35524 -0.0182023 0
1231211 761112 m2 0.011 0.164631 -0.0843831 0.0918275 0
1231211 441970 m2 0.06145 -0.21442 0.0201114 -0.0344704 0
1231211 635738 m2 0.0103 0.0700889 -0.09694 0 0.0623554
1231211 123305 m2 0.0531 0.247606 -0.571244 0 -0.0463749
1231211 403289 m2 0.05205 0.0781534 -0.49309 0 0.0153229
1231211 638433 m2 0.01545 -0.0718679 -0.102507 -0.0306299 0
1231211 132601 m2 0.0205 -0.152146 -0.0790164 -0.0323329 0
1231211 398837 m2 0.03565 -0.19773 -0.426445 0 -0.047812
1231211 111834 m2 0.03695 0.0850118 -0.572889 0.0105923 0
1231211 467315 m2 0.04285 0.175966 -0.487515 0 -0.0147989
1231211 144617 m2 0.0596 -0.0418925 -0.498095 0 -0.0138432
1231211 483840 m2 0.02785 0.0906943 -0.443993 -0.00348385 0
1231211 716592 m2 0.0109 0.0765201 -0.0933335 0.0474009 0
1231211 379476 m2 0.0972 0.11589 -0.635394 0.00758336 0
1231211 435110 m2 0.0386 0.213585 -0.444524 0.0430259 0
1231211 147864 m2 0.1173 0.0842478 -0.593761 0 0.0155288
1231211 404369 m2 0.03525 -0.210854 -0.0722862 -0.0832966 0
1231211 661832 m2 0.0323 -0.0145014 -0.119287 -0.029626 0
1231211 464547 m2 0.01345 0.249713 -0.289466 -0.0239573 0
1231211 397724 m2 0.02585 0.206493 -0.111679 0.069021 0
1231211 497045 m2 0.03175 0.0362453 -0.114082 -0.0520701 0
1231211 163675 m2 0.0188 0.316404 -0.420049 0 0.0346749
1231211 439986 m2 0.11375 -0.0153502 -0.515405 -0.00282706 0
1231211 381613 m2 0.05325 -0.187542 -0.613975 0 -0.027574
1231211 741821 m2 0.0132 -0.159429 -0.0703278 -0.0527107 0
1231211 640669 m2 0.0252 0.0464652 -0.162412 -0.0140799 0
1231211 453033 m2 0.03195 0.023372 -0.472149 0 -0.0458779
1231211 683985 m2 0.01155 0.127563 -0.353348 -0.0319952 0
1231211 170198 m2 0.05525 0.211231 -0.511893 0.0533554 0
1231211 427476 m2 0.0311 0.132353 -0.145712 0 -0.00490275
1231211 177924 m2 0.0358 0.0244012 -0.450633 0 0.00295342
1231211 663139 m2 0.01605 -0.20952 -0.262602 0 -0.00261613
1231211 672335 m2 0.0274 -0.0982525 -0.132551 -0.0108217 0
1231211 161188 m2 0.16445 -0.0577365 -0.723326 0 0.0126238
1231211 172854 m2 0.0834 -0.0269809 -0.682532 0 -0.00947058
1231211 750428 m2 0.01325 0.0501072 -0.350442 0 -0.0225654
1231211 500388 m2 0.02105 -0.017102 -0.533687 0.00298266 0
1231211 669645 m2 0.0488 -0.1726 -0.386955 0 0.0824794
1231211 669644 m2 0.01225 -0.2134 -0.240634 -0.0452885 0
1231211 440555 m2 0.06945 -0.0596529 -0.49422 0 -0.0434239
1231211 364628 m2 0.0116 -0.121765 -0.42949 -0.00794027 0
1231211 520901 m2 0.0172 -0.0910609 -0.402924 0.0112135 0
1231211 273107 m2 0.01665 -0.111453 -0.0938716 0 0.0127253
1231211 471629 m2 0.01215 -0.240506 -0.274856 0 0.0511423
1231211 756418 m2 0.0145 0.0952828 -0.0884494 0 0.0279965
1231211 427997 m2 0.01605 0.124767 -0.43405 0 0.00154249
1231211 625462 m2 0.0364 0.158099 -0.50276 0.0385296 0
1231211 615940 m2 0.01465 -0.074151 -0.11143 0.00731649 0
1231211 715199 m2 0.0201 -0.161755 -0.324308 0 -0.0049087
1231211 613666 m2 0.03615 -0.123469 -0.405852 0 -0.0193281
1231211 295997 m2 0.0314 0.304087 -0.477021 0.0464079 0
1231211 410507 m2 0.04075 -0.258392 -0.365122 0 -0.00868351
1231211 634640 m2 0.0333 0.134357 -0.526051 0 0.0718406
1231211 616442 m2 0.01065 0.144294 -0.359148 -0.0101064 0
1231211 386850 m2 0.02705 0.24467 -0.475283 0 -0.0545693
1231211 571253 m2 0.01495 -0.0623711 -0.105607 0.0219106 0
1231211 588762 m2 0.05185 0.195003 -0.454414 0.00595371 0
1231211 349908 m2 0.02255 0.00271901 -0.537341 0 -0.0905984
1231211 661532 m2 0.011 0.0969296 -0.104995 0 -0.0343432
1231211 451290 m2 0.0491 -0.26117 -0.345775 -0.029689 0
1231211 515377 m2 0.0283 0.319332 -0.468657 0 -0.0576112
1231211 535189 m2 0.0136 0.279243 -0.44093 0.0121916 0
1231211 201748 m2 0.0247 -0.0567551 -0.468524 -0.0096261 0
1231211 356027 m2 0.04475 0.033725 -0.461383 0 0.0170813
1231211 779135 m2 0.01985 -0.221189 -0.33099 0.0355447 0
1231211 612888 m2 0.01555 -0.243197 -0.262733 -0.0444406 0
1231211 486195 m2 0.0273 -0.256301 -0.351383 -0.0673265 0
1231211 266868 m2 0.01465 -0.26031 -0.291352 0 0.039278
1231211 364079 m2 0.06785 0.36928 -0.489609 0.0634562 0
1231211 295728 m2 0.0912 -0.0295978 -0.510381 0 -0.0230894
1231211 685129 m2 0.012 0.107485 -0.441998 0 -0.00719054
1231211 471882 m2 0.02355 -0.231476 -0.321417 0.0021554 0
1231211 497886 m2 0.0208 -0.0140224 -0.539216 0 0.0109783
1231211 233168 m2 0.02405 -0.19954 -0.395391 0 -0.0253309
1231211 618616 m2 0.0324 0.160617 -0.525803 0.00503772 0
1231211 249647 m2 0.04075 -0.052888 -0.471755 0 0.0111818
1231211 316378 m2 0.0237 -0.237092 -0.361705 0.0256207 0
1231211 577468 m2 0.016 0.0333981 -0.101827 0 -0.00913692
1231211 602715 m2 0.01025 -0.0538866 -0.370121 0.0205689 0
1231211 461457 m2 0.01005 -0.188841 -0.37465 -0.0279398 0
1231211 681705 m2 0.05875 0.205487 -0.514453 0.0406098 0
1231211 389582 m2 0.06685 -0.130682 -0.689561 0 -0.100971
1231211 715767 m2 0.01085 -0.0130286 -0.382175 0 -0.0460078
1231211 210246 m2 0.06425 0.268296 -0.562114 0 -0.00359559
1231211 625218 m2 0.0413 0.120136 -0.425322 -0.00481416 0
1231211 608472 m2 0.01005 0.339232 -0.366968 0.0102504 0
1231211 713213 m2 0.01015 0.256881 -0.405788 0.0416949 0
1231211 580664 m2 0.0168 -0.238379 -0.367295 0 -0.0390799
1231211 234262 m2 0.0432 0.356959 -0.410185 0.0617296 0
1231211 771163 m2 0.0122 -0.149866 -0.384409 0.0305765 0
1231211 314427 m2 0.0162 -0.219816 -0.351601 0 -0.0306376
1231211 751745 m2 0.0133 -0.222908 -0.332843 -0.0419099 0
1231211 288142 m2 0.04155 -0.100761 -0.484049 -0.0214977 0
1231211 772309 m2 0.01515 -0.248329 -0.246744 0.0589349 0
1231211 697364 m2 0.0108 -0.0395683 -0.344647 0 0.0653562
1231211 216551 m2 0.07885 -0.363623 -0.440749 -0.0393888 0
1231211 593637 m2 0.0444 -0.20254 0.0195111 -0.0174578 0
1231211 491095 m2 0.0206 0.15071 -0.502941 0.0770178 0
1231211 490005 m2 0.02515 0.139408 -0.443168 0.0395035 0
1231211 397987 m2 0.03555 0.374584 -0.478926 0.0217342 0
1231211 665896 m2 0.01625 0.0970611 -0.363366 0 -0.017808
1231211 677801 m2 0.01295 -0.00234659 -0.349503 0 0.015676
1231211 753125 m2 0.0116 -0.250805 -0.261521 0 -0.0480499
1231211 304744 m2 0.12055 0.0819468 -0.673699 0 -0.0792194
1231211 413210 m2 0.0393 -0.149385 -0.459176 0.00902282 0
1231211 255453 m2 0.02435 0.194703 -0.523226 0 -0.0559531
1231211 590463 m2 0.02855 -0.16056 -0.385539 0.00318443 0
1231211 613402 m2 0.0246 0.0104044 -0.440304 0 0.0254532
1231211 411332 m2 0.0382 -0.1442 -0.41608 -0.0378187 0
1231211 534360 m2 0.0208 0.0076525 -0.431272 0.00568892 0
1231211 749342 m2 0.0165 -0.113937 -0.354326 -0.00994591 0
1231211 480399 m2 0.0881 -0.113482 -0.431035 0 -0.0168212
1231211 566591 m2 0.0109 -0.179631 -0.387793 0 -0.0237356
1231211 633489 m2 0.01335 -0.21944 -0.346659 -0.029783 0
1231211 620786 m2 0.022 -0.135115 -0.392834 -0.0724904 0
1231211 337781 m2 0.02075 0.0466865 -0.437459 0.0509269 0
1231211 343538 m2 0.0609 -0.255521 -0.38397 -0.11721 0
1231211 707667 m2 0.01135 -0.175503 -0.373407 0.0654311 0
1231211 384553 m2 0.05535 -0.0971028 -0.499171 0 -0.01811
1231211 385718 m2 0.0147 0.149042 -0.411252 0 -0.0468189
1231211 568474 m2 0.02755 0.360741 -0.38912 0.0337864 0
1231211 414488 m2 0.01755 -0.121709 -0.385615 -0.0325811 0
1231211 566024 m2 0.0228 -0.275172 -0.361702 0.00887909 0
1231211 663959 m2 0.0301 -0.249516 -0.361505 -0.0532506 0
1231211 623242 m2 0.0156 -0.138197 -0.268271 0 0.0309687
1231211 785672 m2 0.01075 -0.237906 -0.223239 0.0194981 0
1231211 623512 m2 0.012 0.180669 -0.336894 0.0330075 0
1231211 297365 m2 0.0323 0.22017 -0.519178 0 -0.0229847
1231211 368451 m2 0.01165 0.234457 -0.295105 -0.0318679 0
1231211 744876 m2 0.016 -0.120234 -0.416167 -0.0267074 0
1231211 738946 m2 0.021 -0.0402618 -0.392298 -0.044697 0
1231211 366499 m2 0.0385 -0.12135 -0.407751 0 -0.0347911
1231211 781623 m2 0.012 0.260312 -0.284214 0 -0.0212604
1231211 738945 m2 0.02085 -0.0409596 -0.390378 -0.0959241 0
1231211 340770 m2 0.0216 0.270952 -0.384467 0 -0.0545398
1231211 690493 m2 0.0306 -0.26019 -0.276884 -0.0843227 0
1231211 334525 m2 0.0282 -0.140946 -0.45467 0 -0.029934
1231211 615364 m2 0.0237 -0.266789 -0.289552 -0.0383291 0
1231211 752011 m2 0.0113 -0.240902 -0.305163 -0.0316606 0
1231211 689111 m2 0.02035 0.0155986 -0.456492 0 0.0165762
1231211 510893 m2 0.0438 -0.135899 -0.470705 0 -0.00147482
1231211 306952 m2 0.04265 0.136336 -0.440644 0 0.0560274
1231211 431029 m2 0.0259 -0.225982 -0.351851 0 -0.0317879
1231211 737837 m2 0.0219 0.354372 -0.395833 0.0586653 0
1231211 359841 m2 0.0122 -0.214722 -0.38273 0 -0.0154297
1231211 397099 m2 0.04695 -0.116081 -0.452381 -0.0495479 0
1231211 554166 m2 0.03425 -0.139338 -0.411171 0.0777404 0
1231211 405692 m2 0.02455 0.136758 -0.474207 0.0131691 0
1231211 519300 m2 0.01125 0.296053 -0.249793 0.0616283 0
1231211 623282 m2 0.02345 0.119102 -0.395773 0.0259833 0
1231211 446547 m2 0.03315 -0.191672 -0.415582 -0.0465802 0
1231211 364017 m2 0.0178 -0.110135 -0.355518 0 -0.00983055
1231211 570119 m2 0.0281 0.214288 -0.422928 0 0.00167643
1231211 553850 m2 0.0138 0.244916 -0.410831 0 -0.0194879
1231211 428235 m2 0.02085 -0.0212552 -0.378666 -0.0465503 0
1231211 406247 m2 0.0499 0.375793 -0.422753 0.0385103 0
1231211 593028 m2 0.01855 -0.036956 -0.363758 -0.027835 0
1231211 474585 m2 0.03165 -0.16543 -0.428763 -0.0885298 0
1231211 405658 m2 0.12125 0.0038259 -0.722886 0 -0.0771547
1231211 671449 m2 0.011 0.170653 -0.398031 0 0.00827642
1231211 559707 m2 0.0681 -0.0315725 -0.533244 -0.00678756 0
1231211 429594 m2 0.03405 0.0276981 -0.137929 0.0322878 0
1231211 456746 m2 0.0152 -0.138215 -0.336009 0.0350724 0
1231211 738080 m2 0.0205 -0.146667 -0.363186 -0.0379214 0
1231211 637248 m2 0.0127 0.275361 -0.451023 0 -0.0728077
1231211 449628 m2 0.02545 0.0961067 -0.529888 0.0369685 0
1231211 512876 m2 0.026 0.342693 -0.458464 0 0.00586135
1231211 576862 m2 0.01865 -0.248034 -0.216994 -0.0532645 0
1231211 745128 m2 0.0111 0.209251 -0.249047 0.0144701 0
1231211 440793 m2 0.01885 -0.0723271 -0.483806 0.0212102 0
1231211 695634 m2 0.01215 0.283429 -0.383284 0 0.0525548
1231211 705980 m2 0.01305 -0.0263728 -0.384403 0 -0.0983644
1231211 530990 m2 0.01245 -0.226244 -0.263481 0 -0.0168773
1231211 693443 m2 0.0406 -0.197285 -0.389846 -0.0315211 0
1231211 611455 m2 0.0307 -0.169837 -0.246594 -0.00217706 0
1231211 640070 m2 0.01655 -0.134848 -0.0879063 0 -0.0267675
1231211 768466 m2 0.011 -0.252001 -0.232644 -0.00859299 0
1231211 756050 m2 0.0108 0.262788 -0.369947 0.0170283 0
1231211 691557 m2 0.01745 -0.238803 -0.305794 -0.0908481 0
1231211 522728 m2 0.01685 -0.0671717 -0.384435 0 -0.0376689
1231211 656709 m2 0.0141 -0.0990006 -0.47681 -0.00852482 0
1231211 649539 m2 0.03345 0.139869 -0.512493 0 0.00755068
1231211 518413 m2 0.135 0.210198 -0.640867 0.0141411 0
1231211 577907 m2 0.0392 -0.113696 -0.453537 -0.0669011 0
1231211 704526 m2 0.0157 0.0239765 -0.229689 0 0.0256706
1231211 558875 m2 0.01935 0.191651 -0.424931 0.0279369 0
1231211 630978 m2 0.0115 -0.0536497 -0.404288 0 -0.0269239
1231211 623528 m2 0.06455 -0.287877 -0.351404 0 0.00239901
1231211 619706 m2 0.03095 0.194052 -0.509216 0 -0.0289098
1231211 607600 m2 0.01325 -0.0151825 -0.379704 0 -0.0439924
1231211 754431 m2 0.02235 -0.145163 -0.352553 0 -0.0266906
1231211 649823 m2 0.03235 -0.0593954 -0.39964 -0.0232333 0
1231211 679722 m2 0.0156 -0.21121 -0.347976 -0.0325417 0
1231211 643603 m2 0.0149 0.093524 -0.419638 0.0532752 0
1231211 612840 m2 0.0322 -0.215077 -0.404583 0.000503416 0
1231211 643057 m2 0.01005 -0.0526081 -0.316162 -0.000900646 0
1231211 653675 m2 0.04235 -0.0699511 -0.492924 0 -0.0207062
1231211 717646 m2 0.0229 -0.263746 -0.306247 0 -0.00367411
1231211 646274 m2 0.0562 -0.260871 -0.336933 -0.0837614 0
1231211 659217 m2 0.02805 -0.0598361 -0.442027 0.0385269 0
1231211 645234 m2 0.01495 0.0869546 -0.463946 -0.00575344 0
1231211 675536 m2 0.0144 -0.0858822 -0.370959 0 0.0720818
1231211 749021 m2 0.0118 -0.0106564 -0.364051 0.0348248 0
1231211 635400 m2 0.0177 -0.271723 -0.298395 -0.0715945 0
1231211 653399 m2 0.0249 -0.277463 -0.325384 0 0.0192828
1231211 629505 m2 0.0386 -0.0533681 -0.521611 0 -0.027646
1231211 681128 m2 0.02195 -0.134346 -0.363918 -0.0427061 0
1231211 774996 m2 0.01045 -0.15229 -0.303662 -0.0380922 0
1231211 764876 m2 0.02025 -0.0304144 -0.432269 -0.0348267 0
1231211 763492 m2 0.0176 0.348127 -0.396314 0 -0.0153807
1231211 764623 m2 0.01245 0.154348 -0.343004 -0.0396558 0
1231211 776643 m2 0.0114 -0.252398 -0.23235 -0.0550128 0
