// Initial random seed:
4004062847795

// RunInitializeCallbacks():
initializeTreeSeq();
initializeMutationRate(1e-10);
initializeSex("A");
initializeMutationType(2, 0.5, "f", 0);
initializeGenomicElementType(1, m2, 1);
initializeGenomicElement(g1, 0, 550000);
initializeRecombinationRate(c(1e-06, 0.5, 1e-06, 0.5, 1e-06, 0.5, 1e-06, 0.5, 1e-06, 0.5, 1e-06, 0.5, 1e-06, 0.5, 1e-06, 0.5, 1e-06, 0.5, 1e-06, 0.5, 1e-06, 0.5, 1e-06, 0.5, 1e-06, 0.5, 1e-06, 0.5, 1e-06, 0.5, 1e-06, 0.5, 1e-06, 0.5, 1e-06, 0.5, 1e-06, 0.5, 1e-06), c(50000, 50001, 100000, 100001, 150000, 150001, 200000, 200001, 250000, 250001, 300000, 300001, 350000, 350001, 400000, 400001, 450000, 450001, 500000, 500001, 550000, 550001, 600000, 600001, 650000, 650001, 700000, 700001, 750000, 750001, 800000, 800001, 850000, 850001, 900000, 900001, 950000, 950001, 1000000));

QTL DFE means: 
0 0

QTL DFE variance-covariance matrix: 
     [,0] [,1]
[0,]  0.4    0
[1,]    0  0.4

// Starting run at generation <start>:
1 

100:0.999984 0.999984 4.44089e-16 0.000367017 1.14612e-05 0.231032 0.103985 NAN NAN
200:0.999904 0.999904 7.77156e-15 -0.0013872 0 -0.00404422 NAN NAN NAN
300:0.999994 0.999994 -8.99281e-15 0.000158515 0 0.0330674 NAN NAN NAN
400:0.999993 0.999993 -2.33147e-15 -8.72542e-05 0 -0.106073 NAN NAN NAN
500:0.999888 0.999888 -2.77556e-15 -0.000336802 0.000187893 -0.0608269 -0.044642 NAN NAN
600:0.999983 0.999983 4.32987e-15 -0.000300266 3.87777e-05 -0.157244 -0.0482855 NAN NAN
700:0.999993 0.999993 -5.55112e-16 0.000543688 0 -0.126438 NAN NAN NAN
800:0.999926 0.999926 -8.10463e-15 0.000500477 -0.000117683 -0.0369397 0.0238179 NAN NAN
900:0.999987 0.999987 3.21965e-15 0.000194044 1.17222e-05 0.12031 -0.0885802 NAN NAN
1000:0.999919 0.999919 3.33067e-16 0.000661593 -7.75027e-05 0.226888 0.120647 NAN NAN
1100:0.995724 0.995718 5.92419e-06 -0.00125199 -4.21198e-05 0.095633 -0.103985 0.0293584 -0.0136484
1200:0.982938 0.982918 2.07464e-05 -0.00105711 -8.06581e-05 0.120301 -0.237243 0.0499427 -0.0191358
1300:0.961698 0.96162 7.83346e-05 -0.00571482 0 0.059434 NAN 0.0532701 NAN
1400:0.932223 0.932096 0.000127717 -0.00465484 -4.53314e-06 0.0711173 -0.0654723 0.0542716 -0.00568697
1500:0.895727 0.894287 0.00144013 -0.000772528 0.0014042 0.0351523 0.278931 0.011999 0.134335
1600:0.872849 0.832578 0.040271 0.000167183 0.0255233 0.144207 0.542473 0.0203167 0.449052
1700:0.868317 0.740436 0.12788 0 0.125516 NAN 0.798089 NAN 0.747958
1800:0.837625 0.657136 0.18049 -0.000384648 0.14309 0.0549361 0.86995 0.00929413 0.833218
1900:0.793242 0.553035 0.240207 0.0226243 0.147369 0.320713 0.938189 0.221579 0.886927
2000:0.749168 0.410625 0.338543 0.145529 0.168454 0.706341 0.954772 0.607822 0.923226
2100:0.884962 0.362353 0.522609 0.0316036 0.152913 0.949264 0.95606 0.900908 0.926486
2200:0.900663 0.355902 0.544761 -0.0046435 0.151676 0.967612 0.958945 0.92205 0.931057
2300:0.9024 0.357563 0.544837 0.00618203 0.164351 0.968878 0.955917 0.925669 0.931096
2400:0.899102 0.358361 0.540741 -0.0101033 0.151527 0.965196 0.957723 0.921983 0.930974
2500:0.907027 0.356015 0.551012 -0.0127424 0.156586 0.970762 0.966265 0.928069 0.936685
2600:0.904497 0.35627 0.548227 -0.00201315 0.137437 0.97052 0.956705 0.93432 0.926152
2700:0.907872 0.354475 0.553397 0.00446615 0.145323 0.975578 0.958416 0.936407 0.929966
2800:0.907767 0.347436 0.56033 0.0140466 0.149822 0.975741 0.956097 0.942451 0.935319
2900:0.90749 0.34758 0.55991 -0.00845272 0.147559 0.972078 0.955861 0.94241 0.934547
3000:0.908556 0.350496 0.55806 0.0121704 0.146278 0.975419 0.955723 0.945033 0.930127
