seed mutID muttype p cor_sal cor_temp mutSalEffect mutTempEffect
1231145 1377 m2 0.4472 0.909279 -0.0646887 0.248302 0.123235
1231145 1508 m2 0.432 -0.0599657 0.496218 -0.0289612 0.187127
1231145 1906 m2 0.0134 0.413791 -0.442341 0.306798 -0.656509
1231145 1933 m2 0.1881 -0.451249 0.388768 -0.531172 0.506672
1231145 2018 m2 0.17735 -0.380677 -0.643124 -0.20458 -0.233103
1231145 2113 m2 0.05465 -0.478026 -0.134427 -0.698059 -0.0841987
1231145 2197 m2 0.1172 0.480683 0.313111 0.322679 0.283218
1231145 2234 m2 0.1903 -0.107762 0.450782 -0.0873226 0.391189
1231145 2386 m2 0.2043 -0.643836 0.235295 0.228418 0.0123393
