seed mutID muttype p cor_sal cor_temp mutSalEffect mutTempEffect
1231199 264549 m2 0.19004 0.101516 0.837643 0.0303173 0
1231199 473228 m2 0.0922809 0.0298941 0.751291 0.0213348 0
1231199 718625 m2 0.0302291 0.0343617 0.623924 0 -0.0535022
1231199 442346 m2 0.0460657 0.190974 0.463339 0.0587152 0
1231199 315538 m2 0.0508964 -0.0381413 0.68123 0 0.032317
1231199 627549 m2 0.034512 0.0112631 0.46414 0.00496857 0
1231199 666980 m2 0.0196713 -0.168805 0.593674 -0.0372616 0
1231199 745464 m2 0.0108068 -0.0556935 0.485535 0 0.00455816
1231199 670638 m2 0.0766434 0.0750543 0.74855 0.0372558 0
1231199 776845 m2 0.0146912 0.0671761 0.508981 0.0316518 0
1231199 15451 m2 0.333466 0.0246321 0.935718 0 0.0500625
1231199 780710 m2 0.0188247 0.125528 0.455977 0.0143052 0
1231199 198397 m2 0.153984 0.0909878 0.353192 0 0.0416154
1231199 245071 m2 0.150697 0.0471519 0.622696 0.0276387 0
1231199 620690 m2 0.148655 0.226694 0.77441 0.0735334 0
1231199 683489 m2 0.0187749 0.152553 0.618003 0.0870587 0
1231199 389353 m2 0.0562749 -0.0267695 0.472382 0 0.0122171
1231199 465098 m2 0.104831 0.0032345 0.76311 0 -0.0198398
1231199 690381 m2 0.0452689 0.02527 0.646859 0 0.0267239
1231199 444800 m2 0.0704681 0.0299724 0.448894 0.00529772 0
1231199 507592 m2 0.0270916 -0.0654898 0.397354 0 0.0164259
1231199 238868 m2 0.0830677 -0.0248378 0.677764 0.0271081 0
1231199 287158 m2 0.0678785 0.0069569 0.697974 0.00115613 0
1231199 533532 m2 0.0646414 -0.0133624 0.678672 0.0218929 0
1231199 182797 m2 0.0671813 -0.00210286 0.696118 0 0.0214148
1231199 778743 m2 0.010757 0.0044874 0.495041 0 0.0296569
1231199 475758 m2 0.076743 0.0600062 0.738384 0 0.0147243
1231199 531847 m2 0.130229 0.148274 0.803333 0.060868 0
1231199 528831 m2 0.0355578 0.142285 0.0929549 0.0412393 0
1231199 476019 m2 0.124303 -0.031971 0.784987 0 0.0178529
1231199 172552 m2 0.0826195 -0.0125645 0.729551 -0.0219679 0
1231199 565012 m2 0.0144422 -0.0802081 0.497235 -0.0603414 0
1231199 15446 m2 0.0866534 -0.141239 0.716318 0 -0.0299016
1231199 528020 m2 0.0226096 -0.0629156 0.496484 -0.0478316 0
1231199 254635 m2 0.034512 0.0721823 0.467502 0 0.0686578
1231199 726112 m2 0.0118028 0.00226228 0.411162 -0.028306 0
1231199 474111 m2 0.0678287 0.24945 0.464083 0.100042 0
1231199 463370 m2 0.025747 -0.200521 0.371421 0 -0.0377907
1231199 294266 m2 0.123606 0.0103074 0.554588 0 0.0489891
1231199 660515 m2 0.0939243 0.083553 0.784132 0.0245375 0
1231199 546421 m2 0.0186255 0.127531 0.166477 0 -0.00335777
1231199 428131 m2 0.0891932 -0.0462993 0.709038 0 0.0766912
1231199 458338 m2 0.0547809 -0.0619392 0.675173 -0.023612 0
1231199 340243 m2 0.0891932 -0.0598452 0.600447 0 0.0264491
1231199 678615 m2 0.0224602 -0.0382302 0.596446 -0.0599038 0
1231199 654615 m2 0.049751 -0.00265942 0.705509 -0.0193602 0
1231199 606765 m2 0.0292829 0.145667 -0.0115387 0.0931028 0
1231199 708802 m2 0.0104084 -0.172913 0.427185 -0.0113419 0
1231199 209124 m2 0.0164841 -0.0903344 0.251483 0 0.0364464
1231199 734461 m2 0.0303785 0.0602971 0.464793 0.00059559 0
1231199 535966 m2 0.149353 0.131281 0.609493 0 -0.0255835
1231199 541961 m2 0.048008 0.0600158 0.550073 0 0.0672648
1231199 29656 m2 0.0835657 0.0156849 0.732037 -0.0436835 0
1231199 478208 m2 0.0456673 -0.114523 0.624434 -0.0265643 0
1231199 676979 m2 0.0263446 -0.0808491 0.556166 -0.0876121 0
1231199 311604 m2 0.0921813 -0.106683 0.54137 -0.0180122 0
1231199 660511 m2 0.0173307 0.0188344 0.423242 -0.0228465 0
1231199 540851 m2 0.0724104 0.00413245 0.478054 -0.0630575 0
1231199 409793 m2 0.0343625 0.00877229 0.464123 -0.00898564 0
1231199 238298 m2 0.288645 -0.0674793 0.913544 0 0.0405629
1231199 622903 m2 0.0130478 -0.00158218 0.30291 0 -0.0147914
1231199 552384 m2 0.0267928 -0.0874098 0.17085 0 0.0391167
1231199 397389 m2 0.013745 -0.0573358 0.403757 0.0384571 0
1231199 740819 m2 0.010508 -0.229681 0.350038 0 -0.0105991
1231199 619331 m2 0.0922809 -0.0196954 0.610595 -0.0566502 0
1231199 696944 m2 0.0217629 0.0862511 0.505142 0 -0.0339475
1231199 576557 m2 0.0702689 0.066424 0.469673 0.0354005 0
1231199 676694 m2 0.013496 -0.176063 0.319905 -0.0598518 0
1231199 707163 m2 0.0246016 -0.0389529 0.503534 -0.0701716 0
1231199 744617 m2 0.0344124 0.222834 0.378178 0 0.0147256
1231199 468436 m2 0.0301295 0.0200404 0.446417 0.0627427 0
1231199 380890 m2 0.0468625 -0.077075 0.63046 0 0.0570622
1231199 359017 m2 0.103735 0.0197777 0.678694 0.00381816 0
1231199 765751 m2 0.0147908 -0.116919 0.416761 -0.0152327 0
1231199 715074 m2 0.0692231 0.0491728 0.367052 -0.0185349 0
1231199 718892 m2 0.0117032 -0.0472622 0.281215 -0.000181616 0
1231199 402055 m2 0.0415339 0.0675295 0.27828 0.000786514 0
1231199 531840 m2 0.026992 -0.180177 0.41489 -0.0599894 0
1231199 512521 m2 0.0425299 -0.0542814 0.61477 -0.04639 0
1231199 374366 m2 0.073755 -0.0302525 0.531647 0 0.0106125
1231199 89988 m2 0.035508 0.166461 0.676231 -0.00459152 0
1231199 177841 m2 0.088994 0.0498704 0.627239 0 0.0513538
1231199 152957 m2 0.0214143 0.109969 0.319239 0.0033653 0
1231199 694445 m2 0.0262948 -0.129641 0.285541 0 -0.00270312
1231199 370317 m2 0.127191 0.127113 0.750445 0.0471119 0
1231199 701589 m2 0.0900896 -0.0436971 0.349472 -0.0490553 0
1231199 603230 m2 0.0249502 0.199084 0.432006 0.0967895 0
1231199 778448 m2 0.0186753 0.147439 0.383831 -0.0624805 0
1231199 5450 m2 0.101843 0.0121 0.305738 0.0216646 0
1231199 405859 m2 0.073506 0.0804284 0.312047 -0.00639095 0
1231199 651130 m2 0.0135956 -0.047291 0.39238 -0.0321265 0
1231199 692308 m2 0.022759 -0.148839 0.3474 -0.0768794 0
1231199 653235 m2 0.0445717 0.0958892 0.514052 0 0.0663704
1231199 728880 m2 0.0106574 0.0603287 0.465138 0.0828969 0
1231199 525623 m2 0.0498506 -0.0271538 0.689724 -0.00323332 0
1231199 418884 m2 0.186902 0.0217936 0.818678 0 -0.00786757
1231199 573268 m2 0.0714641 0.151242 0.79185 0.0781278 0
1231199 376838 m2 0.0168825 0.0544588 0.364053 0 0.00327253
1231199 284364 m2 0.123705 -0.130609 0.337798 -0.0014653 0
1231199 779339 m2 0.0255478 0.0566493 0.452195 0 0.003367
1231199 729154 m2 0.0205677 -0.188216 0.350625 -0.0530103 0
1231199 535141 m2 0.0288347 -0.11506 0.437747 0 -0.0206784
1231199 665603 m2 0.0478088 0.200353 0.453506 -0.0137476 0
1231199 776824 m2 0.0128486 -0.0965132 0.292796 0 -0.122788
1231199 570775 m2 0.024253 -0.160598 0.369334 -0.0333371 0
1231199 143881 m2 0.135807 0.387795 0.508406 0.104317 0
1231199 479869 m2 0.0559263 -0.116044 0.70817 0.0223933 0
1231199 602942 m2 0.0197211 -0.040866 0.172511 -0.0254787 0
1231199 561652 m2 0.0459163 -0.0594839 0.621371 0 -0.00151401
1231199 722779 m2 0.0131972 -0.0751459 0.452251 0 -0.040368
1231199 749684 m2 0.0140438 -0.0656192 0.388208 0.0161708 0
1231199 59327 m2 0.20249 -0.0883403 0.483698 0.0229966 0
1231199 136972 m2 0.0515936 0.0980122 0.00131313 0 0.0362963
1231199 695531 m2 0.011006 -0.161411 0.315151 0 0.000903395
1231199 789848 m2 0.0130478 0.0264192 0.411806 0.0118212 0
1231199 363467 m2 0.010259 0.069372 0.0440479 0.0425995 0
1231199 775743 m2 0.0191733 0.0924384 0.439065 0 0.000187865
1231199 729994 m2 0.0134462 -0.00160723 0.504422 0 -0.0512321
1231199 412820 m2 0.0275398 -0.114763 0.29133 -0.0756751 0
1231199 576290 m2 0.0180777 -0.108753 0.260644 -0.0478606 0
1231199 739665 m2 0.0168327 0.117026 0.388755 0 0.0703968
1231199 99911 m2 0.112649 -0.0076895 0.4474 0 -0.029236
1231199 132519 m2 0.038247 0.0661329 -0.170797 0 0.00599761
1231199 66282 m2 0.117729 -0.0789176 0.751376 0.0172739 0
1231199 238281 m2 0.0789343 0.0913963 0.401508 0 0.0126733
1231199 610597 m2 0.0437251 -0.0665858 -0.0576812 0 0.0190505
1231199 473186 m2 0.0319223 -0.0670462 0.178066 0 -0.0507879
1231199 634716 m2 0.0461653 0.0151862 0.521011 0 0.046846
1231199 758566 m2 0.0172311 0.152502 0.162868 0.0236223 0
1231199 787864 m2 0.0212649 0.206756 0.311805 0.00938615 0
1231199 425654 m2 0.0186255 0.0286199 0.278975 -0.0338101 0
1231199 727994 m2 0.0107072 -0.0970941 0.26658 0 0.0333069
1231199 366451 m2 0.047261 -0.00388155 0.546206 -0.0286624 0
1231199 612282 m2 0.0494024 -0.196422 0.417194 0 0.00967333
1231199 638454 m2 0.065239 -0.242914 0.24332 -0.0840362 0
1231199 186632 m2 0.0923307 -0.0773306 0.764248 0 0.0381554
1231199 317357 m2 0.0741036 -0.0553127 0.457066 -0.033409 0
1231199 730519 m2 0.011255 0.0819987 0.298979 0 0.0167448
1231199 306087 m2 0.0907371 0.0187224 0.701357 0 0.0444701
1231199 564463 m2 0.0515438 -0.122948 0.472924 -0.0601615 0
1231199 693602 m2 0.037749 -0.10562 0.320814 -0.0514532 0
1231199 727710 m2 0.0192231 -0.0351552 0.39008 0 0.102217
1231199 724406 m2 0.0320717 0.0133979 0.204074 0 0.0384796
1231199 755458 m2 0.0250996 0.309899 0.63222 0.0840617 0
1231199 545799 m2 0.013247 -0.194877 0.124268 -0.0759901 0
1231199 395949 m2 0.022012 0.0223998 0.17418 0.0407807 0
1231199 743516 m2 0.0186753 0.0236871 0.311863 -0.00652904 0
1231199 572673 m2 0.0471116 -0.0817781 -0.0203544 0 -0.0265736
1231199 175048 m2 0.0802291 0.00167123 0.372714 0 -0.028586
1231199 753294 m2 0.0261952 0.0184471 0.356268 0 -0.020709
1231199 525323 m2 0.0252988 -0.152306 0.377315 0 -0.00842626
1231199 782113 m2 0.0111554 -0.152621 0.139059 -0.0403628 0
1231199 256297 m2 0.0844622 -0.0192964 0.749072 0 0.118273
1231199 734430 m2 0.0559263 -0.0114909 0.352961 0 0.0585847
1231199 41152 m2 0.0620518 0.000985764 0.585328 0.0251197 0
1231199 662387 m2 0.0466135 0.133627 0.514855 0.0636244 0
1231199 174240 m2 0.231175 -0.0638153 0.235981 -0.00713393 0
1231199 805682 m2 0.0125996 0.0965185 0.274282 0 -0.0082217
1231199 292851 m2 0.0317231 0.0938498 0.590548 0 -0.0239845
1231199 372441 m2 0.0857072 -0.0181209 0.56873 0 0.0594403
1231199 694684 m2 0.0301295 -0.0780067 0.327135 0 0.0165529
1231199 783980 m2 0.0322709 0.231431 0.374366 0.0850264 0
1231199 361171 m2 0.0858068 0.0727209 0.0967646 0 0.0655068
1231199 27866 m2 0.0266434 -0.132907 -0.160068 0 0.0622945
1231199 766317 m2 0.0153884 0.0348198 0.311881 0 -0.0758913
1231199 687001 m2 0.0184761 -0.169805 0.136253 0.0380385 0
1231199 750489 m2 0.0151892 -0.172458 0.15484 -0.0639634 0
1231199 138427 m2 0.0330179 0.0824751 0.197649 -0.00443187 0
1231199 745980 m2 0.0499004 0.0738144 0.5013 0 -0.0515719
1231199 111299 m2 0.0705677 0.297992 -0.246422 0 0.00275363
1231199 455801 m2 0.0744024 -0.0438267 0.343053 0.0302715 0
1231199 585089 m2 0.0398406 -0.0106258 0.339248 0 -0.0621291
1231199 522207 m2 0.0485558 -0.147673 0.288815 -0.0230584 0
1231199 671449 m2 0.0195717 0.0357671 0.629153 0 0.0457052
1231199 484586 m2 0.0231574 -0.109241 0.705321 0.0401977 0
1231199 102613 m2 0.115787 -0.0416666 0.519586 -0.00395712 0
1231199 661852 m2 0.039741 -0.0547633 0.0822706 0 0.0202894
1231199 504240 m2 0.0341135 -0.0627017 0.1789 0 0.000877791
1231199 13422 m2 0.246912 0.167545 0.318638 0.0679476 0
1231199 793702 m2 0.0155378 -0.0346051 0.286735 -0.105842 0
1231199 561909 m2 0.0126494 0.124466 0.0732431 0.0997509 0
1231199 776001 m2 0.0108068 0.11874 0.308121 0 -0.0699912
1231199 658639 m2 0.0421813 -0.070173 0.177077 0 -0.00478877
1231199 458569 m2 0.0707171 -0.0823067 0.301957 -0.099505 0
1231199 423974 m2 0.0313247 0.212372 0.192191 0.0306874 0
1231199 714745 m2 0.0196215 0.105236 0.291054 0 0.0446508
1231199 797677 m2 0.011753 0.096386 0.174609 0 0.0579206
1231199 411133 m2 0.0971614 0.0222558 0.606979 0 -0.0360045
1231199 781835 m2 0.0392928 0.150097 0.244259 0.00266444 0
1231199 759111 m2 0.0290837 0.00594033 0.339088 0 -0.0255463
1231199 612548 m2 0.0176295 -0.00188047 0.0698899 0 0.0144531
1231199 33109 m2 0.0177789 0.219538 -0.211812 -0.00207622 0
1231199 819184 m2 0.0126992 0.224424 0.236678 0.0343327 0
1231199 115499 m2 0.0901892 -0.0955393 -0.126703 0 0.0539707
1231199 62913 m2 0.181474 0.109565 -0.158566 0.0684352 0
1231199 213289 m2 0.0579183 -0.147912 0.0119105 -0.00800151 0
1231199 310760 m2 0.0201693 0.114737 -0.0259745 0.0317921 0
1231199 92150 m2 0.114143 0.0198666 -0.563955 0 0.0292528
1231199 628850 m2 0.0560259 -0.0636111 0.0573139 0 0.0220931
1231199 759665 m2 0.010259 -0.0596432 0.16403 0 0.0524579
1231199 728838 m2 0.010508 -0.132319 0.238959 0 -0.0413913
1231199 271910 m2 0.23003 0.0548353 0.380669 0 -0.0253864
1231199 308599 m2 0.0527888 0.281609 0.234302 0.069481 0
1231199 633052 m2 0.125448 0.11154 0.326529 0.0172402 0
1231199 109003 m2 0.0302789 0.0885248 -0.167302 0 0.0384255
1231199 503170 m2 0.04751 -0.0201639 0.0997822 0.00906233 0
1231199 373726 m2 0.137151 0.0625581 0.768911 0.0275275 0
1231199 442293 m2 0.0150398 0.0353602 0.385359 0.0244833 0
1231199 756001 m2 0.024004 -0.0685988 0.287833 0 0.00358585
1231199 501772 m2 0.0375498 0.0633071 -0.176659 -0.0420644 0
1231199 220614 m2 0.125349 -0.136978 0.33715 -0.0966228 0
1231199 597439 m2 0.074004 0.177206 0.386362 0.0286076 0
1231199 748746 m2 0.0183267 -0.100361 0.061733 0.0141917 0
1231199 123694 m2 0.0682271 -0.151081 0.0989752 -0.0665046 0
1231199 777609 m2 0.0213645 0.027161 0.334688 0.0121837 0
1231199 734697 m2 0.0128486 -0.162197 0.141797 -0.00253632 0
1231199 108723 m2 0.101096 -0.0506973 -0.198712 0 -0.0566517
1231199 496194 m2 0.0699701 -0.102159 0.286409 -0.0723595 0
1231199 535899 m2 0.0295817 -0.176593 0.213988 -0.0546836 0
1231199 759952 m2 0.0319721 0.063511 0.35914 0 0.0703023
1231199 583160 m2 0.0105578 -0.200092 0.100811 -0.0393605 0
1231199 106262 m2 0.144273 -0.0614249 0.449005 0 -0.02321
1231199 109287 m2 0.0580179 -0.0401756 0.495045 -0.0490081 0
1231199 733577 m2 0.0173307 0.071971 0.210148 -0.0382364 0
1231199 784806 m2 0.0148406 0.110736 0.293914 -0.0194234 0
1231199 777036 m2 0.0104582 -0.0698102 0.158784 -0.0159029 0
1231199 398463 m2 0.0131474 0.118827 0.0664874 -0.0356957 0
1231199 790914 m2 0.010259 0.101169 0.16756 -0.0174329 0
1231199 668888 m2 0.0324701 0.0140611 0.187295 0 -0.0109471
1231199 706497 m2 0.0290837 -0.150697 0.0438559 0 0.00966685
1231199 152085 m2 0.099502 0.115132 0.301056 0 0.0166034
1231199 144625 m2 0.214343 0.039046 0.884266 0.0359269 0
1231199 15028 m2 0.0805777 0.130646 0.0234749 0.0266422 0
1231199 641721 m2 0.0449701 0.303281 0.35016 0 -0.0185435
1231199 781251 m2 0.0148406 0.142208 0.281198 0.00729378 0
1231199 734394 m2 0.0181275 -0.114112 0.157173 -0.00161445 0
1231199 747894 m2 0.011255 -0.13908 0.149934 0.0462529 0
1231199 712295 m2 0.0396912 0.0793713 0.187423 -0.0137553 0
1231199 783100 m2 0.0141932 0.162928 -0.0214121 -0.058492 0
1231199 775686 m2 0.0305279 -0.10029 0.119433 0.00578609 0
1231199 501201 m2 0.148456 -0.0519233 0.183961 -0.055203 0
1231199 788357 m2 0.0109562 0.210232 0.0575577 0 0.00408287
1231199 170563 m2 0.191932 -0.078928 0.37245 0 0.0639366
1231199 411388 m2 0.105677 0.105871 0.294163 0 0.00468496
1231199 272935 m2 0.275598 -0.00209697 0.475651 0 0.0235082
1231199 645612 m2 0.0280378 0.073806 0.426049 0.0429926 0
1231199 599100 m2 0.013994 -0.141719 0.126681 0 -0.0288359
1231199 150440 m2 0.0714641 -0.0348502 0.731266 0.0150631 0
1231199 545485 m2 0.0308765 0.0188363 0.212163 0.0222332 0
1231199 669690 m2 0.0657371 0.0157424 0.438838 -0.0144466 0
1231199 492438 m2 0.0976594 0.194266 0.41661 0.036194 0
1231199 543013 m2 0.120717 0.0937651 0.472324 0 0.0434112
1231199 238780 m2 0.0524402 0.13855 0.429191 0 0.00704979
1231199 673068 m2 0.0167829 0.106174 0.41285 0.0141003 0
1231199 733553 m2 0.0488546 0.208393 0.444898 0 0.0525631
1231199 495892 m2 0.0416335 -0.285203 0.191643 -0.0224543 0
1231199 620609 m2 0.0973108 -0.0749894 0.218624 -0.045585 0
1231199 314378 m2 0.0580677 0.2059 0.0646931 0.0246886 0
1231199 326289 m2 0.0573705 0.0648356 -0.525552 0 -0.0487863
1231199 371033 m2 0.0733068 0.124277 0.573006 0.0392515 0
1231199 140711 m2 0.194721 0.100289 -0.123152 0 -0.0318622
1231199 492431 m2 0.134811 0.345929 0.664258 0.0907644 0
1231199 201661 m2 0.0225598 -0.0247553 -0.344162 0 0.00491314
1231199 306312 m2 0.0132968 -0.15024 0.305003 0.0191554 0
1231199 84069 m2 0.105329 -0.070513 0.136931 -0.0022211 0
1231199 687217 m2 0.0649402 0.0443442 0.0779868 0 -0.107597
1231199 443057 m2 0.219074 -0.00722875 0.190132 0 -0.0198246
1231199 661526 m2 0.0388944 -0.0769717 0.446796 -0.0543654 0
1231199 491625 m2 0.137649 -0.126488 0.849369 0 0.0197956
1231199 716315 m2 0.0567231 -0.100529 0.350513 0 -0.0125818
1231199 479216 m2 0.0210159 0.126749 0.228326 0.0170133 0
1231199 626656 m2 0.0295319 0.18693 -0.0832834 0.0939109 0
1231199 569103 m2 0.0827191 0.0121692 -0.397354 0 0.0233589
1231199 801257 m2 0.0105578 -0.0544883 0.191875 0 0.0167455
1231199 752962 m2 0.0131474 -0.165579 0.135114 -0.0791037 0
1231199 640917 m2 0.0199701 0.0849413 -0.0368146 0 0.0457989
1231199 523854 m2 0.0435259 -0.0665649 -0.0664808 0 -0.0569329
1231199 658870 m2 0.011006 0.177277 0.0776985 0.0115947 0
1231199 69311 m2 0.072012 0.15286 0.0516548 0.00741396 0
1231199 281274 m2 0.111803 -0.210833 0.0974506 -0.00157766 0
1231199 574294 m2 0.0126992 0.166067 0.0592901 0 0.0471743
1231199 639547 m2 0.0131972 -0.13689 0.142706 0 -0.0251393
1231199 437980 m2 0.063496 -0.04456 0.0914201 0 -0.0631876
1231199 796230 m2 0.0115538 0.141017 0.0677118 -0.0173401 0
1231199 474849 m2 0.0772908 -0.126141 0.0638203 -0.102515 0
1231199 757683 m2 0.0121016 -0.095813 -0.0556072 0.0172644 0
1231199 361710 m2 0.0310259 -0.0553814 0.115176 0.0248312 0
1231199 29797 m2 0.0113546 0.0404562 -0.463988 0.0146999 0
1231199 359185 m2 0.0501494 -0.146304 0.113514 0.0368908 0
1231199 236865 m2 0.0135956 -0.122633 -0.0567236 -0.022103 0
1231199 622564 m2 0.0295319 -0.00995296 0.186114 0.00109816 0
1231199 404984 m2 0.0241534 -0.0545593 0.203127 -0.0269334 0
1231199 27003 m2 0.099253 0.458612 -0.372491 0.138159 0
1231199 759075 m2 0.010508 0.150003 0.189204 0 -0.0344485
1231199 150978 m2 0.269024 0.156255 0.466434 0.0430353 0
1231199 489661 m2 0.0570219 -0.0654657 0.224179 0.00632069 0
1231199 627182 m2 0.0150398 0.102852 0.0596393 0 0.0612257
1231199 745101 m2 0.0261952 -0.137327 0.174832 0 -0.0290156
1231199 503934 m2 0.0793327 0.152798 0.396736 0.0452794 0
1231199 462201 m2 0.0268426 0.0414204 0.13012 0 -0.00205046
1231199 546918 m2 0.0681275 0.0347217 0.0524962 0 -0.0486995
1231199 545457 m2 0.105428 -0.167275 0.218037 -0.0731664 0
1231199 626923 m2 0.0901394 -0.0779027 0.233408 0 -0.0512534
1231199 634940 m2 0.0361056 -0.108305 0.125366 -0.0254192 0
1231199 433828 m2 0.037251 0.182524 0.292698 0 -0.0251665
1231199 385479 m2 0.113645 0.305224 0.455609 0.0980065 0
1231199 732147 m2 0.0169323 -0.0825829 0.047615 0 0.000694493
1231199 679582 m2 0.0103088 -0.0644754 0.0133903 0 -0.0260433
1231199 329005 m2 0.0717629 -0.106336 0.0438504 -0.0440952 0
1231199 788075 m2 0.0143426 -0.0756999 0.0601964 0.0129361 0
1231199 142631 m2 0.0824701 -0.0694134 0.769744 0 0.0115838
1231199 696847 m2 0.0161853 0.0280496 0.0785292 0 -0.0101835
1231199 176611 m2 0.323904 -0.041592 0.179631 0 -0.0245229
1231199 674161 m2 0.0885458 0.00757577 0.208464 0.00465281 0
1231199 752136 m2 0.0206175 -0.180137 0.0414791 0 -0.0124203
1231199 31955 m2 0.0431773 0.094343 0.114833 -0.0222391 0
1231199 731025 m2 0.0304781 0.108041 0.0938946 0 0.0446457
1231199 578691 m2 0.0508466 -0.0143617 0.0118968 0.0111475 0
1231199 96211 m2 0.0471116 0.068079 0.124887 0.0294819 0
1231199 699386 m2 0.0480578 -0.0685881 0.071202 0 0.0217482
1231199 747296 m2 0.0170817 0.198136 0.0402701 0.038059 0
1231199 322369 m2 0.0861056 0.000257325 0.0175007 0 -0.0163318
1231199 417939 m2 0.0793825 -0.158848 0.0466526 -0.0992217 0
1231199 421718 m2 0.015488 0.157931 0.184787 0 0.000964165
1231199 497805 m2 0.104532 0.0733352 -0.14637 0.0398 0
1231199 755949 m2 0.0168825 -0.0865985 -0.332071 0 -0.0348273
1231199 717146 m2 0.0227092 0.114234 0.159088 0 0.00765706
1231199 642534 m2 0.0124004 -0.149921 0.244026 0 0.059396
1231199 710928 m2 0.0229582 -0.123747 0.0490122 -0.0586183 0
1231199 182406 m2 0.0676295 -0.0738936 0.173047 0.0242478 0
1231199 728205 m2 0.0391434 -0.149444 -0.0151829 0 0.000546378
1231199 635459 m2 0.0540837 -0.11336 0.0612237 0 -0.0361423
1231199 684753 m2 0.0146912 0.125331 0.0745318 0.0153442 0
1231199 621136 m2 0.024253 -0.103379 0.0374267 0 -0.0234539
1231199 730421 m2 0.0112052 -0.124995 0.021576 0 0.00992611
1231199 565215 m2 0.0520916 -0.153097 0.130089 0 -0.00255338
1231199 673838 m2 0.0311753 -0.0435231 -0.172501 -0.0215551 0
1231199 720146 m2 0.0337649 0.189046 0.0533205 0 0.0412427
1231199 755387 m2 0.0155378 0.0541992 0.0972867 -0.0157037 0
1231199 611276 m2 0.0455179 0.0350715 -0.0578581 0.0212885 0
1231199 54782 m2 0.0515936 0.0188966 -0.584915 -0.039515 0
1231199 628265 m2 0.0160359 -0.153324 0.141391 0 -0.0750605
1231199 131866 m2 0.0266434 0.0147218 0.419033 -0.00755336 0
1231199 473998 m2 0.104631 -0.0523809 -0.0903241 0 0.0313532
1231199 161234 m2 0.0181275 0.221881 -0.0555384 -0.0776299 0
1231199 52881 m2 0.0874502 -0.010732 -0.229697 0 0.0530807
1231199 456539 m2 0.200398 -0.0269553 0.694584 0.00202555 0
1231199 636768 m2 0.0322709 -0.146272 -0.0698206 -0.0426193 0
1231199 492949 m2 0.0559263 0.014347 0.345818 0 -0.0446782
1231199 735748 m2 0.050747 -0.131487 -0.00112944 -0.01421 0
1231199 219722 m2 0.0571713 0.0805328 0.0602083 0 0.0333626
1231199 559011 m2 0.108914 -0.022448 0.194259 0 0.051259
1231199 303764 m2 0.013994 0.0478817 -0.0196736 0 0.0106756
1231199 677152 m2 0.0255478 -0.0299772 0.0761858 0 0.0358297
1231199 309589 m2 0.0636952 0.0191728 -0.104544 0 0.0440329
1231199 609151 m2 0.0148406 -0.1858 -0.00754925 0 -0.00954474
1231199 498031 m2 0.0495518 -0.0156847 -0.0347649 0.0204872 0
1231199 646120 m2 0.0322709 -0.0751177 0.107566 -0.0108984 0
1231199 629644 m2 0.0832171 0.162481 0.257823 0 0.0066688
1231199 431317 m2 0.0551793 -0.00338122 0.0800852 -0.0347238 0
1231199 406098 m2 0.060259 -0.192847 0.0933231 -0.0552547 0
1231199 624964 m2 0.0282371 0.0953019 0.211633 0 0.0178905
1231199 130473 m2 0.0250498 0.254298 -0.446034 0.0679658 0
1231199 705915 m2 0.0206175 0.091304 -0.0241394 0 -0.044616
1231199 734622 m2 0.025 -0.0224252 0.0692586 0 0.0485826
1231199 394515 m2 0.0773904 -0.0321561 -0.00464973 0 0.00725798
1231199 737926 m2 0.0116036 -0.0193578 0.0650939 0.0388214 0
1231199 553710 m2 0.0540837 0.107218 -0.193809 0 -0.0556454
1231199 463814 m2 0.20747 -0.1273 0.344824 -0.0462308 0
1231199 519310 m2 0.101096 -0.244186 -0.622043 0 -0.0364817
1231199 452976 m2 0.0130976 -0.212084 0.116438 0 0.0568209
1231199 709777 m2 0.0173307 -0.120024 -0.0543281 -0.0738716 0
1231199 538021 m2 0.120618 -0.0291368 0.0726259 0 0.011322
1231199 744484 m2 0.02251 -0.0157233 -0.0593919 0 0.00753993
1231199 722112 m2 0.010757 0.0903249 -0.164085 0.0265778 0
1231199 794493 m2 0.015239 0.028336 -0.0617886 0.00734932 0
1231199 692436 m2 0.0232072 0.0931901 0.180874 -0.00997464 0
1231199 743701 m2 0.0172809 -0.136062 0.210588 0 -0.0383382
1231199 222437 m2 0.0301295 0.0443237 0.255237 0.0580154 0
1231199 525233 m2 0.0108566 -0.134016 -0.173424 -0.0747533 0
1231199 170497 m2 0.0244024 -0.147019 0.076403 -0.0177773 0
1231199 753714 m2 0.0170319 0.141592 -0.0388145 0 0.019139
1231199 588045 m2 0.0328685 -0.00458041 0.48255 0 -0.0177588
1231199 171825 m2 0.049502 0.0279886 -0.0676766 0 0.00899264
1231199 41004 m2 0.0877988 0.0213644 0.560327 0 0.0567707
1231199 792480 m2 0.0133466 -0.0990769 -0.0593962 -0.0687003 0
1231199 669037 m2 0.048506 0.0706968 0.335073 0 0.00354464
1231199 539871 m2 0.0310259 0.0182588 0.224954 -0.00844408 0
1231199 588933 m2 0.0692729 -0.0764774 0.0454618 -0.0292148 0
1231199 201886 m2 0.0304781 -0.181279 -0.102277 -0.0244058 0
1231199 394507 m2 0.0646912 -0.133364 -0.0212981 0.0368553 0
1231199 511326 m2 0.0648904 0.031688 0.18054 0 -0.0294584
1231199 622232 m2 0.0324701 0.0194873 0.181278 0 -0.0281692
1231199 704252 m2 0.0296813 0.11528 -0.0468271 0 -0.0117983
1231199 581421 m2 0.0877988 0.165636 0.389693 0.0611939 0
1231199 288329 m2 0.0177789 0.219538 -0.211812 -0.0516514 0
1231199 390070 m2 0.0204183 -0.00300273 -0.0341055 0 0.0899569
1231199 471732 m2 0.0651394 -0.210332 0.0945211 -0.0458872 0
1231199 495829 m2 0.064492 -0.0684696 -0.0945838 -0.0282478 0
1231199 672487 m2 0.0316733 -0.171354 0.0347012 -0.0531931 0
1231199 455139 m2 0.124203 -0.0691963 0.558906 0 0.0363546
1231199 231072 m2 0.225548 0.0922495 0.239298 0.0212149 0
1231199 656148 m2 0.0549303 -0.122638 0.00910523 0 0.0666483
1231199 582526 m2 0.0627988 -0.160791 -0.169582 -0.0886231 0
1231199 719289 m2 0.0235558 0.101571 -0.0665009 0.00499205 0
1231199 403022 m2 0.0651892 -0.0228666 -0.00342843 0 -0.015287
1231199 737907 m2 0.011006 -0.0127438 0.10364 -0.0100208 0
1231199 761514 m2 0.0151892 -0.20482 -0.0493769 0.0115465 0
1231199 614645 m2 0.0467629 -0.0857702 0.0600706 0 0.0153597
1231199 400549 m2 0.0111056 -0.0761037 -0.0619799 -0.0365981 0
1231199 29989 m2 0.159263 -0.124752 0.140219 -0.0496306 0
1231199 154730 m2 0.0385956 0.0759872 0.146732 0 0.0368709
1231199 735729 m2 0.0249502 0.107414 0.0302464 0 -0.00902796
1231199 785827 m2 0.0116534 -0.0615417 0.0474792 -0.0132703 0
1231199 519289 m2 0.0274402 0.0070277 -0.0494434 0 -0.00247923
1231199 708394 m2 0.0402888 -0.193661 -0.0998345 -0.0324202 0
1231199 29726 m2 0.0784363 -0.00915302 0.0826111 -0.0215432 0
1231199 427140 m2 0.0355578 0.0910957 -0.0435958 -0.0636114 0
1231199 623573 m2 0.0209163 0.0815326 0.0275522 0 -0.0236879
1231199 559288 m2 0.106723 -0.0444199 0.188853 0 -0.0138282
1231199 585310 m2 0.0182769 0.194519 0.219756 0 -0.0676976
1231199 771172 m2 0.0110558 -0.146622 0.0120107 0 0.017791
1231199 775904 m2 0.0348606 -0.10362 -0.0463123 -0.0438271 0
1231199 481438 m2 0.103237 -0.182037 0.12474 -0.125846 0
1231199 15732 m2 0.190588 -0.0879874 -0.7677 -0.0512319 0
1231199 711432 m2 0.010259 -0.156245 0.0079285 0 -0.0537355
1231199 68947 m2 0.186106 -0.0880728 0.213386 -0.0633327 0
1231199 686652 m2 0.03501 -0.0460834 0.0847519 0.00796046 0
1231199 103917 m2 0.157122 0.000500663 -0.334629 0 -0.0101809
1231199 585307 m2 0.0195219 0.147817 0.236448 0 -0.00964379
1231199 329510 m2 0.0517928 0.27168 0.444754 0.0297424 0
1231199 582231 m2 0.0420319 0.176861 -0.0670831 0.0330122 0
1231199 650180 m2 0.0531873 0.0587516 0.338768 0 -0.0104894
1231199 803913 m2 0.0166335 -0.0307598 -0.024569 0 -0.0152755
1231199 17606 m2 0.194522 0.149971 -0.75401 0.12567 0
1231199 724266 m2 0.0250996 0.144678 0.0318504 0 -0.0268349
1231199 330558 m2 0.0118526 0.124168 -0.301886 0.0366668 0
1231199 288905 m2 0.112102 -0.0202481 0.371283 0.0315516 0
1231199 691312 m2 0.0363048 -0.156549 -0.0671569 -0.0388679 0
1231199 765293 m2 0.013496 -0.0592757 -0.169657 0.0102645 0
1231199 285343 m2 0.0121514 0.0781163 -0.31578 0.00209044 0
1231199 797292 m2 0.0118526 0.0637348 -0.101013 0 -0.0200134
1231199 199933 m2 0.294522 -0.123072 -0.806706 -0.0247474 0
1231199 590548 m2 0.025 0.0359592 -0.166776 0 0.0636016
1231199 245732 m2 0.167181 0.0978131 0.270488 0.0222747 0
1231199 314861 m2 0.0193725 0.22579 0.132099 0.0435865 0
1231199 465212 m2 0.0144422 0.00517203 -0.0691502 -0.0618533 0
1231199 362502 m2 0.128735 0.00573462 -0.0658731 0 0.0112555
1231199 100293 m2 0.168078 -0.102842 -0.704087 0.00643713 0
1231199 33826 m2 0.150349 0.074452 -0.819505 0 0.0509302
1231199 638054 m2 0.0183267 0.116857 0.379749 0.013464 0
1231199 778021 m2 0.0118526 -0.0438103 -0.169474 0 0.0854272
1231199 790240 m2 0.0147908 -0.178531 -0.0523416 -0.0609702 0
1231199 310641 m2 0.0114542 0.00824929 0.253671 0 0.0373576
1231199 442986 m2 0.0343625 -0.0985581 0.091133 -0.0480541 0
1231199 715434 m2 0.0537351 0.0815496 0.482386 0.00109464 0
1231199 388911 m2 0.0715637 0.0475812 -0.234477 0 0.00854383
1231199 452130 m2 0.0414343 0.12037 -0.349743 0.0469765 0
1231199 577204 m2 0.0187251 0.279408 -0.394799 0.0401327 0
1231199 763110 m2 0.015488 -0.0293577 -0.181516 0 -0.00752428
1231199 549415 m2 0.202789 0.0418998 0.187399 0 -0.0623889
1231199 505235 m2 0.0791335 0.0395341 -0.178518 0 -0.0395447
1231199 20889 m2 0.0409363 0.148662 0.0498008 0.0703357 0
1231199 23358 m2 0.0343625 0.131751 0.0781793 0.0187928 0
1231199 269365 m2 0.014741 0.113869 -0.0328209 0 0.0527339
1231199 204575 m2 0.162898 0.000767425 -0.181319 0 0.0274081
1231199 70001 m2 0.0119024 -0.105535 -0.0596332 -0.064342 0
1231199 476143 m2 0.142281 0.412987 0.400645 0.0624893 0
1231199 62778 m2 0.116235 0.0700743 -0.486458 0.0648023 0
1231199 761223 m2 0.010508 0.0147703 -0.183175 0.0549967 0
1231199 452406 m2 0.193277 -0.0448771 -0.31589 0.00297522 0
1231199 723145 m2 0.0298307 0.11616 -0.211504 0 0.00757747
1231199 302929 m2 0.213994 -0.0366271 -0.130311 0 -0.0344849
1231199 626028 m2 0.0555279 -0.0984909 0.133392 -0.0139805 0
1231199 441366 m2 0.063496 0.0472078 -0.243672 0 -0.0205369
1231199 466568 m2 0.0450199 0.0286661 -0.0579156 0 -0.0295243
1231199 330540 m2 0.187849 -0.265542 0.0349777 -0.0922376 0
1231199 683035 m2 0.0450697 -0.126261 -0.0906831 0 0.00309643
1231199 591635 m2 0.0118028 -0.24129 -0.0440389 0.00793365 0
1231199 730630 m2 0.0273904 0.0205466 -0.0571227 -0.00854344 0
1231199 728416 m2 0.0451195 -0.0839413 -0.0536823 -0.0133908 0
1231199 762062 m2 0.0322211 -0.146692 -0.0614537 -0.0473712 0
1231199 444633 m2 0.0828187 -0.0970303 -0.0819341 -0.0919426 0
1231199 207870 m2 0.0104582 0.0133139 -0.16296 -0.0140557 0
1231199 649380 m2 0.0666335 0.124606 -0.446493 0 -0.0156278
1231199 671593 m2 0.0134462 0.155635 -0.0373965 0 -0.0338377
1231199 82836 m2 0.0297809 0.0231013 -0.0190031 0.00765263 0
1231199 512359 m2 0.0227092 -0.144573 -0.155746 -0.0647204 0
1231199 709728 m2 0.0406375 -0.0601811 -0.0900716 0 0.0706782
1231199 527018 m2 0.0186753 0.00242456 0.0497711 0 0.03016
1231199 728412 m2 0.010757 0.101154 -0.0453063 0.0381677 0
1231199 82834 m2 0.21509 0.00399465 -0.859427 0 -0.0544662
1231199 202634 m2 0.0126494 0.0440556 -0.35103 0 -0.062402
1231199 105243 m2 0.113098 -0.119705 -0.102579 0 0.00652991
1231199 798115 m2 0.0146414 -0.044635 0.015575 0 0.0619156
1231199 746130 m2 0.0309263 0.0246345 -0.0370216 0.0107188 0
1231199 761211 m2 0.0208665 -0.166849 -0.172863 -0.0805944 0
1231199 591374 m2 0.0451693 0.0714083 -0.512506 0 -0.0217538
1231199 478312 m2 0.02251 -0.0937545 0.289397 0 -0.0199577
1231199 32390 m2 0.0518426 0.0714637 -0.207546 0 0.0728591
1231199 675149 m2 0.0192231 0.12903 -0.0471866 0.102087 0
1231199 495527 m2 0.0579183 -0.0393304 -0.183474 0 0.015965
1231199 65791 m2 0.138197 -0.0433473 -0.706452 0 -0.033584
1231199 642995 m2 0.050996 -0.0816782 -0.117989 -0.088399 0
1231199 487406 m2 0.0919323 0.0430917 -0.265817 0 0.0185339
1231199 190239 m2 0.0315239 0.0531835 -0.070322 0.0456627 0
1231199 659019 m2 0.100448 0.0201741 -0.159891 0 0.0771543
1231199 83407 m2 0.0108068 -0.141716 -0.119807 0.0508389 0
1231199 415361 m2 0.0648904 -0.164749 -0.173765 -0.0233102 0
1231199 660319 m2 0.0155378 -0.146267 -0.155978 -0.0551084 0
1231199 121040 m2 0.0250996 0.0762775 -0.0469728 0 -0.0145763
1231199 217361 m2 0.0609064 -0.134904 -0.190531 0 0.0150714
1231199 680868 m2 0.0413845 -0.0494925 -0.358478 0 0.00517617
1231199 656648 m2 0.0457669 -0.00518252 -0.0543646 0 0.0122474
1231199 89766 m2 0.0291335 0.0420829 -0.21813 0 0.0114684
1231199 746722 m2 0.072012 0.041419 -0.0457306 0.0149375 0
1231199 507138 m2 0.0155876 0.215071 -0.225915 0.0939277 0
1231199 717884 m2 0.0106574 0.271763 0.103138 0 0.00482875
1231199 756137 m2 0.0270418 0.119164 -0.188192 -0.0218212 0
1231199 413474 m2 0.011753 -0.130894 -0.15785 0 -0.0807436
1231199 791338 m2 0.0105578 0.0440759 -0.160258 0 0.0109147
1231199 593807 m2 0.0124502 0.0463867 -0.202033 0.0065425 0
1231199 713487 m2 0.012251 -0.0604688 -0.155068 -0.0236402 0
1231199 781113 m2 0.0135956 -0.0755362 -0.0661901 -0.0134791 0
1231199 810982 m2 0.012749 0.102505 -0.284242 0.0795499 0
1231199 686079 m2 0.0217131 0.194815 -0.450868 0 0.0604461
1231199 414542 m2 0.0869024 0.0323832 -0.281606 -0.0270192 0
1231199 598186 m2 0.0133466 0.0332081 -0.070968 -0.0603085 0
1231199 810978 m2 0.0119522 0.112611 -0.149615 0 0.0450404
1231199 552462 m2 0.115936 -0.0436032 0.137377 0 0.00865691
1231199 771721 m2 0.0124004 0.0824854 0.00264735 0.0230324 0
1231199 778830 m2 0.0137948 0.0247945 -0.0552379 0.0151243 0
1231199 735113 m2 0.0142928 -0.0367392 -0.169364 0 0.0262298
1231199 441611 m2 0.0633964 0.0320898 -0.0195123 -0.0239223 0
1231199 745518 m2 0.0153386 0.194105 -0.280193 0 -0.0548562
1231199 793799 m2 0.0145916 0.0669367 -0.271656 0 0.0402029
1231199 744182 m2 0.0116036 0.096103 -0.149903 0 0.0235361
1231199 770310 m2 0.025 -0.129715 -0.17799 0 -0.0559155
1231199 80903 m2 0.0228088 0.0098416 -0.0559912 0 0.0462283
1231199 746114 m2 0.0556275 0.0195691 -0.17862 0 -0.0493685
1231199 241482 m2 0.0445717 -0.0593933 -0.173762 -0.0498004 0
1231199 305628 m2 0.0393924 0.0645086 -0.0497191 -0.0189068 0
1231199 435622 m2 0.10742 -0.0392311 -0.554848 0 -0.0139309
1231199 452883 m2 0.0262948 0.233401 -0.449189 0 0.0157906
1231199 577164 m2 0.0203187 0.0381628 -0.537904 -0.0373815 0
1231199 727021 m2 0.0139442 -0.0460315 -0.165336 0.0136668 0
1231199 59362 m2 0.0950697 -0.0162379 -0.748879 -0.0127257 0
1231199 529998 m2 0.0448705 0.0338372 -0.0502779 -0.0332249 0
1231199 714336 m2 0.0128486 -0.123988 0.0373569 0 0.0085041
1231199 723112 m2 0.0173307 -0.131783 -0.274498 0 -0.0239034
1231199 95805 m2 0.135608 -0.0968123 -0.786333 0 -0.0174953
1231199 752827 m2 0.0238546 0.00407924 -0.218924 0 0.0218265
1231199 475579 m2 0.0956673 -0.0135356 -0.0787651 0 -0.0232805
1231199 737540 m2 0.0296315 0.178023 -0.184208 0 -0.00418829
1231199 778247 m2 0.014741 -0.117951 -0.159555 0.00351468 0
1231199 632055 m2 0.0375498 -0.087432 -0.312959 0 0.00830558
1231199 88606 m2 0.121315 0.0950358 -0.450098 0.0331008 0
1231199 731191 m2 0.0146414 0.239826 -0.0962184 0.066931 0
1231199 491786 m2 0.0339641 -0.00885341 -0.0780176 0 -0.0237933
1231199 404338 m2 0.0890438 0.162581 0.0206662 0.0628011 0
1231199 600538 m2 0.0177789 0.161561 -0.411602 0.0732316 0
1231199 61584 m2 0.0426295 -0.127876 -0.48565 -0.101723 0
1231199 80324 m2 0.383018 0.152469 0.0580701 0.0531533 0
1231199 431776 m2 0.149303 0.23391 -0.805412 0.0676382 0
1231199 665684 m2 0.010508 0.0957147 -0.161311 0 0.0275379
1231199 623507 m2 0.0418327 -0.108798 -0.289788 0 -0.0371142
1231199 420671 m2 0.0593625 -0.0521643 -0.466256 0.0176364 0
1231199 609590 m2 0.0609562 -0.0332641 -0.755877 0 0.0267587
1231199 623504 m2 0.026245 0.134971 -0.672609 0.0475379 0
1231199 479964 m2 0.0892928 0.163222 -0.194355 0.0390959 0
1231199 740050 m2 0.0454681 0.0454931 -0.258238 0 -0.015789
1231199 186689 m2 0.0450199 -0.0170938 -0.656255 0 0.0534612
1231199 238638 m2 0.0226594 0.0281736 0.188697 0 0.0449622
1231199 788478 m2 0.0176295 -0.0351741 -0.192323 -0.0521766 0
1231199 322822 m2 0.0439741 -0.0654111 -0.323688 0 0.0560082
1231199 285029 m2 0.118028 0.0652813 0.128331 0 0.0481904
1231199 803588 m2 0.0312749 -0.15892 -0.0553898 0 0.0484724
1231199 633507 m2 0.0174801 0.23043 -0.0374111 -0.0405403 0
1231199 157701 m2 0.219771 0.170625 -0.801325 0.0843862 0
1231199 385672 m2 0.0202689 0.143258 -0.00870282 -0.0107349 0
1231199 508144 m2 0.0729582 -0.0456855 -0.714452 -0.0370436 0
1231199 611166 m2 0.0469622 0.0209574 -0.647022 -0.0129507 0
1231199 325325 m2 0.173954 0.0067671 -0.867053 0 -0.0108436
1231199 777958 m2 0.0109064 0.111231 -0.293131 0 0.00766656
1231199 429534 m2 0.0505478 0.0520169 -0.341944 0 -0.00879378
1231199 443171 m2 0.103137 -0.129598 -0.64077 0 0.0492399
1231199 229060 m2 0.0269422 -0.180072 -0.109953 -0.0244008 0
1231199 265134 m2 0.176345 0.0600072 -0.810463 0.0282925 0
1231199 526441 m2 0.023755 -0.168988 -0.418166 0.023896 0
1231199 327749 m2 0.197659 0.00164022 -0.851038 0 -0.0781213
1231199 740322 m2 0.0228088 0.0649087 -0.218339 -0.0680374 0
1231199 329154 m2 0.0369024 0.225385 -0.270184 0.0728778 0
1231199 649057 m2 0.0383964 -0.22893 -0.434983 -0.108049 0
1231199 685734 m2 0.0367032 -0.133423 -0.264878 -0.115087 0
1231199 493383 m2 0.183765 -0.0475409 -0.170814 0 -0.0240859
1231199 192960 m2 0.181424 0.143844 -0.00178284 0.0511332 0
1231199 349802 m2 0.188645 0.010214 0.025212 0.00747053 0
1231199 570281 m2 0.0151394 -0.19413 -0.421612 0 0.0280199
1231199 423539 m2 0.149801 0.17796 -0.250706 0 -0.000991241
1231199 632618 m2 0.075498 -0.0838243 -0.265786 -0.0689019 0
1231199 597585 m2 0.0288347 -0.151476 0.0437622 0 -0.0733202
1231199 190173 m2 0.11489 -0.0636204 -0.826249 0 -0.0273081
1231199 687630 m2 0.0118526 0.0923989 0.0222793 0 -0.0133742
1231199 343616 m2 0.0474602 0.214239 -0.336044 0.00971397 0
1231199 637246 m2 0.0103586 -0.0447202 -0.143556 -0.074241 0
1231199 584340 m2 0.0633466 -0.0342918 -0.523256 -0.00936178 0
1231199 624036 m2 0.0338147 0.131071 -0.178387 0.0499578 0
1231199 360976 m2 0.265388 0.374262 -0.746889 0.0808295 0
1231199 438389 m2 0.0180777 -0.00026701 -0.540582 0.0322896 0
1231199 426804 m2 0.0374004 -0.056564 0.157607 0 0.0363558
1231199 204777 m2 0.0530876 -0.0637188 -0.4825 -0.0388302 0
1231199 454253 m2 0.129781 -0.186035 -0.337029 -0.0811907 0
1231199 799158 m2 0.0169821 -0.179224 -0.242498 -0.106257 0
1231199 574646 m2 0.0594622 0.111465 -0.740932 0 -0.00920153
1231199 375517 m2 0.0100598 -0.100485 -0.0403873 0 0.0403269
1231199 586001 m2 0.0145418 -0.143807 -0.41708 -0.00143908 0
1231199 788185 m2 0.0180777 -0.0246711 -0.433619 0 -0.0395751
1231199 680304 m2 0.0769422 -0.0834118 -0.241458 0 -0.0225615
1231199 397448 m2 0.0561255 -0.0265124 -0.436767 -0.0225417 0
1231199 708301 m2 0.0197709 -0.118306 -0.276449 0 0.0549187
1231199 600596 m2 0.0217629 -0.0670466 0.317364 0 -0.0523374
1231199 728077 m2 0.0170319 0.215425 -0.243094 0 0.0280991
1231199 718678 m2 0.0201195 -0.00439241 -0.226672 0 0.00863693
1231199 126543 m2 0.119721 0.111166 -0.795832 0.0185413 0
1231199 579384 m2 0.0226594 -0.0427533 -0.275467 -0.0452806 0
1231199 511741 m2 0.077739 0.0917203 -0.444331 0 0.0178037
1231199 465717 m2 0.0403386 -0.136914 -0.626296 -0.0284294 0
1231199 137605 m2 0.0435757 0.127699 -0.650562 0 0.003402
1231199 461529 m2 0.0923805 0.200278 -0.169996 0.0705328 0
1231199 515014 m2 0.0366036 0.325511 -0.0291229 0.0044431 0
1231199 596208 m2 0.0164343 0.220157 -0.439157 0.0108547 0
1231199 753889 m2 0.0125498 -0.047932 -0.281295 0.0750173 0
1231199 438951 m2 0.126145 0.134768 -0.602183 0 -0.0352595
1231199 613977 m2 0.0177291 -0.0527079 -0.16242 0.0317505 0
1231199 173414 m2 0.0119024 0.144749 -0.597651 -0.00701245 0
1231199 332943 m2 0.0511454 -0.0751127 -0.666318 0 0.0107859
1231199 422949 m2 0.129781 -0.186035 -0.337029 0.00230227 0
1231199 674824 m2 0.0209163 -0.0331583 -0.527097 -0.0675139 0
1231199 382907 m2 0.0130976 0.0898389 0.0702199 0.0323552 0
1231199 307232 m2 0.228386 0.0330281 -0.864707 0.0874679 0
1231199 265672 m2 0.0257968 0.145235 -0.0644007 0 -0.0472129
1231199 446245 m2 0.100299 -0.125979 -0.468992 -0.0380173 0
1231199 674823 m2 0.0123008 -0.0176911 -0.480396 0.051337 0
1231199 736400 m2 0.0233068 0.0436329 -0.651028 0.0268573 0
1231199 248476 m2 0.0734562 -0.194818 -0.00605306 -0.0266311 0
1231199 576073 m2 0.0262948 0.0242752 -0.656405 0 -0.0388768
1231199 628921 m2 0.0135458 0.0681763 -0.339153 0 0.065957
1231199 317961 m2 0.191783 0.014185 -0.196927 0.0363294 0
1231199 366191 m2 0.089741 0.0346521 -0.755298 0 0.00252478
1231199 419811 m2 0.0158865 0.094058 -0.288449 0 -0.085339
1231199 565628 m2 0.027988 0.000403338 -0.496065 -0.0355097 0
1231199 771353 m2 0.0198705 -0.149742 -0.628681 0 -0.0341823
1231199 163587 m2 0.0877988 -0.0890976 -0.230646 0 -0.0483065
1231199 394410 m2 0.156922 -0.0545682 -0.334616 0 0.0041017
1231199 482213 m2 0.0592629 -0.183213 -0.0373178 -0.0629745 0
1231199 365659 m2 0.014243 0.185386 -0.516871 0.0360987 0
1231199 245665 m2 0.143725 -0.124713 -0.735827 -0.0555795 0
1231199 172288 m2 0.111803 0.0640455 -0.708151 0 -0.0479326
1231199 472440 m2 0.0180279 0.0353686 -0.457214 -0.029701 0
1231199 227344 m2 0.30742 0.0329105 -0.829464 0 0.0090146
1231199 230168 m2 0.0608068 0.000467149 -0.347508 0 0.0248911
1231199 335917 m2 0.0163347 0.0996201 -0.259279 0 -0.0793792
1231199 164663 m2 0.0684263 -0.0159174 -0.66873 0 -0.0195524
1231199 670378 m2 0.0309263 -0.0139737 -0.292291 0 0.108875
1231199 458634 m2 0.0508964 -0.127742 -0.636317 -0.0707535 0
1231199 528898 m2 0.0157371 -0.0944706 -0.171471 -0.0474824 0
1231199 219306 m2 0.0408865 -0.0755062 -0.304334 -0.0089592 0
1231199 409861 m2 0.128884 0.00977093 -0.167484 0 -0.085524
1231199 234517 m2 0.0909861 -0.018279 -0.759759 -0.0328153 0
1231199 337224 m2 0.0919323 -0.00916984 -0.715553 0 -0.00627892
1231199 208380 m2 0.026743 0.0260156 -0.577317 -0.00928968 0
1231199 167535 m2 0.203984 -0.00253525 -0.873677 0 -0.0451429
1231199 678376 m2 0.0268924 -0.0179971 -0.309582 0 0.0122581
1231199 421839 m2 0.11245 0.0298735 -0.547995 0 -0.0390178
1231199 637978 m2 0.0133964 0.036854 -0.354185 0 -0.043579
1231199 784330 m2 0.0190239 -0.0466606 -0.284074 -0.0286783 0
1231199 738380 m2 0.0130478 0.267267 -0.344747 0 0.0483772
1231199 531853 m2 0.0577191 -0.0226555 -0.678638 -0.0128492 0
1231199 547636 m2 0.0275896 -0.156206 -0.274165 -0.0797373 0
1231199 247310 m2 0.024751 -0.0397769 -0.352435 0 0.00746491
1231199 729777 m2 0.0739542 -0.0123855 -0.35487 0 -0.00143482
1231199 677277 m2 0.0326693 -0.0183147 -0.433758 0 0.0288887
1231199 491760 m2 0.0682271 -0.0266224 -0.300965 0 -0.0193682
1231199 583756 m2 0.0339143 -0.0169825 -0.210632 0 -0.0338849
1231199 229318 m2 0.127739 0.0475183 -0.810768 0 0.0274425
1231199 469028 m2 0.0533367 -0.0855938 0.0233589 0.00513759 0
1231199 605434 m2 0.0419323 -0.0135118 -0.300863 0.00582343 0
1231199 380920 m2 0.0408367 0.0242329 -0.367446 0.021936 0
1231199 410949 m2 0.0599104 0.0069124 -0.0505095 -0.0366529 0
1231199 667325 m2 0.0501494 -0.0669665 -0.321922 -0.0355349 0
1231199 384803 m2 0.0378984 -0.0453775 -0.653816 0 -0.0567753
1231199 646266 m2 0.0366036 -0.00706132 -0.616885 0 -0.0172496
1231199 694212 m2 0.050249 -0.130562 -0.339953 0.00646111 0
1231199 610387 m2 0.0288845 0.218296 -0.59651 0.0191697 0
1231199 572219 m2 0.0820717 -0.110161 -0.733646 0.0112038 0
1231199 489505 m2 0.151942 0.00192733 -0.348805 0 -0.0132621
1231199 531047 m2 0.0517928 -0.0420864 -0.750867 -0.0449451 0
1231199 470459 m2 0.105627 -0.111065 -0.635885 -0.119913 0
1231199 590460 m2 0.0188745 -0.173799 -0.551403 -0.0635674 0
1231199 472428 m2 0.0453187 0.00331318 -0.600643 0.0984763 0
1231199 258926 m2 0.0818725 -0.281583 -0.561887 -0.0464048 0
1231199 649581 m2 0.0373008 0.0117687 0.18128 0 0.0283947
1231199 298696 m2 0.0788347 0.199134 -0.72307 0.0459148 0
1231199 582135 m2 0.0159363 0.013536 -0.284622 0 0.0121816
1231199 487632 m2 0.208865 -0.117691 -0.169897 -0.00960698 0
1231199 284668 m2 0.230129 -0.0180674 -0.890661 0 -0.0567343
1231199 370619 m2 0.0456175 0.0287473 -0.639839 0 -0.0269183
1231199 474688 m2 0.0410857 -0.0551213 -0.460918 0 -0.039439
1231199 446209 m2 0.0388446 -0.0910002 -0.669389 0 -0.0177563
1231199 478242 m2 0.0580677 0.125183 -0.117091 0.0267258 0
1231199 548174 m2 0.0348108 -0.0586991 -0.621978 0 -0.0168219
1231199 628404 m2 0.0162351 -0.0632173 -0.463545 -0.0171611 0
1231199 651688 m2 0.0328685 0.0034071 -0.45392 0.00485268 0
1231199 523984 m2 0.05 -0.012042 -0.386616 0.0161337 0
1231199 697535 m2 0.022261 -0.113221 -0.271138 -0.0230498 0
1231199 619943 m2 0.0114044 -0.062025 0.0550519 -0.0202777 0
1231199 336942 m2 0.0886952 -0.010546 -0.575069 -0.00722968 0
1231199 721676 m2 0.0229084 -0.18691 -0.547644 -0.0517833 0
1231199 357702 m2 0.0955677 -0.0206745 -0.15912 -0.00575917 0
1231199 454523 m2 0.0277888 0.0427576 -0.152678 0.0116568 0
1231199 395197 m2 0.105578 0.106554 -0.792713 0.00914356 0
1231199 722816 m2 0.0201195 -0.044894 -0.281221 0 0.0164739
1231199 279697 m2 0.176942 -0.0269715 -0.665005 0 -0.0507903
1231199 498227 m2 0.0619522 -0.0337733 -0.496996 0 0.00662721
1231199 795215 m2 0.0133466 0.0563668 -0.288327 0 -0.0641875
1231199 749098 m2 0.0209661 0.188378 -0.396381 0.0201941 0
1231199 726408 m2 0.0245518 0.0066145 -0.534725 0 -0.064675
1231199 523685 m2 0.0446215 -0.117901 -0.524311 -0.0533888 0
1231199 793746 m2 0.0124502 -0.0471724 -0.523483 0.0017855 0
1231199 724454 m2 0.0244024 -0.0141556 -0.377322 0.032585 0
1231199 362417 m2 0.0133466 -0.154376 -0.160173 0 -0.0478114
1231199 261978 m2 0.0669821 0.0528009 -0.217464 0.0194062 0
1231199 357692 m2 0.0555279 -0.053446 -0.0245428 -0.00887235 0
1231199 500126 m2 0.0436255 -0.00598783 -0.476804 0.0769765 0
1231199 305245 m2 0.0646414 -0.00240141 -0.623213 0.0499152 0
1231199 594814 m2 0.0148904 0.0946183 -0.546097 0 0.0173006
1231199 366771 m2 0.0655876 0.218507 -0.0988791 0.0533983 0
1231199 487307 m2 0.0803287 0.295698 -0.44613 0.082766 0
1231199 681330 m2 0.0143924 -0.0438022 -0.523281 0 -0.0137895
1231199 589104 m2 0.0439243 0.11461 -0.671194 0 0.0116884
1231199 295680 m2 0.179482 -0.0354765 -0.859538 0 -0.0319157
1231199 518105 m2 0.0183765 0.110424 -0.634491 0.0951227 0
1231199 654674 m2 0.0979582 -0.111399 -0.187724 -0.0643892 0
1231199 775232 m2 0.0243526 0.251705 -0.391725 -0.0262719 0
1231199 715645 m2 0.027739 0.111153 -0.355737 0 -0.0271499
1231199 769123 m2 0.013994 0.0423706 -0.555133 0.0237902 0
1231199 700021 m2 0.0157371 -0.115316 -0.489759 -0.0910304 0
1231199 770253 m2 0.0275896 -0.0745903 -0.279174 0 -0.0225708
1231199 737815 m2 0.0127988 -0.0010716 -0.529912 0 -0.0262464
1231199 658201 m2 0.0943227 0.0355929 -0.446742 0 -0.0134173
1231199 701336 m2 0.0281375 -0.116061 -0.683548 -0.0103853 0
1231199 690947 m2 0.0125996 0.202256 -0.266179 0.0670869 0
1231199 712637 m2 0.0173307 0.117133 -0.199615 0.0201352 0
1231199 711322 m2 0.0209661 0.0380499 -0.346339 0.0497653 0
1231199 738343 m2 0.013247 -0.0461517 -0.535387 0.0223148 0
1231199 705795 m2 0.0293825 0.124657 -0.648732 -0.00461018 0
1231199 745739 m2 0.0217629 0.0165349 -0.319504 -0.00801293 0
1231199 730824 m2 0.0170817 0.185011 -0.646136 -0.00307217 0
1231199 813625 m2 0.0195219 -0.0194995 -0.296988 -0.015314 0
1231199 795182 m2 0.023506 0.202025 -0.545269 0.0186314 0
