// Initial random seed:
2301935880452

// RunInitializeCallbacks():
initializeTreeSeq();
initializeMutationRate(1e-10);
initializeSex("A");
initializeMutationType(2, 0.5, "f", 0);
initializeGenomicElementType(1, m2, 1);
initializeGenomicElement(g1, 0, 550000);
initializeRecombinationRate(c(1e-06, 0.5, 1e-06, 0.5, 1e-06, 0.5, 1e-06, 0.5, 1e-06, 0.5, 1e-06, 0.5, 1e-06, 0.5, 1e-06, 0.5, 1e-06, 0.5, 1e-06, 0.5, 1e-06, 0.5, 1e-06, 0.5, 1e-06, 0.5, 1e-06, 0.5, 1e-06, 0.5, 1e-06, 0.5, 1e-06, 0.5, 1e-06, 0.5, 1e-06, 0.5, 1e-06), c(50000, 50001, 100000, 100001, 150000, 150001, 200000, 200001, 250000, 250001, 300000, 300001, 350000, 350001, 400000, 400001, 450000, 450001, 500000, 500001, 550000, 550001, 600000, 600001, 650000, 650001, 700000, 700001, 750000, 750001, 800000, 800001, 850000, 850001, 900000, 900001, 950000, 950001, 1000000));

QTL DFE means: 
0 0

QTL DFE variance-covariance matrix: 
     [,0] [,1]
[0,]  0.4    0
[1,]    0  0.4

// Starting run at generation <start>:
1 

100:0.999901 0.999901 4.32987e-15 4.61679e-05 -0.000106651 0.204666 -0.000862376 NAN NAN
200:0.999898 0.999898 2.9976e-15 0.000863009 0.000204248 -0.125719 -0.20671 NAN NAN
300:0.999888 0.999888 -8.10463e-15 -0.000242608 0.000269348 -0.00755394 -0.163202 NAN NAN
400:0.999999 0.999999 -4.66294e-15 -2.23447e-05 8.0352e-06 -0.0589544 0.155476 NAN NAN
500:0.999903 0.999903 1.77636e-15 0.000111108 -0.000194362 0.0896081 0.0503208 NAN NAN
600:0.999929 0.999929 -1.19904e-14 -0.000127599 1.83752e-05 0.0823645 -0.00753091 NAN NAN
700:0.999792 0.999792 -1.13243e-14 0.000828547 0.000623995 -0.0417174 0.198079 NAN NAN
800:0.99983 0.99983 -2.4869e-14 0.000596863 -0.000228227 0.00926208 -0.320803 NAN NAN
900:0.999942 0.999942 9.65894e-15 -9.72419e-05 9.63426e-06 -0.0437065 -0.0308694 NAN NAN
1000:0.999956 0.999956 3.66374e-15 0.000163368 9.55766e-06 0.0522427 -0.0843641 NAN NAN
1100:0.995307 0.995305 1.26016e-06 0.000106795 0.000185112 0.0101516 0.0579686 0.00126333 0.00628236
1200:0.981593 0.981608 -1.49052e-05 0.000170207 -3.67954e-05 -0.187874 0.0031405 -0.0292627 0.000327077
1300:0.958613 0.958362 0.000250916 -0.00111345 -0.00098863 -0.0663785 0.286742 -0.0116969 0.0469381
1400:0.931618 0.91986 0.0117589 0.0129214 0.0197922 0.0324411 0.494644 0.0189835 0.298749
1500:0.906357 0.853225 0.0531322 0.0610909 0.0905198 0.111106 0.748242 0.0811238 0.556181
1600:0.90425 0.761723 0.142527 0.128615 0.073889 0.281244 0.895987 0.216301 0.791564
1700:0.908047 0.676074 0.231973 0.126578 0.0238944 0.534982 0.949796 0.354623 0.896501
1800:0.885507 0.607919 0.277588 0.14977 0.015555 0.606939 0.958834 0.444021 0.912475
1900:0.849672 0.512439 0.337233 0.126566 0.0107564 0.737323 0.970149 0.556946 0.926053
2000:0.810383 0.401049 0.409334 0.208609 -0.014931 0.92376 0.961927 0.723693 0.92705
2100:0.818226 0.387628 0.430598 0.212853 0.0116978 0.922929 0.978659 0.73434 0.937253
2200:0.828426 0.381223 0.447203 0.18384 0.0212638 0.946797 0.980206 0.759784 0.940775
2300:0.831851 0.380112 0.451739 0.17129 0.0197973 0.962615 0.980412 0.772362 0.938586
2400:0.830243 0.381364 0.448879 0.17718 0.0110913 0.967005 0.980119 0.767291 0.936537
2500:0.829039 0.382034 0.447005 0.178439 0.0266892 0.962315 0.97999 0.765536 0.937219
2600:0.838202 0.378423 0.459779 0.178012 0.00414715 0.976836 0.982728 0.787053 0.937966
2700:0.836427 0.374315 0.462112 0.189721 0.00694713 0.978561 0.980767 0.786628 0.93734
2800:0.836155 0.374015 0.46214 0.183894 0.00681109 0.980984 0.981748 0.787504 0.936427
2900:0.834656 0.374814 0.459843 0.186469 0.0224893 0.980174 0.980262 0.782695 0.936888
3000:0.841616 0.37558 0.466036 0.199894 0.0172001 0.981546 0.980845 0.789972 0.940933
