// Initial random seed:
2624244349680

// RunInitializeCallbacks():
initializeTreeSeq();
initializeMutationRate(1e-10);
initializeSex("A");
initializeMutationType(2, 0.5, "f", 0);
initializeGenomicElementType(1, m2, 1);
initializeGenomicElement(g1, 0, 550000);
initializeRecombinationRate(c(1e-06, 0.5, 1e-06, 0.5, 1e-06, 0.5, 1e-06, 0.5, 1e-06, 0.5, 1e-06, 0.5, 1e-06, 0.5, 1e-06, 0.5, 1e-06, 0.5, 1e-06, 0.5, 1e-06, 0.5, 1e-06, 0.5, 1e-06, 0.5, 1e-06, 0.5, 1e-06, 0.5, 1e-06, 0.5, 1e-06, 0.5, 1e-06, 0.5, 1e-06, 0.5, 1e-06), c(50000, 50001, 100000, 100001, 150000, 150001, 200000, 200001, 250000, 250001, 300000, 300001, 350000, 350001, 400000, 400001, 450000, 450001, 500000, 500001, 550000, 550001, 600000, 600001, 650000, 650001, 700000, 700001, 750000, 750001, 800000, 800001, 850000, 850001, 900000, 900001, 950000, 950001, 1000000));

QTL DFE means: 
0 0

QTL DFE variance-covariance matrix: 
     [,0] [,1]
[0,]  0.4    0
[1,]    0  0.4

// Starting run at generation <start>:
1 

100:0.999854 0.999854 -7.54952e-15 -0.000758556 -0.000592939 0.155591 -0.104266 NAN NAN
200:0.999961 0.999961 5.77316e-15 -0.000120027 -0.000134142 -0.120051 -0.169983 NAN NAN
300:0.999915 0.999915 1.06581e-14 8.46093e-05 0.000139338 -0.0495309 -0.0667584 NAN NAN
400:0.999968 0.999968 3.33067e-15 0.00010468 -0.000242292 0.112014 -0.0724214 NAN NAN
500:0.999876 0.999876 1.0103e-14 0.00116401 0.000558946 -0.087238 -0.0425655 NAN NAN
600:0.999929 0.999929 -8.88178e-15 -0.000193333 0.000114858 0.0827463 0.133081 NAN NAN
700:0.999982 0.999982 -4.21885e-15 -6.49553e-05 -0.000129144 0.0867745 0.120225 NAN NAN
800:0.999946 0.999946 -2.55351e-15 -0.000531869 7.32374e-05 -0.0353932 -0.108457 NAN NAN
900:0.999719 0.999719 8.43769e-15 -0.00262101 0.00057625 -0.128999 0.0542555 NAN NAN
1000:0.999782 0.999782 -5.32907e-15 -0.000232768 0.0009413 0.132967 0.143289 NAN NAN
1100:0.998922 0.998919 3.47783e-06 0.000207558 0.00023118 -0.0900083 0.124682 -0.0135204 0.0220615
1200:0.995674 0.995672 2.62066e-06 -2.03759e-06 7.83281e-05 0.0481512 0.0112313 0.00490796 0.00116719
1300:0.989712 0.989713 -1.85846e-06 5.5512e-05 8.15143e-05 -0.0434888 -0.00960845 -0.00421143 -0.00100191
1400:0.980366 0.980335 3.11598e-05 0.000385855 -3.68341e-05 0.107746 -0.0551843 0.0299796 -0.0073742
1500:0.966527 0.96654 -1.31356e-05 0.000142254 -0.000310788 -0.128605 0.347469 -0.027487 0.0690502
1600:0.947054 0.946756 0.000297826 0.000753018 -0.000315156 0.190535 0.151891 0.0504923 0.0361648
1700:0.920575 0.917049 0.00352628 0.00885765 -0.00105986 0.282727 -0.0281728 0.203491 -0.0125297
1800:0.90174 0.847076 0.0546649 -0.0232943 -0.0222527 0.6285 0.354027 0.529566 0.268354
1900:0.895844 0.720063 0.175781 0.0377529 -0.166762 0.840557 0.564383 0.777751 0.517289
2000:0.897193 0.5431 0.354093 -0.035358 -0.137613 0.978637 0.587544 0.922098 0.551376
2100:0.901559 0.540122 0.361438 -0.0319912 -0.15132 0.983926 0.610488 0.928726 0.56962
2200:0.902676 0.535768 0.366908 -0.0206202 -0.162769 0.984142 0.619497 0.932205 0.584039
2300:0.907339 0.532406 0.374933 -0.0287145 -0.0324693 0.985528 0.802452 0.930525 0.6355
2400:0.908207 0.528857 0.37935 -0.0304087 -0.0196095 0.982202 0.840694 0.931685 0.664351
2500:0.910376 0.534343 0.376033 -0.0193506 -0.029411 0.986536 0.834261 0.929709 0.657247
2600:0.921365 0.538429 0.382937 -0.0227776 -0.0318074 0.986066 0.821173 0.937541 0.697708
2700:0.927936 0.537301 0.390635 -0.0180678 0.0272308 0.985942 0.860059 0.936825 0.770886
2800:0.930836 0.538144 0.392692 -0.0191111 0.0540795 0.986411 0.864061 0.937693 0.785132
2900:0.932565 0.537228 0.395336 -0.0244508 0.0853848 0.985618 0.892083 0.937672 0.799476
3000:0.932687 0.537196 0.395491 -0.0249356 0.122819 0.985083 0.881919 0.938639 0.787813
