seed mutID muttype p cor_sal cor_temp mutSalEffect mutTempEffect
1231186 400912 m2 0.02375 -0.06941 0.607458 -0.0389446 0
1231186 691483 m2 0.0117 -0.133701 0.459732 -0.0216062 0
1231186 578291 m2 0.02165 -0.020722 0.669075 0.0181116 0
1231186 333381 m2 0.02925 0.012586 0.548707 0.0167774 0
1231186 19513 m2 0.0298 -0.101792 0.338927 -0.0378573 0
1231186 467506 m2 0.01895 0.0439243 0.484487 0.0335804 0
1231186 571739 m2 0.0179 -0.057961 0.685333 0.0592006 0
1231186 756114 m2 0.01575 -0.0504016 0.601127 0 0.0161561
1231186 708020 m2 0.0286 -0.0962019 0.489805 -0.0642659 0
1231186 574434 m2 0.04465 -0.0480929 0.733232 -0.0388057 0
1231186 509696 m2 0.0429 0.00263383 0.68429 0 -0.00864795
1231186 525288 m2 0.02425 0.140967 0.650002 0.0676417 0
1231186 574433 m2 0.01575 0.0145658 0.456045 0.00912338 0
1231186 374731 m2 0.0404 0.112993 0.561454 0.0814623 0
1231186 110918 m2 0.01685 0.081317 0.582655 0.0519823 0
1231186 163877 m2 0.06695 -0.0384238 0.732236 0.0301893 0
1231186 267613 m2 0.1045 0.0268806 0.678726 -0.0095003 0
1231186 693435 m2 0.0104 0.0415691 0.489759 -0.00577584 0
1231186 166627 m2 0.01905 -0.0709018 0.609347 0 0.00562034
1231186 491016 m2 0.0217 -0.000207608 0.510771 -0.0322176 0
1231186 579760 m2 0.01465 -0.013381 0.544681 -0.00946018 0
1231186 716754 m2 0.02 0.00911185 0.52689 -0.0392708 0
1231186 244513 m2 0.0173 -0.111081 0.396599 -0.0446864 0
1231186 596370 m2 0.01915 0.216968 0.551869 -0.00586785 0
1231186 248541 m2 0.01455 0.234642 0.51922 0 0.0332961
1231186 452079 m2 0.0446 -0.0481939 0.507384 0 0.0795774
1231186 129605 m2 0.024 -0.0582231 0.326576 0 -0.0214359
1231186 329203 m2 0.04155 -0.0338304 0.663759 0 0.0633855
1231186 418518 m2 0.03365 -0.0463742 0.495162 -0.0407622 0
1231186 327514 m2 0.07445 0.100266 0.74096 0.0601478 0
1231186 14649 m2 0.0257 -0.0574759 0.501818 -0.0366868 0
1231186 218196 m2 0.07085 -0.000933937 0.660316 0 0.0296708
1231186 723932 m2 0.05425 -0.0120691 0.570761 -0.0078748 0
1231186 206119 m2 0.0408 -0.0339258 0.589112 -0.0676291 0
1231186 45567 m2 0.0904 0.102261 0.666792 0.083564 0
1231186 675192 m2 0.0128 0.000750764 0.497905 -0.0174854 0
1231186 769471 m2 0.0122 -0.150187 0.472422 0 0.0105458
1231186 130179 m2 0.0761 0.000401954 0.548158 -0.00784203 0
1231186 299652 m2 0.04705 0.166367 0.690727 0.0764599 0
1231186 491577 m2 0.1068 0.0464821 0.763749 0.0158665 0
1231186 702286 m2 0.0177 -0.0481204 0.484696 2.64882e-05 0
1231186 280976 m2 0.0902 -0.0272156 0.644324 0 0.022717
1231186 705820 m2 0.03395 0.118414 0.656253 0.0625898 0
1231186 744091 m2 0.0159 0.00429042 0.514092 -0.0435096 0
1231186 66493 m2 0.04795 0.0705207 0.571346 0 -0.0131615
1231186 9375 m2 0.05725 0.0726133 0.543684 0.0270402 0
1231186 43657 m2 0.109 -0.0613083 0.716017 0 0.0158683
1231186 89107 m2 0.04615 0.010417 0.418829 -0.00998019 0
1231186 722848 m2 0.01595 -0.10121 0.472534 -0.0703651 0
1231186 594714 m2 0.0334 -0.0861757 0.475155 -0.024318 0
1231186 294196 m2 0.0332 -0.135817 0.497584 -0.0102503 0
1231186 394734 m2 0.01215 -0.0681816 0.485896 0 0.0151791
1231186 376616 m2 0.06025 -0.0456475 0.562851 0 0.0271399
1231186 535795 m2 0.0385 -0.0688342 0.498941 -0.0306181 0
1231186 513223 m2 0.07435 -0.00644371 0.660851 0 -0.0357881
1231186 9651 m2 0.2043 -0.00411977 0.760762 0 0.0563323
1231186 629085 m2 0.0568 -0.0818797 0.625178 -0.0338769 0
1231186 707171 m2 0.02885 0.0289201 0.561146 -0.0415122 0
1231186 722283 m2 0.01465 0.2987 0.561095 0.000262241 0
1231186 634546 m2 0.0324 0.0341811 0.720655 0 0.00592454
1231186 174180 m2 0.01005 -0.0231167 0.468245 -0.0353162 0
1231186 353746 m2 0.0138 -0.0101252 0.5017 0 -0.00341205
1231186 620308 m2 0.01215 -0.0681816 0.485896 0.0516036 0
1231186 335527 m2 0.05075 -0.00311267 0.61619 0.0124377 0
1231186 603477 m2 0.01755 0.0881313 0.557596 0.0328836 0
1231186 664447 m2 0.0123 0.164099 0.549588 0 0.00866758
1231186 794390 m2 0.01115 -0.00840123 0.477582 0 0.00795394
1231186 494840 m2 0.0916 0.0214302 0.562042 0 0.00290283
1231186 197466 m2 0.24705 -0.00184505 0.798669 0 0.0468714
1231186 366333 m2 0.0395 -0.00683812 0.570825 -0.0648868 0
1231186 572790 m2 0.0728 -0.0576589 0.644554 -0.0569754 0
1231186 607862 m2 0.0179 -0.0479876 0.475758 0 0.0322417
1231186 576640 m2 0.042 0.0374852 0.678255 -0.0306718 0
1231186 754720 m2 0.02865 -0.0280854 0.559198 0 0.00198825
1231186 254573 m2 0.0339 0.129507 0.647845 0 0.0298667
1231186 385011 m2 0.1188 0.0620651 0.713266 0 0.00591181
1231186 26138 m2 0.06395 -0.101627 0.47401 -0.00535627 0
1231186 103705 m2 0.0689 0.14337 0.655045 0 0.0264447
1231186 121174 m2 0.02735 0.0424377 0.484094 0.0383307 0
1231186 448731 m2 0.0154 -0.159495 0.583234 0.0340262 0
1231186 33614 m2 0.1264 0.102267 0.659851 0.0503452 0
1231186 535787 m2 0.01735 0.228485 0.659913 0 0.000867313
1231186 308900 m2 0.0153 0.0758183 0.537408 0 0.0541302
1231186 360252 m2 0.06875 -0.0480652 0.625426 -0.0143153 0
1231186 298552 m2 0.12885 0.037188 0.530481 0 0.0381863
1231186 431006 m2 0.0108 -0.0310805 0.279295 -0.0128561 0
1231186 436007 m2 0.0144 0.0488126 0.475777 0.0951205 0
1231186 595258 m2 0.01265 0.0296256 0.551842 0 0.0571668
1231186 690341 m2 0.02125 0.107633 0.549969 0.0164719 0
1231186 733077 m2 0.0135 0.116322 0.460845 0 -0.0514728
1231186 479525 m2 0.10365 -0.0852083 0.742038 0 0.0121111
1231186 375276 m2 0.08265 0.0746073 0.685486 0.0279828 0
1231186 723100 m2 0.0139 -0.109984 0.461559 -0.0557744 0
1231186 639086 m2 0.0145 -0.0122684 0.491438 0 0.00646681
1231186 803641 m2 0.01415 -0.01689 0.494898 0 0.0135923
1231186 331437 m2 0.07725 0.0394287 0.774713 0 0.0306893
1231186 699865 m2 0.0124 -0.146562 0.586333 0 0.0475993
1231186 370087 m2 0.0568 -0.217508 0.522116 -0.0637527 0
1231186 961 m2 0.01805 -0.00490677 0.0493434 0 -0.0166554
1231186 41145 m2 0.03025 0.00326807 0.607158 0 0.0061053
1231186 201231 m2 0.0199 -0.0597038 0.432802 -0.029939 0
1231186 307416 m2 0.0194 0.241711 0.636035 0.0468715 0
1231186 675996 m2 0.02575 -0.0183172 0.638978 0.0186991 0
1231186 327217 m2 0.03365 -0.0950361 0.408138 0 -0.0389968
1231186 477911 m2 0.02405 0.0642809 0.551199 0.034059 0
1231186 196911 m2 0.1647 0.0206602 0.791386 0.0344037 0
1231186 132088 m2 0.0455 0.035913 0.629293 0 0.0100976
1231186 371965 m2 0.0163 0.0183157 0.429046 0.0237546 0
1231186 525526 m2 0.0636 -0.115785 0.527015 -0.077586 0
1231186 432425 m2 0.01285 -0.13044 0.625132 -0.0121155 0
1231186 222579 m2 0.08665 0.103842 0.636524 0.0246752 0
1231186 546196 m2 0.01765 0.065576 0.559645 0.0193943 0
1231186 360244 m2 0.0583 0.0290221 0.486168 0 0.0316543
1231186 50668 m2 0.039 0.0604487 0.696307 0 -0.00796054
1231186 632190 m2 0.0289 -0.0585973 0.323676 0.00193818 0
1231186 90174 m2 0.06885 -0.0207356 0.598253 -0.0379319 0
1231186 26999 m2 0.0636 -0.0411998 0.329155 -0.0384896 0
1231186 325276 m2 0.18335 0.113427 0.750859 0.0743589 0
1231186 227563 m2 0.02325 0.115898 0.586986 0.0135871 0
1231186 215354 m2 0.06835 -0.00632143 0.702886 0 0.0248903
1231186 265072 m2 0.03415 -0.0348467 0.666797 0 0.0298744
1231186 413256 m2 0.03975 0.0312733 0.441564 0.0128555 0
1231186 478714 m2 0.01925 0.049964 0.329216 0.0317548 0
1231186 402813 m2 0.0199 -0.0413658 0.680488 -0.000614721 0
1231186 393322 m2 0.01425 0.0640683 0.286094 0 0.0154176
1231186 279922 m2 0.1259 -0.0333963 0.775967 -0.00719211 0
1231186 720596 m2 0.02275 0.145248 0.643979 0 -0.0469971
1231186 326078 m2 0.2111 -0.045345 0.763211 -0.116514 0
1231186 287641 m2 0.0263 0.156796 0.602081 0.0801597 0
1231186 141257 m2 0.03585 0.169802 0.491295 0 0.00531373
1231186 476285 m2 0.01625 0.193227 0.567286 0.0487029 0
1231186 741893 m2 0.0105 0.0367427 0.55014 0 0.0596885
1231186 297155 m2 0.09165 0.0650832 0.530886 0.0136707 0
1231186 721416 m2 0.01555 0.0872445 0.526434 0.0175145 0
1231186 206631 m2 0.1307 0.0129138 0.733454 0 0.0172419
1231186 127669 m2 0.1193 0.021569 0.673239 0 0.0806091
1231186 712137 m2 0.03595 -0.148564 0.528091 -0.062117 0
1231186 735025 m2 0.0264 0.139853 0.310041 0 0.00206976
1231186 293353 m2 0.0139 -0.11501 0.254195 0 0.000684853
1231186 646759 m2 0.0349 0.159683 0.350854 0 -0.0270185
1231186 754708 m2 0.01285 0.183581 0.538139 0 -0.0400497
1231186 508310 m2 0.04865 -0.120273 0.479007 -0.103593 0
1231186 223961 m2 0.136 0.0186767 0.700833 0 0.046837
1231186 291697 m2 0.0315 0.0851622 0.637826 0 0.0341525
1231186 246328 m2 0.04745 0.0371762 0.741184 -0.0290583 0
1231186 665557 m2 0.0106 -0.0742735 0.470836 0.0272399 0
1231186 182289 m2 0.04045 -0.0875013 0.516944 -0.0526062 0
1231186 323028 m2 0.02195 0.077393 0.58841 0 0.0898177
1231186 192247 m2 0.14485 0.0416533 0.790051 0.0509283 0
1231186 21033 m2 0.04625 0.0668884 0.253621 0 0.0311351
1231186 249559 m2 0.0626 0.057302 0.738122 0.0173062 0
1231186 336661 m2 0.02355 -0.0527469 0.666623 0.0272051 0
1231186 6607 m2 0.05515 -0.0357199 0.684443 0 0.04162
1231186 206625 m2 0.08365 0.170296 0.594793 0.112011 0
1231186 454955 m2 0.02925 0.117769 0.724994 0.0183165 0
1231186 600953 m2 0.04635 0.0238374 0.630223 0 0.0506819
1231186 21027 m2 0.02755 0.0196083 0.174952 0 -0.00965424
1231186 657123 m2 0.0104 0.0938178 0.518952 0 0.0544965
1231186 740210 m2 0.02245 0.141962 0.539347 0.0180716 0
1231186 581117 m2 0.0104 0.0689131 0.48445 0.0536941 0
1231186 186040 m2 0.10995 0.00878156 0.637242 -0.0327383 0
1231186 503076 m2 0.0336 -0.121388 0.471578 -0.0617361 0
1231186 292237 m2 0.02075 -0.0470895 0.49513 0 0.0230696
1231186 125146 m2 0.0419 0.117374 0.406327 0.0374905 0
1231186 468897 m2 0.06605 -0.0636666 0.717058 0 -0.0201819
1231186 193337 m2 0.01945 0.0475656 0.520985 0 -0.0279063
1231186 473250 m2 0.0782 -0.156349 0.475186 -0.0669403 0
1231186 214004 m2 0.06095 -0.0490583 0.464361 0 0.0452168
1231186 232754 m2 0.1414 0.170503 0.78169 0.0981517 0
1231186 41124 m2 0.1833 0.0246786 0.783858 -0.0512406 0
1231186 751426 m2 0.01905 -0.0910947 0.383107 0 -0.0292167
1231186 65917 m2 0.1228 0.0257769 0.692644 0.0107921 0
1231186 459848 m2 0.03645 -0.188109 0.227239 -0.064131 0
1231186 443125 m2 0.0243 -0.0994177 0.328504 0 0.0139379
1231186 335193 m2 0.0294 0.022461 0.718207 0 0.0549615
1231186 548965 m2 0.01665 -0.00236516 0.522546 0 0.0608236
1231186 449224 m2 0.03285 -0.239105 0.573789 -0.046772 0
1231186 714822 m2 0.01945 0.0453372 0.404695 0.0723497 0
1231186 784006 m2 0.0108 -0.0223864 0.411542 0 -0.0296089
1231186 260907 m2 0.06275 -0.0259226 0.594169 0 0.0261516
1231186 606704 m2 0.0145 -0.259189 0.375155 -0.0796649 0
1231186 602086 m2 0.0146 -0.0937657 0.407337 0 -0.0535554
1231186 621401 m2 0.03305 0.0401542 0.612823 0 0.0143622
1231186 431814 m2 0.01365 0.0449317 0.329096 0 0.0822492
1231186 226124 m2 0.081 -0.0579758 0.601876 -0.0329488 0
1231186 582679 m2 0.0108 -0.089707 0.475872 0 -0.0121072
1231186 409358 m2 0.0137 0.118696 0.439732 -0.014749 0
1231186 125716 m2 0.049 -0.207821 0.560526 -0.0587106 0
1231186 762853 m2 0.0146 -0.141919 0.353721 0.0405272 0
1231186 687503 m2 0.01225 -0.0560633 0.338741 0 0.0368819
1231186 439769 m2 0.01715 0.0876463 0.485303 0.0536198 0
1231186 141772 m2 0.0589 0.0203182 0.590124 0 0.0175487
1231186 280119 m2 0.0191 -0.126105 0.447509 -0.0299665 0
1231186 186318 m2 0.05855 0.0358674 0.619821 0 0.0454719
1231186 590773 m2 0.0135 -0.129913 0.47969 0 -0.0253205
1231186 105331 m2 0.04365 0.122128 0.576562 0 -0.00246216
1231186 534431 m2 0.02 -0.0329101 0.284473 0.0601062 0
1231186 1356 m2 0.0197 -0.123382 -0.406516 -0.0267691 0
1231186 757958 m2 0.01505 -0.11173 0.260303 0 -0.00678102
1231186 9298 m2 0.06695 -0.0138038 0.177099 0 0.00210674
1231186 239764 m2 0.1096 -0.142483 0.5727 -0.0687842 0
1231186 661870 m2 0.04215 -0.0687197 0.62544 0 0.0273218
1231186 791083 m2 0.0108 0.178814 0.518689 0 -0.00715798
1231186 626564 m2 0.0196 -0.0752594 0.288392 0 0.0281083
1231186 175462 m2 0.12235 -0.0129812 0.56699 -0.0130387 0
1231186 486893 m2 0.0577 0.0745619 0.70621 0.0443058 0
1231186 504743 m2 0.03755 0.129967 0.552897 0.0271255 0
1231186 569220 m2 0.01165 0.0211271 0.493303 0.00588861 0
1231186 51193 m2 0.0599 -0.177722 0.488126 -0.050518 0
1231186 468323 m2 0.0218 -0.0484644 0.289994 -0.0340911 0
1231186 265638 m2 0.09385 0.00774837 0.479078 0.0111246 0
1231186 742671 m2 0.0214 -0.0182662 0.402488 -0.00900521 0
1231186 776410 m2 0.01225 -0.205323 0.297178 0.018516 0
1231186 146079 m2 0.01155 -0.17649 0.505347 0 0.017673
1231186 60125 m2 0.109 0.1028 0.701437 0.0509447 0
1231186 685810 m2 0.01215 0.0805723 0.443626 0 0.0662459
1231186 633202 m2 0.0157 -0.100718 0.498134 -0.0222316 0
1231186 663582 m2 0.01265 -0.0690395 0.419789 -0.0164734 0
1231186 584317 m2 0.02405 -0.00212906 0.35185 0 -0.00598441
1231186 587810 m2 0.01245 -0.0898015 0.38285 -0.102701 0
1231186 587809 m2 0.0205 -0.0533281 0.403941 0 0.0252193
1231186 720825 m2 0.0556 0.027697 0.52117 0 -0.0152688
1231186 516556 m2 0.01765 0.121635 0.467516 0 -0.0205342
1231186 650525 m2 0.03715 -0.177334 0.479013 0 0.0326704
1231186 511521 m2 0.01375 -0.0634672 0.430465 0 0.0209141
1231186 238915 m2 0.0724 0.0129339 0.696765 0.0217798 0
1231186 548380 m2 0.0233 0.0742351 0.633126 0 0.0225053
1231186 291664 m2 0.0162 -0.134303 0.375831 0 0.0533878
1231186 152897 m2 0.3 -7.99386e-18 0.791242 0 0.0466696
1231186 320008 m2 0.17295 0.0457871 0.791679 0.0520591 0
1231186 136324 m2 0.07395 -0.0899842 0.659925 0 -0.00030137
1231186 434021 m2 0.05205 0.0206501 0.177738 -0.0187986 0
1231186 252318 m2 0.09675 -0.0584625 0.718234 -0.0174633 0
1231186 238345 m2 0.0922 0.195757 0.613992 0.091742 0
1231186 143346 m2 0.02325 -0.0808951 0.526867 -0.0741279 0
1231186 412088 m2 0.04995 -0.124064 0.552903 -0.0432539 0
1231186 744901 m2 0.01645 0.0229962 0.295589 0.0767013 0
1231186 661307 m2 0.01435 -0.0191904 0.443062 0 0.0396818
1231186 686642 m2 0.01035 -0.104272 0.270445 -0.0681296 0
1231186 723301 m2 0.0106 -0.0548078 0.157284 -0.00480004 0
1231186 467148 m2 0.06345 0.116167 0.743421 0.090044 0
1231186 421825 m2 0.2392 0.244818 0.785666 0.137729 0
1231186 463169 m2 0.01245 0.0478537 0.483818 0 0.00514107
1231186 734455 m2 0.01245 0.00405596 0.288365 0 -0.0750824
1231186 356142 m2 0.02785 -0.0207895 0.631828 -0.00853009 0
1231186 307686 m2 0.03115 -0.0366818 0.38349 0 0.0294814
1231186 716431 m2 0.02455 -0.00246449 0.449632 0 0.0332327
1231186 31842 m2 0.05675 0.0236356 0.178132 0.0267775 0
1231186 59547 m2 0.04215 0.0712713 -0.0216065 0.0199583 0
1231186 732485 m2 0.01675 -0.0139278 0.395035 -0.0252004 0
1231186 607809 m2 0.01275 0.0227205 0.333783 0 0.00387844
1231186 745699 m2 0.012 -0.0655665 0.279708 -0.0369859 0
1231186 28534 m2 0.0179 -0.00660306 -0.0321983 -0.0187894 0
1231186 416210 m2 0.02355 0.158238 0.417857 0.0337196 0
1231186 302898 m2 0.0461 0.042291 0.175371 -0.0338185 0
1231186 545630 m2 0.06085 -0.0500967 0.537514 -0.00450221 0
1231186 539647 m2 0.01565 0.0414203 0.645537 0 0.0177081
1231186 268396 m2 0.039 -0.0298585 0.672659 0 0.039021
1231186 448684 m2 0.05805 -0.096062 0.408163 -0.123613 0
1231186 92126 m2 0.03075 0.00893845 0.449119 0 0.00409345
1231186 759857 m2 0.0104 0.0544302 0.28391 0 -0.0571116
1231186 234991 m2 0.0732 -0.0479267 0.168051 0 0.00736503
1231186 403870 m2 0.02555 0.010539 0.62511 0 -0.000827537
1231186 204385 m2 0.03725 0.0178267 0.172952 -0.0307965 0
1231186 701162 m2 0.0145 0.0196686 0.170086 0 -0.00632549
1231186 111647 m2 0.01195 -0.101148 0.15199 -0.040779 0
1231186 519340 m2 0.01175 -0.0108482 0.290321 0 -0.0254512
1231186 402776 m2 0.0386 -0.0528074 0.451664 0 0.0335786
1231186 181958 m2 0.02815 -0.098427 0.159606 -0.0497697 0
1231186 458704 m2 0.0434 0.0275214 0.176325 0 -0.0235607
1231186 539904 m2 0.0915 0.0562328 0.655716 0 -0.0021124
1231186 404709 m2 0.132 0.0403837 0.657226 0 0.0565739
1231186 758216 m2 0.01225 0.0562859 0.332166 0 0.00384707
1231186 133086 m2 0.02755 -0.008001 0.176354 0 -0.017978
1231186 22674 m2 0.13655 -0.0111285 -0.00889402 0 0.0264592
1231186 664104 m2 0.0122 -0.00351857 0.421364 -0.0283184 0
1231186 398225 m2 0.0311 0.028802 0.168802 0 -0.0126229
1231186 509621 m2 0.02595 -0.14345 0.352803 0 -0.0231974
1231186 686344 m2 0.0133 -0.0127293 0.169752 0 -0.00549714
1231186 78741 m2 0.1905 -0.00153915 0.00248872 0 -0.0135411
1231186 496959 m2 0.02555 0.0441988 0.64808 0 0.068326
1231186 123481 m2 0.1 0 0.17733 0 0.0481669
1231186 250949 m2 0.09465 -0.00543391 0.176884 0.0625851 0
1231186 78994 m2 0.1151 -0.0456835 0.0255056 0.00255713 0
1231186 515725 m2 0.03375 -0.00141829 0.588842 0 -0.00412438
1231186 277902 m2 0.04705 -0.0933828 0.165416 -0.0599866 0
1231186 484152 m2 0.06355 0.0506564 0.767418 0.0133494 0
1231186 735801 m2 0.022 0.0754714 0.172177 0.00563704 0
1231186 709555 m2 0.0115 0.0605499 0.438523 0.00783657 0
1231186 460365 m2 0.07595 -0.0344827 0.174128 -0.0251696 0
1231186 59300 m2 0.05845 -0.00693033 0.175731 -0.0220058 0
1231186 665808 m2 0.0617 0.031485 0.507307 0.00783331 0
1231186 430930 m2 0.0162 -0.0822044 -0.0436104 -0.00358767 0
1231186 701942 m2 0.01785 -0.116577 0.147683 -0.0271312 0
1231186 442548 m2 0.1129 0.0669144 0.780843 0.0200724 0
1231186 744318 m2 0.0169 0.0232143 0.489082 -0.00542855 0
1231186 745688 m2 0.01435 0.0467715 0.176922 0 0.0225081
1231186 129216 m2 0.04685 -0.0484046 0.170036 -0.0188833 0
1231186 166542 m2 0.02655 -0.0609988 0.476555 -0.0453914 0
1231186 398491 m2 0.03205 -0.023364 0.175548 0 0.0383437
1231186 589951 m2 0.0507 -0.0146018 0.175149 -5.44185e-05 0
1231186 89546 m2 0.04885 0.043923 0.17697 0.0667176 0
1231186 274189 m2 0.0328 0.00121891 0.176224 0 0.0191134
1231186 152020 m2 0.02425 -0.0681657 -0.0104992 0 0.00557049
1231186 759326 m2 0.0168 0.00951111 0.176176 0 0.055144
1231186 455192 m2 0.06635 -0.023771 0.175163 0.00153685 0
1231186 14825 m2 0.01175 -0.186573 -0.0324881 0 0.0192603
1231186 505766 m2 0.0253 0.0993978 0.171552 0.023278 0
1231186 750830 m2 0.013 0.0682941 0.176554 0.00532938 0
1231186 335732 m2 0.07175 -0.0364342 0.174209 0 0.0044954
1231186 20956 m2 0.04385 0.0391498 -0.0173981 -0.032918 0
1231186 750829 m2 0.01085 0.0613228 0.17694 0.076343 0
1231186 503301 m2 0.02925 0.0680582 0.171927 0.0136339 0
1231186 444215 m2 0.0186 -0.0459302 0.300232 -0.0510101 0
1231186 424866 m2 0.0657 0.0640112 0.1849 0.0495703 0
1231186 428224 m2 0.10015 0.000232228 0.177432 0 0.0447789
1231186 767127 m2 0.0144 -0.0305541 0.171329 0 0.00587345
1231186 483587 m2 0.0118 -0.0172568 0.170546 -0.00276798 0
1231186 384648 m2 0.07545 0.00871968 0.209166 0 0.0159145
1231186 333288 m2 0.05405 0.101784 0.171188 0.110304 0
1231186 184628 m2 0.04165 -0.0082588 0.172415 -0.0136658 0
1231186 676202 m2 0.01295 -0.00405897 0.351689 0 -0.0221593
1231186 43829 m2 0.041 0.0563096 -0.0268023 0.051949 0
1231186 700067 m2 0.01795 -0.020522 0.0543151 0 0.00909734
1231186 527095 m2 0.04955 0.0651592 0.175197 0.0713754 0
1231186 507992 m2 0.05535 -0.0599618 0.475473 -0.0714436 0
1231186 210588 m2 0.0916 0.0582438 -0.0118446 0.0359351 0
1231186 462847 m2 0.035 -0.0351192 0.173521 0 0.000199524
1231186 326833 m2 0.03255 0.0726441 -0.0242544 0.0432078 0
1231186 405519 m2 0.03225 -0.0942712 0.159168 -0.0981315 0
1231186 579692 m2 0.01405 -0.0628805 0.358582 0 -0.00379352
1231186 515427 m2 0.03405 0.0029845 0.177647 -0.0279217 0
1231186 732460 m2 0.0475 0.113481 0.170548 0.0516354 0
1231186 297632 m2 0.01515 -0.0591132 0.165538 0.0294007 0
1231186 12002 m2 0.07915 -0.0366588 -0.0059339 -0.02739 0
1231186 479216 m2 0.0163 -0.0280831 0.408879 -0.00360937 0
1231186 32643 m2 0.0385 -0.108499 0.0217915 -0.0841278 0
1231186 685229 m2 0.03755 -0.0751916 0.169015 -0.0660387 0
1231186 452272 m2 0.02805 0.140527 0.1623 0.0807653 0
1231186 219454 m2 0.043 0.0631644 0.0235094 0.0123384 0
1231186 367092 m2 0.03925 0.0707284 0.171412 0.0215893 0
1231186 384928 m2 0.0394 -0.0574862 0.171092 0 -0.0216579
1231186 231567 m2 0.13305 -0.0278968 0.313508 0 0.0131825
1231186 332696 m2 0.06635 0.0255431 0.177762 0.0416033 0
1231186 738009 m2 0.0259 0.0794268 0.171311 -0.00531979 0
1231186 628178 m2 0.0472 0.0438238 0.176685 0 0.0481522
1231186 597908 m2 0.03675 0.0607886 0.0298293 -0.00726172 0
1231186 169524 m2 0.0414 0.0574451 0.0423206 -0.0176708 0
1231186 227757 m2 0.06045 -0.033715 0.04923 -0.0456933 0
1231186 78969 m2 0.10835 -0.0428708 -0.034797 0 -0.0135584
1231186 661823 m2 0.0101 -0.105796 0.151314 -0.0359432 0
1231186 379600 m2 0.0366 0.081568 0.208853 0.0482308 0
1231186 632631 m2 0.0252 0.0692797 -0.000422976 0 0.00876865
1231186 426271 m2 0.07325 -0.0177598 0.175748 -0.0311848 0
1231186 346354 m2 0.0194 0.0689523 0.0505467 0.0747159 0
1231186 394909 m2 0.0349 0.0152444 0.182529 0 0.0293018
1231186 529612 m2 0.01895 -0.143693 0.147234 -0.0560593 0
1231186 547775 m2 0.0149 -0.130632 0.149553 0 -0.0134311
1231186 227223 m2 0.0402 -0.0416849 0.170564 0 -0.0202703
1231186 482750 m2 0.0244 0.123678 0.613883 0.00955554 0
1231186 464845 m2 0.03755 0.0242978 0.175717 0 0.0234616
1231186 415105 m2 0.04885 -0.079599 0.164675 -0.11534 0
1231186 397060 m2 0.02135 0.133775 0.000127259 0.0687557 0
1231186 530965 m2 0.07755 -0.0412531 0.172543 -0.0693014 0
1231186 267804 m2 0.08045 -0.00552106 0.177199 -0.0381014 0
1231186 363949 m2 0.0879 0.0424218 -0.0339305 0.034297 0
1231186 671505 m2 0.0102 -0.0571655 0.152907 0 0.0253312
1231186 773205 m2 0.0125 -0.0922761 0.472391 -0.0284257 0
1231186 769652 m2 0.01325 0.0447572 0.168941 0.00330328 0
1231186 762001 m2 0.013 -0.123487 0.256921 -0.0147261 0
1231186 422892 m2 0.0641 0.0919734 0.198993 0 0.0345224
1231186 636223 m2 0.0183 -0.0409113 0.294889 -0.0185597 0
1231186 394636 m2 0.02655 -0.154634 0.0379939 -0.0472864 0
1231186 503571 m2 0.0285 -0.0216547 0.313411 0 0.00857132
1231186 516513 m2 0.0745 -0.098475 0.0434476 -0.0744022 0
1231186 321343 m2 0.01855 0.132469 0.0384157 0.0432139 0
1231186 678131 m2 0.0146 -0.0123314 0.173676 0 -0.000913852
1231186 537410 m2 0.0283 -0.00289914 0.534054 -0.0343634 0
1231186 490907 m2 0.01815 -0.0400977 0.168674 0 0.0304028
1231186 71346 m2 0.0581 0.0308803 -0.170805 0.0328992 0
1231186 345242 m2 0.0109 0.160057 0.0333894 -0.00634027 0
1231186 552501 m2 0.0155 0.159212 0.161092 0.029268 0
1231186 417258 m2 0.054 0.0802299 0.174729 0.0985986 0
1231186 781482 m2 0.0167 0.153894 0.157665 0 -0.0469064
1231186 665791 m2 0.03055 0.118527 0.472928 0.0717648 0
1231186 643910 m2 0.01295 -0.0563853 0.0543827 0 0.0572583
1231186 589670 m2 0.0261 0.0745096 0.173247 0.0530114 0
1231186 773998 m2 0.0126 0.14992 0.304038 0.0116744 0
1231186 731089 m2 0.0397 -0.0276286 0.0135464 -0.0021534 0
1231186 10008 m2 0.07465 0.0556115 -0.711029 0 -0.000359148
1231186 278159 m2 0.0436 0.0216925 0.176229 0.0664715 0
1231186 469937 m2 0.0192 -0.00238577 0.1733 -0.023969 0
1231186 755161 m2 0.0216 0.0127914 0.175886 0 0.0167862
1231186 486001 m2 0.0153 -0.0535636 0.16106 -0.0555991 0
1231186 451974 m2 0.03065 0.165121 0.40694 0.0466695 0
1231186 313988 m2 0.0135 0.080959 0.170446 0.101001 0
1231186 776111 m2 0.0139 0.0673341 0.0603165 0.00656618 0
1231186 517608 m2 0.01735 0.0288108 -0.0075544 -0.016593 0
1231186 549451 m2 0.0293 0.0175762 0.0632471 0.0206167 0
1231186 329684 m2 0.0273 -0.0393968 0.170508 -0.0333922 0
1231186 742380 m2 0.01865 0.165657 0.156287 0.0138063 0
1231186 60848 m2 0.08755 0.0442705 -0.00389378 0 -0.0181198
1231186 198420 m2 0.12065 0.0301758 -0.00710126 0.0163949 0
1231186 263898 m2 0.0162 -0.103013 0.161809 0 0.0145354
1231186 674830 m2 0.01805 -0.00180998 0.174268 0 -0.0350522
1231186 581026 m2 0.05815 0.122608 -0.0277756 0.0570932 0
1231186 32063 m2 0.07565 -0.0281144 -0.173632 -0.0234909 0
1231186 353078 m2 0.06035 0.0319802 0.00368005 -0.00591083 0
1231186 26275 m2 0.04675 0.0169942 -0.172305 0 -0.00446319
1231186 89243 m2 0.15725 0.0861426 -0.00845911 0.071164 0
1231186 681352 m2 0.0102 -0.0149563 0.171047 -0.0207915 0
1231186 738268 m2 0.0122 -0.0695376 0.167547 0 -0.0331256
1231186 300943 m2 0.0162 -0.0038878 -0.00630956 0.0057387 0
1231186 392095 m2 0.06625 0.0573004 0.18504 0.0398997 0
1231186 445873 m2 0.0757 -0.131854 -0.00384211 -0.0741066 0
1231186 532945 m2 0.01045 0.125421 0.00424134 0.0731973 0
1231186 302835 m2 0.0107 0.0325745 -0.0493284 -0.0382255 0
1231186 392090 m2 0.0327 -0.062042 0.171212 -0.0358172 0
1231186 208700 m2 0.101 0.0649716 -0.024131 0.0374425 0
1231186 754631 m2 0.01985 0.00794433 0.0630289 -0.0147389 0
1231186 18293 m2 0.0508 -0.0857956 -0.70759 0 -0.00280027
1231186 561753 m2 0.01635 0.030997 -0.0508396 0 0.0137473
1231186 671753 m2 0.01935 -0.0132487 0.058259 0 0.0250103
1231186 459760 m2 0.02555 -0.017224 0.034645 0.054794 0
1231186 58336 m2 0.08205 -0.0272415 -0.173689 -0.0917662 0
1231186 707067 m2 0.02405 0.0899192 0.0460445 0.0294514 0
1231186 463114 m2 0.0448 -0.0932058 0.165354 -0.0633547 0
1231186 747276 m2 0.0136 0.0976646 -0.0152969 0.0626943 0
1231186 164022 m2 0.07745 -0.013622 -0.0475583 0.00775754 0
1231186 93734 m2 0.05715 0.0504989 -0.0210527 -0.02545 0
1231186 33176 m2 0.0681 -0.00553348 -0.173432 0.00544256 0
1231186 142205 m2 0.0742 0.0429666 -0.169137 0.0479357 0
1231186 295656 m2 0.0768 -0.0691001 -0.0213939 0 0.0401586
1231186 530419 m2 0.02205 -0.0297761 -0.0363551 -0.047212 0
1231186 200305 m2 0.01645 -0.16944 -0.0525264 -0.149836 0
1231186 261334 m2 0.03545 0.0791648 -0.0333028 0.0476809 0
1231186 328783 m2 0.0278 0.101349 -0.0016284 0.0215004 0
1231186 549172 m2 0.0141 -0.0447774 0.0545415 0 0.0168934
1231186 628408 m2 0.02315 0.0783469 0.0788678 0 0.0106298
1231186 344143 m2 0.0808 -0.229706 0.00957002 -0.0759274 0
1231186 617073 m2 0.0166 -0.0118059 -0.0512349 -0.0646488 0
1231186 680781 m2 0.0389 0.0454489 -0.0299624 0 -0.0243969
1231186 406828 m2 0.04315 -0.0029342 0.00660043 0 0.00904728
1231186 734678 m2 0.02455 -0.0716969 0.167953 0.0045225 0
1231186 260491 m2 0.04815 0.0298834 0.00948549 0.00531517 0
1231186 691921 m2 0.0158 -0.0936428 0.049328 0 0.017345
1231186 563381 m2 0.02545 0.00919929 -0.020168 0 0.00326956
1231186 563640 m2 0.0138 -0.044599 0.0378503 -0.0320485 0
1231186 509017 m2 0.0688 -0.252139 -0.00229441 -0.00358465 0
1231186 597083 m2 0.0157 0.00310627 -0.0469336 0.0249366 0
1231186 110470 m2 0.08555 -0.0444444 -0.0399385 -0.0375062 0
1231186 477242 m2 0.0161 0.0714603 0.027544 0 0.0248805
1231186 459747 m2 0.07945 0.0340314 -0.170072 0 0.0332807
1231186 578729 m2 0.0105 0.0474843 0.0480125 0 0.0204696
1231186 641435 m2 0.01245 -0.0124897 0.0523311 0.0229532 0
1231186 31730 m2 0.0802 -0.147564 -0.710667 -0.071936 0
1231186 642266 m2 0.013 -0.0905451 0.162318 0.0251931 0
1231186 525999 m2 0.03265 -0.109225 0.0495149 -0.122744 0
1231186 627303 m2 0.0272 0.0284753 0.0586685 0.0520447 0
1231186 95662 m2 0.06525 0.0118739 -0.171986 0 -0.01615
1231186 233498 m2 0.0497 -0.106324 -0.0526747 -0.0627761 0
1231186 228805 m2 0.0653 0.0421115 -0.0481792 0 -0.0434054
1231186 517037 m2 0.01085 0.0945123 -0.0109069 0 0.0029573
1231186 359602 m2 0.02425 0.0692825 -0.0343069 0.0682436 0
1231186 582918 m2 0.0152 -0.0500225 0.166255 0.00598729 0
1231186 479173 m2 0.02905 0.0862479 -0.0202799 0.0275925 0
1231186 440533 m2 0.0104 0.145814 0.0330933 0 0.0737278
1231186 597323 m2 0.03765 0.0290438 0.00588129 -0.00194035 0
1231186 255578 m2 0.0636 -0.0302191 0.174954 -0.0155564 0
1231186 420666 m2 0.09375 0.236022 0.0104278 0.171594 0
1231186 730463 m2 0.02105 0.102997 -0.0431979 0 -0.0152367
1231186 625642 m2 0.0102 0.143084 0.0119011 0 0.0605318
1231186 488139 m2 0.0344 -0.086139 -0.0516997 -0.0662582 0
1231186 566858 m2 0.0339 -0.0824956 0.0551316 -0.0534595 0
1231186 681606 m2 0.02615 0.0332078 0.178657 0 -0.0447793
1231186 94570 m2 0.02975 -0.128481 -0.384517 -0.0595512 0
1231186 497757 m2 0.0614 -0.245399 0.00780749 -0.0782858 0
1231186 700846 m2 0.0396 -0.0849362 -0.0563086 -0.0214696 0
1231186 168129 m2 0.06605 0.0351806 -0.169776 0.056967 0
1231186 184868 m2 0.1344 0.0574198 0.0289808 0.0702541 0
1231186 554956 m2 0.0244 0.00553784 0.0572226 0.0409689 0
1231186 434194 m2 0.06595 -0.0617784 -0.17271 -0.0447995 0
1231186 165351 m2 0.09695 0.022944 0.030768 0.0282064 0
1231186 169194 m2 0.0226 0.0506577 -0.431966 0 -0.0392449
1231186 186203 m2 0.0253 -0.099939 0.0174588 0 0.00421723
1231186 728237 m2 0.01855 -0.0327403 0.0185793 0 0.0206303
1231186 310346 m2 0.04285 0.0124 0.0545145 0 0.00029728
1231186 375959 m2 0.04295 -0.0132765 -0.0480292 0 0.0373056
1231186 39302 m2 0.01375 0.0091036 -0.508721 0 -0.0140943
1231186 722442 m2 0.01865 -0.156327 0.0445059 -0.112292 0
1231186 348012 m2 0.0372 0.242184 0.0019757 0.100316 0
1231186 593742 m2 0.0218 0.0485721 -0.0164381 0.0279618 0
1231186 370751 m2 0.06425 -0.0104283 -0.172799 0 0.0133805
1231186 514246 m2 0.0162 -0.0038878 -0.00630956 -0.0183517 0
1231186 691057 m2 0.0405 -0.137614 0.0473767 0 0.0185771
1231186 163985 m2 0.1 0 -0.172663 0.0105879 0
1231186 268015 m2 0.0287 0.119615 0.0541006 0.0126135 0
1231186 422845 m2 0.0258 -0.157312 0.0393817 0 -0.00647627
1231186 413734 m2 0.02285 0.16283 0.0402312 0 0.046041
1231186 754063 m2 0.02355 0.0265731 -0.0217286 0 -0.0493239
1231186 595919 m2 0.0336 0.0190252 -0.170879 0 0.0101309
1231186 716343 m2 0.0115 0.159822 0.0589223 0.0924457 0
1231186 669019 m2 0.0209 -0.0304697 0.0576574 0 0.00582556
1231186 718872 m2 0.0223 0.0295076 0.0538769 0 0.028127
1231186 773966 m2 0.01625 0.165584 0.0565043 0 0.00719559
1231186 700016 m2 0.01505 -0.00492135 -0.165793 0 -0.0142801
1231186 577044 m2 0.01535 0.118657 -0.0366701 0.084195 0
1231186 43980 m2 0.15015 0.043849 -0.755197 0 -0.0245816
1231186 229355 m2 0.1557 -0.026616 -0.185293 0 -0.00976061
1231186 741770 m2 0.01785 0.13448 -0.000459435 0 -0.00799567
1231186 692183 m2 0.0528 -0.0536071 0.0525751 0 0.0156451
1231186 766024 m2 0.0132 -0.101417 0.0482415 -0.0566566 0
1231186 654907 m2 0.0155 0.119778 -0.0387143 0.0125439 0
1231186 418931 m2 0.01495 0.0685499 -0.0468535 0 0.0180747
1231186 295902 m2 0.05985 0.0192418 -0.171484 0 0.0282132
1231186 708681 m2 0.03615 -0.0117 0.0255117 0 -0.017698
1231186 373193 m2 0.0593 0.028913 -0.170913 0 0.0175716
1231186 294034 m2 0.03705 0.00204337 -0.316953 0 -0.0316407
1231186 396479 m2 0.01425 -0.13125 -0.0549498 0 -0.0157969
1231186 114493 m2 0.04385 0.0478142 -0.166625 0.0123798 0
1231186 421196 m2 0.0764 -0.0742061 -0.0530338 -0.0338577 0
1231186 727692 m2 0.0118 -0.0337926 -0.0449161 0.0223866 0
1231186 399584 m2 0.1 0 -0.172663 0.0106516 0
1231186 642797 m2 0.0212 -0.124197 -0.0553235 0.00813876 0
1231186 216344 m2 0.0953 0.00407566 -0.172242 0 -0.00911697
1231186 706785 m2 0.0144 -0.055864 -0.0352194 -0.0714725 0
1231186 567973 m2 0.01785 0.144264 0.0467979 -0.010373 0
1231186 787971 m2 0.0114 0.102948 -0.154699 0 0.0442128
1231186 681813 m2 0.0147 0.142293 -0.146613 0 -0.0300513
1231186 756231 m2 0.01065 0.21943 0.035916 0.004617 0
1231186 758987 m2 0.02175 -0.127455 -0.0580017 -0.0476377 0
1231186 632838 m2 0.02265 -0.131904 0.0500853 0 -0.0196806
1231186 397298 m2 0.05915 -0.0240746 -0.0532174 -0.00600031 0
1231186 404890 m2 0.0493 -0.0745677 -0.16999 -0.0426628 0
1231186 571044 m2 0.03545 -0.0271941 -0.0531401 -0.00026056 0
1231186 521532 m2 0.0507 0.0302092 -0.0490444 0.0647195 0
1231186 635284 m2 0.06 -0.0110485 0.0447069 0 0.0068679
1231186 340996 m2 0.0474 -0.00837935 -0.17101 -0.0265523 0
1231186 417743 m2 0.04635 -0.132988 -0.0418207 -0.0821425 0
1231186 696330 m2 0.0204 0.0332496 0.00799832 -0.0158147 0
1231186 585305 m2 0.02255 -0.0747895 -0.362781 0 0.0196372
1231186 148117 m2 0.0219 0.0465787 -0.527354 0 -0.0124061
1231186 495793 m2 0.06135 -0.00622001 -0.172244 0 0.0300153
1231186 772028 m2 0.0167 -0.153571 -0.0541805 -0.0543249 0
1231186 496595 m2 0.0126 0.160389 -0.133123 0.0237906 0
1231186 51913 m2 0.0101 -0.112482 -0.299848 0 -0.0612058
1231186 484593 m2 0.0402 -0.108472 -0.165354 -0.066401 0
1231186 787133 m2 0.0154 -0.074835 -0.0519717 -0.0287793 0
1231186 736330 m2 0.04625 -0.00391524 0.058001 0 0.0216303
1231186 51026 m2 0.1075 -0.0426041 -0.753438 -0.00401233 0
1231186 342128 m2 0.03515 0.00627528 -0.0429348 0 0.0364438
1231186 317737 m2 0.0216 0.231303 -0.00337844 0.0476078 0
1231186 723770 m2 0.01705 0.064914 -0.0277172 -0.0150209 0
1231186 646093 m2 0.0295 0.0461287 -0.0171344 -0.000331901 0
1231186 598686 m2 0.0475 0.106546 -0.156723 0 0.00973847
1231186 587727 m2 0.0105 -0.0241647 0.0539458 0.0416425 0
1231186 194335 m2 0.09085 0.0100256 -0.172038 -0.00628994 0
1231186 167814 m2 0.1081 0.0658032 -0.709258 0 0.00436589
1231186 141917 m2 0.04295 -0.0684197 -0.170519 0 0.0172201
1231186 691886 m2 0.0193 -0.138069 -0.0574378 0 -0.0386361
1231186 149746 m2 0.1709 0.0428148 -0.754186 0 -0.0475136
1231186 718544 m2 0.0246 -0.0373324 0.0514334 0 0.0454533
1231186 35039 m2 0.01025 0.155128 -0.38944 0.0389495 0
1231186 91440 m2 0.1506 -0.0107399 -0.710875 0 -0.0424617
1231186 529249 m2 0.02825 -0.143246 -0.677554 0.0367394 0
1231186 479930 m2 0.0221 0.170324 -0.13294 0.073328 0
1231186 610787 m2 0.0396 -0.0849362 -0.0563086 0 -0.0508441
1231186 697137 m2 0.0111 0.108958 -0.15649 0 0.0564682
1231186 335070 m2 0.04895 0.099149 -0.158148 0.0842933 0
1231186 73028 m2 0.09115 0.0037395 -0.17276 0.0262761 0
1231186 378963 m2 0.04735 0.0357236 -0.170306 0.0801786 0
1231186 574015 m2 0.03565 0.0100021 -0.171897 0 -0.00229686
1231186 569654 m2 0.0651 -0.0157693 -0.174279 0 0.0180244
1231186 646338 m2 0.0506 -0.077382 -0.170199 -0.0293306 0
1231186 355754 m2 0.08505 -0.00433748 -0.172938 0.0310042 0
1231186 278956 m2 0.071 0.011162 -0.172018 0 -0.0218349
1231186 87236 m2 0.10185 -0.00943828 -0.482436 0 -0.0319395
1231186 690202 m2 0.01015 0.141836 0.0123713 0.0344789 0
1231186 258237 m2 0.03075 0.0876569 -0.160803 0.0121716 0
1231186 482691 m2 0.0194 0.00595446 -0.0574613 0 -0.0346335
1231186 693818 m2 0.01925 -0.0724146 -0.170009 0 -0.0213825
1231186 130242 m2 0.13135 -0.00680139 -0.478595 0 -0.0554869
1231186 473906 m2 0.0535 -0.0242448 -0.00684717 0 -0.0155068
1231186 409777 m2 0.03145 0.113941 -0.152601 0 0.0200159
1231186 232604 m2 0.1 0 -0.172663 0 -0.0507683
1231186 498592 m2 0.0354 -0.0476618 0.0566515 -0.0440778 0
1231186 436134 m2 0.08735 0.00749352 -0.172654 0 -0.0287781
1231186 252437 m2 0.0959 -0.0825285 -0.560374 -0.030313 0
1231186 473629 m2 0.06525 0.139409 -0.0580759 0.0717025 0
1231186 489258 m2 0.03045 0.127746 -0.0319008 0 0.0346222
1231186 444371 m2 0.0182 0.138179 -0.615554 0.000530471 0
1231186 757591 m2 0.0171 0.0321416 -0.0491099 0.0514527 0
1231186 327601 m2 0.0691 0.0577247 -0.765056 0 0.0115326
1231186 504627 m2 0.09345 0.058731 -1.8401e-06 0.0237925 0
1231186 622292 m2 0.02475 -0.110207 -0.162737 -0.0679014 0
1231186 107930 m2 0.03165 0.0585327 -0.165259 0.0577742 0
1231186 224893 m2 0.06535 -0.0490171 -0.742153 0 -0.0440311
1231186 570475 m2 0.02115 0.142469 -0.147073 0.016899 0
1231186 641087 m2 0.03525 0.108752 -0.0375571 0.0134664 0
1231186 355173 m2 0.1 0 -0.172663 0 -0.0333353
1231186 430306 m2 0.062 -0.0585097 -0.531014 -0.0434788 0
1231186 348240 m2 0.0555 0.0455909 -0.64989 0 -0.0245731
1231186 647197 m2 0.02475 -0.00171299 -0.172432 0 -0.0276402
1231186 594023 m2 0.01245 -0.124 -0.0451421 -0.0776914 0
1231186 661459 m2 0.01445 -0.106959 -0.268006 0.0555104 0
1231186 465920 m2 0.1412 0.0474933 0.0141544 0.0434437 0
1231186 309821 m2 0.08645 0.0203249 -0.171347 0 -0.0559508
1231186 781118 m2 0.0104 0.15222 -0.130266 0.0163792 0
1231186 266885 m2 0.1489 0.0892608 -0.601117 0.0643555 0
1231186 315229 m2 0.0521 0.0283027 -0.171244 -0.0208836 0
1231186 225976 m2 0.0326 0.143921 -0.650871 0.0301018 0
1231186 327317 m2 0.10225 -0.0211562 -0.48912 0 -0.00101119
1231186 578960 m2 0.0716 -0.0166203 -0.172406 -0.052365 0
1231186 134856 m2 0.04075 -0.099351 -0.284496 -0.0508488 0
1231186 709754 m2 0.0251 0.00281717 -0.0507053 0 0.0121722
1231186 480212 m2 0.043 0.0311432 -0.170287 0.0410791 0
1231186 471480 m2 0.01455 -0.126805 -0.157079 0 0.00746299
1231186 615685 m2 0.0217 0.0862218 -0.270812 0.00363886 0
1231186 416098 m2 0.0323 -0.172973 -0.45705 -0.0631096 0
1231186 689609 m2 0.01595 0.0297448 -0.167736 0 0.0133194
1231186 411421 m2 0.0236 -0.108529 -0.662335 0 -0.0344739
1231186 193178 m2 0.0992 -0.119814 -0.654531 -0.05376 0
1231186 749086 m2 0.02075 -0.0107859 -0.170231 0 0.0165147
1231186 257134 m2 0.02915 0.0254554 -0.521181 0 -0.0155682
1231186 458599 m2 0.03775 0.081178 -0.515238 0 -0.0122992
1231186 478017 m2 0.07215 0.047166 -0.167629 0.0977545 0
1231186 490828 m2 0.03155 -0.126946 -0.16278 -0.0946897 0
1231186 77566 m2 0.18495 0.0594461 -0.694123 0.0365972 0
1231186 382064 m2 0.04745 -0.00879343 -0.171494 -0.0530358 0
1231186 359243 m2 0.0207 -0.0303581 -0.396052 0.0159621 0
1231186 515627 m2 0.0245 -0.0190402 -0.045632 0 -0.0293249
1231186 419451 m2 0.08255 0.0476227 -0.730622 0 -0.00735701
1231186 726225 m2 0.01715 0.080002 -0.276586 0 0.0141344
1231186 657546 m2 0.0222 -0.147564 -0.15813 -0.0991862 0
1231186 702641 m2 0.02155 0.00576944 -0.168438 0.00356096 0
1231186 73252 m2 0.02075 -0.0478316 -0.510458 -0.0204408 0
1231186 392013 m2 0.0367 0.00782458 -0.172674 -0.0351983 0
1231186 282699 m2 0.07605 0.0629804 -0.166301 0.0386763 0
1231186 366444 m2 0.07155 0.0959859 -0.471643 0.0340526 0
1231186 292895 m2 0.15975 -0.0459559 -0.592105 -0.0154153 0
1231186 634369 m2 0.05435 0.0435329 -0.169166 0.06287 0
1231186 569095 m2 0.0917 -0.0662836 -0.102877 -0.0384348 0
1231186 501837 m2 0.03105 0.0337267 -0.169922 -0.00899797 0
1231186 81050 m2 0.0607 0.153624 -0.694723 0.0360102 0
1231186 456650 m2 0.02815 0.219165 -0.411623 0.0866333 0
1231186 252156 m2 0.09255 -0.0957263 -0.693071 -0.0483641 0
1231186 114420 m2 0.0323 0.149486 -0.523462 0.0584985 0
1231186 764615 m2 0.01175 -0.0989251 -0.162158 0 -0.0250012
1231186 248842 m2 0.1521 0.0198941 -0.633045 0.0343864 0
1231186 499105 m2 0.02685 -0.0224494 -0.353058 -0.0889366 0
1231186 743351 m2 0.0108 -0.126161 -0.27547 0 0.00991808
1231186 748051 m2 0.01665 0.120057 -0.0218262 0.00113803 0
1231186 457471 m2 0.03045 -0.128349 -0.38897 0 -0.0141108
1231186 710306 m2 0.0211 -0.105478 -0.284291 -0.0758553 0
1231186 463325 m2 0.0457 -0.127237 -0.163149 -0.105706 0
1231186 346000 m2 0.0368 -0.00665741 -0.171926 0 -0.0547526
1231186 292073 m2 0.0263 0.023964 -0.593919 -0.0440481 0
1231186 332868 m2 0.066 -0.0108654 -0.609739 0 -0.00313894
1231186 653480 m2 0.01155 0.00708854 -0.0396575 -0.0189891 0
1231186 329303 m2 0.01775 0.000677392 -0.171336 0 -0.0256832
1231186 147324 m2 0.0379 -0.0458538 -0.390373 -0.00910238 0
1231186 93920 m2 0.05685 0.15537 -0.644891 0.0336151 0
1231186 743063 m2 0.0141 -0.0161768 -0.417813 0.0206163 0
1231186 609367 m2 0.02155 -0.140809 -0.15707 0 -0.00365632
1231186 171519 m2 0.0157 0.00558417 -0.663355 0.0285883 0
1231186 281827 m2 0.0319 0.131244 -0.572756 0 -0.019729
1231186 779758 m2 0.01115 -0.0257766 -0.0548006 -0.00102453 0
1231186 494927 m2 0.0543 -0.0927382 -0.375563 -0.0346068 0
1231186 697871 m2 0.04645 -0.0387004 -0.417572 -0.00257223 0
1231186 491106 m2 0.0271 -0.14412 -0.263448 -0.129403 0
1231186 157146 m2 0.05405 0.0685078 -0.752221 0.0338814 0
1231186 723432 m2 0.0231 -0.135127 -0.266441 -0.0812507 0
1231186 395037 m2 0.02385 0.00759526 -0.331262 -0.0380481 0
1231186 783608 m2 0.01345 0.155185 -0.137331 0.00801612 0
1231186 468447 m2 0.0384 -0.13225 -0.266158 -0.0255679 0
1231186 198617 m2 0.03475 -0.00300283 -0.347268 0 0.0195865
1231186 152173 m2 0.07515 -0.052144 -0.641329 -0.0342155 0
1231186 388103 m2 0.2263 -0.0131123 -0.738079 0 -0.0706254
1231186 547101 m2 0.04235 0.0518668 -0.582583 0.0203388 0
1231186 486168 m2 0.0629 0.0398139 -0.469831 -0.00222744 0
1231186 718173 m2 0.01665 -0.101093 -0.483062 -0.0540418 0
1231186 320984 m2 0.0188 -0.000525377 -0.467906 0.00459567 0
1231186 635800 m2 0.05815 -0.0232435 -0.294734 -0.0732086 0
1231186 766217 m2 0.01745 -0.170212 -0.291465 -0.0618744 0
1231186 490268 m2 0.09515 0.0227885 -0.482944 0.0186877 0
1231186 636394 m2 0.0119 -0.0907154 -0.325689 -0.0254742 0
1231186 343471 m2 0.09135 0.21791 -0.656822 0.076577 0
1231186 708329 m2 0.01615 -0.0861842 -0.524 0 0.00075012
1231186 768457 m2 0.0169 0.106124 -0.156714 0.0247615 0
1231186 675586 m2 0.02855 0.121587 -0.15041 0.0410368 0
1231186 567912 m2 0.0391 0.0130448 -0.170464 0 -0.0558322
1231186 632046 m2 0.0102 0.0978871 -0.15368 0 -0.020891
1231186 150726 m2 0.05225 0.040204 -0.614108 0.0308131 0
1231186 487036 m2 0.0504 0.0963199 -0.158775 0.0798886 0
1231186 422474 m2 0.02885 0.0318098 -0.415778 0 -0.000574049
1231186 697584 m2 0.0191 -0.101377 -0.389261 0 0.0265442
1231186 489493 m2 0.0335 -0.0628897 -0.50385 0 -0.00944091
1231186 113634 m2 0.1185 0.138689 -0.659989 0.0550622 0
1231186 376414 m2 0.0242 -0.0358592 -0.458363 -0.0536698 0
1231186 412544 m2 0.0686 -0.0790414 -0.170206 -0.123519 0
1231186 109775 m2 0.0972 0.0806117 -0.519257 0.045098 0
1231186 322565 m2 0.0178 -0.0487731 -0.512213 -0.0774807 0
1231186 439357 m2 0.02125 0.0253064 -0.423668 0.0405258 0
1231186 176880 m2 0.05415 0.0276561 -0.598404 0 -0.0342902
1231186 143959 m2 0.1296 -0.107907 -0.750484 -0.051072 0
1231186 713833 m2 0.0214 0.0761089 -0.404786 0 0.0123807
1231186 657535 m2 0.03335 -0.0471334 -0.464538 0 -0.0288681
1231186 581225 m2 0.01045 -0.0670821 -0.361533 0 9.43014e-05
1231186 601378 m2 0.0354 0.0428662 -0.16649 0 -0.00735371
1231186 639720 m2 0.03955 -0.0300179 -0.320023 -0.00216262 0
1231186 547089 m2 0.0226 -0.0499186 -0.379942 0.0110431 0
1231186 126657 m2 0.0158 0.14953 -0.440722 0.0719907 0
1231186 635788 m2 0.01005 -0.122474 -0.259031 -0.0187187 0
1231186 174201 m2 0.0531 0.0243968 -0.570317 0 -0.0429054
1231186 425833 m2 0.02475 -0.0756138 -0.281726 0 0.015712
1231186 451580 m2 0.02065 -0.176167 -0.366706 -0.0641906 0
1231186 682334 m2 0.03295 -0.102967 -0.289159 -0.079329 0
1231186 668964 m2 0.01735 0.029259 -0.168596 -0.0165618 0
1231186 411670 m2 0.07395 0.0979426 -0.755825 0.0319353 0
1231186 744492 m2 0.01935 0.021794 -0.170553 0 -0.000612958
1231186 471700 m2 0.13125 0.215566 -0.685852 0.07546 0
1231186 706735 m2 0.01045 0.0894827 -0.268164 0 -0.00893258
1231186 416309 m2 0.02005 0.148368 -0.527584 0.0774689 0
1231186 513888 m2 0.0159 -0.0602053 -0.346179 0 0.0303167
1231186 379184 m2 0.09165 0.0268027 -0.620949 0 -0.063573
1231186 140230 m2 0.04815 -0.171155 -0.574666 -0.0415107 0
1231186 500189 m2 0.0106 -0.0528263 -0.171273 0 -0.0842691
1231186 753154 m2 0.0136 -0.0919004 -0.276699 -0.0706401 0
1231186 235108 m2 0.0517 -0.103959 -0.602962 0 -0.0297322
1231186 717624 m2 0.02115 -0.0155184 -0.289827 0 -0.0596592
1231186 597801 m2 0.0148 0.135878 -0.434178 0 0.0122435
1231186 671398 m2 0.0147 -0.0855338 -0.166776 -0.00622456 0
1231186 570435 m2 0.0502 0.00499831 -0.369374 0 -0.0195509
1231186 165509 m2 0.01495 -0.135225 -0.65961 0 -0.00707551
1231186 618382 m2 0.02495 0.00159402 -0.379144 0.0124512 0
1231186 186122 m2 0.0756 0.0123476 -0.559795 0 0.00882738
1231186 502607 m2 0.0271 -0.14412 -0.263448 0 -0.0452144
1231186 164242 m2 0.03335 0.0170072 -0.169826 0.0590912 0
1231186 725395 m2 0.03135 -0.011469 -0.493273 0 0.0149759
1231186 624195 m2 0.06505 -0.0590709 -0.548447 0 -0.00550293
1231186 726476 m2 0.01615 -0.0861842 -0.524 0 -0.0132037
1231186 685375 m2 0.03415 0.0995628 -0.580609 0.0552691 0
1231186 286931 m2 0.0416 -0.0426779 -0.705717 -0.0476847 0
1231186 516397 m2 0.06765 0.0454658 -0.680187 0.0768692 0
1231186 563799 m2 0.02305 0.0860671 -0.394066 0 0.0220799
1231186 596427 m2 0.04175 -0.0756266 -0.320428 -0.0353495 0
1231186 316547 m2 0.09595 -0.0668327 -0.63584 -0.0369585 0
1231186 328381 m2 0.0816 0.0916814 -0.658158 0.0415206 0
1231186 422212 m2 0.20245 -0.0795791 -0.717069 -0.049569 0
1231186 471690 m2 0.0199 0.12806 -0.282207 0 -0.00634346
1231186 431612 m2 0.0114 -0.122512 -0.471695 -0.0670547 0
1231186 452124 m2 0.02295 0.0643937 -0.625155 0 -0.0326041
1231186 393641 m2 0.06655 0.0516493 -0.69941 -0.0197944 0
1231186 413364 m2 0.02915 -0.0635977 -0.706514 -0.0457656 0
1231186 596977 m2 0.01055 -0.00647234 -0.514025 0 -0.0239694
1231186 352679 m2 0.06155 -0.0642376 -0.530951 -0.0910858 0
1231186 590614 m2 0.0401 -0.0473143 -0.662845 0 -0.0308349
1231186 606255 m2 0.08265 -0.00271244 -0.53284 0 -0.0161311
1231186 530836 m2 0.02315 0.0171737 -0.504498 0 -0.0199826
1231186 211548 m2 0.13305 0.159976 -0.712465 0.0366363 0
1231186 271252 m2 0.02075 -0.0296455 -0.514661 0 -0.0199667
1231186 264583 m2 0.126 0.00796988 -0.479641 -0.0162624 0
1231186 525888 m2 0.0438 0.0388532 -0.681564 0 0.0255458
1231186 685083 m2 0.0115 -0.0407639 -0.560833 0.071149 0
1231186 618088 m2 0.0253 -0.0531772 -0.302531 -0.0600886 0
1231186 463580 m2 0.03615 -0.0399484 -0.571481 0 -0.0426898
1231186 308688 m2 0.12205 0.104613 -0.56272 0.0596473 0
1231186 251052 m2 0.0426 -0.0208724 -0.392574 -0.00272353 0
1231186 692926 m2 0.02715 0.0756453 -0.331965 0.0505354 0
1231186 244543 m2 0.02605 0.0801105 -0.542496 0.0501015 0
1231186 474418 m2 0.0754 0.264109 -0.638329 0.134784 0
1231186 329245 m2 0.0425 -0.122221 -0.384606 0 -0.0881338
1231186 534769 m2 0.0353 -0.0149988 -0.631481 0 -0.0562178
1231186 736532 m2 0.0132 0.0225044 -0.290352 0 0.038478
1231186 773576 m2 0.01115 -0.142485 -0.362642 -0.0488907 0
1231186 691201 m2 0.0383 -0.0797291 -0.532094 -0.032672 0
1231186 728976 m2 0.0174 -0.111649 -0.619087 -0.0237397 0
1231186 275415 m2 0.03535 -0.041928 -0.410705 0 -0.0369463
1231186 614555 m2 0.0234 0.126125 -0.512499 -0.0100573 0
1231186 308939 m2 0.15105 -0.00949275 -0.697422 0 -0.037217
1231186 364123 m2 0.0218 0.0932705 -0.552218 0.032505 0
1231186 495717 m2 0.0558 -0.0606845 -0.551697 0 -0.0182654
1231186 266274 m2 0.0519 0.0745782 -0.658901 0.0170902 0
1231186 278013 m2 0.0282 -0.0254065 -0.624987 0 -0.000738809
1231186 364091 m2 0.02465 0.004515 -0.487228 0 -0.0089107
1231186 254320 m2 0.10405 0.00799693 -0.62628 0 -0.0635302
1231186 412198 m2 0.13235 -0.0389762 -0.659847 -0.00119302 0
1231186 255415 m2 0.03475 -0.0223063 -0.473781 0 -0.0127222
1231186 687545 m2 0.01035 0.104387 -0.56647 0.0165912 0
1231186 272096 m2 0.032 -0.0493937 -0.583912 -0.0368914 0
1231186 482275 m2 0.15285 -0.0358386 -0.797202 0 0.0141238
1231186 312755 m2 0.1885 0.0629291 -0.713025 0 -0.0387142
1231186 280216 m2 0.02695 -0.113997 -0.623626 0 -0.0262199
1231186 308048 m2 0.0712 0.0234482 -0.599014 0.0230331 0
1231186 296657 m2 0.0548 -0.190258 -0.626145 -0.108449 0
1231186 268758 m2 0.04735 0.206379 -0.676017 0.0168483 0
1231186 639432 m2 0.0126 -0.114543 -0.361432 0 0.0136539
1231186 587648 m2 0.0232 0.0833664 -0.678915 0.0178438 0
1231186 588467 m2 0.03615 -0.112572 -0.422456 -0.104692 0
1231186 376951 m2 0.01175 0.0977445 -0.384937 -0.000901607 0
1231186 707533 m2 0.019 -0.0058291 -0.546787 0 -0.00210263
1231186 668272 m2 0.01805 0.0708264 -0.555904 0.0206695 0
1231186 666164 m2 0.01125 -0.160899 -0.519988 0 -0.0553894
1231186 327533 m2 0.01175 0.0869208 -0.524068 -0.00346548 0
1231186 733479 m2 0.0191 0.146323 -0.328149 0.0451718 0
1231186 711646 m2 0.0127 -0.043052 -0.568854 0.0246508 0
1231186 658023 m2 0.02145 0.0668544 -0.563141 0.0364874 0
1231186 294714 m2 0.0835 0.00562418 -0.619969 -0.0203971 0
1231186 488046 m2 0.05645 -0.107127 -0.661005 0 0.000903627
1231186 376384 m2 0.01125 -0.0967402 -0.506632 -0.0141832 0
1231186 686172 m2 0.01405 0.107598 -0.573916 -0.0329103 0
1231186 316538 m2 0.1145 0.0586545 -0.738461 0.0677361 0
1231186 308631 m2 0.149 0.196565 -0.764237 0.0684023 0
1231186 733984 m2 0.0175 0.173569 -0.487002 0 0.000348987
1231186 743635 m2 0.01825 -0.0566385 -0.332391 0 0.0754986
1231186 342889 m2 0.0465 0.0372835 -0.567639 0.0405458 0
1231186 707794 m2 0.0133 -0.0876949 -0.618283 0 0.00186855
1231186 602186 m2 0.0237 0.0421034 -0.550456 0.00931375 0
1231186 514690 m2 0.0323 -0.105491 -0.662133 -0.0197344 0
1231186 467548 m2 0.02605 0.0313298 -0.5887 0 0.00292033
1231186 703114 m2 0.03625 0.0479422 -0.672013 0 0.046564
1231186 604879 m2 0.01745 -0.0380406 -0.312475 0 -0.0382058
1231186 606485 m2 0.05785 -0.0407324 -0.54206 -0.0298223 0
1231186 682307 m2 0.0121 -0.0853448 -0.377274 -0.053391 0
1231186 690650 m2 0.0592 0.02707 -0.525289 -0.0164353 0
1231186 779987 m2 0.0107 0.0722192 -0.529928 0.0541902 0
1231186 408053 m2 0.01865 -0.0119021 -0.553639 -0.0456433 0
1231186 373683 m2 0.1293 0.0860731 -0.736974 0.0101198 0
1231186 438472 m2 0.02695 -0.0681704 -0.287656 0 -0.0161918
1231186 514118 m2 0.05895 0.00738647 -0.618767 0 -0.0223236
1231186 677986 m2 0.016 -0.0404553 -0.475326 0 0.0198698
1231186 392809 m2 0.0575 -0.011895 -0.701577 0 -0.0195203
1231186 381135 m2 0.13495 -0.0328705 -0.681852 0 -0.0837732
1231186 545192 m2 0.0355 0.115758 -0.659975 0.0671233 0
1231186 412475 m2 0.12455 0.0935276 -0.523226 0.0621221 0
1231186 572570 m2 0.0304 0.0103215 -0.696845 0.0266637 0
1231186 508349 m2 0.0279 -0.0772138 -0.526471 0 -0.00338971
1231186 496756 m2 0.0359 0.0382954 -0.705319 0.0401663 0
1231186 590850 m2 0.02345 -0.136943 -0.561265 0 -0.0512857
1231186 396371 m2 0.0107 0.0633764 -0.600207 -0.0217944 0
1231186 753411 m2 0.01225 0.0508566 -0.411756 -0.0124666 0
1231186 497924 m2 0.0337 -0.125667 -0.387513 -0.115893 0
1231186 746091 m2 0.0146 0.119665 -0.580323 -0.00136973 0
1231186 713543 m2 0.0156 0.0511797 -0.547747 0 -0.0577085
1231186 492982 m2 0.05085 0.183029 -0.521675 0.0153356 0
1231186 771142 m2 0.016 0.110186 -0.503906 0.00569122 0
1231186 489178 m2 0.0242 0.273326 -0.57181 0.0675127 0
1231186 578600 m2 0.06695 -0.00632055 -0.566825 0 0.059354
1231186 686156 m2 0.0136 0.0772543 -0.515868 0 0.0379922
1231186 715718 m2 0.0155 0.0146154 -0.611499 0 -0.0358315
1231186 556192 m2 0.0134 0.076539 -0.495293 0.0667149 0
1231186 735918 m2 0.0145 -0.123727 -0.37192 0 0.0337129
1231186 494876 m2 0.01055 -0.00996232 -0.47144 0.0144537 0
1231186 458227 m2 0.02715 0.135685 -0.4575 0.0254307 0
1231186 492657 m2 0.0229 -0.0276262 -0.526241 -0.0425502 0
1231186 659174 m2 0.0334 -0.0427891 -0.517574 -0.0317367 0
1231186 687848 m2 0.01925 0.177226 -0.612329 0 -0.0438852
1231186 588737 m2 0.0175 -0.0103977 -0.401351 0 -0.0499837
1231186 645991 m2 0.0119 0.0225904 -0.600016 0 -0.0332591
1231186 756115 m2 0.01175 -0.0970338 -0.48283 -0.0281154 0
1231186 591110 m2 0.02705 0.0129485 -0.517221 0.0404523 0
1231186 639141 m2 0.02975 0.0344545 -0.407527 0.0244113 0
1231186 708542 m2 0.0133 0.0665649 -0.504728 0 -0.00641572
1231186 778138 m2 0.0149 -0.158477 -0.352803 -0.0477719 0
1231186 610101 m2 0.02665 0.0708241 -0.505232 0.0117971 0
1231186 649251 m2 0.0285 0.195854 -0.670697 0.100442 0
1231186 607331 m2 0.05215 -0.0247479 -0.416563 0 0.00632676
1231186 728952 m2 0.01105 0.00787952 -0.502947 0 0.0183498
1231186 649490 m2 0.02445 0.0842127 -0.528444 0.00955371 0
1231186 673251 m2 0.03125 0.0202771 -0.557397 -0.0345431 0
1231186 668312 m2 0.0106 -0.0413632 -0.420106 -0.00408205 0
1231186 637973 m2 0.0268 0.053846 -0.570469 0 0.0400188
1231186 690928 m2 0.0147 0.146856 -0.489964 0.0656156 0
1231186 640996 m2 0.0327 0.00616302 -0.471348 -0.00998532 0
1231186 668274 m2 0.0132 -0.019681 -0.595239 -0.00591698 0
1231186 767819 m2 0.0128 0.196856 -0.350388 0.0819838 0
1231186 742733 m2 0.02285 0.0358746 -0.547926 0 -0.0246496
1231186 679879 m2 0.0154 -0.092893 -0.631011 -0.00928238 0
1231186 689790 m2 0.02055 -0.0381813 -0.435794 -0.029166 0
1231186 723383 m2 0.0137 0.128906 -0.477207 0.0294059 0
1231186 726747 m2 0.01575 -0.067223 -0.563643 0 -0.0174247
