seed mutID muttype p cor_sal cor_temp mutSalEffect mutTempEffect
1231210 309356 m2 0.01785 -0.294933 0.266839 0.040468 0
1231210 450395 m2 0.04625 0.145542 0.399272 0 0.07844
1231210 76894 m2 0.072 0.240997 0.559133 0 0.0428892
1231210 274250 m2 0.0157 -0.0890745 0.412082 -0.0160811 0
1231210 253469 m2 0.0268 0.424114 0.413003 0.00667355 0
1231210 646105 m2 0.01315 0.327543 0.309461 0.0671495 0
1231210 136592 m2 0.076 -0.173278 0.247012 0 0.0148895
1231210 592446 m2 0.02195 0.383607 0.391019 0 0.105927
1231210 646371 m2 0.02005 -0.347085 0.239644 0.00838617 0
1231210 64888 m2 0.3095 0.0763724 0.810964 0 0.0553136
1231210 607179 m2 0.01695 0.187014 0.115676 0 -0.0410977
1231210 626511 m2 0.0255 -0.00497921 0.492916 0.0071944 0
1231210 71 m2 0.2249 0.0385215 -0.509505 0 -0.0407238
1231210 43232 m2 0.0323 0.290152 0.345467 0.0185076 0
1231210 51340 m2 0.0433 0.127663 0.0447332 0.0115796 0
1231210 637924 m2 0.02215 -0.00262278 0.490486 0 -0.0343648
1231210 3006 m2 0.09555 -0.0272708 0.72217 0 0.0238608
1231210 712726 m2 0.01085 0.276703 0.401629 0.00405307 0
1231210 555284 m2 0.06775 -0.146959 0.437898 -0.0176516 0
1231210 20858 m2 0.01635 0.161891 0.406159 0 0.0864875
1231210 726128 m2 0.0151 0.00794688 0.316287 0 0.00425343
1231210 83961 m2 0.01255 0.0277521 0.314632 0 -0.000361625
1231210 640055 m2 0.0447 -0.147947 0.415789 0 0.00826168
1231210 298116 m2 0.0928 0.152734 0.53018 0 0.0318296
1231210 735040 m2 0.0157 0.017685 0.451506 0 0.0706731
1231210 682009 m2 0.0178 -0.211683 0.350262 -0.000135682 0
1231210 331051 m2 0.0249 -0.214855 -0.199337 0 0.0395329
1231210 551467 m2 0.0381 -0.258746 0.312714 -0.0449415 0
1231210 294236 m2 0.02355 -0.211902 0.0957575 -0.0210116 0
1231210 677273 m2 0.024 0.0493097 0.402476 -0.017027 0
1231210 685023 m2 0.01945 0.431117 0.334091 0 -0.0537792
1231210 756807 m2 0.015 -0.21796 0.362662 -0.0480707 0
1231210 723160 m2 0.01115 -0.186967 0.349411 0 0.0210791
1231210 731519 m2 0.0136 -0.274386 0.284248 -0.0454409 0
1231210 469209 m2 0.0113 0.122072 0.331208 0.0248131 0
1231210 727430 m2 0.01205 0.283932 0.237713 0 -0.0250006
1231210 302787 m2 0.0288 -0.224908 0.390567 0 0.0775152
1231210 307745 m2 0.0269 -0.28175 0.0938336 0 0.0242778
1231210 198047 m2 0.0701 0.180737 0.596923 0 0.125034
1231210 562894 m2 0.02535 -0.326514 0.0356843 -0.0152601 0
1231210 704262 m2 0.0192 0.00351815 0.336729 0 -0.00712773
1231210 730129 m2 0.0152 -0.1842 0.3036 0 -0.0123153
1231210 246263 m2 0.0758 -0.460291 -0.0447808 -0.0907207 0
1231210 542072 m2 0.0414 -0.230221 0.357542 0 0.0342894
1231210 206430 m2 0.02515 -0.254669 0.229749 0 -0.0299394
1231210 141025 m2 0.13055 -0.293551 -0.0685112 0.0376002 0
1231210 577533 m2 0.039 -0.192057 0.431404 -0.0132231 0
1231210 478007 m2 0.02675 -0.169294 0.17729 -0.0588344 0
1231210 770132 m2 0.01515 0.257851 0.354075 0.042065 0
1231210 325809 m2 0.039 -0.33132 -0.236878 -0.0204211 0
1231210 4345 m2 0.0224 0.0920708 0.469029 0 -0.0076864
1231210 610491 m2 0.0412 -0.30218 0.299227 0 0.00552871
1231210 374320 m2 0.03825 0.294235 0.413596 0 0.0327506
1231210 691126 m2 0.01425 -0.00113045 0.436857 0.00458928 0
1231210 420806 m2 0.0298 0.248113 0.497292 0 0.0436345
1231210 257744 m2 0.0233 -0.0855068 0.136611 -0.00178833 0
1231210 359373 m2 0.0403 -0.185929 0.270372 -0.0400187 0
1231210 646650 m2 0.02705 -0.0889282 0.588228 0 0.0728069
1231210 290 m2 0.01545 -0.112826 0.172363 0 -0.00195241
1231210 550861 m2 0.0183 0.220023 0.386583 0 -0.0256765
1231210 114508 m2 0.09205 -0.108844 0.440117 0 0.0139846
1231210 454493 m2 0.02235 0.127933 0.319323 0 0.0691993
1231210 407786 m2 0.1086 0.294805 0.487463 0 0.0462428
1231210 490966 m2 0.01285 -0.315997 0.153989 0 -0.102079
1231210 329100 m2 0.03835 0.324936 0.33072 0.0465486 0
1231210 721248 m2 0.0236 0.150078 0.421317 0.00830871 0
1231210 573892 m2 0.01005 -0.0660066 0.0814647 0.0164067 0
1231210 103299 m2 0.15045 0.0947505 -0.566246 0 -0.0125648
1231210 656826 m2 0.01015 0.368613 0.310708 0 -0.00969543
1231210 534363 m2 0.0949 -0.101462 0.568921 0.00848136 0
1231210 774914 m2 0.01305 -2.59189e-06 0.354056 0.0474283 0
1231210 294779 m2 0.02905 0.265703 0.479761 0.0357556 0
1231210 534951 m2 0.0264 0.312321 0.257054 0.0627608 0
1231210 539578 m2 0.02785 0.218839 0.299465 0.00908194 0
1231210 61614 m2 0.01025 0.11339 -0.230458 0 -0.0214919
1231210 709455 m2 0.02505 0.33476 0.458065 -0.0415603 0
1231210 376794 m2 0.08225 -0.387143 0.107412 0 0.037428
1231210 656319 m2 0.02695 -0.215799 0.372571 0.00270079 0
1231210 90079 m2 0.0138 0.174989 0.126994 0 0.0122986
1231210 404961 m2 0.01905 -0.294939 0.229987 -0.00287618 0
1231210 691118 m2 0.01415 -0.290039 -0.181359 -0.00505068 0
1231210 209184 m2 0.02115 -0.280961 0.312225 -0.0584636 0
1231210 719050 m2 0.01435 0.175614 0.370759 -0.0285076 0
1231210 443235 m2 0.045 0.0102429 0.414986 0 0.0429777
1231210 553654 m2 0.0957 0.46182 0.175926 0.0255154 0
1231210 599326 m2 0.05655 -0.0174242 0.636396 -0.00110227 0
1231210 607422 m2 0.01115 0.0146234 0.2657 0 0.0407278
1231210 358535 m2 0.11695 -0.192726 0.67441 0 0.0462518
1231210 182472 m2 0.05155 -0.11118 0.23059 0.0426157 0
1231210 763597 m2 0.01045 0.100733 0.25921 -0.00500343 0
1231210 469478 m2 0.0474 -0.174688 0.353443 0 0.0237898
1231210 460385 m2 0.01435 -0.287379 0.0604499 0 0.0115239
1231210 132641 m2 0.0605 -0.305477 0.523441 0 0.0218615
1231210 464497 m2 0.04685 0.381608 0.485258 0.0205914 0
1231210 85605 m2 0.05315 -0.164494 0.474592 -0.0313059 0
1231210 618204 m2 0.0128 0.418951 0.300775 0.0212068 0
1231210 194148 m2 0.06275 -0.348631 -0.12521 0 0.0712076
1231210 26603 m2 0.024 -0.15629 -0.315636 -0.0518249 0
1231210 559380 m2 0.01055 0.0924978 0.124145 0 0.0136706
1231210 452242 m2 0.04525 0.342789 0.528948 0.0594616 0
1231210 463120 m2 0.02055 0.220814 0.216186 0 0.00941562
1231210 527264 m2 0.02865 0.316743 0.509455 0 0.0211854
1231210 82299 m2 0.14185 -0.383774 0.247426 -0.0417528 0
1231210 459830 m2 0.0251 0.313162 0.217022 0.0379866 0
1231210 167048 m2 0.01945 0.0101761 0.403384 -0.0214086 0
1231210 493989 m2 0.0111 0.324803 0.149099 0 -0.00175526
1231210 492043 m2 0.01225 -0.111062 0.076036 0 0.079853
1231210 661615 m2 0.01585 0.0707996 0.183363 0 0.0232092
1231210 605769 m2 0.01015 -0.0632484 0.327057 0.0389969 0
1231210 585487 m2 0.0462 0.338982 0.545224 0 0.0309155
1231210 382147 m2 0.05125 -0.293365 -0.236538 -0.0431102 0
1231210 574443 m2 0.0298 0.235032 0.382558 -0.0289859 0
1231210 470870 m2 0.0597 0.0781654 0.299639 0 0.00438138
1231210 394669 m2 0.014 -0.163533 0.365588 -0.0376482 0
1231210 202450 m2 0.0665 0.158695 0.568362 -0.00118739 0
1231210 749100 m2 0.02215 -0.21499 0.329091 0 -0.0550784
1231210 565970 m2 0.04745 -0.0285715 0.491324 0 0.0162041
1231210 702065 m2 0.02025 0.091901 0.433434 0.00358325 0
1231210 466742 m2 0.03155 -0.174235 0.317331 0.00725975 0
1231210 527258 m2 0.0262 0.349029 0.350255 0.0484195 0
1231210 487448 m2 0.03245 -0.131826 -0.332967 0.00718151 0
1231210 517493 m2 0.07305 0.133171 0.546006 -0.00276288 0
1231210 282541 m2 0.0249 -0.270593 0.14049 -0.0389456 0
1231210 759267 m2 0.0145 0.393837 0.188933 0.0454643 0
1231210 723410 m2 0.01145 -0.22106 0.254179 -0.00811802 0
1231210 27942 m2 0.03615 -0.248859 0.364694 -0.0214732 0
1231210 731493 m2 0.0153 -0.0465356 0.361796 -0.0493176 0
1231210 736424 m2 0.01075 -0.199664 0.241532 0 0.00575714
1231210 767073 m2 0.0133 0.407292 0.361999 0.0240817 0
1231210 280533 m2 0.0645 -0.421842 -0.226889 -0.0488346 0
1231210 601805 m2 0.0391 0.0748809 0.487459 0 0.00944453
1231210 709711 m2 0.01145 0.343931 0.351546 0 -0.0405711
1231210 50493 m2 0.02345 -0.164863 0.400246 0 0.04186
1231210 141777 m2 0.05525 -0.318677 0.19704 -0.0191545 0
1231210 416571 m2 0.02295 -0.11153 0.363954 -0.0253522 0
1231210 760101 m2 0.0121 -0.183781 0.27309 0 0.0264587
1231210 539830 m2 0.0338 0.0617115 0.0883568 0 -0.037869
1231210 405805 m2 0.0707 0.248124 0.461591 0 0.105578
1231210 455027 m2 0.0156 -0.202787 0.316623 0 -0.0725638
1231210 436847 m2 0.0165 -0.282909 0.361033 0 0.0605553
1231210 109011 m2 0.0441 -0.0390169 0.335547 0 0.0418234
1231210 711881 m2 0.01215 0.0806282 0.437418 0 0.0716842
1231210 222879 m2 0.087 0.0568105 0.622413 0 0.0577909
1231210 623238 m2 0.032 -0.195819 0.428682 0 0.070353
1231210 416018 m2 0.06715 -0.151415 0.417077 0 -0.0269434
1231210 37452 m2 0.07145 -0.370032 -0.142616 -0.0480421 0
1231210 61303 m2 0.04225 -0.100028 -0.0353757 0 -0.0390193
1231210 333845 m2 0.0381 -0.270695 0.158928 -0.0199461 0
1231210 108454 m2 0.0412 -0.09784 0.367768 0.0356524 0
1231210 109266 m2 0.02805 -0.187332 0.28949 -0.028833 0
1231210 707501 m2 0.01975 0.199296 0.288104 0 -0.0306863
1231210 542046 m2 0.0136 -0.204872 0.35843 0 -0.015886
1231210 244295 m2 0.0173 0.0698351 0.395443 0 0.00151789
1231210 249795 m2 0.07525 -0.360889 0.280891 -0.0377796 0
1231210 772176 m2 0.01025 -0.226992 0.27028 -0.0822225 0
1231210 488241 m2 0.0936 -0.203808 -0.264899 0 -0.0799022
1231210 450049 m2 0.03705 -0.183458 0.415237 0 -0.0134963
1231210 472456 m2 0.01795 -0.183619 0.216898 0 -0.0303681
1231210 350704 m2 0.02905 -0.241858 0.341238 0 0.00509128
1231210 688518 m2 0.0238 -0.318324 0.281712 -0.00544509 0
1231210 707235 m2 0.0209 -0.225084 0.318755 -0.0699451 0
1231210 275894 m2 0.01685 0.344592 0.166361 0.0213302 0
1231210 704214 m2 0.02445 0.305167 0.375635 0.0463641 0
1231210 530114 m2 0.0177 -0.278399 0.319213 0 0.0339697
1231210 290876 m2 0.0447 0.454871 0.364069 0 0.0287753
1231210 549424 m2 0.0107 -0.204651 -0.0388499 -0.0305428 0
1231210 297228 m2 0.06025 -0.154225 0.455917 0 0.00382262
1231210 677521 m2 0.028 0.408416 0.400629 0 -0.0221923
1231210 411264 m2 0.0404 -0.193016 0.451401 -0.0683275 0
1231210 302464 m2 0.0153 0.389335 0.250891 0.0274996 0
1231210 23013 m2 0.06525 -0.25414 0.312625 0 -0.0375481
1231210 644350 m2 0.03045 -0.169644 0.480708 -0.0476309 0
1231210 385448 m2 0.03845 0.21124 0.407794 0 0.0518827
1231210 67026 m2 0.0415 0.230523 0.0781405 0 -0.0349908
1231210 736408 m2 0.01725 0.180461 0.364447 0 0.135552
1231210 517747 m2 0.0295 0.226926 0.514663 0 0.00702518
1231210 590448 m2 0.02065 -0.302026 0.254334 0 -0.00509386
1231210 155927 m2 0.0947 -0.330753 0.195951 0 0.0345523
1231210 717057 m2 0.01495 0.174812 0.393553 0 0.00160984
1231210 599289 m2 0.0135 -0.175261 0.354181 -0.0199732 0
1231210 492534 m2 0.04315 0.301408 0.300003 0 -0.0101174
1231210 315593 m2 0.0521 -0.195369 0.446889 -0.00494854 0
1231210 375945 m2 0.0475 -0.335135 0.272435 -0.0587795 0
1231210 195787 m2 0.0932 -0.222632 0.541063 0 0.0328898
1231210 474139 m2 0.0595 -0.248804 -0.169522 0 -0.00721727
1231210 187659 m2 0.03995 0.0485573 0.249038 0 0.0482059
1231210 230431 m2 0.1206 0.179842 0.288503 0.0361098 0
1231210 296655 m2 0.07445 0.404082 0.340134 0 -0.00463815
1231210 685812 m2 0.0131 -0.264255 0.229147 -0.00954589 0
1231210 711863 m2 0.0274 -0.228283 0.359491 0 0.0454874
1231210 615717 m2 0.01005 -0.127239 0.0948553 0 0.0464409
1231210 281110 m2 0.14085 -0.0570979 0.63954 0 0.00477023
1231210 298331 m2 0.07965 -0.232352 0.318353 -0.0431648 0
1231210 739951 m2 0.018 0.25285 0.497543 0 0.0583662
1231210 435454 m2 0.01385 -0.286396 0.244573 0 0.0481123
1231210 739425 m2 0.01295 0.246364 0.348514 -0.0807824 0
1231210 2186 m2 0.27915 0.837867 -0.20092 0.0797468 0
1231210 28723 m2 0.14745 -0.0758852 0.732245 0 -0.00453816
1231210 204936 m2 0.06965 0.402097 0.326881 0.0039982 0
1231210 711019 m2 0.0163 -0.0602015 0.227318 0 -0.0559193
1231210 553615 m2 0.0843 0.425556 -0.145729 0.000219725 0
1231210 598711 m2 0.0407 -0.297446 0.332556 -0.0389751 0
1231210 234574 m2 0.0829 -0.30835 0.403683 0 0.0342146
1231210 191875 m2 0.0514 0.301609 0.566555 0 0.0993757
1231210 325746 m2 0.0284 0.24341 0.145213 0.0367246 0
1231210 384065 m2 0.01575 -0.253707 0.354352 -0.018323 0
1231210 533443 m2 0.01815 0.11398 0.276332 0.0361176 0
1231210 3121 m2 0.03305 0.469787 0.342966 0.11175 0
1231210 358231 m2 0.03915 0.338635 0.465401 0.0226914 0
1231210 533725 m2 0.01385 0.0640807 0.381705 0 0.0267039
1231210 392642 m2 0.05855 -0.0612317 0.319272 -0.0515101 0
1231210 800419 m2 0.01085 0.235298 0.251238 0 -0.00909996
1231210 438443 m2 0.0136 -0.243675 0.29751 -0.0393367 0
1231210 765165 m2 0.01615 0.227561 0.425489 0 0.028875
1231210 657643 m2 0.01225 0.201354 0.285846 0 0.0255152
1231210 168205 m2 0.0328 0.363302 0.298317 0.0427777 0
1231210 153722 m2 0.0913 -0.230563 -0.0227331 0.000684704 0
1231210 739131 m2 0.0226 0.245362 0.395351 0 0.0576836
1231210 464736 m2 0.044 0.111575 0.523819 0.0249334 0
1231210 358495 m2 0.02425 -0.114745 0.409252 0.0221164 0
1231210 12331 m2 0.0106 -0.108833 0.166991 -0.0417903 0
1231210 774052 m2 0.01165 0.0602362 0.349159 0.0321096 0
1231210 460072 m2 0.01225 -0.0209069 0.100675 0.000682954 0
1231210 25963 m2 0.041 -0.387953 0.0755262 -0.00732622 0
1231210 589574 m2 0.0228 0.13128 0.544976 0 -0.0117851
1231210 691078 m2 0.0277 0.30557 0.488901 0 -0.0223413
1231210 618157 m2 0.0103 0.289683 0.327168 0.0107256 0
1231210 646600 m2 0.0105 -0.263182 -0.0810662 0 -0.0154955
1231210 90293 m2 0.07595 -0.0777585 0.372089 0 0.0301039
1231210 46906 m2 0.02925 0.0589818 -0.0114201 -0.0168976 0
1231210 37658 m2 0.0264 0.112423 0.255561 0.0335565 0
1231210 279682 m2 0.02185 -0.0540136 0.530005 0 0.06448
1231210 608748 m2 0.0294 -0.181272 0.365666 0 0.0095618
1231210 678891 m2 0.01455 0.396619 0.0755949 0 -0.0666631
1231210 671675 m2 0.028 -0.0530993 0.430615 0.0728461 0
1231210 682212 m2 0.02075 0.38506 0.309019 -0.059209 0
1231210 192679 m2 0.06665 -0.316822 -0.370108 -0.049154 0
1231210 770072 m2 0.0105 0.00518611 0.24613 -0.0201105 0
1231210 279920 m2 0.09095 -0.442052 -0.120094 -0.0818888 0
1231210 218740 m2 0.04305 -0.151105 0.479758 0 0.0373497
1231210 690554 m2 0.01175 0.129159 0.351076 0.0806414 0
1231210 639965 m2 0.0185 0.275723 0.246878 0 0.041031
1231210 727097 m2 0.01025 0.36415 -0.100504 0 -0.0423588
1231210 699780 m2 0.01135 -0.178982 0.3569 -0.0410957 0
1231210 490118 m2 0.06645 0.216603 0.562424 0 0.00420002
1231210 495271 m2 0.0336 -0.0759599 0.390691 0 0.0225863
1231210 188178 m2 0.05255 -0.111558 0.511012 -0.0109443 0
1231210 25150 m2 0.02575 0.188125 0.0015053 0.034454 0
1231210 4955 m2 0.1887 -0.436767 -0.196526 -0.109561 0
1231210 570972 m2 0.0114 -0.050285 0.136451 0 0.0419235
1231210 722239 m2 0.0122 -0.213781 0.262954 0 0.042996
1231210 690548 m2 0.02605 0.465469 0.0524355 0 -0.000276181
1231210 745816 m2 0.0158 0.382978 0.333307 0 -0.00944803
1231210 566736 m2 0.01895 0.0684675 0.117337 0.000835292 0
1231210 6060 m2 0.09455 0.0781582 0.680087 0.0153632 0
1231210 107003 m2 0.0677 0.537128 0.243928 0.0530854 0
1231210 179980 m2 0.0288 0.322038 0.45118 0.00820284 0
1231210 233941 m2 0.0621 0.390337 0.538859 0 -0.000797133
1231210 585708 m2 0.0125 -0.00360085 0.450237 0 0.0428355
1231210 556876 m2 0.0218 -0.0720658 0.231035 0 0.0114928
1231210 9608 m2 0.0235 -0.0722477 -0.061758 0 0.0413058
1231210 55289 m2 0.03055 -0.176904 0.341985 -0.0165156 0
1231210 745035 m2 0.01365 0.212348 0.341031 0.0143113 0
1231210 726047 m2 0.0141 0.318649 0.453573 0.0225424 0
1231210 742062 m2 0.0158 -0.13278 0.356149 0.000733053 0
1231210 531191 m2 0.0102 0.16813 0.306844 0 -0.00283338
1231210 347137 m2 0.0177 -0.0931836 0.426775 -0.0332503 0
1231210 757013 m2 0.0191 -0.013065 0.383546 0 0.000913693
1231210 405750 m2 0.0177 -0.115189 0.35518 0 0.00550526
1231210 103484 m2 0.0319 -0.155961 0.382181 -0.0599681 0
1231210 618461 m2 0.0893 0.331955 0.436333 0 0.0597491
1231210 334888 m2 0.03525 0.198318 0.148809 0 0.0123893
1231210 691310 m2 0.02555 0.364838 0.024443 -0.0121451 0
1231210 385688 m2 0.015 0.180355 0.0264657 0 -0.0116197
1231210 576072 m2 0.03305 -0.36659 0.0801762 0 0.0257714
1231210 480036 m2 0.03235 -0.280599 0.332631 0 0.0744274
1231210 708828 m2 0.0101 -0.0724232 0.286786 0.0168061 0
1231210 230084 m2 0.03155 -0.187623 0.261659 0 0.00871274
1231210 487120 m2 0.0202 0.351097 0.211193 0 -0.0137057
1231210 654902 m2 0.0489 -0.0399734 0.352218 0 0.0180985
1231210 256003 m2 0.09115 -0.439577 -0.0856403 0 -0.0175728
1231210 307096 m2 0.08025 0.393494 0.226785 0 -0.00440462
1231210 316358 m2 0.0956 -0.281045 0.121321 0 0.00659346
1231210 445646 m2 0.014 -0.209664 0.146195 -0.0530385 0
1231210 691565 m2 0.02285 0.325962 0.410467 -0.00879195 0
1231210 681061 m2 0.0307 0.264037 -0.0579861 0.026814 0
1231210 638642 m2 0.01485 -0.0099919 0.104028 -0.0282185 0
1231210 334618 m2 0.05595 -0.103549 0.0568466 -0.00253605 0
1231210 73735 m2 0.02085 -0.0342274 0.200354 -0.0213166 0
1231210 573241 m2 0.0122 -0.0275749 0.343893 0 0.0200435
1231210 679171 m2 0.0221 -0.336173 0.322859 -0.0324108 0
1231210 465259 m2 0.0148 0.283142 0.451132 -0.0211445 0
1231210 6534 m2 0.1545 0.0591876 -0.725627 0 -0.0510717
1231210 426785 m2 0.0681 0.0312501 0.589859 0 0.0221307
1231210 243396 m2 0.0434 -0.297331 0.192509 -0.0465655 0
1231210 772644 m2 0.01185 -0.220651 0.231558 -0.0804575 0
1231210 688448 m2 0.022 0.0915498 0.411877 0 0.0432404
1231210 386504 m2 0.06775 0.0459312 0.280127 0 0.0494397
1231210 141151 m2 0.02745 -0.321393 0.478316 0 0.0232205
1231210 630557 m2 0.0389 0.387486 0.317276 0 0.0295604
1231210 350366 m2 0.0117 -0.217719 0.171307 0 0.0326593
1231210 173982 m2 0.0135 -0.217651 0.326998 0.0247478 0
1231210 683540 m2 0.0392 -0.330089 0.319122 -0.0387245 0
1231210 739624 m2 0.01235 -0.287356 0.023667 -0.0402066 0
1231210 771858 m2 0.0117 0.199134 0.202574 0 -0.0522483
1231210 8440 m2 0.3418 -0.681451 0.344633 -0.0611166 0
1231210 759196 m2 0.01445 0.146177 0.254524 0 0.0268651
1231210 464406 m2 0.0324 -0.144996 0.435507 0 -0.0314484
1231210 616498 m2 0.0237 0.268034 0.217079 0 -0.0480515
1231210 410142 m2 0.01075 0.0993141 0.0394976 0 0.0149986
1231210 520998 m2 0.02565 -0.273989 0.352736 0 -0.0444448
1231210 728397 m2 0.03155 0.103215 0.491336 -0.00742923 0
1231210 662553 m2 0.015 -0.150475 0.169284 -0.00529208 0
1231210 322917 m2 0.011 -0.147757 0.157996 -0.0600353 0
1231210 578534 m2 0.01725 -0.236712 0.0726432 -0.0200083 0
1231210 611267 m2 0.03805 0.371833 0.498827 0 0.0190743
1231210 733572 m2 0.0156 0.0221268 -0.0849392 0 0.0163384
1231210 690783 m2 0.01555 0.198792 0.172145 0 -0.015675
1231210 20677 m2 0.0151 -0.179884 0.387823 0 0.072988
1231210 84368 m2 0.096 0.308334 -0.510417 0 -0.0815877
1231210 597830 m2 0.04675 0.0355441 0.525928 0 0.0575984
1231210 752583 m2 0.01375 0.260269 0.343937 0.0089223 0
1231210 63391 m2 0.0658 0.0141032 0.433613 0 0.0526777
1231210 595879 m2 0.0346 -0.0471408 0.290528 0 0.0142665
1231210 640212 m2 0.02395 0.342064 0.405548 0 0.0681436
1231210 111632 m2 0.0196 0.127302 0.174539 0.0301191 0
1231210 666427 m2 0.01305 -0.13732 0.164731 0 -0.037432
1231210 628845 m2 0.02465 0.390927 0.436582 0.045798 0
1231210 696403 m2 0.0373 0.00822031 0.544055 0 0.0121807
1231210 267011 m2 0.04015 -0.221276 -0.173862 0 0.0138511
1231210 695579 m2 0.01605 -0.173593 0.362083 0 -0.0101331
1231210 374795 m2 0.0106 0.319246 0.28847 0.0162885 0
1231210 278821 m2 0.0102 0.307404 0.219272 0 -0.00034569
1231210 402614 m2 0.0404 -0.285911 0.34153 0 -0.0665298
1231210 41698 m2 0.134 0.499706 0.44265 0.0659336 0
1231210 66944 m2 0.0671 0.0491342 0.505034 0 -0.0162991
1231210 263686 m2 0.0105 0.0535844 0.378902 -0.0288289 0
1231210 607336 m2 0.0238 -0.0535104 0.380176 -0.0217798 0
1231210 115965 m2 0.03305 -0.291035 0.457923 0 0.039695
1231210 289323 m2 0.03415 0.0891864 0.283534 0 0.0235094
1231210 473191 m2 0.041 0.0034974 0.227488 0.00143598 0
1231210 650738 m2 0.02115 -0.233643 0.370268 -0.0372154 0
1231210 768109 m2 0.0101 0.17837 0.333295 0 0.0139506
1231210 448913 m2 0.01075 -0.21975 -0.0891628 0 0.0602929
1231210 688707 m2 0.01045 0.412203 0.265071 0.0302684 0
1231210 646822 m2 0.0175 -0.173481 0.332654 0 0.0161635
1231210 414850 m2 0.0289 0.356738 0.0456332 0 0.026561
1231210 233119 m2 0.0597 -0.371993 0.107886 -0.0290726 0
1231210 634272 m2 0.01205 -0.170987 0.349615 -0.00816823 0
1231210 130318 m2 0.09435 -0.17466 0.474404 0 0.0633739
1231210 284682 m2 0.0102 0.307404 0.219272 0 0.0341782
1231210 251092 m2 0.067 0.35365 -0.0870593 0 -0.031151
1231210 36470 m2 0.02755 -0.179522 0.381382 0 0.026263
1231210 299128 m2 0.05145 -0.0777796 0.455869 0 0.0503638
1231210 535685 m2 0.02215 0.431756 0.192836 0.0105774 0
1231210 628841 m2 0.0467 0.470543 0.279486 0.00967559 0
1231210 785604 m2 0.01485 -0.298867 0.347812 0 0.0098689
1231210 673230 m2 0.0226 0.245376 0.180206 0.0330708 0
1231210 667819 m2 0.0216 0.33582 0.0885812 0.00785094 0
1231210 772883 m2 0.01605 -0.238305 0.15454 0 0.0195633
1231210 323167 m2 0.02225 0.00349752 0.36353 0 -0.0388355
1231210 667532 m2 0.0221 0.383594 0.431627 0 0.045879
1231210 434274 m2 0.0111 -0.107864 0.317835 -0.0615221 0
1231210 54421 m2 0.0255 0.00683248 0.1649 0 -0.0460237
1231210 712873 m2 0.02825 0.4956 0.150208 0.0645211 0
1231210 787562 m2 0.01095 -0.231034 0.220352 0 0.0431228
1231210 738271 m2 0.01135 0.315314 0.205687 0.0127924 0
1231210 403781 m2 0.0107 0.315617 0.360984 -0.0125895 0
1231210 12760 m2 0.49395 -0.0384865 -0.885649 0 -0.0113739
1231210 451344 m2 0.0457 -0.0368204 -0.213393 0 -0.0209355
1231210 505886 m2 0.05045 0.186032 0.353124 0 0.0222647
1231210 447795 m2 0.03535 0.281101 0.359718 0 0.0751686
1231210 320777 m2 0.01545 -0.117761 0.339934 0 0.0433908
1231210 515820 m2 0.0681 0.214639 0.469289 0.00242889 0
1231210 720276 m2 0.01565 -0.145253 0.321352 -0.00642822 0
1231210 343138 m2 0.0106 -0.271285 0.249138 -0.00197559 0
1231210 410892 m2 0.01355 0.0324408 0.284405 0 0.0467414
1231210 403777 m2 0.0473 0.367993 0.0566808 0 0.0344123
1231210 328449 m2 0.01885 0.314149 0.505538 0 -0.0429083
1231210 729183 m2 0.01095 -0.232733 0.326116 0 0.0873685
1231210 596990 m2 0.0204 -0.162474 0.344478 0 -0.00161837
1231210 678592 m2 0.0126 -0.259362 0.243814 -0.049546 0
1231210 347111 m2 0.01105 -0.223748 0.302283 -0.0608526 0
1231210 459734 m2 0.0574 -0.35455 0.344486 0.00154628 0
1231210 668379 m2 0.0259 -0.148864 -0.0754836 0 0.0247084
1231210 171275 m2 0.12635 -0.103985 0.451602 -0.0392064 0
1231210 764587 m2 0.0137 0.3524 0.0715832 0.0875055 0
1231210 527450 m2 0.01635 0.330298 0.390249 0.043327 0
1231210 736028 m2 0.0114 -0.214162 0.216151 0.00519952 0
1231210 541683 m2 0.069 0.471193 0.0543006 0 0.0328793
1231210 512478 m2 0.02525 0.144035 0.465353 0.0545504 0
1231210 152827 m2 0.0455 0.186881 0.0667847 0 -0.00908495
1231210 235303 m2 0.1021 0.443327 0.53706 0.0627389 0
1231210 781748 m2 0.0129 0.2154 0.0526854 0 0.00229152
1231210 750942 m2 0.0157 0.295644 0.24126 0 -0.011888
1231210 628246 m2 0.01855 -0.0328448 0.380192 0.0436151 0
1231210 334281 m2 0.0309 -0.182449 0.328179 0 0.00909899
1231210 686556 m2 0.01465 0.209343 0.152129 0 -0.0150021
1231210 18891 m2 0.0295 -0.100679 0.429507 0 0.0584269
1231210 363202 m2 0.0698 -0.0223373 -0.46464 0 0.0454785
1231210 52788 m2 0.064 0.337184 0.496289 0.0694761 0
1231210 28033 m2 0.0663 0.0790961 0.0982729 0 0.0759804
1231210 310597 m2 0.084 0.221183 0.697461 0 0.027914
1231210 638880 m2 0.01045 0.128466 0.428695 0.011326 0
1231210 105563 m2 0.0234 0.351352 0.219241 0 0.0139839
1231210 780168 m2 0.018 0.169955 0.160754 0.0293073 0
1231210 310926 m2 0.0501 -0.421725 0.124989 0 0.109633
1231210 650412 m2 0.067 0.605308 -0.0353465 0 0.00509731
1231210 627718 m2 0.01035 -0.258177 -0.023548 0 -0.0593111
1231210 773431 m2 0.0196 0.280013 0.366661 -0.0505435 0
1231210 501456 m2 0.01045 -0.172716 0.411199 0 0.0440354
1231210 33583 m2 0.01225 -0.0317815 0.0668297 0 0.0285345
1231210 361723 m2 0.05485 0.0484788 0.533856 0 0.0505794
1231210 33841 m2 0.02835 0.0786826 0.342962 -0.0249895 0
1231210 617558 m2 0.0113 -0.331103 0.0974505 0 0.0851214
1231210 259012 m2 0.04955 0.531293 0.157629 0.0922769 0
1231210 727299 m2 0.01165 0.166245 0.244771 0 -0.0375466
1231210 437308 m2 0.0322 -0.0916868 0.392344 0 0.0357367
1231210 761783 m2 0.01065 0.162429 0.195389 0 0.0344177
1231210 591761 m2 0.03635 -0.24251 0.394287 0 0.0331678
1231210 631585 m2 0.0496 -0.0587143 -0.119008 0 -0.0402938
1231210 572590 m2 0.0294 0.00138694 0.377296 0 -0.0233897
1231210 734117 m2 0.01165 -0.0209336 0.170423 0 -0.0715395
1231210 206532 m2 0.06955 0.102902 0.646262 0 0.117207
1231210 137856 m2 0.03945 -0.0914333 0.327196 0 0.0375916
1231210 212567 m2 0.072 -0.34499 0.238664 0 0.0149413
1231210 650155 m2 0.08945 0.510125 0.481308 0.0170351 0
1231210 433449 m2 0.0271 -0.169931 -0.383038 -0.0187001 0
1231210 270236 m2 0.0185 0.00303491 0.244987 -0.0290973 0
1231210 466636 m2 0.02655 -0.346338 0.166717 -0.0291254 0
1231210 709339 m2 0.01665 -0.327641 0.271384 -0.031945 0
1231210 771559 m2 0.0111 0.175296 -0.0797978 0 -0.126558
1231210 117039 m2 0.07 -0.311519 0.381788 -0.0574588 0
1231210 126197 m2 0.0495 -0.141011 0.582265 0 0.0349856
1231210 715013 m2 0.01595 -0.168609 0.308422 0 0.0284551
1231210 279624 m2 0.0348 -0.281251 0.0214323 -0.00736593 0
1231210 578239 m2 0.01675 -0.0179311 0.193423 0 0.0459043
1231210 332003 m2 0.05135 -0.124186 0.558993 0 0.08932
1231210 622558 m2 0.02845 0.309928 -0.409337 0.043234 0
1231210 318746 m2 0.0287 0.145811 0.491061 -0.00480345 0
1231210 599783 m2 0.03785 -0.0142594 0.280292 -0.0250419 0
1231210 262205 m2 0.0222 0.357148 0.142278 0 0.0128211
1231210 528343 m2 0.0529 -0.265532 0.340021 0 0.041945
1231210 27483 m2 0.20675 0.158852 0.249381 0 0.00993742
1231210 141664 m2 0.17385 0.415017 0.567311 0.0241163 0
1231210 458056 m2 0.0381 -0.247028 0.355606 0.00237608 0
1231210 210406 m2 0.0297 0.390863 0.0390045 0.0465912 0
1231210 724372 m2 0.01605 0.398156 0.0232029 0 0.0498076
1231210 348722 m2 0.09775 -0.037485 0.197889 -0.00885313 0
1231210 23386 m2 0.26175 -0.17434 -0.18845 0 -0.0873404
1231210 509501 m2 0.0104 0.130281 0.223788 0 0.0398698
1231210 783106 m2 0.0109 -0.271242 0.273868 0 0.0120901
1231210 523856 m2 0.0295 0.318417 0.288635 -0.00264778 0
1231210 560881 m2 0.0173 0.305611 0.275613 0 -0.0341363
1231210 180172 m2 0.02345 0.0554501 -0.12758 0.0254388 0
1231210 432560 m2 0.0386 0.235501 0.476047 0 0.0214012
1231210 567237 m2 0.01825 0.0605166 -0.54639 0 -0.0269436
1231210 361707 m2 0.0802 -0.00503005 -0.459633 0 -0.0197116
1231210 401774 m2 0.0836 0.102838 0.465543 0 0.051155
1231210 462416 m2 0.10775 0.198766 -0.595975 0 -0.00690466
1231210 457479 m2 0.0681 -0.134459 0.463768 0 0.0585829
1231210 44890 m2 0.0397 0.0116553 0.477603 0 -0.000403305
1231210 792614 m2 0.0186 0.316338 0.135379 0.0680239 0
1231210 39404 m2 0.1346 -0.193958 0.360224 0 -0.00542942
1231210 277986 m2 0.01455 -0.246926 0.348232 0.0361533 0
1231210 469347 m2 0.0179 0.075211 0.282291 -0.00944299 0
1231210 294648 m2 0.04105 -0.0153187 0.243597 0 0.0833559
1231210 776814 m2 0.0118 0.043673 0.216682 0 -0.0341708
1231210 756664 m2 0.0204 -0.244834 0.21046 0 0.00419795
1231210 285157 m2 0.10835 0.320528 0.573461 0 0.0751493
1231210 421463 m2 0.04095 -0.079446 0.495406 0 0.0707022
1231210 724880 m2 0.01225 -0.321657 0.211429 0 -0.00397323
1231210 617534 m2 0.01325 -0.171389 0.0298932 -0.0336675 0
1231210 326757 m2 0.05455 0.217851 0.244095 0 0.00182486
1231210 246377 m2 0.12265 -0.0813632 0.634178 0 0.0823076
1231210 191488 m2 0.0613 0.239734 0.406995 -0.0141397 0
1231210 706021 m2 0.0443 0.104888 0.129062 0 -0.0254828
1231210 501986 m2 0.05585 -0.40562 -0.013784 0 0.048164
1231210 527144 m2 0.0141 -0.228446 -0.226869 0 -0.0844792
1231210 230324 m2 0.0135 -0.119487 0.274078 -0.0392375 0
1231210 617779 m2 0.01155 -0.248519 0.281389 0.037922 0
1231210 257861 m2 0.0358 -0.0690919 0.518351 0 0.00537576
1231210 380433 m2 0.0619 0.251219 0.58275 0 0.0190085
1231210 620350 m2 0.03675 0.415428 0.24703 0.0706227 0
1231210 600059 m2 0.01085 -0.211428 0.0207053 -0.0423005 0
1231210 417276 m2 0.02085 -0.260438 0.356411 0 0.0210885
1231210 769969 m2 0.0164 -0.226576 0.311622 0 0.00553387
1231210 451567 m2 0.0182 0.119202 0.336124 0 0.0791282
1231210 605078 m2 0.02025 -0.322319 0.275153 0.00858094 0
1231210 481881 m2 0.01945 0.264287 0.396989 0.0223432 0
1231210 57871 m2 0.02705 -0.264369 0.41857 0 -0.0311924
1231210 756940 m2 0.01475 -0.186667 0.13668 0 0.00998396
1231210 80138 m2 0.0902 -0.0890166 -0.0387715 0 -0.0224922
1231210 727800 m2 0.0205 0.0594545 0.342077 -0.0109865 0
1231210 184474 m2 0.02295 -0.16495 0.298574 0.0307952 0
1231210 693405 m2 0.013 0.0924525 -0.0865704 0 0.0271855
1231210 622273 m2 0.04375 -0.2279 0.327343 -0.00816921 0
1231210 164699 m2 0.06515 0.246474 0.645964 -0.00570525 0
1231210 194283 m2 0.02185 0.00237871 0.369513 -0.0661589 0
1231210 784731 m2 0.0118 0.129149 0.334323 0.0212487 0
1231210 726479 m2 0.01945 -0.039057 0.323491 0 -0.0422881
1231210 466605 m2 0.03245 -0.295444 0.263061 0 0.0634152
1231210 655914 m2 0.01175 0.0347141 0.360246 0.00953374 0
1231210 52746 m2 0.0767 -0.240643 0.303471 0 -0.0209215
1231210 643440 m2 0.01425 0.3986 0.301895 0.0374229 0
1231210 561115 m2 0.06955 0.398723 0.256368 0.0126168 0
1231210 307564 m2 0.01185 -0.175341 0.379519 0.0207136 0
1231210 268592 m2 0.0175 -0.126931 0.154736 0.00265069 0
1231210 294060 m2 0.05495 -0.113428 -0.388976 -0.017261 0
1231210 665023 m2 0.01635 0.174117 0.228879 0 0.00126578
1231210 649545 m2 0.01435 -0.313138 0.162944 0 0.0572613
1231210 373621 m2 0.015 0.395168 0.258759 0 0.0211216
1231210 270775 m2 0.21715 0.380969 0.604494 0.00376763 0
1231210 625786 m2 0.0148 -0.1979 0.307205 0 0.0516521
1231210 632076 m2 0.0253 -0.0343861 0.328907 0 -0.0168597
1231210 63827 m2 0.27105 0.402987 -0.417314 0.0352325 0
1231210 57330 m2 0.032 -0.239248 0.390755 -0.034834 0
1231210 500823 m2 0.0253 -0.0423233 0.404071 0 -0.014895
1231210 752518 m2 0.01105 0.119545 0.205863 0 -0.0368219
1231210 715562 m2 0.05005 -0.354337 0.339051 -0.0746968 0
1231210 554296 m2 0.0122 -0.193836 0.182336 0 0.0552257
1231210 737940 m2 0.01095 -0.176969 0.0384258 0 0.0271084
1231210 701101 m2 0.0112 0.192625 0.00687794 0 0.0721561
1231210 189517 m2 0.077 -0.154785 0.300528 -0.00917497 0
1231210 779015 m2 0.0107 -0.0514319 0.333171 -0.0472942 0
1231210 68943 m2 0.2186 0.273324 -0.117814 0.0384059 0
1231210 291323 m2 0.1361 -0.00255128 0.740244 0 0.00934544
1231210 638007 m2 0.0212 -0.365548 -0.148572 0.00461475 0
1231210 319853 m2 0.05335 0.0950579 0.520258 0 -0.0581645
1231210 115626 m2 0.0976 -0.21225 -0.236273 -0.00937928 0
1231210 232228 m2 0.2161 0.0567095 0.649906 0 0.0870549
1231210 595254 m2 0.0221 -0.0163035 0.386205 0 -0.00560815
1231210 500816 m2 0.01475 -0.290142 0.317826 -0.0409821 0
1231210 98908 m2 0.062 0.0127778 0.483025 0 0.0447969
1231210 701677 m2 0.0277 0.260722 0.258458 -0.0179594 0
1231210 654241 m2 0.04175 -0.248793 -0.345791 0 -0.00229205
1231210 465764 m2 0.02675 -0.0382528 0.307738 0 0.00936179
1231210 65730 m2 0.02115 0.355265 0.321827 0.039009 0
1231210 500058 m2 0.06205 -0.247504 0.0752128 -0.0167449 0
1231210 431428 m2 0.02925 0.0858672 0.560372 0.0106001 0
1231210 448037 m2 0.01795 0.294634 0.232966 0 -0.0333878
1231210 80682 m2 0.0573 -0.170514 0.0996511 -0.0104499 0
1231210 736266 m2 0.03505 0.341724 0.420452 -0.00594394 0
1231210 595799 m2 0.01055 -0.246676 0.204769 0 0.00437702
1231210 719952 m2 0.01735 0.323448 0.0898708 -0.0556602 0
1231210 637992 m2 0.01675 0.350374 0.266978 0.0141913 0
1231210 123145 m2 0.02445 -0.168691 0.394951 0 0.0562427
1231210 794490 m2 0.01375 -0.297237 0.0716227 -0.0560352 0
1231210 71394 m2 0.18345 0.345338 0.586936 0.00724383 0
1231210 459134 m2 0.1458 0.391842 -0.683894 0.0346307 0
1231210 526047 m2 0.0133 -0.34432 -0.123291 -0.0468803 0
1231210 488093 m2 0.06305 -0.276835 -0.0750487 -0.0380167 0
1231210 142110 m2 0.02035 -0.0890857 0.394988 0 -0.0215802
1231210 572023 m2 0.02315 -0.019894 0.427095 0 0.0426198
1231210 185583 m2 0.21325 -0.366004 0.128394 -0.0561748 0
1231210 85380 m2 0.23915 -0.679379 -0.356845 -0.0383498 0
1231210 199493 m2 0.02225 0.0738026 0.433839 0 0.0322356
1231210 764274 m2 0.0176 -0.394272 0.112743 0.00468711 0
1231210 752506 m2 0.019 -0.34708 0.172753 0 0.0458315
1231210 764796 m2 0.01215 -0.283696 0.138621 0 -0.0156924
1231210 148658 m2 0.253 -0.685167 -0.338591 -0.0249517 0
1231210 112083 m2 0.02205 0.189715 0.361546 0 0.0443928
1231210 435322 m2 0.0535 0.42354 0.474562 0.0417349 0
1231210 652059 m2 0.0174 0.0863061 0.214053 0 -0.0477279
1231210 650663 m2 0.01735 -0.283388 0.284194 0 -0.0270182
1231210 503291 m2 0.1452 -0.124356 -0.286585 0 -0.0166604
1231210 258954 m2 0.1033 0.570608 0.188273 0.0508546 0
1231210 743030 m2 0.02665 0.0508263 0.278314 0 0.0112013
1231210 385580 m2 0.1255 -0.254714 -0.37948 0 -0.00809175
1231210 720809 m2 0.0113 -0.158333 0.295589 0 -0.0156881
1231210 280037 m2 0.07345 -0.105709 -0.51463 0 -0.0360273
1231210 224677 m2 0.08975 -0.168628 0.507469 -0.0280124 0
1231210 147810 m2 0.0724 -0.057463 0.426711 0 -0.0361226
1231210 282380 m2 0.0581 0.301636 0.228758 0 0.00820771
1231210 567190 m2 0.011 0.154639 -0.0905938 0 0.089532
1231210 577886 m2 0.03295 0.242222 -0.0678451 0.0326157 0
1231210 310542 m2 0.05395 -0.250676 0.165676 0.0186266 0
1231210 646470 m2 0.01835 -0.228688 0.342797 0 0.11535
1231210 196688 m2 0.01515 -0.0989808 -0.243234 0 -0.0221768
1231210 345076 m2 0.0261 -0.0511407 0.165152 0 -0.0192179
1231210 746716 m2 0.01885 -0.335052 0.0436988 -0.0571438 0
1231210 448269 m2 0.0386 0.174291 0.51815 0.0122288 0
1231210 90682 m2 0.2035 -0.0414833 0.44954 0.0224232 0
1231210 501657 m2 0.0219 -0.349179 -0.0072047 0.00470199 0
1231210 142368 m2 0.06 0.506104 0.38938 0.048915 0
1231210 586682 m2 0.0113 -0.32951 0.0619893 0 0.0488233
1231210 90680 m2 0.0667 0.481821 -0.169991 0.0202129 0
1231210 674814 m2 0.01265 -0.0781771 -0.423187 0 -0.0232035
1231210 674556 m2 0.0272 -0.196727 -0.42872 -0.00164301 0
1231210 137196 m2 0.09975 0.322101 0.465867 0 0.0227723
1231210 596368 m2 0.0102 -0.171902 -0.372702 -0.0425983 0
1231210 728851 m2 0.01685 -0.269211 0.292065 -0.00649121 0
1231210 354483 m2 0.0147 0.32957 0.369648 0.0256751 0
1231210 722108 m2 0.0159 -0.12648 -0.329533 0 -0.0129224
1231210 162945 m2 0.04845 -0.0339676 0.499017 0 -0.019879
1231210 668609 m2 0.0126 -0.0783337 0.284052 0.0288556 0
1231210 730780 m2 0.02175 0.194787 0.0742476 0 -0.0162191
1231210 272911 m2 0.01285 0.222494 0.278885 0.00476705 0
1231210 744634 m2 0.02495 -0.254915 -0.233798 0 -0.0573179
1231210 173814 m2 0.08235 0.0442644 0.627436 0.0142235 0
1231210 226070 m2 0.0123 0.188438 0.00963165 -0.0492511 0
1231210 565496 m2 0.01405 -0.0525065 0.0293022 -0.0299836 0
1231210 339172 m2 0.0458 -0.153812 0.411167 0 -0.0175444
1231210 783323 m2 0.01595 0.197021 0.182674 0 0.0362539
1231210 746976 m2 0.0205 -0.0491608 0.152806 -0.0113102 0
1231210 409509 m2 0.03485 -0.238631 -0.346627 -0.0260487 0
1231210 142362 m2 0.0654 -0.26599 0.285772 -0.0649265 0
1231210 161610 m2 0.01305 0.23363 0.479472 0.0289313 0
1231210 557275 m2 0.0245 0.351372 0.0897871 0.0443799 0
1231210 233024 m2 0.0637 0.010945 0.56169 0.00491946 0
1231210 601629 m2 0.0181 0.200959 -0.00216347 0 0.0367592
1231210 660576 m2 0.03625 0.481376 0.0132275 0 0.0151078
1231210 501119 m2 0.03375 -0.0606964 0.449084 0 0.0702968
1231210 731591 m2 0.0101 0.334795 0.370384 0.0864092 0
1231210 103878 m2 0.12395 0.444123 -0.451862 0.0311714 0
1231210 666041 m2 0.0106 -0.120619 0.336299 0 0.0211501
1231210 679061 m2 0.0463 0.00573213 0.0568612 -0.0134473 0
1231210 274875 m2 0.01885 -0.0411534 0.311774 0 -0.00846244
1231210 138894 m2 0.1011 -0.415751 -0.213028 -0.0191296 0
1231210 489401 m2 0.02555 -0.11964 0.429698 0.0159479 0
1231210 539665 m2 0.03155 0.304005 -0.258699 0 0.0432799
1231210 614756 m2 0.01605 0.315236 0.293644 0.0248607 0
1231210 613065 m2 0.0429 0.279673 0.0235863 0 0.0338652
1231210 141593 m2 0.02705 -0.264369 0.41857 0 0.0129233
1231210 381707 m2 0.0631 -0.183231 -0.253348 0 0.011376
1231210 283512 m2 0.03225 -0.199319 0.409054 -0.0481883 0
1231210 584757 m2 0.02965 -0.254392 0.0840573 0 0.0551081
1231210 640907 m2 0.0333 -0.285062 -0.0159415 0 -0.0551593
1231210 605031 m2 0.02265 -0.0674692 0.3007 -0.0193271 0
1231210 607510 m2 0.0643 0.503886 -0.273368 0 -0.0625657
1231210 137179 m2 0.02485 -0.0953367 0.438881 0 0.0326576
1231210 769369 m2 0.0189 0.339734 0.348895 0 0.119509
1231210 558610 m2 0.02015 0.331574 0.317196 0.00213972 0
1231210 425027 m2 0.01005 -0.0344228 0.293515 0 0.0226063
1231210 668306 m2 0.04325 -0.180272 0.398636 0 0.0481937
1231210 595215 m2 0.0117 0.271786 -0.0183702 0 0.00466894
1231210 708715 m2 0.011 0.0891104 -0.340756 0 0.0289096
1231210 661691 m2 0.02835 0.0408642 0.172883 0.0118982 0
1231210 740594 m2 0.0135 -0.207372 0.194741 0 -0.0112363
1231210 722959 m2 0.011 -0.0432936 -0.244779 0.00370432 0
1231210 328094 m2 0.0546 0.027127 0.0867988 0.00623909 0
1231210 314317 m2 0.0885 -0.423635 -0.102704 -0.0637855 0
1231210 429736 m2 0.15585 -0.24013 0.135276 0.0144538 0
1231210 562174 m2 0.0202 0.0472623 0.24408 0 -0.0665826
1231210 156324 m2 0.1109 0.0298596 -0.466332 0 -0.0305595
1231210 575964 m2 0.01695 -0.284352 0.136439 0.0223498 0
1231210 341844 m2 0.1746 0.380127 -0.0185516 0 -0.0260116
1231210 215003 m2 0.0476 0.356012 -0.267152 0.01438 0
1231210 657513 m2 0.02945 0.302394 0.127116 0.0408428 0
1231210 216110 m2 0.03665 -0.297462 0.451113 0 0.0178073
1231210 703231 m2 0.01945 -0.251767 0.322616 0 0.0314064
1231210 158800 m2 0.15135 -0.00834781 0.758288 0 0.0412091
1231210 547616 m2 0.0975 -0.234518 -0.395723 -0.00292175 0
1231210 397188 m2 0.05275 -0.189067 0.411536 0 0.0383475
1231210 459867 m2 0.06215 -0.490023 -0.284155 -0.0177948 0
1231210 438041 m2 0.10805 0.225555 -0.744703 0 -0.029589
1231210 231631 m2 0.22425 0.419785 -0.445231 0.0249008 0
1231210 690162 m2 0.03685 0.0845014 0.00439698 0 0.00142546
1231210 225768 m2 0.07585 -0.0486207 0.282912 0.0149397 0
1231210 730198 m2 0.0127 -0.199056 0.282621 -0.0550098 0
1231210 438575 m2 0.0584 0.305657 -0.335351 0.0229939 0
1231210 435580 m2 0.08575 0.110218 -0.117708 0 0.0316559
1231210 634984 m2 0.0561 -0.149707 0.194013 -0.0231665 0
1231210 258917 m2 0.17125 -0.369716 -0.30078 -0.0861482 0
1231210 285633 m2 0.1574 -0.149 -0.0461888 0.0423441 0
1231210 485616 m2 0.03525 -0.398748 0.242277 0 0.0414558
1231210 630971 m2 0.01945 -0.309253 0.229942 0 -0.0221777
1231210 555638 m2 0.0393 -0.0627129 0.535584 0 0.0306999
1231210 773333 m2 0.01975 -0.221734 0.153283 0.0264808 0
1231210 403671 m2 0.057 -0.257166 0.293931 0 0.0706721
1231210 608900 m2 0.02525 -0.30267 0.172432 -0.0483181 0
1231210 627380 m2 0.01705 -0.245571 -0.124626 0 0.051495
1231210 729610 m2 0.02215 0.223191 -0.404615 0 -0.0707179
1231210 687816 m2 0.01255 0.0618384 -0.351954 0 0.101094
1231210 272067 m2 0.0622 -0.208529 0.0187834 0 -0.0450431
1231210 234913 m2 0.04635 -0.0284094 0.330068 0 0.00612442
1231210 191151 m2 0.0297 -0.362131 -0.118008 -0.0519298 0
1231210 647484 m2 0.0256 0.0781969 -0.175219 0.00379495 0
1231210 254045 m2 0.0432 -0.0404216 -0.305113 0 -0.0207775
1231210 293768 m2 0.06305 -0.195631 0.48258 -0.0105298 0
1231210 193092 m2 0.02145 0.0601582 0.405737 0.0139501 0
1231210 768253 m2 0.01365 0.236197 -0.0106696 -0.0145789 0
1231210 634683 m2 0.01465 -0.0466988 -0.234829 0 0.000482333
1231210 455648 m2 0.04 -0.109142 -0.231187 0 0.0244757
1231210 718595 m2 0.0121 0.236436 0.312587 -0.00522794 0
1231210 198891 m2 0.02155 -0.309976 0.123666 0 0.00871469
1231210 760480 m2 0.01345 -0.276854 0.0423161 0.0238191 0
1231210 460724 m2 0.0215 0.22447 0.109661 0 -0.0417813
1231210 458247 m2 0.0536 0.237869 -0.430321 0.0251187 0
1231210 517047 m2 0.01225 0.178397 -0.179619 0 -0.0318636
1231210 229088 m2 0.01605 0.206988 0.404654 0.0315327 0
1231210 486436 m2 0.0109 -0.249486 0.207649 0 -0.0567097
1231210 266618 m2 0.0291 0.00938641 0.157607 -0.0191485 0
1231210 739774 m2 0.01325 0.377541 -0.114239 0.00223332 0
1231210 604739 m2 0.0468 -0.338174 0.360219 -0.0257878 0
1231210 745924 m2 0.01525 -0.18872 0.138329 -0.0185794 0
1231210 650893 m2 0.0208 0.361438 0.408886 0.0273232 0
1231210 689636 m2 0.03955 0.434446 -0.097078 0 0.0142135
1231210 478840 m2 0.0185 0.244139 0.0717663 0 -0.0339742
1231210 698265 m2 0.0353 -0.256349 -0.0133956 0 0.0718909
1231210 680683 m2 0.0133 0.199096 0.0735029 0.005566 0
1231210 387449 m2 0.0296 -0.184955 0.406232 0 0.0468011
1231210 793883 m2 0.0116 -0.270634 -0.239341 0 0.0243451
1231210 290988 m2 0.0325 -0.335835 0.00281153 0.00183969 0
1231210 408914 m2 0.0702 0.539957 -0.496959 0.105751 0
1231210 533281 m2 0.01345 -0.18947 -0.0270758 -0.0435508 0
1231210 287523 m2 0.0577 0.074503 -0.0148409 0 0.00590981
1231210 732912 m2 0.0114 -0.195559 0.244133 0 0.0503459
1231210 335023 m2 0.02475 -0.16376 0.0155153 0 -0.00057873
1231210 583316 m2 0.0477 -0.110343 -0.414027 0.0113331 0
1231210 604428 m2 0.05475 -0.336629 -0.0283455 0 -0.0673588
1231210 540478 m2 0.01535 -0.182576 0.00792763 0 0.0414594
1231210 659750 m2 0.0111 0.180768 0.365686 0.0471039 0
1231210 425521 m2 0.0321 -0.315771 -0.0402366 0 0.028045
1231210 250386 m2 0.0785 0.368341 0.396907 0 0.0130841
1231210 472784 m2 0.07145 -0.189344 0.521163 0 -0.0073344
1231210 364678 m2 0.0305 -0.125159 -0.256345 0.0111101 0
1231210 682900 m2 0.01415 -0.122539 0.247555 0 -0.0155117
1231210 439349 m2 0.0378 0.302446 0.450649 -0.00767203 0
1231210 616372 m2 0.0246 0.437661 0.425392 0 -0.0210511
1231210 655824 m2 0.033 -0.319211 0.251325 -0.0213441 0
1231210 731825 m2 0.01485 0.0189283 -0.286133 -0.00992388 0
1231210 392418 m2 0.1465 -0.337048 -0.126164 0 -0.0291715
1231210 269627 m2 0.0372 -0.17667 -0.138266 0.0137908 0
1231210 431370 m2 0.14845 0.206333 -0.395533 0 0.0338162
1231210 440217 m2 0.01285 0.198019 -0.370235 0.0430105 0
1231210 354956 m2 0.23655 0.109698 0.0722847 0.0462007 0
1231210 377358 m2 0.04655 -0.0902554 -0.272908 0 0.0576382
1231210 719907 m2 0.02535 0.188688 0.230992 -0.0449036 0
1231210 319445 m2 0.06765 0.127946 0.635587 0.0281571 0
1231210 275394 m2 0.0952 0.18023 0.607213 0 0.0688263
1231210 348122 m2 0.02275 -0.0311233 0.484123 0 0.0233434
1231210 452867 m2 0.06175 -0.328343 0.338881 -0.0540295 0
1231210 428315 m2 0.01835 0.162614 0.388716 0.00140134 0
1231210 484203 m2 0.0874 0.0731274 -0.609957 0 -0.0768497
1231210 330830 m2 0.1099 -0.195289 -0.301526 0 -0.0590469
1231210 357447 m2 0.1558 0.192478 -0.0639966 0.0323085 0
1231210 536701 m2 0.0236 -0.14036 -0.425011 0 -0.0606798
1231210 497504 m2 0.07985 -0.350727 0.0293115 -0.0478582 0
1231210 380342 m2 0.0402 -0.393755 -0.0186036 -0.105181 0
1231210 657145 m2 0.02575 -0.103651 -0.062998 0 0.0183116
1231210 342446 m2 0.0141 -0.0888276 0.386484 0 0.00849397
1231210 568000 m2 0.0174 0.254161 0.459013 0 0.0387103
1231210 730182 m2 0.0293 0.469684 -0.18672 0 0.0276532
1231210 369615 m2 0.0659 -0.0756895 0.415999 0.015745 0
1231210 596313 m2 0.01435 -0.316281 -0.10708 0.0123349 0
1231210 559975 m2 0.0276 0.123849 0.132886 0 -0.0686438
1231210 426614 m2 0.12655 0.117289 0.379202 0 0.0248993
1231210 378714 m2 0.0443 -0.0992711 -0.10442 0 -0.0583044
1231210 289456 m2 0.20745 0.308542 -0.52438 0 -0.0398497
1231210 363601 m2 0.03505 -0.16291 0.257903 0 0.0864347
1231210 469247 m2 0.0156 0.388987 0.314929 0 0.000409928
1231210 484501 m2 0.0291 0.107396 0.238065 -0.00787692 0
1231210 752154 m2 0.0103 0.3381 0.219227 0.127395 0
1231210 331328 m2 0.01245 0.034237 0.32867 0.0544635 0
1231210 739767 m2 0.02455 0.103218 -0.479956 -0.00112004 0
1231210 458533 m2 0.01385 0.0440266 0.250827 0 -0.0037298
1231210 714615 m2 0.0446 0.0790487 -0.495999 0 -0.0654544
1231210 467815 m2 0.035 -0.345324 -0.311892 -0.0532797 0
1231210 458232 m2 0.09005 0.0780855 0.257009 0.0309092 0
1231210 450716 m2 0.01075 -0.238707 0.289856 0 -0.0293228
1231210 590253 m2 0.0428 0.188036 -0.578707 0.0105316 0
1231210 310467 m2 0.0183 0.0173804 -0.135264 0 0.0264372
1231210 325263 m2 0.0387 -0.0211452 0.0507692 -0.0169547 0
1231210 582216 m2 0.01185 -0.195819 -0.0898266 0 -0.00223042
1231210 723984 m2 0.01355 0.0134247 -0.204272 0 -0.0070498
1231210 645010 m2 0.0115 0.265516 -0.43535 0 0.0085829
1231210 669605 m2 0.04205 -0.310676 -0.352442 0 0.0157636
1231210 427471 m2 0.0162 -0.270012 0.236295 0 -0.040249
1231210 634709 m2 0.01085 -0.216519 0.219412 0 -0.0507492
1231210 314290 m2 0.0391 0.332419 0.498399 0.0467888 0
1231210 565175 m2 0.02525 0.205576 0.03542 0.0523122 0
1231210 449039 m2 0.06775 -0.389403 -0.0917299 -0.0523189 0
1231210 372403 m2 0.0352 0.337452 0.423705 0.0521117 0
1231210 463956 m2 0.0468 -0.246175 -0.423527 -0.0566001 0
1231210 385009 m2 0.0537 0.365352 0.503199 0.0222681 0
1231210 718555 m2 0.01195 -0.199439 0.0996805 0 -0.0195981
1231210 740854 m2 0.0176 -0.241827 0.232087 0.00112298 0
1231210 424975 m2 0.0579 0.267214 -0.318127 0 -0.00303484
1231210 622465 m2 0.0171 -0.274076 -0.121855 0 0.0860397
1231210 763899 m2 0.02175 0.0316735 -0.429284 0.0565819 0
1231210 408365 m2 0.01935 0.0128241 -0.352243 0.0246675 0
1231210 578654 m2 0.0991 0.226939 -0.627575 0 -0.044031
1231210 337757 m2 0.05845 -0.30325 -0.23291 0 -0.00616626
1231210 664690 m2 0.0182 0.206736 0.164104 0 0.0608538
1231210 472808 m2 0.067 0.446475 0.499249 0.0646571 0
1231210 504352 m2 0.0418 0.0653914 -0.465878 -0.0352616 0
1231210 539949 m2 0.03795 -0.00958412 0.350686 0 0.0131037
1231210 327217 m2 0.2498 0.577106 -0.550214 0.0703527 0
1231210 407251 m2 0.0126 -0.237521 0.277782 0 0.00414525
1231210 661912 m2 0.02215 0.310376 0.00285559 0 0.018182
1231210 612781 m2 0.03275 -0.135968 0.150747 -0.00943851 0
1231210 626263 m2 0.0295 -0.336016 -0.198189 -0.0287542 0
1231210 684510 m2 0.0291 0.0915174 0.318823 0 0.0209487
1231210 754367 m2 0.01115 -0.103731 0.0197356 0 -0.048301
1231210 590792 m2 0.046 -0.203185 -0.347502 0 0.0201719
1231210 365757 m2 0.06595 -0.240291 -0.43406 0 -0.0897255
1231210 464230 m2 0.0689 -0.42697 -0.285508 0 -0.0247738
1231210 463957 m2 0.034 -0.0215711 -0.33728 -0.00931993 0
1231210 395271 m2 0.1072 0.460488 -0.26733 0.0574133 0
1231210 737875 m2 0.0111 -0.302236 -0.299098 0.0128636 0
1231210 408633 m2 0.0415 0.186985 0.186398 0 0.0401526
1231210 682040 m2 0.01325 -0.26263 0.166056 0 0.00763342
1231210 714662 m2 0.0157 -0.260423 0.113617 0 -0.0182723
1231210 583861 m2 0.01095 -0.365194 0.202852 -0.0563671 0
1231210 604432 m2 0.02965 0.148066 0.0387167 0 0.0289088
1231210 608558 m2 0.01145 -0.197027 -0.29022 -0.0028581 0
1231210 670127 m2 0.0166 0.158987 -0.478768 0 0.0258548
1231210 569950 m2 0.0231 -0.0234798 -0.0128359 0 -0.0471338
1231210 725621 m2 0.02175 -0.0524862 -0.140516 0 -0.00667002
1231210 533831 m2 0.0149 -0.208836 0.269065 0 0.0469477
1231210 540195 m2 0.0486 -0.0794892 -0.389106 -0.0443353 0
1231210 583600 m2 0.0137 -0.0763684 -0.302624 -0.0283765 0
1231210 550894 m2 0.1042 0.404801 -0.608902 0.00956595 0
1231210 723999 m2 0.02565 0.0916787 -0.145628 0.0423136 0
1231210 611945 m2 0.03515 0.341824 -0.0286943 0.0433052 0
1231210 539315 m2 0.08735 -0.205452 -0.272865 0 -0.0355554
1231210 551179 m2 0.04625 0.244467 -0.532694 0 0.0140291
1231210 711953 m2 0.01535 0.366171 0.0340724 0 0.0182985
1231210 544330 m2 0.0414 -0.278373 -0.0898659 0 0.000806243
1231210 584464 m2 0.0136 0.192681 0.382288 0.0122431 0
1231210 664065 m2 0.0335 -0.192562 -0.209019 0 -0.050209
1231210 734254 m2 0.01585 -0.250815 -0.130313 -0.0609843 0
1231210 765805 m2 0.01035 -0.133217 -0.315781 0 0.0323202
1231210 503765 m2 0.0239 -0.243551 0.394462 0 0.0342907
1231210 504653 m2 0.0256 0.056239 0.0685201 0 0.067617
1231210 687794 m2 0.014 0.285599 -0.166211 0.0767501 0
1231210 598264 m2 0.0278 0.398383 0.123328 0.0276376 0
1231210 555878 m2 0.02865 -0.304817 0.0836508 0 -0.0263994
1231210 570239 m2 0.07015 0.346736 -0.289801 0.0285891 0
1231210 609959 m2 0.0146 0.0056879 0.298314 0 0.0277474
1231210 710282 m2 0.0267 -0.268807 0.321519 0 0.026687
1231210 763359 m2 0.01925 0.360656 -0.444284 0 0.0232245
1231210 649458 m2 0.0154 0.032058 0.362262 0 0.0439736
1231210 613325 m2 0.02155 0.28682 -0.354777 0.00212078 0
1231210 527026 m2 0.0891 -0.157431 -0.371945 0 0.0152875
1231210 608863 m2 0.01775 0.298554 0.0185181 0.000786963 0
1231210 509653 m2 0.1116 0.0992123 -0.141183 -0.00161857 0
1231210 535531 m2 0.0453 0.118223 0.288365 -0.0299612 0
1231210 555598 m2 0.0323 0.391671 -0.317556 0.0587996 0
1231210 559951 m2 0.01285 -0.215896 0.214719 0.0584417 0
1231210 678484 m2 0.0208 -0.334658 -0.183156 -0.0298613 0
1231210 568552 m2 0.0252 0.451514 -0.428417 0 -0.0280541
1231210 744893 m2 0.013 0.331528 0.190102 0.0293545 0
1231210 673363 m2 0.04245 -0.292751 -0.203803 0 -0.000720804
1231210 700478 m2 0.0143 -0.241751 0.266074 0.00258568 0
1231210 676744 m2 0.01875 0.150866 -0.360823 -0.0385383 0
1231210 663484 m2 0.0455 -0.186718 0.118121 0 0.0598503
1231210 662952 m2 0.0397 -0.00812991 -0.237101 -0.011821 0
1231210 581388 m2 0.02945 -0.0725838 0.447131 0 -0.0375284
1231210 617960 m2 0.0262 0.103678 -0.0249718 -0.00532879 0
1231210 716855 m2 0.02565 0.0916787 -0.145628 0 -0.0206653
1231210 727708 m2 0.02055 0.283269 -0.478851 0 -0.00750395
1231210 748595 m2 0.0102 -0.319843 0.00769254 -0.046449 0
1231210 780025 m2 0.0105 -0.125753 -0.157908 0.00880252 0
1231210 790231 m2 0.0119 -0.272345 -0.211025 0.0277522 0
1231210 795553 m2 0.01045 -0.168166 0.00764112 0 0.000767198
