seed mutID muttype p cor_sal cor_temp mutSalEffect mutTempEffect
1231184 445912 m2 0.0149402 -0.141023 0.462286 -0.0659662 0
1231184 621266 m2 0.0921813 -0.0196721 0.761873 -0.0428702 0
1231184 363421 m2 0.0279382 -0.00442106 0.507456 0 0.0895207
1231184 325380 m2 0.0836653 -0.0653776 0.722795 0.00793624 0
1231184 235481 m2 0.235209 0.0273479 0.852133 0 0.0897716
1231184 349859 m2 0.0321713 0.00384993 0.518581 0 0.0669777
1231184 33675 m2 0.0247012 -0.128942 0.560418 -0.0272062 0
1231184 383367 m2 0.0147908 -0.133022 0.461539 -0.0820072 0
1231184 707011 m2 0.0793825 0.18658 0.748023 0.0985743 0
1231184 412884 m2 0.0771912 0.00207151 0.440494 0 0.0415633
1231184 669442 m2 0.0494522 -0.0724551 0.455022 -0.0214286 0
1231184 158366 m2 0.182371 0.0932671 0.787132 0 3.5832e-05
1231184 46730 m2 0.104084 0.152373 0.385151 0.0276535 0
1231184 693465 m2 0.048506 0.056152 0.641839 0.0301015 0
1231184 171620 m2 0.187699 -0.047329 0.850367 0.00832924 0
1231184 395165 m2 0.0122012 -0.0638073 0.0511638 0 0.00992285
1231184 639101 m2 0.0307769 0.0165134 0.449258 -0.0468627 0
1231184 553066 m2 0.0786853 0.222823 0.769214 0.0747045 0
1231184 455419 m2 0.0812749 0.0108639 0.745811 -0.0245984 0
1231184 460102 m2 0.0513944 0.015315 0.605607 0.000656789 0
1231184 489160 m2 0.0676793 -0.0738958 0.672535 -0.00951324 0
1231184 680627 m2 0.0183765 0.127435 0.626329 0 -0.0333184
1231184 733922 m2 0.0110558 -0.0718465 0.465803 0.00217447 0
1231184 637504 m2 0.0136454 -0.189962 0.443145 -0.0389835 0
1231184 186467 m2 0.0310757 -0.0317531 0.525276 0 -0.0115471
1231184 259814 m2 0.100697 0.0257378 0.782048 0 0.0309209
1231184 281360 m2 0.0159363 0.181676 0.247505 0 0.00689416
1231184 709672 m2 0.0224602 -0.10116 0.38716 0.0291751 0
1231184 130361 m2 0.228685 -0.0279759 0.880965 0 -0.00654662
1231184 86929 m2 0.1376 0.0970796 0.810663 0.0232602 0
1231184 697857 m2 0.0668327 0.117436 0.733763 0.0458805 0
1231184 713850 m2 0.0525896 -0.0746226 0.58664 0 -0.0316262
1231184 428027 m2 0.121614 0.0255305 0.771956 0 0.00347387
1231184 697290 m2 0.0201195 0.0224385 0.511303 0 0.0289729
1231184 470323 m2 0.103337 -0.0886462 0.524 0 -0.0509946
1231184 493290 m2 0.0241036 -0.0611433 0.523783 -0.0237248 0
1231184 567061 m2 0.0173307 0.0400644 0.141544 0 -0.0494797
1231184 425886 m2 0.050498 0.0835288 0.656223 0.0620845 0
1231184 704802 m2 0.0206673 0.0735847 0.525578 0 -0.0409724
1231184 210559 m2 0.164293 -0.00827329 0.800942 0 0.0273533
1231184 540625 m2 0.0275398 -0.0906313 0.0383747 0 0.0524081
1231184 84637 m2 0.196066 -0.0870327 0.024355 -0.0627553 0
1231184 764290 m2 0.0304283 0.00689672 0.467147 0 -0.0143614
1231184 404938 m2 0.0320717 0.196719 0.484253 0 0.0269643
1231184 602400 m2 0.0552789 0.0693012 0.62898 0 -0.00337313
1231184 112002 m2 0.0447211 0.0555985 0.345167 0.00878618 0
1231184 27611 m2 0.148755 0.132536 0.718717 -0.00758529 0
1231184 685333 m2 0.0201693 -0.0734151 0.609459 -0.00338998 0
1231184 529806 m2 0.152988 0.0439883 0.834933 0.0202812 0
1231184 349595 m2 0.114143 0.0220145 0.73584 0 0.0683453
1231184 451487 m2 0.086006 -0.158712 0.361951 -0.0577642 0
1231184 380011 m2 0.0157869 0.117457 0.579078 0 0.0297731
1231184 469200 m2 0.0546813 0.0840524 0.650193 0.011121 0
1231184 798069 m2 0.0100598 0.183659 0.336716 -0.00718461 0
1231184 564253 m2 0.0904382 0.0953553 0.762152 0.0051697 0
1231184 350428 m2 0.0409363 0.177815 0.621827 0.0418175 0
1231184 642918 m2 0.0438745 0.0459147 0.596796 0.00769371 0
1231184 741502 m2 0.0208167 0.0167804 0.421086 0 -0.000102679
1231184 427753 m2 0.0467131 -0.107043 0.731173 -0.00255637 0
1231184 30414 m2 0.130827 0.0554208 0.396957 0 0.0299469
1231184 689001 m2 0.0157869 0.204782 0.288125 0.0710382 0
1231184 238721 m2 0.0595618 0.0553891 0.248693 -0.0132756 0
1231184 666072 m2 0.0608566 -0.164898 0.713747 0 0.0242975
1231184 733066 m2 0.0132968 0.094428 0.504275 0.00827429 0
1231184 114238 m2 0.0678785 0.0396441 0.695581 0.0431073 0
1231184 219351 m2 0.0442231 0.12627 -0.101185 0.0212671 0
1231184 584622 m2 0.0111554 -0.134654 0.456226 -0.0200418 0
1231184 795197 m2 0.0106574 -0.0642641 0.380576 0 0.0256821
1231184 387782 m2 0.0527888 0.247383 0.685161 0.0328555 0
1231184 790752 m2 0.0156375 0.0780705 0.432884 0 -0.0431902
1231184 354303 m2 0.0200199 0.190992 0.0758175 -0.0043063 0
1231184 302247 m2 0.0471116 -0.0548818 0.448306 0 -0.0144222
1231184 639670 m2 0.0220618 -0.185334 0.616624 -0.0133025 0
1231184 484795 m2 0.0236554 -0.213704 0.572228 -0.0977228 0
1231184 755096 m2 0.0108566 0.160202 0.358174 0.019522 0
1231184 338774 m2 0.234512 0.140616 0.239282 0.0552574 0
1231184 628703 m2 0.0442231 0.0948091 0.401735 0.0433847 0
1231184 753746 m2 0.0130478 -0.0898498 0.295937 0.0184209 0
1231184 5259 m2 0.0509462 -0.058132 0.0581405 -0.0306185 0
1231184 699454 m2 0.0173307 0.0219459 0.163314 -0.0381484 0
1231184 456801 m2 0.023506 0.17208 0.458985 -0.0284797 0
1231184 131166 m2 0.143327 -0.334997 -0.0379667 -0.0635466 0
1231184 534135 m2 0.0195219 -0.0131738 0.316737 0 0.0018462
1231184 380567 m2 0.0356574 -0.198382 0.659768 -0.0219553 0
1231184 643458 m2 0.0479582 -0.202084 0.370406 -0.0752956 0
1231184 376420 m2 0.208865 -0.0447686 0.874129 0 0.0197844
1231184 488061 m2 0.0291833 -0.00563506 0.416753 -0.0448309 0
1231184 105928 m2 0.0742032 0.00636302 0.243536 0 0.0524956
1231184 515484 m2 0.0273904 -0.057072 0.483962 -0.00518509 0
1231184 487780 m2 0.0325697 0.0623118 0.292907 0.022794 0
1231184 64086 m2 0.0483068 -0.0900352 -0.0485614 0 -0.0187796
1231184 728012 m2 0.0274402 0.22752 0.620505 0.0300526 0
1231184 581298 m2 0.048506 -0.0956314 0.37245 -0.105184 0
1231184 317558 m2 0.0900398 0.0783201 0.543459 0.00181427 0
1231184 229925 m2 0.0374502 0.150482 0.426467 0 -0.00808953
1231184 721721 m2 0.0350598 0.104966 0.476425 0.0390105 0
1231184 753480 m2 0.0113546 0.15763 0.4512 0 -0.00857627
1231184 696433 m2 0.0108068 -0.0429192 0.416009 0.0140491 0
1231184 171315 m2 0.184313 0.114384 0.821064 0 0.0154831
1231184 476368 m2 0.0994522 0.048741 0.687933 0 0.0555029
1231184 289652 m2 0.0302291 -0.0349468 0.249524 0 0.0183731
1231184 796013 m2 0.0220618 0.179852 0.454371 0 0.082725
1231184 498105 m2 0.0286355 0.105857 0.507215 0.00455057 0
1231184 281628 m2 0.0362052 0.0131828 0.569894 -0.0646543 0
1231184 519293 m2 0.10742 0.163491 0.737671 0 0.0158572
1231184 306448 m2 0.162898 -0.0777734 0.146552 -0.0345127 0
1231184 719308 m2 0.0105578 -0.111361 0.248884 0 -0.0622642
1231184 272603 m2 0.0356076 0.035587 0.306629 0 0.01857
1231184 324738 m2 0.0921813 -0.0260694 0.758719 0 0.0191332
1231184 69946 m2 0.119871 -0.22564 0.492215 -0.0758842 0
1231184 712418 m2 0.0304781 0.174736 0.56261 0 -0.00171858
1231184 457605 m2 0.0887948 0.112779 0.569913 0.0325039 0
1231184 478505 m2 0.101444 0.0312966 0.778088 0.0127118 0
1231184 148023 m2 0.304532 0.0197235 0.239186 0.0275862 0
1231184 329408 m2 0.183217 0.156607 0.872002 0.0530401 0
1231184 614898 m2 0.0327191 0.107682 0.338383 0 -0.0108209
1231184 608248 m2 0.0138944 -0.0739085 0.261019 0 0.00639265
1231184 767041 m2 0.0199701 0.0502677 0.489518 0.0266647 0
1231184 460649 m2 0.0607072 0.0240578 0.706501 -0.0115691 0
1231184 754512 m2 0.0158865 0.0658781 0.296171 0.0220468 0
1231184 423416 m2 0.0697709 0.137906 0.39355 0.0273728 0
1231184 249164 m2 0.190687 0.00281503 0.372851 0 0.0180344
1231184 257848 m2 0.0441235 -0.0808143 -0.182777 0 0.00740674
1231184 412848 m2 0.125647 0.18039 0.317965 0.0636196 0
1231184 262873 m2 0.0491036 -0.196235 0.435339 -0.0700152 0
1231184 711248 m2 0.0408865 -0.0672593 0.415432 -0.0769614 0
1231184 353197 m2 0.0618526 -0.0355583 0.164286 -0.0225395 0
1231184 230194 m2 0.197211 0.0106432 0.615658 0.0118048 0
1231184 542061 m2 0.0184761 0.0271298 0.339644 -0.0306971 0
1231184 798643 m2 0.0113048 -0.0015713 0.271302 -0.0364721 0
1231184 116925 m2 0.037002 -0.0674387 0.10691 0 0.0240226
1231184 707507 m2 0.0452689 -0.115851 0.333538 0 0.0155638
1231184 784102 m2 0.0178287 0.206054 0.14931 0.032136 0
1231184 675123 m2 0.0731076 -0.00859482 0.318868 -0.0503207 0
1231184 171577 m2 0.155677 0.0297452 0.313021 0.015832 0
1231184 733315 m2 0.0356076 0.0609529 0.301401 0 0.02018
1231184 106970 m2 0.133765 -0.150261 0.178878 -8.84895e-06 0
1231184 733313 m2 0.0143426 -0.156719 0.145662 -0.0698273 0
1231184 669678 m2 0.0404382 0.111207 0.306402 0 -0.0617403
1231184 337073 m2 0.0231574 0.0322872 -0.00929418 0.138432 0
1231184 658291 m2 0.0322211 0.116975 0.30119 0 -0.0313077
1231184 282184 m2 0.0315239 0.069988 0.153855 0 -0.0192266
1231184 479583 m2 0.0718625 -0.176342 0.386348 -0.0893378 0
1231184 275022 m2 0.329133 0.0207917 0.694354 0 0.0293159
1231184 494107 m2 0.047261 0.0518377 0.361106 0 0.0221897
1231184 441948 m2 0.0796813 0.0303567 0.0428504 0 0.0241376
1231184 763689 m2 0.0213645 0.276029 0.277759 0 -0.0712026
1231184 357857 m2 0.0920817 -0.0976241 0.22717 -0.0469026 0
1231184 77565 m2 0.252241 -0.0928546 -0.364187 -0.0439909 0
1231184 815856 m2 0.0130976 0.225917 0.258198 0.0669267 0
1231184 527001 m2 0.0385458 0.0722046 0.171295 0 0.0171609
1231184 295581 m2 0.172211 -0.0807346 0.344768 0.00159452 0
1231184 701183 m2 0.0268924 0.109725 0.517598 0 0.0151402
1231184 736779 m2 0.0203685 0.176328 0.186333 0.0257825 0
1231184 148854 m2 0.124851 -0.174717 0.761115 -0.0375874 0
1231184 204785 m2 0.0490538 -0.12628 0.29133 0 -0.0013735
1231184 559844 m2 0.0235558 0.198155 0.32991 -0.00332141 0
1231184 553552 m2 0.0287849 0.262976 0.13083 0.0673175 0
1231184 609327 m2 0.0559761 -0.0646587 0.526818 0 0.0551886
1231184 186958 m2 0.034512 0.129393 0.168077 -0.0324102 0
1231184 701179 m2 0.024502 -0.110976 0.2566 0.0495323 0
1231184 530329 m2 0.0920319 0.0185671 0.595507 0 0.00755645
1231184 222364 m2 0.0335657 0.123266 -0.239192 -0.0104002 0
1231184 621806 m2 0.0121016 -0.0412241 0.283364 -0.048868 0
1231184 186956 m2 0.0998506 0.1501 0.0469875 0.0710137 0
1231184 716304 m2 0.0108068 -0.0938445 0.269177 0.0322549 0
1231184 667164 m2 0.0164343 -0.20248 0.122577 0 0.0222836
1231184 458656 m2 0.128187 -0.0378526 0.263416 0 0.0416674
1231184 450412 m2 0.168127 -0.0631241 -0.0191285 0.000168394 0
1231184 105328 m2 0.145219 0.068137 0.627089 0.0527514 0
1231184 368830 m2 0.144572 -0.13647 0.760059 0 0.0453913
1231184 251580 m2 0.254482 0.334915 0.716295 0.0839906 0
1231184 743381 m2 0.024253 0.0809474 0.170497 0 0.00146259
1231184 767313 m2 0.0176793 0.207293 0.185545 0.080649 0
1231184 322826 m2 0.0273406 0.0234233 0.573643 0 0.0213026
1231184 26144 m2 0.108367 0.249275 -0.0984407 0 0.00661157
1231184 503747 m2 0.0431275 -0.0149727 0.673523 -0.0503757 0
1231184 729955 m2 0.0263446 0.0543215 0.285608 0 0.00902406
1231184 541117 m2 0.0329681 0.173318 0.0502401 0.0363413 0
1231184 546710 m2 0.048755 0.0810645 0.274927 0.0563343 0
1231184 26692 m2 0.396016 -0.00886708 -0.151532 0.0406679 0
1231184 523173 m2 0.0318227 -0.0485063 0.132015 -0.0356026 0
1231184 303068 m2 0.156325 0.0204119 0.609779 0 0.00673683
1231184 442454 m2 0.0335657 -0.0879886 0.297866 -0.0431789 0
1231184 779155 m2 0.0138446 -0.2021 0.122253 0 -0.0243727
1231184 718447 m2 0.013496 0.130326 0.185981 -0.0207335 0
1231184 688647 m2 0.0499502 -0.062438 0.320929 0.0179701 0
1231184 512605 m2 0.0158865 0.149399 0.0640908 0 0.0063338
1231184 627575 m2 0.0186255 0.0632851 0.181766 0.0336891 0
1231184 462536 m2 0.0907371 -0.0588372 0.518003 0 0.0238079
1231184 285812 m2 0.0789841 0.0748528 0.0343375 0.0180722 0
1231184 233192 m2 0.0651892 0.0203309 0.361066 0 -0.0151003
1231184 2402 m2 0.357221 0.0307103 -0.644671 0.02737 0
1231184 34167 m2 0.261056 -0.0582157 -0.197641 -0.0382597 0
1231184 634075 m2 0.0136454 0.0361916 0.588945 0.0398665 0
1231184 740355 m2 0.0240538 -0.0102099 0.0943914 -0.0264037 0
1231184 460032 m2 0.0399402 -0.0200811 0.174516 -0.0235393 0
1231184 232085 m2 0.0825199 -0.0859747 -0.21609 -0.050797 0
1231184 366649 m2 0.026245 0.0139316 0.211057 0.0303914 0
1231184 339868 m2 0.0684761 -0.0258383 0.01623 0.00277145 0
1231184 572133 m2 0.0666335 0.0471351 0.253293 0 0.0513911
1231184 551908 m2 0.0210159 0.136712 0.16951 0.0661687 0
1231184 40322 m2 0.316584 0.28525 0.234118 0.0624928 0
1231184 758927 m2 0.0231574 -0.293671 0.208094 -0.0662079 0
1231184 478165 m2 0.0919821 -0.199611 0.208074 -0.027123 0
1231184 699395 m2 0.0266434 0.329645 0.0288893 0.0403153 0
1231184 20177 m2 0.0133964 0.15475 0.151534 0.00418516 0
1231184 157690 m2 0.0563247 0.150912 0.0924662 0 0.0274683
1231184 319215 m2 0.0667829 -0.175883 0.304484 -0.111448 0
1231184 209327 m2 0.0793825 0.302551 0.025031 0.0326915 0
1231184 564719 m2 0.0282371 -0.128012 0.152391 -0.0545067 0
1231184 707750 m2 0.0263446 -0.180864 0.156313 0 -0.0453387
1231184 710653 m2 0.0275896 -0.186202 0.132065 0.0308916 0
1231184 750908 m2 0.0189243 0.18681 0.160145 0 -0.0156445
1231184 791803 m2 0.0138944 0.140093 0.17294 -0.040605 0
1231184 684438 m2 0.0228586 0.0129703 0.183532 0 -0.000799464
1231184 780834 m2 0.0106574 0.114429 0.154109 0 0.0390118
1231184 560875 m2 0.0564741 0.0055602 0.0602689 0 -0.0101052
1231184 246620 m2 0.263845 0.274107 0.367253 0.035387 0
1231184 681396 m2 0.01499 0.0465294 0.17534 0.0306924 0
1231184 622882 m2 0.0665837 -0.0913348 0.123064 0.0168379 0
1231184 612365 m2 0.0418825 0.0332274 0.276538 0 0.0481335
1231184 512590 m2 0.0976594 -0.01584 0.214607 0 -0.00160965
1231184 766729 m2 0.0261952 -0.225828 0.576672 0 -0.0243637
1231184 216895 m2 0.0693725 0.282742 0.325599 0 -0.0166804
1231184 658776 m2 0.014741 0.00456311 0.417356 0.0235365 0
1231184 675388 m2 0.0329183 0.0214016 -0.156238 0 -0.00967947
1231184 390569 m2 0.0162351 0.021436 0.117127 -0.0380354 0
1231184 52944 m2 0.0310757 0.0666214 -0.324069 0 -0.0294525
1231184 172084 m2 0.0767928 -0.198481 -0.25543 0 -0.031169
1231184 453177 m2 0.180876 -0.16521 -0.208215 -0.0636303 0
1231184 770593 m2 0.0105578 0.113917 0.164034 -0.030005 0
1231184 724048 m2 0.0238546 0.15299 0.242126 0 -0.012552
1231184 420716 m2 0.118127 0.0516233 0.39791 0 0.0408043
1231184 683330 m2 0.0238546 0.167271 0.0074568 -0.0495253 0
1231184 793738 m2 0.0136454 0.158435 0.0628491 0 -0.0180193
1231184 619796 m2 0.0246514 0.0934734 0.0811502 0.0102728 0
1231184 763110 m2 0.0151892 -0.14199 0.148617 0 0.0113128
1231184 739775 m2 0.0234562 -0.0407813 0.166255 0 0.0215369
1231184 455857 m2 0.0737052 0.0921538 0.23615 0 -0.0269313
1231184 387697 m2 0.0131474 0.0295209 0.171553 0 0.0603833
1231184 796244 m2 0.0151892 -0.0150836 0.165501 0 0.0030338
1231184 731916 m2 0.0146414 0.149582 0.639921 -0.0021323 0
1231184 531068 m2 0.0384462 -0.186175 0.070177 -0.102573 0
1231184 446943 m2 0.0437251 0.192279 0.335555 0.0467218 0
1231184 350873 m2 0.122809 -0.0456806 -0.14123 0.0102312 0
1231184 714902 m2 0.0311753 0.0218148 0.217651 -0.0299373 0
1231184 582052 m2 0.0236056 0.238243 0.228966 0.0366066 0
1231184 774512 m2 0.0540339 -0.0739363 0.160057 -0.0146771 0
1231184 760839 m2 0.0273904 0.0850993 0.179949 0 -0.0317187
1231184 758043 m2 0.0106076 -0.163387 0.142909 0 0.0199048
1231184 748893 m2 0.0308267 0.0321742 0.0420323 0 0.0604862
1231184 483604 m2 0.0739044 -0.0488385 0.00583237 -0.0438306 0
1231184 780817 m2 0.0162351 -0.0937563 0.158269 -0.0555579 0
1231184 92038 m2 0.194622 -0.00316357 0.125806 -0.00293403 0
1231184 557834 m2 0.011504 -0.124035 0.149749 0.011451 0
1231184 656846 m2 0.052241 -0.138742 0.0408863 -0.0447445 0
1231184 428770 m2 0.144522 0.0186182 0.234501 0 -0.00811301
1231184 678322 m2 0.0187749 0.00298997 0.300058 -0.0267209 0
1231184 171243 m2 0.133865 0.100874 0.0311888 0.0363061 0
1231184 175918 m2 0.0792331 0.326127 0.318251 -0.0168726 0
1231184 799613 m2 0.0118028 0.0714965 0.186232 0.0126127 0
1231184 741958 m2 0.0389442 0.0546468 0.177874 0 -0.00678801
1231184 771139 m2 0.0234064 0.0966519 0.026729 0.00160099 0
1231184 155711 m2 0.0217131 0.169857 -0.156529 -0.00619206 0
1231184 801484 m2 0.0121016 0.139006 0.171591 0 0.0246912
1231184 102194 m2 0.0663845 0.131142 -0.0663044 0 -0.0112775
1231184 195356 m2 0.0759462 -0.123756 0.497924 -0.0707037 0
1231184 209863 m2 0.0177789 0.0491428 -0.066853 -0.0103148 0
1231184 308809 m2 0.03999 0.172922 -0.33415 0.0624206 0
1231184 362748 m2 0.0661853 0.129883 0.254717 0.0372639 0
1231184 221179 m2 0.0687749 0.216973 0.461833 0.0126026 0
1231184 438346 m2 0.183118 -0.0674087 0.0282755 -0.0118038 0
1231184 773364 m2 0.0151892 0.155285 0.169032 0.052754 0
1231184 727644 m2 0.0401892 0.152748 -0.00159239 0.0604951 0
1231184 581775 m2 0.0693227 0.0175197 0.0391103 -0.0203832 0
1231184 739765 m2 0.0319223 0.0328292 0.163389 0 -0.0450529
1231184 31881 m2 0.0896912 0.0677652 -0.777675 -0.00883775 0
1231184 315505 m2 0.0410857 -0.0566174 -0.00407814 -0.0441751 0
1231184 574279 m2 0.0188247 0.161915 -0.138437 0 0.00728187
1231184 408068 m2 0.100249 0.0599522 0.120297 0.0174374 0
1231184 316394 m2 0.0898406 0.0646932 -0.516976 0 -0.00796405
1231184 223685 m2 0.0232072 0.156694 -1.62107e-05 0 -0.0429488
1231184 351414 m2 0.141882 0.00549207 0.162394 0.0239622 0
1231184 785123 m2 0.0133466 0.164942 0.0624073 0 0.0286958
1231184 748657 m2 0.0128984 -0.166359 0.0330716 0 -0.0574429
1231184 424429 m2 0.015239 0.0825911 -0.224231 -0.0467593 0
1231184 745837 m2 0.0349104 -0.064234 0.0680445 0 -0.0165443
1231184 307208 m2 0.0691733 -0.18334 0.122058 -0.0557217 0
1231184 258342 m2 0.112251 -0.0114451 -0.074156 -0.0119285 0
1231184 11168 m2 0.331474 0.0646592 -0.931839 0 -0.00933032
1231184 788989 m2 0.0136454 0.0261721 0.199706 0 -0.0570409
1231184 750324 m2 0.0185757 0.0249591 0.057238 0 0.0318053
1231184 344491 m2 0.12998 -0.228316 0.138926 -0.176379 0
1231184 371025 m2 0.128536 -0.00206687 -0.116061 0.0252224 0
1231184 90129 m2 0.0243028 0.154397 -0.0390866 0 0.0133226
1231184 373557 m2 0.0797809 -0.209647 0.333023 -0.0544625 0
1231184 416160 m2 0.051494 -0.0181703 -0.32249 0.0448915 0
1231184 750321 m2 0.014741 0.182026 0.0480256 0 0.0674794
1231184 628864 m2 0.0292331 0.0422965 0.0587151 -0.0231009 0
1231184 181912 m2 0.0468625 0.0548668 0.0420268 0 0.0154025
1231184 743317 m2 0.0151394 0.0893451 -0.0461536 0.019683 0
1231184 258336 m2 0.0944223 -0.0737096 0.160465 -0.042891 0
1231184 376606 m2 0.0843625 -0.2346 -0.704098 -0.0322614 0
1231184 585084 m2 0.0840637 0.00919037 -0.0292744 0.00741555 0
1231184 410581 m2 0.132968 -0.202521 0.146928 0.00970427 0
1231184 744705 m2 0.0290339 -0.113291 0.0497735 0 0.0396471
1231184 489575 m2 0.14741 -0.125714 -0.0338197 -0.0979567 0
1231184 697426 m2 0.0187251 -0.0526333 -0.129863 0.0749467 0
1231184 152382 m2 0.443127 0.501744 -0.289942 0.109523 0
1231184 28558 m2 0.0833167 -0.145776 0.013318 0 0.0110003
1231184 688038 m2 0.0448705 0.103098 0.471195 -0.00200578 0
1231184 801755 m2 0.0102092 0.109602 0.057271 -0.012182 0
1231184 794541 m2 0.0112052 -0.034916 0.0600184 0 0.0142997
1231184 518093 m2 0.0335657 0.0835576 0.330766 -0.0211374 0
1231184 682734 m2 0.0114044 -0.146559 -0.0484692 -0.0508031 0
1231184 80894 m2 0.0931773 0.00109169 0.0592006 -0.0286836 0
1231184 449767 m2 0.0816733 -0.0640159 0.00939469 0.00618443 0
1231184 376044 m2 0.102092 -0.0426825 0.0360354 -0.00941502 0
1231184 635111 m2 0.0457669 -0.142532 0.0464253 -0.0430111 0
1231184 481647 m2 0.0109064 0.133583 -0.427566 0.065763 0
1231184 706324 m2 0.0145916 0.199848 0.0576466 0 0.020067
1231184 639524 m2 0.0912849 -0.0302261 0.0527468 -0.030458 0
1231184 727318 m2 0.0154382 -0.113498 0.046394 0 0.0581087
1231184 125374 m2 0.0334163 0.101608 -0.0397703 0 0.00185272
1231184 644994 m2 0.119223 -0.0166305 -0.164567 -0.00314093 0
1231184 672540 m2 0.010508 0.159298 -0.101268 0 0.0351696
1231184 662626 m2 0.0117032 -0.118335 -0.00143637 -0.086839 0
1231184 82859 m2 0.0822709 0.0357298 -0.147908 0.0157917 0
1231184 752231 m2 0.0259462 0.0197949 0.043366 0.0330738 0
1231184 729309 m2 0.0170319 -0.0959102 0.0405504 0 -0.0405987
1231184 593409 m2 0.0543327 0.164824 0.0319326 0 -0.0483646
1231184 396379 m2 0.105976 -0.0867747 0.616119 0 0.0395596
1231184 63423 m2 0.0844124 0.0191032 -0.106872 0 -0.0387113
1231184 749419 m2 0.0232072 0.0742715 0.0616648 0 0.00408253
1231184 763054 m2 0.0177789 0.0253505 0.0547978 0 -0.0295619
1231184 662882 m2 0.0287849 0.0758151 0.0631136 -0.028584 0
1231184 763895 m2 0.0163845 -0.0263531 0.0447748 -0.0451932 0
1231184 605419 m2 0.0141434 -0.0825762 -0.170644 0 -0.0218329
1231184 754409 m2 0.0157869 -0.144065 0.0469073 -0.0586863 0
1231184 760511 m2 0.0153884 -0.158673 -0.0519239 0 -0.0360578
1231184 173147 m2 0.10762 -0.0503613 0.209419 -0.0484468 0
1231184 389050 m2 0.0383466 -0.113376 -0.0587297 -0.0815834 0
1231184 452243 m2 0.0428785 -0.133166 -0.0524649 -0.0613373 0
1231184 758852 m2 0.0147908 0.151903 0.0695158 0.0470661 0
1231184 644701 m2 0.0305279 -0.206088 0.276757 -0.0164095 0
1231184 345524 m2 0.0258964 0.227043 -0.103344 0.0797199 0
1231184 445771 m2 0.11748 -0.134426 0.142715 -0.0346083 0
1231184 504762 m2 0.164442 -0.141583 -0.235736 0 0.0161345
1231184 8057 m2 0.0136952 0.135363 -0.15172 0 -0.00873993
1231184 661468 m2 0.0285857 -0.0932993 -0.322397 0 -0.0447936
1231184 559187 m2 0.0202191 0.00306476 -0.128837 0.0301651 0
1231184 430110 m2 0.0498506 0.217851 0.404005 0.0738567 0
1231184 93640 m2 0.0174801 0.0386005 -0.556581 -0.0306193 0
1231184 797060 m2 0.0125 -0.0357008 -0.0262246 -0.0796089 0
1231184 663755 m2 0.0498008 0.00173567 -0.241532 0.031603 0
1231184 778807 m2 0.0125498 -0.0338506 0.0546099 0 -0.0346447
1231184 575399 m2 0.0216135 0.118745 0.0662274 0 -0.0307489
1231184 595843 m2 0.0201693 0.0358751 -0.0809558 0 -0.0308032
1231184 750021 m2 0.0119024 -0.029957 -0.0730676 0 -0.00669212
1231184 390248 m2 0.0280378 0.0484768 0.0279552 -0.0130602 0
1231184 475947 m2 0.0426793 0.0790357 0.0586657 0 0.0120565
1231184 682415 m2 0.0194223 -0.0896202 -0.172308 0 0.0396321
1231184 222818 m2 0.0846116 -0.157422 -0.285285 -0.0655298 0
1231184 647446 m2 0.0214641 -0.12237 -0.311466 -0.0505802 0
1231184 93115 m2 0.0108566 0.12132 -0.143744 0 -0.0268734
1231184 529116 m2 0.0169821 -0.131937 -0.0569179 0 0.00194362
1231184 712012 m2 0.0131474 -0.164346 -0.0508004 0 0.0394807
1231184 328529 m2 0.120468 -0.036167 0.0755752 0 -0.00904059
1231184 746077 m2 0.0509462 0.186864 -0.0172495 0.0331676 0
1231184 516439 m2 0.115388 0.014625 0.0640876 0 -0.0221421
1231184 647168 m2 0.0177291 -0.00842691 0.0344346 0.0140181 0
1231184 119192 m2 0.0769422 -0.00445371 0.15158 0 0.0165297
1231184 700505 m2 0.014741 0.299792 -0.426447 0.0740813 0
1231184 136280 m2 0.0874004 0.192737 0.0851516 0.0592296 0
1231184 265242 m2 0.052241 0.00178434 0.0805959 -0.0067688 0
1231184 236972 m2 0.370269 0.458322 -0.473143 0 0.0230245
1231184 742164 m2 0.0103586 -0.0465844 -0.0516079 0.00962029 0
1231184 239394 m2 0.088994 -0.131901 -0.0590069 0 -0.0226926
1231184 535143 m2 0.0323207 -0.0955806 -0.108949 0.00153351 0
1231184 374926 m2 0.0366036 0.00939829 0.188153 0.067839 0
1231184 764951 m2 0.0244522 -0.0436472 -0.0571532 -0.0311949 0
1231184 206025 m2 0.12261 -0.0822388 -0.215002 0 -0.0338176
1231184 735789 m2 0.0358566 0.0883948 -0.121295 0 0.0219539
1231184 365721 m2 0.120966 0.00327278 -0.119581 0.0158852 0
1231184 21950 m2 0.0678785 0.00741492 0.156429 0 0.026694
1231184 664597 m2 0.0166335 0.0111024 0.0243808 -0.0571268 0
1231184 767489 m2 0.0225598 0.0517502 0.0593808 0.0117359 0
1231184 601109 m2 0.0599104 -0.156984 -0.140179 -0.0486208 0
1231184 306040 m2 0.0662849 -0.126465 -0.49672 0 -0.058821
1231184 644956 m2 0.0104084 -0.107205 0.0429301 0.045728 0
1231184 776073 m2 0.0158367 -0.0968999 0.0358604 0 -0.0300285
1231184 789781 m2 0.040488 -0.0261201 -0.063037 0.0253019 0
1231184 81411 m2 0.0579681 -0.035778 -0.658143 0 0.00774311
1231184 14749 m2 0.0434263 0.0135397 -0.600156 0.0220639 0
1231184 142819 m2 0.0143426 -0.129268 -0.479725 0 -0.0606694
1231184 461096 m2 0.408018 0.271021 -0.558375 0.0557705 0
1231184 487625 m2 0.105777 0.02901 -0.160701 0.0215472 0
1231184 201818 m2 0.390986 0.592011 0.182627 0.0742775 0
1231184 474003 m2 0.0398406 0.117355 -0.68851 0.0557239 0
1231184 584471 m2 0.108018 -0.00997963 -0.199105 0.0388889 0
1231184 758519 m2 0.0279382 -0.054186 0.0198077 0 0.0291894
1231184 522812 m2 0.0459661 -0.1901 0.133282 -0.0579846 0
1231184 507544 m2 0.0661853 0.168674 -0.351981 0.022789 0
1231184 275458 m2 0.026245 -0.106186 -0.275381 0 -0.0365894
1231184 84444 m2 0.118177 0.144841 0.417065 0 0.0380467
1231184 383198 m2 0.0583665 -0.1624 0.0688825 -0.0774192 0
1231184 761614 m2 0.012002 0.172299 -0.0650756 0.129775 0
1231184 400460 m2 0.0779382 -0.00169923 -0.213575 0 -0.0371455
1231184 393308 m2 0.0825697 0.0575827 0.0902047 0.0170158 0
1231184 589181 m2 0.0836155 -0.0509938 -0.361502 0 -0.042699
1231184 21102 m2 0.0872012 0.0716701 -0.739517 -0.0130408 0
1231184 771061 m2 0.0102092 0.0795457 0.153244 0 0.0374776
1231184 169465 m2 0.0787849 -0.0649131 -0.19478 -0.0332554 0
1231184 438530 m2 0.109512 -0.135916 -0.0500969 -0.0407253 0
1231184 116497 m2 0.0391434 -0.113843 -0.329182 0 -0.013972
1231184 772182 m2 0.0225598 -0.218335 -0.0942649 0 0.0366726
1231184 221667 m2 0.110309 -0.121286 0.341417 -0.0567105 0
1231184 710535 m2 0.0154382 0.199232 -0.14084 0 0.0168407
1231184 644127 m2 0.0354084 -0.0685931 -0.142699 0 0.00302249
1231184 331132 m2 0.0184761 0.014698 -0.17986 -0.0148615 0
1231184 574481 m2 0.0154382 -0.0914288 -0.0560875 0 -4.88551e-05
1231184 715065 m2 0.0141434 0.066591 -0.286231 0.0122296 0
1231184 390757 m2 0.0621514 -0.0339077 -0.227295 -0.0238105 0
1231184 188706 m2 0.0441235 -0.179165 -0.00404172 -0.0329132 0
1231184 642440 m2 0.0351594 0.0595161 -0.408494 0 -0.0122576
1231184 244851 m2 0.048506 0.0606687 -0.158277 0 -0.0296955
1231184 479722 m2 0.0396912 -0.179011 -0.0505956 -0.101774 0
1231184 329787 m2 0.0496016 -0.153098 -0.272134 0 0.00996713
1231184 797017 m2 0.0207669 0.0383563 -0.0515423 0 0.000906628
1231184 109020 m2 0.29253 0.0999405 -0.0735967 0 -0.00594493
1231184 674138 m2 0.0435259 -0.0437475 -0.100359 0 0.00383245
1231184 647942 m2 0.0124004 -0.0475162 -0.12883 0 -0.0236685
1231184 626296 m2 0.027739 -0.105352 -0.167734 -0.0483553 0
1231184 780994 m2 0.0136454 0.200127 -0.209044 0 -0.00748105
1231184 617456 m2 0.0292331 -0.0185682 -0.317084 0 -0.053542
1231184 125863 m2 0.0215637 0.256567 -0.234364 0.0323909 0
1231184 627700 m2 0.0380478 0.142571 -0.257105 0.0439898 0
1231184 604801 m2 0.0199203 0.153811 -0.135855 0 -0.0177218
1231184 294306 m2 0.0206175 0.11571 0.175938 0 0.0166832
1231184 160698 m2 0.131723 0.0797319 -0.132523 0.0295512 0
1231184 766893 m2 0.0338147 0.101537 -0.069869 0.0373433 0
1231184 701605 m2 0.0142928 -0.0620179 -0.25322 0 -0.0297617
1231184 351631 m2 0.0697211 -0.00988278 0.547956 -0.0398872 0
1231184 46488 m2 0.0126494 0.045059 -0.107498 0 0.00407522
1231184 771044 m2 0.0249004 0.0931219 -0.335754 -0.0296078 0
1231184 424625 m2 0.0565737 0.0631596 0.422719 0.118284 0
1231184 770777 m2 0.0124004 -0.158399 -0.282018 0 0.00535071
1231184 347727 m2 0.0558267 0.018201 -0.227103 -0.000880068 0
1231184 572868 m2 0.111952 0.219 -0.0484013 0.0289958 0
1231184 365692 m2 0.0139442 -0.119965 -0.156649 0 -0.00215004
1231184 630167 m2 0.0840637 0.102031 0.0711554 0.0256431 0
1231184 668682 m2 0.0172809 0.165816 0.0687121 0 0.0496132
1231184 499875 m2 0.0580677 -0.0479246 -0.0170277 0 -0.00719289
1231184 761012 m2 0.0188745 -0.046549 -0.0556248 0 -0.0321971
1231184 684304 m2 0.124552 -0.0559906 -0.0392294 0 0.0175329
1231184 802484 m2 0.0154382 -0.154887 -0.0564021 -0.0781318 0
1231184 473462 m2 0.10488 0.0233769 0.336676 0 -0.00463204
1231184 576953 m2 0.0672311 0.0634065 0.0802077 0 -0.0203616
1231184 436867 m2 0.026992 -0.0146877 -0.301161 0.0434882 0
1231184 788334 m2 0.0117032 0.175249 -0.0477414 0 -0.0108596
1231184 322090 m2 0.0812749 0.000871344 -0.330588 0 -0.0314169
1231184 749662 m2 0.0327689 -0.143271 -0.0485078 0 0.00757681
1231184 778214 m2 0.0218127 0.131244 -0.323683 0.0513906 0
1231184 148705 m2 0.0463147 -0.0771612 -0.437189 -0.0552507 0
1231184 753582 m2 0.0220618 0.202907 -0.518236 0 -0.0561895
1231184 165065 m2 0.0411853 0.0778799 -0.51936 0.063336 0
1231184 737194 m2 0.0500996 -0.107434 -0.174151 0 -0.000642741
1231184 776268 m2 0.013745 0.0906681 -0.155911 -0.00680874 0
1231184 684882 m2 0.0211155 -0.0631224 -0.166729 0 -0.028867
1231184 436265 m2 0.0655876 0.016883 -0.201218 0.013079 0
1231184 38981 m2 0.123506 -0.0696983 -0.367692 0 -0.0209445
1231184 545193 m2 0.0350598 -0.176307 -0.193246 0 0.0132625
1231184 404731 m2 0.0736056 -0.19539 -0.178357 -0.158248 0
1231184 613814 m2 0.0255478 -0.0849618 -0.168164 -0.0558875 0
1231184 382858 m2 0.122809 0.0337936 -0.0455712 0 -0.0149842
1231184 396856 m2 0.0820219 -0.171187 -0.338518 -0.127184 0
1231184 806555 m2 0.0156873 0.0559773 -0.375772 0 -0.0265884
1231184 79661 m2 0.0434263 0.0508967 -0.143202 0 -0.0285229
1231184 609420 m2 0.0316235 0.0179407 -0.133777 0 0.0203162
1231184 679629 m2 0.0384462 0.0496196 -0.194284 -0.0587479 0
1231184 712527 m2 0.0207669 -0.162938 -0.0523182 0 -0.0220702
1231184 50620 m2 0.0856076 0.113028 -0.748082 0.046961 0
1231184 591351 m2 0.013496 -0.123617 -0.0543257 0 0.0241193
1231184 725830 m2 0.0179781 0.0043753 -0.0525932 -0.00306027 0
1231184 792252 m2 0.0103586 0.0819666 -0.163666 0 0.0708984
1231184 561037 m2 0.0491036 -0.0955204 -0.694786 0 -0.0228909
1231184 716149 m2 0.0224104 -0.159856 -0.173562 -0.0459709 0
1231184 521889 m2 0.0962649 -0.0302545 -0.00010578 -0.0627418 0
1231184 693517 m2 0.013994 0.126763 -0.146678 0.0180092 0
1231184 576166 m2 0.0680777 -0.0307882 -0.0572691 0 0.00862183
1231184 646542 m2 0.0690737 0.0814426 -0.420637 0.0911125 0
1231184 200673 m2 0.0741534 0.231246 0.0165246 0.059548 0
1231184 705704 m2 0.0483068 0.0013984 -0.145314 0 -0.0138624
1231184 585820 m2 0.0172311 -0.0712122 -0.195941 -0.0353351 0
1231184 561033 m2 0.0346614 0.11895 -0.274104 0.0314398 0
1231184 183768 m2 0.0823705 -0.0195842 -0.748437 0 -0.0203211
1231184 566566 m2 0.0638944 0.0651481 -0.687045 0.04876 0
1231184 754033 m2 0.0168825 0.146805 -0.253223 0.0426061 0
1231184 634173 m2 0.0187251 0.174976 -0.174543 0.0581345 0
1231184 177427 m2 0.162102 0.115002 -0.131778 0.0385513 0
1231184 728402 m2 0.0223606 0.0462866 -0.231482 0 0.00841272
1231184 726947 m2 0.0143426 0.0681777 -0.0434783 0 -0.011033
1231184 286192 m2 0.326096 0.276145 -0.590518 0.0476175 0
1231184 613286 m2 0.0424303 -0.0383462 -0.190004 0.000189341 0
1231184 455748 m2 0.0481076 0.0945837 -0.142202 0.0268209 0
1231184 400678 m2 0.03999 0.00953613 -0.0257287 0 -0.0296917
1231184 479687 m2 0.129034 0.158603 -0.381135 0 -0.0017842
1231184 680706 m2 0.0104084 0.150924 -0.0450386 0.0710801 0
1231184 750757 m2 0.01001 -0.0691836 -0.309032 -0.0193067 0
1231184 481313 m2 0.0157371 0.19414 0.0416943 0.065808 0
1231184 594989 m2 0.0333167 -0.12264 -0.182704 0 0.00870115
1231184 613801 m2 0.0510458 0.0124364 -0.20338 0 -0.0209932
1231184 269026 m2 0.117928 -0.134298 -0.2097 0 -0.0226261
1231184 783134 m2 0.0174303 0.14328 -0.290201 0 -0.0105619
1231184 642694 m2 0.0318725 -0.140848 -0.174346 -0.0060106 0
1231184 234723 m2 0.142729 -0.0391663 -0.365986 0 -0.00121017
1231184 62155 m2 0.166434 0.184228 -0.753797 0 -0.00810026
1231184 534462 m2 0.150797 0.120272 -0.26485 0.0185573 0
1231184 450992 m2 0.0711653 0.0360451 -0.693437 -0.0471645 0
1231184 649565 m2 0.0398904 0.0473529 -0.211444 -0.0182785 0
1231184 799210 m2 0.0194223 -0.196498 -0.229986 -0.0662123 0
1231184 638614 m2 0.0169821 0.204306 -0.59572 0.0211025 0
1231184 642973 m2 0.0242032 0.102549 -0.166368 0 0.0217258
1231184 707336 m2 0.0240538 0.211371 -0.129119 0.00426262 0
1231184 292262 m2 0.138446 -0.00718451 -0.774191 0 -0.0155032
1231184 507189 m2 0.0334163 -0.0982147 -0.172901 -0.0780418 0
1231184 738813 m2 0.02251 0.150821 -0.208776 0 0.0352593
1231184 200414 m2 0.0571713 -0.0478009 -0.685283 -0.034677 0
1231184 708937 m2 0.0133466 -0.100086 -0.0633015 0.000252763 0
1231184 542115 m2 0.0140438 -0.148318 -0.25105 -0.0531715 0
1231184 319605 m2 0.0368028 0.0137569 -0.292577 0 -0.0121557
1231184 424895 m2 0.0115538 -0.10084 0.0157328 0.0105711 0
1231184 275892 m2 0.0882968 0.006469 -0.713468 0 -0.0968683
1231184 86355 m2 0.179333 0.0198313 -0.80198 0.00760033 0
1231184 97203 m2 0.0308267 -0.00271251 -0.563049 0.00166157 0
1231184 353561 m2 0.120418 -0.0345547 -0.583347 0 -0.012102
1231184 565121 m2 0.0173805 0.159146 -0.28659 0.0945887 0
1231184 441463 m2 0.120418 0.198767 -0.749677 0.0938038 0
1231184 143921 m2 0.132869 -0.136451 -0.362512 -0.0431564 0
1231184 213974 m2 0.0437251 -0.179288 -0.337585 -0.0238387 0
1231184 665322 m2 0.022012 0.0557844 -0.166645 0 -0.0296865
1231184 712493 m2 0.0143426 0.0681777 -0.0434783 0.00721818 0
1231184 384747 m2 0.0548307 0.245783 -0.381478 0.0128646 0
1231184 631315 m2 0.0109064 0.111383 -0.272851 0.00306648 0
1231184 537700 m2 0.0251992 -0.161484 -0.0568425 -0.112647 0
1231184 250335 m2 0.0392928 -0.189229 -0.180563 0 -0.0660262
1231184 250585 m2 0.163446 -0.0234009 -0.830757 0 0.0294434
1231184 707064 m2 0.0133964 0.0690828 -0.0477398 -0.0118636 0
1231184 438218 m2 0.0356076 0.103226 0.137109 0.00855194 0
1231184 94396 m2 0.111604 0.143853 -0.7466 0.0333087 0
1231184 759357 m2 0.022261 -0.022893 -0.286301 0 -0.0543091
1231184 581618 m2 0.0361056 0.0194601 -0.326393 0 -0.084365
1231184 524604 m2 0.0609562 -0.211751 -0.657682 0 0.0176015
1231184 568434 m2 0.0178785 -0.094558 -0.53026 -0.00591161 0
1231184 164708 m2 0.159163 -0.13073 -0.784545 -0.0161574 0
1231184 331597 m2 0.0207669 -0.0271219 -0.517651 0 -0.0439843
1231184 93023 m2 0.106723 0.0200623 -0.352899 0 -0.0445385
1231184 642686 m2 0.0116534 -0.106125 -0.157966 0.0338539 0
1231184 628747 m2 0.0401394 0.126957 -0.607552 0.0152487 0
1231184 92177 m2 0.0353586 0.0637933 -0.157999 0 -0.0114546
1231184 777100 m2 0.0132968 -0.0144425 -0.049568 0 -0.0426235
1231184 599130 m2 0.014492 -0.124929 -0.483044 -0.0944596 0
1231184 489208 m2 0.050498 0.0776495 -0.1028 0.0264971 0
1231184 390976 m2 0.0155378 -0.0852257 -0.280348 -0.0795602 0
1231184 475304 m2 0.0307271 -0.13611 -0.18067 -0.0293071 0
1231184 400147 m2 0.0546315 0.0479055 -0.667435 0.0280518 0
1231184 341646 m2 0.0444721 -0.100966 -0.692547 0 0.00906298
1231184 512134 m2 0.0933267 0.0463173 -0.785939 0.000654318 0
1231184 477502 m2 0.0199701 -0.116334 -0.637146 0.00582824 0
1231184 408697 m2 0.0250498 -0.0227344 -0.529736 0 -0.0536321
1231184 210908 m2 0.0556773 0.118712 -0.352993 0.058153 0
1231184 344045 m2 0.0963645 -0.0523632 -0.707287 0 0.00211317
1231184 447925 m2 0.0526394 -0.0476778 -0.651008 0 -0.0441098
1231184 475570 m2 0.0527888 0.15213 -0.334906 0 -0.0553013
1231184 527605 m2 0.0355578 -0.0859078 -0.672195 0 -0.0227907
1231184 263204 m2 0.105378 -0.00393275 -0.307378 0 -0.017019
1231184 153376 m2 0.0503486 -0.0977906 -0.276758 0 -0.0264343
1231184 623005 m2 0.0483566 0.108407 -0.631737 0 -0.00861051
1231184 350975 m2 0.0241036 -0.103188 -0.168569 0 -0.00461616
1231184 276151 m2 0.062749 0.0499395 -0.68842 0 -0.0760679
1231184 763504 m2 0.0185757 0.0469133 -0.158915 0 0.0188373
1231184 379207 m2 0.0852092 -0.194231 -0.615056 -0.0239266 0
1231184 544895 m2 0.0509462 -0.0443477 -0.654543 -0.0188627 0
1231184 546530 m2 0.0288347 -0.159366 -0.514503 0 -0.00764588
1231184 481779 m2 0.0473606 -0.0985158 -0.673882 -0.0281557 0
1231184 683978 m2 0.0371514 -0.0811914 -0.0728868 0 -0.00673623
1231184 199273 m2 0.211604 0.0699952 -0.881549 0.0555911 0
1231184 529301 m2 0.0984064 -0.0958663 -0.719354 -0.018719 0
1231184 735971 m2 0.0244024 0.143189 -0.453072 0 -0.0790004
1231184 668367 m2 0.0191733 0.153476 -0.478145 -0.0216352 0
1231184 513288 m2 0.0302291 -0.000723745 -0.664312 0.00113504 0
1231184 428292 m2 0.0538845 -0.0133411 -0.677196 0 -0.0528161
1231184 728662 m2 0.0143426 -0.0810512 -0.481921 0 0.0187235
1231184 207801 m2 0.161703 -0.122986 -0.403992 -0.0357373 0
1231184 509093 m2 0.0118028 0.110083 -0.493881 0.0350181 0
1231184 608831 m2 0.0181773 -0.0641998 -0.56618 0 0.0435653
1231184 514960 m2 0.0443725 -0.0981403 -0.417164 -0.110792 0
1231184 319293 m2 0.143476 0.00122507 -0.826544 0 -0.00436595
1231184 180410 m2 0.0305777 0.0271515 -0.674951 0 -0.0410737
1231184 554192 m2 0.0878486 -0.125912 -0.508281 -0.0519165 0
1231184 645681 m2 0.0375996 0.168446 -0.606031 0 -0.0133012
1231184 742910 m2 0.0103088 -0.0344574 -0.498377 -0.0129951 0
1231184 468449 m2 0.0128984 0.0786211 -0.283353 0 -0.0222553
1231184 757641 m2 0.0300797 -0.169826 -0.152821 0 -0.0585789
1231184 345414 m2 0.0261952 0.0674639 -0.556681 0.000466608 0
1231184 517407 m2 0.0142928 -0.0989734 -0.53185 -0.0436153 0
1231184 547577 m2 0.0611554 0.0367877 -0.687287 0.0382622 0
1231184 618005 m2 0.023008 0.0697641 -0.297741 -0.0333582 0
1231184 437402 m2 0.151544 0.147203 -0.615989 0.0188594 0
1231184 426961 m2 0.0280876 -0.0503294 -0.446136 0 -0.0158211
1231184 425940 m2 0.0495518 -0.00473776 -0.282598 -0.0550808 0
1231184 648168 m2 0.0675299 -0.188989 -0.584862 -0.0229719 0
1231184 422682 m2 0.0663845 0.313087 -0.518845 0.112821 0
1231184 222714 m2 0.190189 0.116891 -0.778129 -0.00422019 0
1231184 211761 m2 0.0681275 -0.0269314 -0.7201 0 -0.0163406
1231184 528742 m2 0.0203685 -0.159014 -0.383325 -0.00125263 0
1231184 564003 m2 0.0348108 0.0135235 -0.476993 0 -0.00544359
1231184 657215 m2 0.0319223 -0.0343105 -0.444644 0 0.000465853
1231184 272096 m2 0.182869 0.300675 -0.0157275 0.0261371 0
1231184 625930 m2 0.0263446 -0.0497444 -0.557927 0.0381702 0
1231184 381110 m2 0.0910857 -0.050045 -0.756815 0 -0.00687116
1231184 408189 m2 0.0150398 0.0146257 -0.608813 0 -0.0559728
1231184 215559 m2 0.0810757 -0.123367 -0.747673 -0.0332472 0
1231184 430864 m2 0.0179283 -0.168686 -0.355246 0 -0.0129309
1231184 428595 m2 0.0823207 0.0387943 -0.160563 0.0669556 0
1231184 422639 m2 0.0833665 -0.0504239 -0.717098 -0.0373719 0
1231184 258199 m2 0.0248008 0.204114 0.308762 0 0.0221653
1231184 434829 m2 0.0478088 0.0668447 -0.63462 0.0714846 0
1231184 460680 m2 0.0436753 -0.00446736 -0.44833 0 -0.0814147
1231184 452123 m2 0.0304781 0.0674964 -0.630537 0 0.00462027
1231184 302575 m2 0.178685 -0.109379 -0.842356 0 -0.0292883
1231184 450465 m2 0.0608566 -0.194384 -0.673655 0 0.00393508
1231184 281954 m2 0.0330677 0.0916072 -0.454053 -0.014025 0
1231184 738175 m2 0.0127988 -0.159525 -0.552985 0 -0.0133084
1231184 248636 m2 0.0175797 -0.0601281 -0.41396 0 0.0116501
1231184 312568 m2 0.0446215 -0.120721 -0.104742 0.00992726 0
1231184 227447 m2 0.200697 0.123109 -0.598974 0 0.0126065
1231184 691813 m2 0.0183267 0.02976 -0.177796 -0.00872003 0
1231184 415174 m2 0.0217131 0.00323149 -0.10106 0.0701569 0
1231184 730056 m2 0.0305279 -0.0567842 -0.17613 -0.0307624 0
1231184 489163 m2 0.0504482 -0.173842 -0.653107 -0.0872401 0
1231184 589382 m2 0.0505976 0.00782796 -0.674693 -0.0366922 0
1231184 789698 m2 0.0238546 -0.163584 -0.172785 -0.0344303 0
1231184 478256 m2 0.0530876 -0.0244433 -0.23349 0.0366551 0
1231184 361516 m2 0.0275398 -0.192184 -0.614013 0 -0.00695224
1231184 354880 m2 0.0164343 0.0220116 -0.173094 0 -0.0219425
1231184 347057 m2 0.0638446 0.0616741 -0.318713 0.0633568 0
1231184 660290 m2 0.0180777 -0.172233 -0.550663 -0.0131279 0
1231184 295087 m2 0.0476096 -0.062163 -0.664913 0 -0.0379545
1231184 446194 m2 0.0621016 -0.0481187 -0.512061 0 0.0150119
1231184 315901 m2 0.12998 0.0846446 -0.401048 -0.00612986 0
1231184 697576 m2 0.0332171 -0.0913258 -0.388516 -0.036502 0
1231184 383066 m2 0.0254482 -0.156886 -0.079462 0 -0.0106288
1231184 455137 m2 0.196066 -0.00739903 -0.73911 0.00288721 0
1231184 578321 m2 0.036504 -0.131935 -0.402481 -0.00630247 0
1231184 359285 m2 0.0469124 0.0127232 -0.652244 0 -0.0587682
1231184 662170 m2 0.0197709 0.145353 -0.455454 0 0.0579975
1231184 681466 m2 0.0304781 0.167039 -0.433856 0.0336353 0
1231184 611381 m2 0.0322709 -0.153038 -0.258014 -0.066881 0
1231184 736562 m2 0.0447211 -0.117639 -0.666262 -0.0297188 0
1231184 762613 m2 0.0171813 0.011338 -0.53478 -0.0306476 0
1231184 670007 m2 0.0161355 0.0527449 -0.290112 0 0.00193906
1231184 630961 m2 0.0294323 -0.218399 -0.605496 0 0.0376819
1231184 707031 m2 0.0303287 -0.102959 -0.599766 0 0.0395061
1231184 771293 m2 0.0203187 -0.11938 -0.162884 -0.0589695 0
1231184 655046 m2 0.0327191 -0.106089 -0.486962 -0.0305228 0
1231184 672687 m2 0.0641932 0.125597 -0.753565 0.0284501 0
1231184 760105 m2 0.0289343 0.0597323 -0.534769 0 -0.0186839
1231184 726350 m2 0.0350598 -0.0917086 -0.356696 0.00243307 0
1231184 749274 m2 0.0513944 0.0727964 -0.714098 0 -0.00257232
1231184 791899 m2 0.0180279 -0.0497797 -0.442763 0.0214933 0
1231184 770692 m2 0.0158367 -0.0248264 -0.591024 0.0105283 0
