seed mutID muttype p cor_sal cor_temp mutSalEffect mutTempEffect
1231114 1584 m2 0.510956 -0.00450585 0.933129 0 0.195587
1231114 1980 m2 0.171663 0.00336107 -0.877316 0 -0.253589
1231114 2034 m2 0.0824203 -0.750083 0.0559315 -0.545143 0
1231114 1963 m2 0.197809 0.863194 -0.0179339 0.416849 0
1231114 1964 m2 0.127938 0.422476 -0.191622 0.0559378 0
1231114 2029 m2 0.142629 0.304969 0.700989 0 0.233785
1231114 2026 m2 0.106375 -0.445818 0.540369 0 0.198909
1231114 3023 m2 0.0103586 0.107712 -0.171051 0.041952 0
1231114 3133 m2 0.171514 -0.432506 -0.192578 -0.259027 0
