seed mutID muttype p cor_sal cor_temp mutSalEffect mutTempEffect
1231170 777831 m2 0.01085 -0.112712 0.478636 0 0.014771
1231170 760230 m2 0.01625 0.0123852 0.52635 0 0.0123085
1231170 316428 m2 0.0958 -0.082088 0.782615 0 0.0344129
1231170 3828 m2 0.07365 0.0147108 0.610635 0 -0.000416648
1231170 768814 m2 0.0115 -0.0220254 0.53794 0 -0.0298671
1231170 611463 m2 0.01815 0.039242 0.386775 0 -0.00178834
1231170 558938 m2 0.0152 0.0426354 0.341037 0 -0.0404565
1231170 264034 m2 0.12515 0.0223739 0.865642 0 0.0123556
1231170 699759 m2 0.01495 0.0876812 0.613708 0 0.0184673
1231170 590658 m2 0.0284 0.0579612 0.574477 0 0.00725064
1231170 707833 m2 0.0339 0.0374269 0.596473 0 0.0194117
1231170 279497 m2 0.12925 0.00728361 0.532598 0 0.0177361
1231170 747776 m2 0.011 -0.00480488 0.531173 0 -0.044118
1231170 731473 m2 0.0205 -0.0997347 0.474257 0 -0.0392176
1231170 470905 m2 0.03005 0.0438161 0.611172 0 -0.00217459
1231170 562459 m2 0.0595 0.0599217 0.400151 0 0.036832
1231170 765201 m2 0.02725 -0.0311531 0.659675 0 0.0246949
1231170 578433 m2 0.0255 -0.0245092 0.529912 0 0.0157695
1231170 484393 m2 0.0328 0.00387858 0.554911 0 0.00983373
1231170 628949 m2 0.0204 0.0510448 0.638322 0 -0.00447892
1231170 448494 m2 0.0151 -0.092198 0.500158 0 -0.010037
1231170 461056 m2 0.02675 -0.0490012 0.631143 0 0.0329811
1231170 306007 m2 0.0338 -0.0488234 0.598713 0 0.0312901
1231170 616434 m2 0.0346 -0.0319708 0.595224 0 0.00784491
1231170 562737 m2 0.0182 -0.0916577 0.613016 0 0.0296979
1231170 740357 m2 0.011 -0.0937003 0.5511 0 0.0451557
1231170 481879 m2 0.04465 -0.0242133 0.63649 0 0.0201111
1231170 465892 m2 0.0144 -0.0136127 0.418303 0 0.000561919
1231170 772013 m2 0.01375 -0.0216851 0.474748 0 0.0471142
1231170 317276 m2 0.0353 0.0530286 0.648654 0 0.0458389
1231170 615571 m2 0.0234 0.0674974 0.70407 0 0.0491281
1231170 655224 m2 0.0301 0.00953036 0.723747 0 -0.00328845
1231170 746932 m2 0.0184 0.0102987 0.518821 0 0.00101736
1231170 324843 m2 0.036 0.041863 0.592716 0 0.0319589
1231170 208303 m2 0.1815 0.0565503 0.782734 0 0.0264735
1231170 318846 m2 0.0265 0.0456664 0.556098 0 0.0124247
1231170 658734 m2 0.0219 -5.74463e-05 0.519062 0 0.00710435
1231170 239036 m2 0.1016 0.0284496 0.838199 0 0.0395036
1231170 720936 m2 0.0156 0.00781622 0.543258 0 -0.0327981
1231170 760209 m2 0.01015 -0.0478187 0.486274 0 0.0199046
1231170 168859 m2 0.0114 0.032136 0.627791 0 -0.0156844
1231170 21184 m2 0.01155 -0.158479 0.199291 0 -0.00284978
1231170 199197 m2 0.03185 -0.0302814 0.660144 0 0.0314879
1231170 185207 m2 0.0308 -0.0438287 0.647145 0 0.000592299
1231170 763260 m2 0.0108 0.070392 0.468129 0 0.00955229
1231170 256315 m2 0.243 -0.010331 0.847488 0 0.0187508
1231170 599995 m2 0.0525 -0.105744 0.659959 0 -0.0469409
1231170 3218 m2 0.0244 0.0244055 0.646447 0 0.0255258
1231170 560558 m2 0.0451 -0.0272214 0.626648 0 0.00453324
1231170 726772 m2 0.0197 0.0860451 0.566009 0 -0.00555091
1231170 638649 m2 0.04305 0.0531682 0.585751 0 -0.0107239
1231170 685217 m2 0.0127 0.0867519 0.492927 0 -0.00681817
1231170 202506 m2 0.0347 -0.109905 0.305983 0 0.0310057
1231170 755024 m2 0.0151 0.0402213 0.500033 0 0.0339972
1231170 334720 m2 0.07125 0.0106565 0.657989 0 0.025916
1231170 511640 m2 0.08635 -0.0304433 0.590285 0 0.0130785
1231170 134194 m2 0.12215 -0.00811094 0.710425 0 0.00388813
1231170 642825 m2 0.0164 -0.0411848 0.486605 0 0.0491865
1231170 596429 m2 0.02025 0.052002 0.519108 0 0.0151679
1231170 590083 m2 0.0128 0.0087007 0.604483 0 0.000851982
1231170 16680 m2 0.257 0.00608004 0.869503 0 0.0097988
1231170 480463 m2 0.06555 -0.00487018 0.537807 0 0.0104782
1231170 703885 m2 0.03035 -0.0284765 0.493217 0 0.0105133
1231170 611702 m2 0.01045 0.045199 0.566083 0 -0.0386867
1231170 706067 m2 0.0216 -0.070506 0.556468 0 0.037548
1231170 492412 m2 0.0155 -0.014621 0.55206 0 -0.02246
1231170 359317 m2 0.0681 -0.0089997 0.538644 0 0.0371293
1231170 753549 m2 0.01955 0.0556979 0.523543 0 -0.0578547
1231170 296222 m2 0.0254 0.0490814 0.552564 0 0.0238601
1231170 342993 m2 0.05255 0.0700087 0.435426 0 0.00566342
1231170 549155 m2 0.01865 0.0624236 0.669042 0 0.0354729
1231170 309283 m2 0.17165 -0.00464882 0.649233 0 0.049769
1231170 674015 m2 0.02005 0.00274344 0.637862 0 -0.023264
1231170 472785 m2 0.0589 0.0502413 0.763976 0 0.00416835
1231170 614492 m2 0.01465 0.0933579 0.487693 0 0.0352767
1231170 170736 m2 0.01575 -0.0621789 0.116603 0 0.00704476
1231170 588639 m2 0.0178 -0.0144874 0.497284 0 -0.0201772
1231170 654933 m2 0.0141 0.0783118 0.500523 0 0.00465671
1231170 328201 m2 0.1854 0.000694636 0.681866 0 0.0146693
1231170 689572 m2 0.0103 -0.102038 0.474649 0 -0.0282632
1231170 399520 m2 0.01525 0.0892602 0.497743 0 -0.0544259
1231170 494839 m2 0.0313 -0.0130151 0.621288 0 0.0424268
1231170 384609 m2 0.02245 0.0822136 0.424361 0 0.00405415
1231170 753260 m2 0.0153 0.00972203 0.499719 0 -0.0255931
1231170 559970 m2 0.0151 -0.127256 0.572267 0 -0.0155828
1231170 632562 m2 0.01355 -0.00203807 0.514192 0 -0.0304973
1231170 693439 m2 0.01325 0.0239829 0.582129 0 -0.00971997
1231170 562424 m2 0.01015 -0.0287871 0.540893 0 0.00565799
1231170 362696 m2 0.1773 -0.0065254 0.785112 0 0.0193064
1231170 44758 m2 0.11705 0.00307658 0.761973 0 0.00930492
1231170 492101 m2 0.01335 0.00922343 0.575992 0 -0.0183773
1231170 179287 m2 0.0199 -0.0746117 0.730647 0 -0.00202703
1231170 222190 m2 0.0155 -0.0705138 0.565603 0 0.00131732
1231170 173578 m2 0.04805 0.0177799 0.608872 0 -0.00451248
1231170 625898 m2 0.0539 0.030134 0.690367 0 0.0120897
1231170 592301 m2 0.01865 0.00254496 0.502313 0 -0.00221197
1231170 779119 m2 0.0138 0.0232151 0.511075 0 -0.0457902
1231170 781842 m2 0.01395 -0.0411062 0.499521 0 -0.0115847
1231170 501987 m2 0.0104 -0.0675506 0.499011 0 -0.00702856
1231170 82898 m2 0.02775 -0.10198 0.572359 0 0.0194874
1231170 166887 m2 0.1716 0.0446547 0.730466 0 -0.0055883
1231170 722258 m2 0.03265 0.0612616 0.558194 0 0.0268707
1231170 554416 m2 0.0168 0.0584145 0.629705 0 0.00728817
1231170 633653 m2 0.0191 0.143368 0.473419 0 -0.0572686
1231170 659274 m2 0.02045 0.0947024 0.573917 0 0.00550339
1231170 770369 m2 0.0163 -0.0258188 0.498614 0 -0.0214341
1231170 714130 m2 0.01815 -0.00919095 0.492368 0 -0.00639393
1231170 189755 m2 0.0933 -0.0807216 0.820822 0 0.0261588
1231170 666116 m2 0.02325 -0.000292998 0.541737 0 0.0107142
1231170 96272 m2 0.128 -0.0348493 0.707425 0 0.0195922
1231170 352360 m2 0.01915 -0.0312995 0.584064 0 0.0411586
1231170 424774 m2 0.0128 -0.00669429 0.411844 0 0.0571386
1231170 495671 m2 0.0153 0.0934376 0.381249 0 -0.000856367
1231170 454140 m2 0.0385 0.0513454 0.601804 0 -0.0300379
1231170 269871 m2 0.0396 0.0250048 0.647379 0 0.0162943
1231170 104273 m2 0.0292 -0.0900487 0.518165 0 -0.00870925
1231170 538184 m2 0.0307 0.0606078 0.270265 0 -0.0252653
1231170 601383 m2 0.021 -0.00875422 0.53278 0 -0.00595516
1231170 534796 m2 0.06195 0.0448135 0.568721 0 -0.0155511
1231170 489445 m2 0.0325 -0.04236 0.64942 0 -0.00516533
1231170 564609 m2 0.02255 0.0112107 0.601519 0 -0.00109643
1231170 196405 m2 0.0939 0.00948118 0.60305 0 0.0085119
1231170 388420 m2 0.0292 -0.0399572 0.64378 0 0.0300922
1231170 572596 m2 0.04455 -0.0145143 0.705091 0 0.0463908
1231170 420058 m2 0.0113 0.0961871 0.603311 0 0.0487909
1231170 110184 m2 0.22895 0.00391037 0.63955 0 0.0366266
1231170 783472 m2 0.0149 -0.0451306 0.503232 0 0.0327001
1231170 692260 m2 0.01415 0.0692981 0.570793 0 0.0240014
1231170 254463 m2 0.08645 0.128619 0.687513 0 0.032476
1231170 685177 m2 0.0249 0.0275921 0.509263 0 -0.0130179
1231170 94004 m2 0.09785 0.0385131 0.766562 0 0.0115263
1231170 685176 m2 0.0127 0.0666062 0.553796 0 -0.06067
1231170 480429 m2 0.01395 -0.0438113 0.294187 0 0.0305802
1231170 303567 m2 0.04295 -0.0653837 0.558889 0 0.0456997
1231170 620752 m2 0.0501 0.0734975 0.649112 0 -0.0279909
1231170 380511 m2 0.0776 0.0104873 0.67717 0 -0.00737082
1231170 521130 m2 0.04215 0.048429 0.663045 0 0.0275404
1231170 621301 m2 0.01725 -0.022817 0.393684 0 -0.046756
1231170 130082 m2 0.10525 0.0418316 0.647272 0 0.001037
1231170 755798 m2 0.01085 -0.0375065 0.495439 0 0.00204565
1231170 432114 m2 0.11815 0.00733767 0.724188 0 0.032751
1231170 422264 m2 0.03415 0.0823789 0.711676 0 0.0149075
1231170 37342 m2 0.1585 -0.0132873 0.857099 0 0.0164471
1231170 390901 m2 0.0144 0.0601361 0.330782 0 0.0230301
1231170 70993 m2 0.38255 0.000126124 0.866244 0 0.0307304
1231170 795502 m2 0.012 0.0996279 0.70056 0 -0.00450808
1231170 453335 m2 0.01195 -0.00382568 0.567138 0 -0.02328
1231170 767940 m2 0.01535 0.0848297 0.499155 0 -0.0190058
1231170 647923 m2 0.01695 -0.00187125 0.542416 0 0.0680274
1231170 762122 m2 0.0116 -0.0658179 0.478372 0 0.0152571
1231170 640014 m2 0.0137 -0.0511472 0.304775 0 0.0283783
1231170 662277 m2 0.0138 -0.0724589 0.429267 0 -0.00349601
1231170 347020 m2 0.12075 0.00310904 0.742484 0 0.0511081
1231170 77073 m2 0.23285 0.018595 0.664722 0 0.0356535
1231170 654628 m2 0.0109 -0.0526132 0.413944 0 0.0236533
1231170 657630 m2 0.01055 -0.00597229 0.413696 0 0.0371118
1231170 491840 m2 0.015 0.00374021 0.553998 0 0.0632287
1231170 436760 m2 0.0624 0.00609842 0.680235 0 -0.00100309
1231170 359273 m2 0.08885 0.0614731 0.761851 0 0.0282916
1231170 278587 m2 0.0711 -0.0484737 0.395764 0 0.0332347
1231170 549124 m2 0.0322 -0.0750524 0.699375 0 -0.0414374
1231170 76272 m2 0.1319 -0.00943055 0.804612 0 0.026925
1231170 529589 m2 0.07235 0.00907413 0.346439 0 -0.005887
1231170 427923 m2 0.21755 -0.00994942 0.793559 0 0.00740192
1231170 488601 m2 0.06505 -0.0569178 0.585857 0 0.0204325
1231170 165758 m2 0.07795 0.0458922 0.629284 0 0.00590957
1231170 279145 m2 0.02655 0.156275 0.346763 0 -0.00147208
1231170 171271 m2 0.04125 -0.0659005 0.73752 0 0.0189274
1231170 532619 m2 0.06145 -0.0320906 0.671434 0 0.0156773
1231170 285997 m2 0.0205 0.0670315 0.598109 0 0.00252894
1231170 368641 m2 0.1414 0.0464068 0.75013 0 0.00364561
1231170 159751 m2 0.02835 -0.0234264 0.74571 0 0.0247188
1231170 323936 m2 0.0419 0.0581416 0.690162 0 0.0536609
1231170 659779 m2 0.04235 -0.0166184 0.643231 0 0.00274164
1231170 466931 m2 0.01325 0.0594018 0.651778 0 -0.0034864
1231170 784205 m2 0.0123 -0.0089237 0.39696 0 -0.00784822
1231170 192553 m2 0.1115 0.00243738 0.647285 0 -0.0058507
1231170 645751 m2 0.0176 -0.0347981 0.423988 0 0.00623711
1231170 415699 m2 0.0844 0.0211256 0.7539 0 0.0335056
1231170 225471 m2 0.12585 -0.0250103 0.821315 0 0.0345614
1231170 90083 m2 0.18105 -0.0143445 0.731266 0 -0.0115137
1231170 624423 m2 0.0135 -0.0993139 0.176981 0 0.00718361
1231170 372204 m2 0.066 -0.0123192 0.564865 0 0.0285024
1231170 542238 m2 0.0283 0.0345073 0.401287 0 0.0117441
1231170 690325 m2 0.01095 0.035326 0.277656 0 -0.027883
1231170 227337 m2 0.1294 -0.0245542 0.815406 0 0.0383357
1231170 736384 m2 0.0113 -0.0718669 0.417663 0 -0.00359802
1231170 497296 m2 0.10195 0.0252916 0.710776 0 0.000269401
1231170 518392 m2 0.021 -0.0618351 0.655793 0 0.0170586
1231170 152042 m2 0.0707 -0.00968437 0.703947 0 -0.0117467
1231170 779081 m2 0.011 -0.0353726 0.67212 0 0.0362627
1231170 642506 m2 0.01915 0.00114651 0.481358 0 0.0183986
1231170 413342 m2 0.0138 0.0151418 0.692972 0 0.0599239
1231170 622098 m2 0.0371 0.0576895 0.668219 0 0.036492
1231170 732531 m2 0.01095 0.0715941 0.39372 0 0.00304789
1231170 221891 m2 0.02555 0.00425345 0.555887 0 -0.000176801
1231170 590022 m2 0.02885 -0.0969214 0.599235 0 0.0170063
1231170 517528 m2 0.01315 0.0356948 0.624995 0 0.0184062
1231170 13774 m2 0.03035 0.0630671 0.257087 0 0.0193822
1231170 457195 m2 0.0144 0.00619549 0.348182 0 0.0282409
1231170 651217 m2 0.03125 -0.0237798 0.619294 0 0.025694
1231170 559380 m2 0.0375 0.054554 0.47304 0 -0.00589831
1231170 302948 m2 0.05665 0.0972989 0.559547 0 0.0527875
1231170 591427 m2 0.06015 -0.00456138 0.688477 0 0.0422088
1231170 376046 m2 0.0509 -0.0150788 0.694369 0 0.0402782
1231170 320912 m2 0.1445 0.0342434 0.703683 0 0.0440899
1231170 144576 m2 0.18625 -0.0233308 0.709159 0 -0.00107278
1231170 751551 m2 0.01105 0.0594053 0.644501 0 0.00261013
1231170 436449 m2 0.0441 -0.0475585 0.429859 0 0.0139213
1231170 565939 m2 0.01865 -0.0211259 0.398951 0 -0.00207268
1231170 503060 m2 0.03565 -0.0154921 0.461528 0 0.0127086
1231170 475233 m2 0.1053 0.0327096 0.586133 0 0.0237598
1231170 296150 m2 0.04225 -0.086825 0.636714 0 0.0261856
1231170 501933 m2 0.02645 0.0387812 0.418799 0 -0.00391044
1231170 608311 m2 0.0771 0.0539959 0.535679 0 -0.00852837
1231170 230037 m2 0.04275 -0.0251084 0.647947 0 0.016735
1231170 718601 m2 0.0226 0.087804 0.604649 0 -0.0160358
1231170 128225 m2 0.0716 0.00459084 0.417047 0 0.00127228
1231170 243065 m2 0.05425 0.125279 0.572594 0 0.0370474
1231170 203729 m2 0.02275 0.0679386 0.648375 0 0.0340976
1231170 681571 m2 0.0514 0.00721559 0.279695 0 0.0217201
1231170 487506 m2 0.03245 0.00640104 0.564033 0 -0.0114156
1231170 295048 m2 0.0478 0.0167459 0.399374 0 -0.005593
1231170 221314 m2 0.0833 0.0804144 0.717688 0 0.00839668
1231170 652317 m2 0.01165 0.181891 0.325206 0 -0.0107674
1231170 196356 m2 0.01985 0.0152266 0.715229 0 -0.0192459
1231170 714876 m2 0.0128 -0.00819279 0.402984 0 -0.0312652
1231170 367542 m2 0.05345 0.0476411 0.747809 0 0.0167898
1231170 400848 m2 0.05855 0.0130154 0.212845 0 -0.00340578
1231170 522734 m2 0.0465 -0.0879755 0.48915 0 -0.0212447
1231170 753203 m2 0.02225 -0.037366 0.546987 0 0.0157502
1231170 759323 m2 0.01285 -0.0252395 0.554273 0 0.00165906
1231170 509124 m2 0.0269 -0.103426 0.545113 0 -0.0258394
1231170 608894 m2 0.019 0.110543 0.603598 0 0.0362445
1231170 413850 m2 0.0145 -0.0979689 0.317717 0 -0.0188085
1231170 761513 m2 0.01225 0.0470018 0.413468 0 0.0232777
1231170 118405 m2 0.0229 -0.00578653 0.510029 0 -0.000171083
1231170 792934 m2 0.0169 0.0524556 0.441695 0 -0.0120263
1231170 78357 m2 0.175 -0.0464131 0.779687 0 0.0164566
1231170 307556 m2 0.143 0.0205942 0.7038 0 -0.0103086
1231170 293642 m2 0.06485 -0.0628164 0.644519 0 0.0274059
1231170 774425 m2 0.0238 0.0202561 0.418087 0 -0.00741393
1231170 451334 m2 0.0633 -0.113989 0.489075 0 0.00236649
1231170 742731 m2 0.01535 0.0288799 0.304117 0 -0.0465506
1231170 589120 m2 0.0472 -0.0085108 0.568845 0 0.00765832
1231170 704682 m2 0.0143 -0.0119559 0.40194 0 -0.0082817
1231170 786090 m2 0.01045 -0.0507973 0.328938 0 -0.0683717
1231170 496080 m2 0.0189 -0.0208863 0.574541 0 0.003144
1231170 352543 m2 0.019 -0.0462104 0.56681 0 0.0233468
1231170 208487 m2 0.0345 -0.0296354 0.518801 0 0.0236998
1231170 543846 m2 0.0196 -0.0429046 0.185685 0 0.0180703
1231170 562894 m2 0.0217 -0.119133 0.0721903 0 0.0124191
1231170 52438 m2 0.0692 0.0229358 0.815016 0 0.0104861
1231170 555447 m2 0.0528 -0.0329381 0.38052 0 -0.0192577
1231170 349730 m2 0.037 -0.0152268 0.611697 0 0.00823952
1231170 616329 m2 0.0388 0.0769082 0.409219 0 0.0137105
1231170 681555 m2 0.01205 -0.155074 0.124063 0 -0.0338268
1231170 341216 m2 0.03085 0.00274523 0.601867 0 0.0115854
1231170 414638 m2 0.0184 0.104651 0.304183 0 0.00171924
1231170 706262 m2 0.0397 -0.00401695 0.514672 0 0.011915
1231170 716732 m2 0.0437 -0.0121709 0.377563 0 0.0225788
1231170 169863 m2 0.245 0.0333316 0.818923 0 0.00270053
1231170 530364 m2 0.0186 0.0747183 0.300592 0 -0.0301889
1231170 413842 m2 0.039 0.103147 0.599698 0 0.00502936
1231170 228081 m2 0.0116 0.149369 0.478669 0 -0.0148361
1231170 446981 m2 0.05635 -0.0193062 0.588662 0 0.0303546
1231170 718322 m2 0.0146 -0.0520027 0.481886 0 -0.0364127
1231170 327827 m2 0.0964 0.00771464 0.349016 0 0.049929
1231170 425003 m2 0.0238 0.0792401 0.219774 0 0.0231187
1231170 245225 m2 0.2056 0.0231116 0.823795 0 0.0139886
1231170 609160 m2 0.0194 -0.105503 0.585229 0 -0.0351524
1231170 404596 m2 0.01185 0.0526636 0.663405 0 -0.0266397
1231170 92503 m2 0.01635 0.0350479 0.277709 0 -0.00597137
1231170 8525 m2 0.0238 -0.0130959 -0.722649 0 0.0540597
1231170 393051 m2 0.0139 -0.0332253 0.359503 0 0.00112558
1231170 537220 m2 0.06665 -0.0412434 0.12162 0 -0.000685313
1231170 99797 m2 0.0104 0.210533 -0.228114 0 0.00306586
1231170 519664 m2 0.04375 -0.0948105 0.761926 0 0.0473523
1231170 221552 m2 0.16505 -0.0149444 0.735656 0 0.0619227
1231170 619567 m2 0.0261 -0.0118783 0.169201 0 0.0270967
1231170 514207 m2 0.01295 0.054067 0.176908 0 -0.0150878
1231170 690279 m2 0.01005 0.158003 0.454335 0 0.0261161
1231170 334070 m2 0.014 -0.0495488 0.172966 0 0.0150324
1231170 633859 m2 0.03615 0.0889352 0.495514 0 0.0075532
1231170 592765 m2 0.03665 0.039606 0.723003 0 0.0182277
1231170 146479 m2 0.1009 -0.000417157 0.567562 0 -0.00201783
1231170 538112 m2 0.0725 -0.00870059 0.564042 0 -0.015412
1231170 366113 m2 0.0423 0.0479795 0.265836 0 -0.013034
1231170 777940 m2 0.01125 0.0597305 0.301832 0 0.0291109
1231170 744001 m2 0.0326 -0.144283 0.329325 0 -0.000176014
1231170 757141 m2 0.0211 -0.0350338 0.337389 0 -0.0440142
1231170 658388 m2 0.02645 -0.0105796 0.486339 0 -0.0359984
1231170 580333 m2 0.02215 0.0335501 0.298482 0 -0.00526116
1231170 720807 m2 0.0128 0.114002 0.315587 0 0.0262844
1231170 424685 m2 0.0103 -0.0798607 0.172386 0 0.00225676
1231170 40001 m2 0.01285 -0.113361 0.480426 0 0.0233697
1231170 468864 m2 0.03455 0.154228 0.777597 0 0.0247536
1231170 711613 m2 0.0135 -0.0787979 0.477393 0 0.0469664
1231170 421612 m2 0.06555 0.136397 0.40461 0 0.0300086
1231170 713525 m2 0.02485 0.0457405 0.18198 0 -0.0137389
1231170 663275 m2 0.0261 -0.173938 0.56476 0 0.0250688
1231170 475994 m2 0.01605 -0.0129756 0.295791 0 0.00405117
1231170 508276 m2 0.0282 0.0648786 0.659403 0 0.0416665
1231170 446422 m2 0.15915 -0.0679969 0.189631 0 -0.00786212
1231170 75614 m2 0.08385 0.0452639 0.420278 0 0.0152842
1231170 407798 m2 0.0108 -0.0894283 -0.0404905 0 -0.0176584
1231170 82492 m2 0.1139 0.0646074 0.195406 0 -0.0131876
1231170 218715 m2 0.21745 0.0278234 0.490372 0 0.0279135
1231170 718551 m2 0.01055 -0.0181086 0.185454 0 -0.0235302
1231170 453788 m2 0.0246 0.0265123 0.188495 0 -0.0156115
1231170 731631 m2 0.02145 -0.0159056 0.415689 0 0.0270068
1231170 70014 m2 0.01035 -0.108825 0.302343 0 0.0268024
1231170 292212 m2 0.02045 0.0486176 0.405032 0 0.0111621
1231170 765624 m2 0.0133 0.0229376 0.553512 0 0.00147088
1231170 518029 m2 0.01205 0.0183585 0.347852 0 0.0104857
1231170 750971 m2 0.0182 -0.0950387 0.280651 0 0.0309329
1231170 596040 m2 0.03385 0.00276294 0.454615 0 0.0375589
1231170 537203 m2 0.0808 0.0221016 0.142654 0 0.0281996
1231170 709354 m2 0.0101 0.0897868 0.184283 0 -0.027975
1231170 231895 m2 0.3334 -0.00878102 0.878345 0 0.0372987
1231170 268912 m2 0.0232 0.148295 0.365372 0 0.0241837
1231170 543258 m2 0.0562 0.0292605 0.373786 0 0.000897827
1231170 753162 m2 0.01045 -0.0655466 0.30577 0 0.0114667
1231170 183095 m2 0.0282 0.110542 0.473335 0 0.0250921
1231170 595238 m2 0.02355 0.191766 0.454122 0 -0.0282362
1231170 159160 m2 0.0346 0.0608308 0.207835 0 -0.0128765
1231170 491756 m2 0.11295 0.0239068 0.38747 0 0.0111027
1231170 342546 m2 0.03935 0.0140569 0.080684 0 0.0218654
1231170 688663 m2 0.0206 -0.093121 0.17347 0 -0.0195271
1231170 193827 m2 0.02905 0.00487346 0.630162 0 0.0226723
1231170 250483 m2 0.01385 -0.100264 0.511325 0 0.0525179
1231170 560426 m2 0.01655 -0.00882307 0.172609 0 -0.0130976
1231170 654795 m2 0.0216 -0.0468145 0.204241 0 0.0272224
1231170 388016 m2 0.0566 0.0298114 0.682898 0 0.00318577
1231170 635245 m2 0.0121 0.178453 0.452971 0 -0.0158078
1231170 456563 m2 0.01815 0.00620834 0.619963 0 0.020774
1231170 471558 m2 0.0283 -0.0181726 0.733466 0 0.0371704
1231170 768392 m2 0.0123 0.0855039 0.40285 0 -0.0342682
1231170 313231 m2 0.01315 -0.0141491 0.180007 0 0.00347695
1231170 730812 m2 0.01015 0.0651376 0.170226 0 0.0260869
1231170 422750 m2 0.039 0.00783724 0.707713 0 0.0104608
1231170 347484 m2 0.0276 0.119882 -0.0898028 0 0.0182967
1231170 315135 m2 0.0281 0.0330921 0.24318 0 0.0213408
1231170 530603 m2 0.01305 -0.109484 0.280749 0 -0.0127679
1231170 787423 m2 0.01445 0.0544851 0.291503 0 0.0158538
1231170 312447 m2 0.0176 -0.0317846 0.0689866 0 0.024376
1231170 415617 m2 0.021 0.0345569 -0.330023 0 0.00361036
1231170 560417 m2 0.01985 -0.0391915 0.179569 0 0.0363439
1231170 40454 m2 0.0525 -0.0242263 -0.815158 0 -0.0467101
1231170 621754 m2 0.01045 0.0980692 0.391346 0 0.021512
1231170 553753 m2 0.0135 0.100192 0.433694 0 0.0423951
1231170 287845 m2 0.02955 0.124645 0.414201 0 0.0127085
1231170 67823 m2 0.01005 0.110018 -0.358551 0 0.00700948
1231170 683112 m2 0.01925 -0.145762 0.0463407 0 -0.0305135
1231170 60888 m2 0.07735 -0.052982 -0.313559 0 -0.0109015
1231170 628789 m2 0.01475 0.0637775 0.384896 0 -0.00552328
1231170 490631 m2 0.03665 -0.0336878 0.0149728 0 -0.00944126
1231170 514466 m2 0.03985 -0.0507944 0.186599 0 0.0139668
1231170 589934 m2 0.02585 0.00100381 0.204063 0 0.027951
1231170 210757 m2 0.039 -0.01162 0.48967 0 0.0298736
1231170 581670 m2 0.02855 -0.0503493 0.477602 0 -0.00553222
1231170 573006 m2 0.048 -0.00405434 0.0464828 0 0.0196205
1231170 418311 m2 0.11475 0.0157678 0.450831 0 0.00220348
1231170 655045 m2 0.03225 0.00226143 0.195382 0 -0.00862958
1231170 776046 m2 0.01045 0.129186 0.20132 0 0.094176
1231170 670081 m2 0.01965 -0.0113462 -0.020745 0 -0.066022
1231170 778978 m2 0.01335 -0.0562495 0.171574 0 0.0298517
1231170 302075 m2 0.0408 0.0258494 -0.1717 0 0.0103516
1231170 594944 m2 0.01425 -0.137098 0.0770148 0 -0.033536
1231170 771857 m2 0.01095 0.201275 0.181223 0 0.00517041
1231170 354127 m2 0.0341 -0.0313125 0.0493822 0 0.00696346
1231170 185568 m2 0.0409 0.0584846 0.767121 0 0.0274368
1231170 375657 m2 0.05995 -0.0424097 0.658717 0 0.00804573
1231170 536566 m2 0.0152 -0.0456403 0.178842 0 0.0168548
1231170 610192 m2 0.02195 0.00692892 0.480004 0 -0.00530681
1231170 210749 m2 0.17335 -0.0476136 0.126479 0 0.0274835
1231170 479210 m2 0.01295 0.00483443 0.49293 0 0.00382229
1231170 236425 m2 0.08365 0.0471607 -0.097725 0 0.011616
1231170 404519 m2 0.02665 -0.0217194 0.0102446 0 -0.00267089
1231170 676665 m2 0.02645 0.0210629 0.207466 0 0.011564
1231170 189360 m2 0.013 -0.0353913 -0.0492542 0 -0.0141327
1231170 707348 m2 0.0143 0.069371 0.342534 0 0.00793475
1231170 76416 m2 0.0536 -0.0165166 0.727124 0 0.0265783
1231170 176095 m2 0.02605 -0.0744966 0.544953 0 8.81399e-05
1231170 196535 m2 0.0463 -0.0140512 0.0319519 0 0.0042778
1231170 531641 m2 0.08825 -0.0619861 -0.300203 0 -0.0255303
1231170 300430 m2 0.03155 0.0351629 0.763048 0 0.0355023
1231170 540448 m2 0.0171 0.061138 0.364392 0 0.0311938
1231170 576916 m2 0.02245 -0.0160717 0.452797 0 0.0192726
1231170 744251 m2 0.0131 -0.152905 0.16156 0 -0.00358737
1231170 466817 m2 0.0251 0.0748018 0.217002 0 0.013499
1231170 295510 m2 0.05135 -0.0431012 0.0647344 0 -0.00914876
1231170 697685 m2 0.0295 -0.0354028 0.280453 0 0.0499183
1231170 326581 m2 0.0967 0.0500566 0.529678 0 0.00116813
1231170 703213 m2 0.0119 -0.105618 0.160432 0 0.0292406
1231170 713754 m2 0.01135 0.11252 0.122354 0 -0.00134676
1231170 750942 m2 0.01525 -0.000503932 0.180551 0 0.0218505
1231170 202303 m2 0.12525 0.0188228 0.138452 0 -0.0083361
1231170 93241 m2 0.03985 -0.00121778 -0.185387 0 -0.0186392
1231170 419355 m2 0.0194 -0.0414246 -0.0091648 0 0.00429429
1231170 674130 m2 0.01965 0.0615897 0.0832149 0 0.0386934
1231170 399100 m2 0.18485 0.00528413 0.0253902 0 0.000963273
1231170 760582 m2 0.01255 -0.0104186 0.171137 0 0.0425135
1231170 661844 m2 0.01355 0.0750721 -0.0343468 0 0.00284445
1231170 655569 m2 0.0206 0.0629715 -0.0503815 0 -0.0164349
1231170 79628 m2 0.07485 -0.0805023 -0.207426 0 -0.0110128
1231170 675000 m2 0.02045 -0.0264992 0.121501 0 0.00643845
1231170 626034 m2 0.02855 0.0833872 0.162802 0 -0.0215678
1231170 502955 m2 0.03335 0.0581553 0.280387 0 0.0319368
1231170 662145 m2 0.02935 -0.0359665 0.109776 0 -0.00306484
1231170 614586 m2 0.01535 0.0469279 0.207864 0 -0.00623774
1231170 523419 m2 0.0361 0.0377803 -0.168996 0 -0.0165607
1231170 455122 m2 0.03385 -0.0673756 0.177238 0 -0.0150794
1231170 645102 m2 0.0131 -0.0452956 0.0717209 0 0.0121656
1231170 648355 m2 0.0102 0.101776 0.180462 0 -0.0255285
1231170 652503 m2 0.03955 -0.0238177 0.0537226 0 0.00126727
1231170 562551 m2 0.04245 0.0117378 0.191013 0 0.0377487
1231170 113034 m2 0.0241 0.0499909 -0.379253 0 -0.00594311
1231170 172833 m2 0.04255 0.0669855 0.218486 0 -0.013875
1231170 412958 m2 0.01325 -0.0721777 0.0565108 0 0.0281483
1231170 481103 m2 0.01275 0.0030774 -0.18775 0 0.0235595
1231170 74949 m2 0.0124 0.00135461 -0.55506 0 0.0205339
1231170 727450 m2 0.0154 0.0468684 -0.0519177 0 -0.0348807
1231170 125945 m2 0.11025 -0.00759936 0.156203 0 0.00754392
1231170 100819 m2 0.0275 -0.0527546 -0.524921 0 0.00723872
1231170 569180 m2 0.0321 -0.0369143 0.382641 0 0.00417077
1231170 711798 m2 0.0175 -0.079498 -0.0590435 0 0.0656426
1231170 740155 m2 0.01295 0.047604 0.054683 0 -0.0169052
1231170 129132 m2 0.02605 -0.0057611 -0.731883 0 -0.0352807
1231170 87098 m2 0.01985 -0.0312637 -0.484503 0 0.0147213
1231170 733206 m2 0.0149 0.0150085 0.0932562 0 -0.00950754
1231170 361512 m2 0.04925 0.000280516 -0.420396 0 -0.0356255
1231170 728566 m2 0.0185 0.0537314 0.0769384 0 0.049224
1231170 679847 m2 0.0169 -0.0530076 -0.0356935 0 -0.0324526
1231170 582513 m2 0.08 -0.0103219 0.364544 0 0.0183034
1231170 676634 m2 0.0527 0.00520276 0.0722193 0 0.0551242
1231170 137524 m2 0.0537 0.0495671 -0.69759 0 -0.05475
1231170 624855 m2 0.08385 -0.0476503 -0.0449207 0 -0.0211252
1231170 187937 m2 0.01725 -0.00668188 -0.574964 0 0.0150933
1231170 361272 m2 0.05565 -0.0249486 -0.337453 0 -0.00210831
1231170 381690 m2 0.01085 0.0122377 0.531588 0 -0.0185936
1231170 710939 m2 0.0101 -0.0779636 0.164882 0 0.000208491
1231170 233395 m2 0.0526 -0.0707916 -0.116199 0 -0.021241
1231170 198708 m2 0.01375 -0.00893522 -0.157188 0 0.0104289
1231170 271097 m2 0.04135 -0.0475855 -0.195394 0 -0.0195171
1231170 423763 m2 0.0324 0.0376362 -0.0659272 0 -0.0135078
1231170 736265 m2 0.0236 0.0484292 0.191723 0 -0.00326542
1231170 618121 m2 0.0108 0.087326 0.0615156 0 0.0245036
1231170 136145 m2 0.04085 -0.0185371 -0.571279 0 -0.0417617
1231170 186558 m2 0.0547 0.0181133 -0.328997 0 -0.0108999
1231170 651362 m2 0.0315 -0.00806428 0.135827 0 0.00843863
1231170 218879 m2 0.01715 -0.00128004 -0.568652 0 0.0117549
1231170 225571 m2 0.05075 -0.0750158 -0.732345 0 -0.0115905
1231170 482505 m2 0.01365 0.161535 -0.357856 0 -0.0229874
1231170 474834 m2 0.02225 -0.111735 0.000672422 0 0.00510168
1231170 196751 m2 0.0406 -0.00603355 -0.347915 0 0.00733667
1231170 677189 m2 0.0135 -0.0457062 -0.180443 0 -0.0276691
1231170 449893 m2 0.0755 -0.0369138 -0.191927 0 -0.00363348
1231170 759764 m2 0.01225 0.135103 -0.146388 0 -0.00715034
1231170 676624 m2 0.0102 -0.0622069 -0.0430493 0 0.0219545
1231170 143523 m2 0.0856 -0.0178224 -0.868467 0 0.0301825
1231170 621966 m2 0.06545 0.112036 0.118496 0 0.0343451
1231170 670575 m2 0.0201 0.078287 -0.182366 0 0.0138061
1231170 722638 m2 0.02225 -0.0290491 -0.205564 0 -0.0618147
1231170 764634 m2 0.01035 0.00890136 -0.421567 0 0.0323108
1231170 442448 m2 0.0122 -0.00220858 -0.0570742 0 -0.00726344
1231170 332006 m2 0.02645 0.0199223 -0.32161 0 0.0185551
1231170 172803 m2 0.05065 -0.0136399 -0.314151 0 -0.0193076
1231170 482778 m2 0.01175 0.0204544 -0.158646 0 -0.00399547
1231170 774901 m2 0.0108 -0.0568177 0.171914 0 -0.030032
1231170 492696 m2 0.0509 -0.121601 -0.692115 0 0.000918024
1231170 517406 m2 0.02895 -0.00585286 -0.308236 0 0.0469397
1231170 466492 m2 0.043 -0.0100234 -0.807062 0 -0.0312014
1231170 373916 m2 0.02385 0.00459857 -0.716902 0 -0.0666205
1231170 653593 m2 0.02555 -0.0988767 -0.05288 0 0.0220495
1231170 604059 m2 0.04695 0.0218928 0.204824 0 -0.0231402
1231170 699817 m2 0.0144 -0.000236423 0.0657223 0 -0.0184535
1231170 774573 m2 0.011 0.113521 -0.0699053 0 -0.0334953
1231170 306332 m2 0.04245 0.118071 -0.331136 0 -0.0231195
1231170 651916 m2 0.0175 -0.0251625 -0.229514 0 0.0199847
1231170 289641 m2 0.021 -0.0134114 -0.70888 0 -0.080179
1231170 419033 m2 0.1481 0.0136715 0.0253405 0 0.0205707
1231170 497417 m2 0.02545 -0.0218958 -0.284958 0 -0.0433532
1231170 756488 m2 0.01275 0.0818776 0.0682945 0 -0.0551072
1231170 539030 m2 0.019 -0.0626223 -0.171538 0 0.0154576
1231170 633767 m2 0.0153 -0.0760889 -0.0495295 0 -0.0165393
1231170 376443 m2 0.05355 0.0484332 -0.375369 0 0.000608921
1231170 445787 m2 0.0147 0.0150517 -0.0907893 0 -0.0138408
1231170 561948 m2 0.01165 -0.0545866 0.0520812 0 -0.00459521
1231170 364115 m2 0.01905 0.0943889 -0.34742 0 -0.0286884
1231170 747809 m2 0.01265 0.0224849 -0.192054 0 -0.032808
1231170 540394 m2 0.05645 -0.0498039 -0.0944127 0 -0.0326473
1231170 385209 m2 0.01415 -0.0759405 -0.145878 0 -0.0464951
1231170 718202 m2 0.0158 0.0374103 -0.318364 0 -0.0185521
1231170 307700 m2 0.02845 0.0596469 -0.0568554 0 -0.0162057
1231170 353831 m2 0.0207 0.0727513 -0.10217 0 -0.0139234
1231170 308253 m2 0.02015 -0.0204184 -0.704183 0 -0.128139
1231170 339977 m2 0.0215 0.0734104 -0.312993 0 0.00542136
1231170 633219 m2 0.0107 -0.0698361 0.0377812 0 0.0400942
1231170 262430 m2 0.0576 0.0146619 -0.703494 0 -0.0416319
1231170 378906 m2 0.018 0.00510549 -0.706726 0 -0.0468125
1231170 377519 m2 0.01005 0.0134724 -0.533261 0 -0.0109675
1231170 290471 m2 0.0296 -0.118784 -0.330624 0 -0.00251757
1231170 262688 m2 0.0405 0.0942471 -0.595464 0 0.0337552
1231170 640676 m2 0.0394 -0.0709687 0.00731329 0 -0.0372942
1231170 483008 m2 0.0611 0.0140987 -0.649381 0 0.00294647
1231170 272441 m2 0.08645 0.0170155 -0.872988 0 -0.0243095
1231170 451743 m2 0.0552 0.00760701 -0.424802 0 -0.0300808
1231170 312328 m2 0.0372 -0.0123442 0.00460802 0 0.0305739
1231170 751383 m2 0.01305 0.0197124 -0.309892 0 0.000756681
1231170 521759 m2 0.05415 0.0440509 -0.353054 0 0.00309743
1231170 428853 m2 0.02125 -0.0534163 -0.298719 0 -0.0348013
1231170 371776 m2 0.0266 -0.0198128 -0.711561 0 -0.0393524
1231170 613730 m2 0.01375 -0.0296912 -0.227567 0 0.00925976
1231170 562251 m2 0.0244 0.0978152 0.40986 0 -0.00525807
1231170 399860 m2 0.04205 0.0182066 -0.323053 0 -0.0335873
1231170 796993 m2 0.0116 -0.151241 -0.0545543 0 0.0231556
1231170 615910 m2 0.0693 -0.0606505 8.43091e-05 0 -0.0102802
1231170 555064 m2 0.01315 -0.0434499 -0.0195256 0 -0.00650098
1231170 591538 m2 0.01185 0.0388643 -0.290927 0 -0.00690546
1231170 620288 m2 0.03705 -0.00924078 -0.321409 0 0.000144695
1231170 553952 m2 0.07855 0.00220078 0.0845305 0 -0.0219733
1231170 469831 m2 0.02045 -0.0148319 -0.156728 0 -0.022182
1231170 695645 m2 0.0264 0.0177176 -0.318193 0 -0.0050334
1231170 762248 m2 0.01455 -0.0970596 -0.0624972 0 -0.0499275
1231170 740937 m2 0.0103 -0.0277315 -0.0587952 0 0.02146
1231170 531069 m2 0.01275 0.00189699 -0.440174 0 -0.0127246
1231170 665381 m2 0.0129 -0.0189522 -0.171296 0 -0.047794
1231170 742039 m2 0.01145 0.0918972 -0.164152 0 0.0205567
1231170 414779 m2 0.03695 0.00846845 -0.214342 0 -0.00450651
1231170 489234 m2 0.0179 0.0318851 -0.680793 0 -0.013647
1231170 463175 m2 0.0235 -0.00665052 -0.718715 0 -0.0468372
1231170 565252 m2 0.01415 0.163215 -0.352759 0 0.00461847
1231170 722899 m2 0.0103 0.0627248 -0.0488878 0 0.00256498
1231170 604275 m2 0.02095 0.0383678 -0.31655 0 -0.0162488
1231170 665113 m2 0.04135 0.00408342 -0.180415 0 -0.00615641
1231170 697613 m2 0.0141 0.134037 -0.500445 0 -0.0134993
1231170 593474 m2 0.0395 -0.0264173 -0.257523 0 -0.00385857
1231170 523921 m2 0.05095 -0.098974 -0.494132 0 -0.0213198
1231170 600621 m2 0.0419 0.0105382 -0.10879 0 0.0163192
1231170 597290 m2 0.03355 -0.0214384 -0.0821962 0 0.0355647
1231170 704503 m2 0.0174 0.00511498 -0.450205 0 0.0114979
1231170 676859 m2 0.01495 -0.00332604 -0.653432 0 -0.0103057
1231170 552571 m2 0.0172 0.0506918 -0.110082 0 0.0437118
1231170 698161 m2 0.0115 0.0129979 -0.439562 0 0.0270899
1231170 565795 m2 0.01345 -0.0108258 -0.4682 0 0.0384244
1231170 675743 m2 0.0105 -0.00685486 -0.0522431 0 0.0261494
1231170 681701 m2 0.0237 -0.0162473 -0.721848 0 -0.00761777
1231170 586792 m2 0.04815 -0.0152695 -0.349781 0 0.00732108
1231170 642324 m2 0.01245 -0.033539 -0.196794 0 -0.00762887
1231170 673527 m2 0.0138 -0.0123323 -0.139839 0 0.00196295
1231170 695953 m2 0.0114 0.0937161 -0.202671 0 -0.00912362
1231170 584947 m2 0.01445 0.0223612 -0.349811 0 -0.049499
1231170 592068 m2 0.01025 -0.0547719 -0.282139 0 -0.0265968
