// Initial random seed:
2996108092011

// RunInitializeCallbacks():
initializeTreeSeq();
initializeMutationRate(2.5e-08);
initializeSex("A");
initializeMutationType(2, 0.5, "f", 0);
initializeGenomicElementType(1, m2, 1);
initializeGenomicElement(g1, 0, 550000);
initializeRecombinationRate(c(1e-06, 0.5, 1e-06, 0.5, 1e-06, 0.5, 1e-06, 0.5, 1e-06, 0.5, 1e-06, 0.5, 1e-06, 0.5, 1e-06, 0.5, 1e-06, 0.5, 1e-06, 0.5, 1e-06, 0.5, 1e-06, 0.5, 1e-06, 0.5, 1e-06, 0.5, 1e-06, 0.5, 1e-06, 0.5, 1e-06, 0.5, 1e-06, 0.5, 1e-06, 0.5, 1e-06), c(50000, 50001, 100000, 100001, 150000, 150001, 200000, 200001, 250000, 250001, 300000, 300001, 350000, 350001, 400000, 400001, 450000, 450001, 500000, 500001, 550000, 550001, 600000, 600001, 650000, 650001, 700000, 700001, 750000, 750001, 800000, 800001, 850000, 850001, 900000, 900001, 950000, 950001, 1000000));

QTL DFE means: 
0 0

QTL DFE variance-covariance matrix: 
      [,0]  [,1]
[0,] 0.002     0
[1,]     0 0.002

// Starting run at generation <start>:
1 

100:0.999367 0.999367 -6.58362e-14 -0.00701959 -0.00774005 0.088656 0.350119 NAN NAN
200:0.998734 0.998734 3.36398e-14 -0.00172664 -0.000947966 0.146823 0.0510333 NAN NAN
300:0.998 0.998 2.77556e-15 0.00113319 0.00547663 0.0977766 -0.0756563 NAN NAN
400:0.997203 0.997203 2.23155e-14 -0.00252446 0.00478234 -0.155864 -0.260713 NAN NAN
500:0.996539 0.996539 5.88418e-14 -0.00303454 0.0074918 -0.0620211 -0.0331295 NAN NAN
600:0.995919 0.995919 5.44009e-15 0.00903879 0.0035129 0.0323691 0.103767 NAN NAN
700:0.995506 0.995506 -3.9635e-14 -0.00765036 -0.0122542 0.0292179 0.201824 NAN NAN
800:0.995351 0.995351 2.66454e-14 -0.0160354 -0.0223828 -0.093907 0.354842 NAN NAN
900:0.994601 0.994601 -2.39808e-14 -0.0158579 -0.0228099 -0.0520578 0.1657 NAN NAN
1000:0.994061 0.994061 3.55271e-15 0.00503637 -0.0234671 -0.211714 0.127179 NAN NAN
1100:0.992386 0.992404 -1.87182e-05 -0.0247883 -0.00293465 -0.143142 0.125416 -0.00239649 0.0923891
1200:0.99104 0.987715 0.00332516 -0.0120526 -0.0190991 0.450291 0.623974 0.225033 0.310317
1300:0.987664 0.97729 0.0103739 0.0152503 -0.0194012 0.624654 0.807462 0.443113 0.495909
1400:0.985048 0.961825 0.0232238 0.0139529 -0.00132022 0.844662 0.883726 0.609155 0.624954
1500:0.982745 0.936781 0.0459643 0.00244674 0.0362365 0.935989 0.911046 0.778464 0.65334
1600:0.97669 0.903233 0.0734567 0.0265276 0.0608543 0.955464 0.91041 0.843429 0.662828
1700:0.969619 0.85241 0.117209 0.022659 0.0712417 0.956921 0.896879 0.883649 0.720768
1800:0.966479 0.777457 0.189023 0.0177337 0.0777608 0.978579 0.95104 0.911119 0.791474
1900:0.955585 0.668022 0.287563 0.00755518 0.0731292 0.979539 0.955863 0.93315 0.824692
2000:0.941052 0.515079 0.425973 -0.0173507 0.0762604 0.991657 0.946329 0.950148 0.851629
2100:0.94788 0.505981 0.441899 -0.00349364 0.0492199 0.994135 0.974469 0.952756 0.880527
2200:0.944244 0.512202 0.432041 -0.00730469 0.0699437 0.993216 0.965744 0.951466 0.863114
2300:0.940274 0.510866 0.429408 -0.00251395 0.0786973 0.991261 0.940209 0.950101 0.864829
2400:0.942855 0.5095 0.433355 0.0197704 0.10132 0.991648 0.958145 0.953045 0.844799
2500:0.944719 0.506815 0.437904 -0.0122696 0.051707 0.990776 0.970287 0.951766 0.869773
2600:0.950878 0.50705 0.443828 0.0083528 0.0352343 0.994865 0.987778 0.952894 0.862252
2700:0.946529 0.50723 0.439299 -0.0125183 0.0207039 0.990572 0.977163 0.953574 0.854211
2800:0.949612 0.504738 0.444874 -0.00503403 0.0311811 0.992303 0.981305 0.953801 0.862355
2900:0.943662 0.509921 0.433741 0.00715357 0.0459159 0.990536 0.976653 0.95104 0.866759
3000:0.945341 0.506677 0.438664 0.0192482 0.0430762 0.990696 0.973254 0.952672 0.852571
