seed mutID muttype p cor_sal cor_temp mutSalEffect mutTempEffect
1231190 732453 m2 0.0108 0.270221 0.215998 0.0486161 0
1231190 238375 m2 0.06685 0.0261959 0.586904 0 0.0331702
1231190 586828 m2 0.0575 0.378876 0.417829 0 -0.00650937
1231190 633515 m2 0.02935 0.160829 0.491815 0 -0.0105227
1231190 630454 m2 0.02695 0.361052 0.322691 0.0258736 0
1231190 676298 m2 0.0135 0.305169 0.194156 0.0332614 0
1231190 441947 m2 0.0529 -0.171838 0.501583 0 0.018912
1231190 722315 m2 0.01285 0.229866 0.310616 -0.0129705 0
1231190 286489 m2 0.05245 0.311735 0.401706 0.0589183 0
1231190 665976 m2 0.03055 0.271495 0.468637 0 0.0210221
1231190 671372 m2 0.02365 0.340508 0.359803 0 0.0395361
1231190 139355 m2 0.0817 0.503117 0.436957 0.0540108 0
1231190 799 m2 0.023 0.0511181 0.213119 -0.007969 0
1231190 716243 m2 0.0213 0.34954 0.217881 -0.0205789 0
1231190 579041 m2 0.05265 0.453434 -0.0445891 0 0.032801
1231190 706910 m2 0.0191 0.136984 0.347804 -0.0384794 0
1231190 664601 m2 0.0166 0.390818 0.36133 0.0489783 0
1231190 540413 m2 0.06635 0.51624 0.459237 -0.000163225 0
1231190 717071 m2 0.0135 0.197539 0.364742 0 0.0318171
1231190 432307 m2 0.0452 0.419056 0.517605 0 0.024652
1231190 630989 m2 0.01195 0.208692 0.406029 -0.0134651 0
1231190 437239 m2 0.01435 0.323044 0.0995054 0.0295276 0
1231190 564330 m2 0.02015 -0.177256 0.445825 0 0.00666702
1231190 691442 m2 0.0137 0.272209 0.313611 0.0127539 0
1231190 411402 m2 0.0394 0.40753 0.360855 0.0015975 0
1231190 753804 m2 0.0109 0.173652 0.298666 0 0.0388343
1231190 764106 m2 0.0164 0.0983777 0.331631 0.0263905 0
1231190 722630 m2 0.01645 0.171569 0.385106 0 -0.0630912
1231190 262574 m2 0.0317 0.287868 0.462484 0 0.0625363
1231190 77768 m2 0.0317 0.430619 0.3482 0 0.0327498
1231190 713211 m2 0.0106 0.186576 0.303839 0.0144921 0
1231190 156990 m2 0.0573 0.37377 0.513813 0.0192506 0
1231190 262042 m2 0.05455 -0.242071 -0.109896 0.0310713 0
1231190 120927 m2 0.02825 0.214186 0.0688707 -0.00113634 0
1231190 744499 m2 0.0182 0.332665 0.239322 0 0.0516963
1231190 770850 m2 0.01235 0.0362515 0.363347 0 -0.00292484
1231190 298925 m2 0.0631 -0.45667 0.411655 -0.0169011 0
1231190 527177 m2 0.01075 0.153833 0.355548 0 0.0781606
1231190 193364 m2 0.0444 -0.377195 0.497872 -0.0229995 0
1231190 698669 m2 0.0157 -0.178429 0.423166 0.00519488 0
1231190 419691 m2 0.0305 0.432751 0.339136 0.0472951 0
1231190 668888 m2 0.01455 -0.0470197 0.307213 0 0.0267106
1231190 228299 m2 0.0385 0.388411 0.467107 0.0241655 0
1231190 158071 m2 0.01025 -0.00321881 0.0244965 0 -0.00464752
1231190 251337 m2 0.13535 0.564383 -0.393657 0.0259124 0
1231190 618044 m2 0.02075 -0.100166 0.314996 0 -0.0279682
1231190 298366 m2 0.01035 -0.193694 0.293538 0 0.056451
1231190 288383 m2 0.02375 0.0624755 0.518567 0.0251889 0
1231190 507259 m2 0.04735 -0.497466 0.209857 -0.031597 0
1231190 580142 m2 0.01665 0.242817 0.36787 0 0.00695282
1231190 89413 m2 0.05235 -0.0821302 0.127775 0.00760754 0
1231190 329472 m2 0.0328 0.00153885 0.38823 0 0.0249313
1231190 300770 m2 0.0266 0.377837 0.338052 0 0.00476864
1231190 182239 m2 0.1238 0.58754 -0.532281 0 -0.0092933
1231190 9344 m2 0.0577 -0.294295 0.25706 -0.0155848 0
1231190 509688 m2 0.0743 0.158014 0.651853 0.00117875 0
1231190 654110 m2 0.01695 -0.141858 0.327554 0 -0.0251114
1231190 752178 m2 0.0113 -0.23382 0.0818167 0 -0.0311609
1231190 646705 m2 0.0148 0.385329 -0.0638166 -0.0129017 0
1231190 522490 m2 0.012 0.13264 0.297018 0 0.035245
1231190 703862 m2 0.01675 -0.406755 0.420858 -0.00410437 0
1231190 477387 m2 0.02015 -0.27284 0.4538 0 0.0438653
1231190 629042 m2 0.0321 -0.119121 0.423219 0.0216796 0
1231190 530526 m2 0.0168 -0.12776 0.467398 -0.0183787 0
1231190 488570 m2 0.03325 0.522244 0.23441 0.0227684 0
1231190 538213 m2 0.0977 -0.507561 0.505042 -0.0394121 0
1231190 669421 m2 0.0118 -0.352591 0.290328 0 -0.0255053
1231190 443529 m2 0.0263 0.201177 0.245057 0.0119458 0
1231190 150277 m2 0.0289 0.490842 -0.188565 0 0.0251817
1231190 124222 m2 0.06945 0.101245 0.452681 0 -0.0192689
1231190 334948 m2 0.01535 0.288506 0.284958 0 0.0501282
1231190 745564 m2 0.0275 -0.193734 0.434847 0 -0.00900658
1231190 622969 m2 0.01465 -0.168278 0.3643 0 -0.0239029
1231190 45123 m2 0.04755 0.432378 0.20522 0.00784625 0
1231190 571766 m2 0.01355 -0.316847 0.318141 0.00195785 0
1231190 577954 m2 0.01205 0.0941117 0.380248 0 -0.0139918
1231190 392760 m2 0.0115 -0.0841878 0.303498 0 0.00905006
1231190 394383 m2 0.0212 -0.116995 0.217819 -0.018092 0
1231190 574730 m2 0.03215 -0.314294 0.428128 0 0.0651321
1231190 83244 m2 0.09175 -0.553728 0.466207 -0.0281361 0
1231190 692783 m2 0.05215 -0.374781 0.503775 0 0.013368
1231190 358762 m2 0.07535 0.528118 0.229863 0.0484358 0
1231190 658042 m2 0.01385 -0.212028 0.336348 0.0129613 0
1231190 135446 m2 0.14145 0.573672 -0.0473091 0.0265651 0
1231190 248861 m2 0.03765 0.423204 0.423479 0 0.0581773
1231190 423005 m2 0.04965 -0.214954 0.502538 0 0.0262566
1231190 264447 m2 0.0853 -0.427727 0.541606 -0.0333122 0
1231190 726087 m2 0.0174 -0.266153 0.268216 0 0.0172449
1231190 204289 m2 0.15555 0.328944 0.650904 0 0.0341214
1231190 641719 m2 0.03385 -0.282554 0.38015 0 -0.0334519
1231190 302431 m2 0.17185 -0.280055 0.502008 0 0.0338446
1231190 201556 m2 0.0257 -0.138396 0.436841 0 0.0234381
1231190 503931 m2 0.03055 -0.358883 0.193174 -0.00882047 0
1231190 170990 m2 0.08025 0.387285 0.46387 0 0.0658711
1231190 605270 m2 0.0321 0.00781943 0.41997 0.0043895 0
1231190 621605 m2 0.0135 0.0231485 0.286754 0.0156839 0
1231190 774144 m2 0.0133 -0.081482 0.266524 0.0138672 0
1231190 155287 m2 0.2686 -0.30303 0.751674 0 0.0268153
1231190 263908 m2 0.0524 -0.048035 0.512293 0 0.00776724
1231190 752424 m2 0.0143 -0.21769 0.370074 0 0.032367
1231190 564856 m2 0.03625 0.279752 0.245018 -0.00106145 0
1231190 302710 m2 0.0511 0.236639 0.267724 0 0.0081029
1231190 591120 m2 0.0383 0.272122 0.517175 0 0.0319638
1231190 666732 m2 0.01195 -0.181242 0.330912 0 0.0352953
1231190 316785 m2 0.0661 0.225386 0.535328 0 0.00315191
1231190 621295 m2 0.0132 -0.261504 0.398123 0 -0.0103908
1231190 734399 m2 0.01525 0.374425 0.389683 0.00771728 0
1231190 143324 m2 0.02085 -0.346118 0.419981 0 0.0192848
1231190 610222 m2 0.01345 0.163854 0.178372 0 0.0179212
1231190 341276 m2 0.0224 0.401915 0.326338 0 0.079951
1231190 398505 m2 0.06475 -0.391118 0.487648 0 0.0249608
1231190 230758 m2 0.08725 -0.124467 0.687387 0 0.0270643
1231190 469608 m2 0.02435 -0.516111 0.158952 0 0.0149751
1231190 693886 m2 0.0256 -0.0379543 0.433371 -0.0101281 0
1231190 649664 m2 0.01415 -0.0132893 0.282845 0 0.0342801
1231190 674596 m2 0.01925 0.435064 0.11567 0 0.00659049
1231190 721742 m2 0.0155 -0.0670393 0.445228 0 -0.0180571
1231190 329428 m2 0.1384 -0.13131 0.715472 0 0.0344214
1231190 722584 m2 0.01565 -0.376675 0.335087 0 -0.00894862
1231190 31776 m2 0.29145 -0.307429 0.644381 0 0.0489576
1231190 573131 m2 0.0219 0.343218 0.428473 0.0327312 0
1231190 490989 m2 0.05205 0.124763 0.472019 0 0.0278758
1231190 617736 m2 0.0181 -0.185615 0.12294 0 0.0297155
1231190 402615 m2 0.0306 0.290439 0.393713 -0.0141514 0
1231190 345066 m2 0.0446 -0.384744 0.47632 0 0.0476327
1231190 328087 m2 0.09445 0.132708 0.599133 0 0.0354033
1231190 651832 m2 0.04025 -0.415823 0.442897 0.0023403 0
1231190 135150 m2 0.01655 -0.325381 0.272934 -0.00824461 0
1231190 664557 m2 0.0223 -0.460073 0.280374 0.0113638 0
1231190 387985 m2 0.02395 0.239808 0.0424678 -0.0176795 0
1231190 618288 m2 0.02105 -0.277051 0.470677 0 -0.0107054
1231190 683527 m2 0.0203 -0.27585 0.383112 -0.0407774 0
1231190 536042 m2 0.0303 -0.379849 -0.134333 0 0.020007
1231190 675976 m2 0.0128 -0.354837 0.387597 0.0491414 0
1231190 307556 m2 0.0271 -0.316127 0.0846502 0 -0.0320843
1231190 759379 m2 0.0103 -0.253057 0.267008 0.03057 0
1231190 464034 m2 0.05185 -0.39461 0.429401 -0.0479048 0
1231190 714774 m2 0.0197 0.419755 0.224886 0.0184509 0
1231190 699753 m2 0.01785 -0.233013 0.362614 0 -0.00710163
1231190 93361 m2 0.06825 0.223652 0.500656 0.0654462 0
1231190 752670 m2 0.01165 -0.020636 0.287555 0.00711676 0
1231190 426199 m2 0.0283 -0.3813 0.381782 0.0302651 0
1231190 779248 m2 0.0152 0.0703919 0.356622 -0.0124581 0
1231190 589489 m2 0.0128 0.343517 0.373054 0 -0.0165188
1231190 678356 m2 0.014 -0.191961 0.278797 0 0.0226931
1231190 595552 m2 0.09225 0.394208 0.595774 0.0409847 0
1231190 510754 m2 0.01835 0.113176 -0.0718069 0 -0.00612448
1231190 587836 m2 0.0271 0.532176 -0.300461 0 0.0193034
1231190 490463 m2 0.01055 -0.2573 0.390279 0 0.0426459
1231190 67893 m2 0.01715 0.0438618 -0.240438 -0.00968811 0
1231190 102921 m2 0.02995 -0.332137 0.336216 0 0.0442863
1231190 304273 m2 0.15325 0.399869 0.268276 0.00757914 0
1231190 221363 m2 0.11975 0.577921 -0.542807 0 -0.0199778
1231190 584829 m2 0.0138 0.236406 0.203032 0 0.0474468
1231190 70867 m2 0.10015 -0.163581 0.435006 -0.0430246 0
1231190 222981 m2 0.05595 0.392335 -0.436203 0.0107607 0
1231190 94641 m2 0.1461 0.53444 0.429834 0.0447061 0
1231190 686631 m2 0.0135 0.285756 0.306926 0 -0.0239418
1231190 425910 m2 0.06165 0.301264 0.532156 0 0.0790389
1231190 10089 m2 0.1625 0.777489 -0.137005 0.0223369 0
1231190 722562 m2 0.02605 0.232441 0.345528 0 0.00167321
1231190 327480 m2 0.0691 0.156945 0.586234 0 -0.00555065
1231190 582874 m2 0.0228 0.337803 0.309372 0.00791529 0
1231190 110736 m2 0.1497 0.108749 0.365931 0 0.0191819
1231190 534425 m2 0.0105 -0.100311 0.0106636 -0.0179811 0
1231190 377364 m2 0.0173 0.286361 0.268651 0 0.0435158
1231190 549119 m2 0.05605 0.507143 0.194415 0.0114907 0
1231190 569821 m2 0.0149 -0.268736 0.203728 -0.0368918 0
1231190 658291 m2 0.0137 0.272855 0.422019 0.00792659 0
1231190 606652 m2 0.0134 0.356513 -0.201641 0 -0.0355558
1231190 662854 m2 0.0135 0.315656 0.324117 0.0265481 0
1231190 336517 m2 0.08845 0.150105 0.57434 0 0.0491894
1231190 546376 m2 0.0156 -0.0721813 0.348845 -0.0160114 0
1231190 254484 m2 0.1283 0.16524 0.539816 0 0.0179422
1231190 330774 m2 0.04985 0.285205 0.507748 0.00793882 0
1231190 387154 m2 0.01565 -0.297017 0.293668 0 0.0403253
1231190 586208 m2 0.0121 -0.341566 0.259113 0 0.0146831
1231190 710403 m2 0.0104 -0.180285 0.359052 0 -0.0159893
1231190 652694 m2 0.02695 0.2786 0.312622 0 0.0375751
1231190 20524 m2 0.0139 0.308369 0.32093 0.0791947 0
1231190 123091 m2 0.06065 0.390766 0.435311 0 0.0199493
1231190 771894 m2 0.01125 -0.284378 0.331173 0 0.013163
1231190 544486 m2 0.03575 0.349915 0.433435 0.00143168 0
1231190 784070 m2 0.0108 0.410422 0.339481 0 0.121005
1231190 499985 m2 0.09825 -0.611681 0.164445 -0.0382566 0
1231190 628713 m2 0.01085 0.0140474 0.30188 0 0.0441717
1231190 673766 m2 0.0111 -0.307132 0.341847 0 0.0219616
1231190 420993 m2 0.04275 0.356055 0.41284 0 0.00983402
1231190 333817 m2 0.0254 -0.465973 -0.0236464 0 -0.00837699
1231190 748794 m2 0.02495 -0.169002 0.422171 0 0.00645268
1231190 684068 m2 0.01355 0.405591 0.165709 -0.000126615 0
1231190 78783 m2 0.01195 -0.158122 0.262585 -0.0350812 0
1231190 625102 m2 0.031 0.104176 0.389446 0 0.0245851
1231190 455488 m2 0.17315 -0.487473 0.59471 0 0.045095
1231190 211139 m2 0.11955 -0.502251 0.511844 -0.0289559 0
1231190 578165 m2 0.0248 0.173997 0.463849 0 0.0254645
1231190 493210 m2 0.13495 -0.284474 0.477853 0 -0.0048544
1231190 123870 m2 0.1005 -0.27495 0.541652 -0.0283106 0
1231190 372668 m2 0.02955 0.289943 0.379937 0 0.0572401
1231190 706816 m2 0.013 0.323899 0.330023 -0.00866839 0
1231190 372946 m2 0.05955 0.506419 0.340891 0.026519 0
1231190 452207 m2 0.0739 0.540422 0.0975131 0.0546138 0
1231190 469280 m2 0.0163 -0.404226 0.384078 0 -0.00601546
1231190 317239 m2 0.1153 0.406732 0.128738 0 0.00229065
1231190 203129 m2 0.0239 0.296363 0.351937 0 0.012737
1231190 366155 m2 0.04785 -0.333132 0.478143 -0.0373433 0
1231190 678328 m2 0.01115 -0.195125 0.316808 -0.0124358 0
1231190 635393 m2 0.03575 0.0735987 0.400335 0.0183318 0
1231190 307229 m2 0.01875 0.319833 0.414602 0 0.0292657
1231190 638421 m2 0.01095 -0.29553 0.315958 0 0.0518849
1231190 137606 m2 0.0945 0.280525 0.333504 0 -0.0029335
1231190 35077 m2 0.2339 0.418288 0.66051 0 0.0527383
1231190 573357 m2 0.04385 -0.463313 0.342561 0 -0.00377455
1231190 671844 m2 0.0149 -0.266294 0.388746 0.0143877 0
1231190 520509 m2 0.08815 -0.542708 0.338873 -0.0396954 0
1231190 693272 m2 0.0567 -0.471174 0.355606 -0.0747149 0
1231190 731753 m2 0.015 -0.197455 0.392828 0.0166433 0
1231190 229899 m2 0.08085 0.460706 -0.394525 0 -0.00993183
1231190 5910 m2 0.17215 -0.403156 0.648631 0 0.00249581
1231190 716406 m2 0.0296 -0.270465 0.367857 -0.0454563 0
1231190 119715 m2 0.05755 0.480446 -0.412081 0.048795 0
1231190 683474 m2 0.0178 -0.379787 0.305949 0.00467833 0
1231190 388459 m2 0.0238 -0.395685 0.274495 -0.0436755 0
1231190 750440 m2 0.01515 -0.161609 0.214033 0.035878 0
1231190 307802 m2 0.06025 0.185849 0.570341 0 0.055866
1231190 655214 m2 0.0151 -0.156259 0.321039 0 0.000200892
1231190 563739 m2 0.0219 0.324398 0.245967 0 0.0565144
1231190 420977 m2 0.02115 0.106534 0.308911 -0.00819515 0
1231190 368067 m2 0.07125 0.417085 0.425183 0 0.0774072
1231190 686595 m2 0.04555 -0.449981 0.364968 0 -0.018716
1231190 288016 m2 0.16515 -0.505082 0.558769 0 0.0281882
1231190 568435 m2 0.03895 0.114836 0.435696 0.0463917 0
1231190 775900 m2 0.0104 0.14574 0.0852355 0.0333989 0
1231190 728774 m2 0.01585 -0.356948 0.317816 0 0.0126649
1231190 334593 m2 0.04015 -0.338483 0.516252 0 -0.0111699
1231190 234528 m2 0.1505 0.601183 -0.262132 0 0.0283646
1231190 519180 m2 0.0342 -0.261399 0.401081 0 0.0492197
1231190 728195 m2 0.02035 0.382297 0.412378 0 0.0335891
1231190 716966 m2 0.01515 0.35255 0.208109 0 -0.0238252
1231190 400632 m2 0.026 -0.44112 0.29413 -0.0514976 0
1231190 461523 m2 0.04715 0.557155 0.16839 0.0355567 0
1231190 669895 m2 0.0433 -0.203695 0.354767 0 -0.0347452
1231190 224112 m2 0.0121 0.319715 0.300872 0.0527025 0
1231190 97286 m2 0.03055 -0.0496375 0.219791 -0.0445067 0
1231190 756245 m2 0.0196 -0.391573 0.320414 0 0.0324414
1231190 528179 m2 0.01135 0.210284 -0.0408315 0 0.0374287
1231190 663949 m2 0.02645 -0.10581 0.461786 -0.00289293 0
1231190 689067 m2 0.0114 0.22177 0.332797 0.0135463 0
1231190 450273 m2 0.0294 -0.409966 0.314654 -0.0343027 0
1231190 484994 m2 0.0117 0.228437 0.0920604 0.0307535 0
1231190 246655 m2 0.07665 -0.36614 0.453671 0 0.0280567
1231190 561838 m2 0.0102 0.115464 0.398284 0 0.0223043
1231190 167943 m2 0.01785 0.0565913 0.282632 0.00848968 0
1231190 729010 m2 0.0205 0.218389 0.310566 0.0168167 0
1231190 193542 m2 0.0395 -0.440245 0.477799 0 0.0223446
1231190 584481 m2 0.0307 0.270688 0.469104 0.0353172 0
1231190 85937 m2 0.10075 0.033905 0.345615 0 0.00693215
1231190 568917 m2 0.0161 0.320499 0.414157 -0.0142967 0
1231190 327430 m2 0.0154 -0.0895085 0.292338 -0.0193483 0
1231190 99823 m2 0.0699 0.291032 0.449437 0 0.00620142
1231190 30295 m2 0.09735 -0.516273 0.401369 -0.0500178 0
1231190 485528 m2 0.01415 0.325208 0.271914 0.0355052 0
1231190 27965 m2 0.0575 0.552761 0.00705233 0.0292721 0
1231190 702150 m2 0.02505 0.323727 0.231911 -0.0293402 0
1231190 725771 m2 0.0114 0.089949 0.22463 0 0.00715761
1231190 55180 m2 0.0143 0.297187 0.437432 0.0326211 0
1231190 608230 m2 0.0295 -0.277754 0.229444 -0.0528643 0
1231190 11626 m2 0.01905 -0.196349 0.30512 0.00682618 0
1231190 21840 m2 0.09695 -0.031551 0.549712 0.00562455 0
1231190 258036 m2 0.0411 -0.447459 0.0608694 -0.0193623 0
1231190 696289 m2 0.01865 -0.0978331 0.292951 0 0.053784
1231190 512343 m2 0.0184 0.393408 0.370244 0 -0.0373946
1231190 118313 m2 0.01975 -0.240523 0.397527 0 0.0398519
1231190 650920 m2 0.0338 0.466266 0.473566 0.0530347 0
1231190 319176 m2 0.0701 -0.34145 0.245472 0 0.0168783
1231190 713348 m2 0.01055 -0.364129 0.21039 0.0251568 0
1231190 592746 m2 0.018 0.280206 0.0345204 -0.0171884 0
1231190 775634 m2 0.0149 0.178184 0.00933261 0.0351142 0
1231190 693523 m2 0.033 -0.329041 0.288288 0 0.0952073
1231190 99016 m2 0.02755 0.108377 0.359147 0 -0.00591515
1231190 599608 m2 0.01465 0.437898 -0.0783555 -0.00840474 0
1231190 715520 m2 0.01005 -0.317459 0.0475109 0 -0.0188137
1231190 358411 m2 0.04935 -0.392694 0.3439 0 0.0281267
1231190 723587 m2 0.01765 -0.319012 0.120839 0.0173599 0
1231190 176324 m2 0.0449 0.0119738 0.391426 -0.00924266 0
1231190 235298 m2 0.2393 0.273989 0.730587 0 0.0732855
1231190 623943 m2 0.0265 -0.0689077 0.0620091 0 -0.0208828
1231190 384531 m2 0.04885 0.0818143 0.0231993 0 0.0411677
1231190 675308 m2 0.0163 -0.403438 0.291303 -0.0603359 0
1231190 487097 m2 0.0459 -0.222392 0.218258 0 0.045438
1231190 389868 m2 0.1672 0.655812 0.221911 0 0.00891465
1231190 333218 m2 0.10705 0.396024 0.519645 0 0.037596
1231190 140565 m2 0.02835 0.0122173 0.267497 0 0.00355152
1231190 437659 m2 0.01365 0.152633 0.132699 -0.0111476 0
1231190 237922 m2 0.06115 -0.223694 0.567618 -0.0268283 0
1231190 527334 m2 0.0356 0.101977 0.635122 0 0.00425219
1231190 614329 m2 0.014 -0.0936947 0.460653 0 0.0061955
1231190 150995 m2 0.1424 0.297865 -0.29738 0 -0.0107402
1231190 314821 m2 0.0513 0.32239 0.0233492 0 0.0110631
1231190 758766 m2 0.0123 0.105736 -0.0811841 0 -0.0424021
1231190 439898 m2 0.0421 0.493433 0.211784 0.00470162 0
1231190 789213 m2 0.01115 -0.138973 0.435226 -0.0492176 0
1231190 516683 m2 0.0237 -0.258181 0.392379 0 0.0206573
1231190 568669 m2 0.0747 -0.12737 0.545477 0.00721739 0
1231190 361396 m2 0.01775 -0.296396 0.364342 -0.0121734 0
1231190 687078 m2 0.02155 0.305363 0.371738 0 -0.0237325
1231190 672914 m2 0.0139 -0.452122 0.230532 0 -0.0163159
1231190 489568 m2 0.0481 -0.079255 0.341476 0.00201521 0
1231190 753680 m2 0.0226 -0.313992 0.305153 -0.0362655 0
1231190 647937 m2 0.01035 0.157897 0.38784 0.028897 0
1231190 704595 m2 0.0309 -0.135349 0.355324 0 -0.0244086
1231190 525149 m2 0.0245 0.3558 0.309962 0 0.0253823
1231190 755129 m2 0.01165 0.326397 0.329868 0 0.0147923
1231190 708702 m2 0.01295 -0.396469 0.274892 0 0.0486512
1231190 753669 m2 0.01075 0.210247 0.364558 -0.0274554 0
1231190 682082 m2 0.0238 -0.29797 0.403684 -0.019114 0
1231190 273197 m2 0.3642 -0.319698 0.78986 0 0.0609874
1231190 192668 m2 0.0446 0.096829 0.44735 0 0.00463081
1231190 129376 m2 0.1084 -0.15963 0.633789 0 0.0264822
1231190 746271 m2 0.02305 -0.485457 0.338246 0.00903193 0
1231190 195978 m2 0.0671 0.351286 0.44282 0.0198722 0
1231190 741440 m2 0.0226 0.259117 0.361866 0 -0.0393123
1231190 225202 m2 0.06695 -0.103287 -0.635084 0 -0.0517308
1231190 745148 m2 0.01805 -0.194808 -0.0620611 -0.00165157 0
1231190 488737 m2 0.0325 -0.430163 0.198878 0.00470172 0
1231190 258814 m2 0.03735 -0.432972 0.430249 -0.0273343 0
1231190 380328 m2 0.0199 0.101534 0.436837 0.0536052 0
1231190 444568 m2 0.01415 -0.114945 0.388645 0 0.0624525
1231190 454321 m2 0.04925 0.0408522 0.0292701 0 0.0165193
1231190 538893 m2 0.019 -0.300008 0.304194 0 0.0494282
1231190 327693 m2 0.0256 -0.0742366 0.0319756 0 0.0391233
1231190 332356 m2 0.0188 0.248567 0.114151 0.0740156 0
1231190 366351 m2 0.053 0.543237 0.160854 0 0.006439
1231190 687627 m2 0.03605 -0.0764284 0.410952 0 -0.0323597
1231190 723809 m2 0.01375 -0.306598 -0.0419286 0 0.078466
1231190 122127 m2 0.1476 -0.247719 -0.399839 0.0525326 0
1231190 713863 m2 0.0124 0.372823 -0.220435 0.00732039 0
1231190 738117 m2 0.0135 -0.00879311 0.361655 0 0.0462288
1231190 221802 m2 0.11405 0.572187 0.417934 0.0158086 0
1231190 56491 m2 0.1048 -0.575651 -0.44506 -0.0518142 0
1231190 721646 m2 0.0157 -0.413947 0.286537 -0.0118794 0
1231190 721645 m2 0.0128 0.0224438 0.226107 -0.0440851 0
1231190 197315 m2 0.0193 0.235004 0.362546 -0.013694 0
1231190 485754 m2 0.0195 -0.325956 0.382169 0 0.0239036
1231190 738409 m2 0.0169 -0.290857 0.32948 0 0.0313928
1231190 630288 m2 0.0127 0.229408 0.31239 0 -0.0483852
1231190 520446 m2 0.0375 0.350503 -0.0721408 0 -0.0108105
1231190 689849 m2 0.02495 0.270331 0.228733 0 0.00873104
1231190 721036 m2 0.04785 0.0762943 0.0948103 0 0.00533643
1231190 552320 m2 0.05165 0.501244 0.346609 0.0438066 0
1231190 533781 m2 0.0889 -0.491197 0.478514 -0.0503293 0
1231190 687268 m2 0.03755 0.21932 -0.132069 -0.026348 0
1231190 178482 m2 0.21305 -0.231926 0.71549 0 0.0490217
1231190 652035 m2 0.011 0.287295 -0.0971714 0.0477126 0
1231190 306877 m2 0.0449 -0.191222 0.547213 -0.032011 0
1231190 171921 m2 0.0901 0.0580455 0.472321 0.024795 0
1231190 758741 m2 0.03265 0.457531 0.208164 0.023294 0
1231190 351638 m2 0.0399 -0.483969 0.403074 -0.0405494 0
1231190 615154 m2 0.05565 0.304811 0.330925 0.00459698 0
1231190 748992 m2 0.01025 -0.256684 0.232949 0.0206059 0
1231190 557273 m2 0.01315 0.0716287 0.457283 0 -0.0210407
1231190 268476 m2 0.04205 0.106987 0.161003 0.0270267 0
1231190 796912 m2 0.01325 -0.433588 0.206787 0.0418696 0
1231190 700456 m2 0.01625 0.185013 0.270589 -0.00806405 0
1231190 684282 m2 0.01165 -0.332915 0.0301893 0 0.0153026
1231190 750112 m2 0.0154 0.326098 0.0231543 0.0262562 0
1231190 604587 m2 0.04665 0.270977 0.457437 0 -0.0142404
1231190 763417 m2 0.01055 -0.0343063 0.266157 -0.000973859 0
1231190 325140 m2 0.0118 -0.0808354 0.32253 -0.052311 0
1231190 624735 m2 0.0592 -0.18951 0.194204 0 0.0200298
1231190 747048 m2 0.01515 0.133247 0.323052 0 0.0823939
1231190 243039 m2 0.04545 0.0367954 0.481554 0 0.0392598
1231190 768141 m2 0.015 -0.166882 0.168928 -0.0292068 0
1231190 417523 m2 0.16685 0.655438 0.220903 0.0329308 0
1231190 427967 m2 0.0568 0.048699 0.593057 0 0.00187469
1231190 223448 m2 0.0217 0.155858 0.175524 0.0603925 0
1231190 279987 m2 0.0999 -0.634369 -0.286458 -0.0856238 0
1231190 307737 m2 0.0501 -0.548448 -0.378688 -0.0480233 0
1231190 114483 m2 0.04655 -0.265822 0.475014 -0.0367186 0
1231190 385059 m2 0.02165 0.263152 0.152169 0.0163186 0
1231190 218690 m2 0.02305 -0.0457218 0.428705 -0.0206606 0
1231190 138348 m2 0.11245 -0.562723 0.45163 -0.0460744 0
1231190 88099 m2 0.0794 0.191976 0.586934 0 0.020322
1231190 185586 m2 0.01945 0.196166 -0.0263658 0.0113652 0
1231190 112245 m2 0.09085 0.176102 -0.489763 0 -0.0200565
1231190 385619 m2 0.01465 0.0389276 0.432767 -0.0535649 0
1231190 147982 m2 0.1585 -0.408879 -0.010087 0 0.0284003
1231190 713021 m2 0.0138 0.310393 0.0777123 0.0482594 0
1231190 724056 m2 0.03605 0.430167 0.329623 0.00576121 0
1231190 418718 m2 0.02945 -0.25454 0.339726 0 0.0301355
1231190 637542 m2 0.0107 -0.174135 0.275067 0.0277951 0
1231190 764227 m2 0.0119 -0.363916 0.108532 0 0.0153578
1231190 281558 m2 0.02135 -0.417029 0.00656718 -0.0838164 0
1231190 746495 m2 0.0152 0.264069 0.155676 0.0332341 0
1231190 471435 m2 0.04415 0.11101 0.490539 -0.0198424 0
1231190 336415 m2 0.03775 0.125782 0.460802 0 0.0604304
1231190 623076 m2 0.0333 -0.102949 0.539177 -0.00413836 0
1231190 346313 m2 0.0106 -0.0760516 0.292074 -0.046997 0
1231190 257678 m2 0.1112 0.678593 -0.15355 0.0443237 0
1231190 680121 m2 0.03675 -0.537055 0.1545 -0.046163 0
1231190 272024 m2 0.0821 -0.442771 0.474618 -0.0247831 0
1231190 779127 m2 0.01195 -0.201112 0.0414294 0 0.0610396
1231190 298752 m2 0.0344 0.480545 0.261126 0.0331044 0
1231190 106263 m2 0.17285 0.584966 -0.494613 0.034824 0
1231190 343859 m2 0.08315 0.115175 0.192026 0 -0.0343201
1231190 696796 m2 0.0255 0.485666 0.0603571 -0.00985088 0
1231190 739695 m2 0.01185 -0.279652 0.201735 0.0321932 0
1231190 577831 m2 0.0109 0.320102 0.264611 -0.00237917 0
1231190 146834 m2 0.0935 -0.467852 -0.189778 -0.0384867 0
1231190 281828 m2 0.11905 0.394308 0.601292 0 0.0431249
1231190 642968 m2 0.0403 0.128003 0.162384 -0.0215952 0
1231190 553693 m2 0.03285 0.495651 -0.18795 0.014587 0
1231190 304979 m2 0.0472 0.127659 0.267544 0.0339154 0
1231190 551996 m2 0.0194 -0.373037 -0.0479435 0 -0.00270554
1231190 433141 m2 0.0285 0.0942954 -0.184152 -0.00205006 0
1231190 285176 m2 0.01305 -0.365051 0.410477 0 0.0688951
1231190 258521 m2 0.03705 0.342582 0.436954 0 0.0319496
1231190 679311 m2 0.0109 0.323344 0.112669 0 0.0260771
1231190 496311 m2 0.08815 0.46072 0.306431 0 0.0215703
1231190 151237 m2 0.0122 0.299657 0.341581 -0.0327894 0
1231190 516635 m2 0.0265 0.333298 0.388914 0.0409167 0
1231190 279437 m2 0.07345 0.434732 -0.288258 0 0.0363252
1231190 165038 m2 0.0954 -0.53676 0.164595 -0.0459595 0
1231190 348759 m2 0.07965 -0.589474 -0.358314 -0.0698902 0
1231190 443390 m2 0.0358 0.130032 0.556468 0 0.0610455
1231190 340839 m2 0.0268 -0.197946 0.331672 0 0.0488609
1231190 462550 m2 0.0124 0.277573 0.233568 0 -0.0346018
1231190 393149 m2 0.018 -0.178955 0.348875 0 0.00995717
1231190 261015 m2 0.0343 -0.156461 -0.0879305 0.00401214 0
1231190 475820 m2 0.04655 -0.424168 0.216602 -0.0469231 0
1231190 573250 m2 0.0122 0.167385 0.210779 0 0.00808454
1231190 88906 m2 0.0537 -0.559473 0.396963 0.0207264 0
1231190 62199 m2 0.0113 -0.304995 0.306562 -0.010495 0
1231190 104166 m2 0.1579 -0.467301 0.644939 0 0.0708667
1231190 307987 m2 0.0784 -0.314449 0.618182 -0.0138159 0
1231190 664974 m2 0.02875 -0.38997 0.346758 0.0645052 0
1231190 254897 m2 0.04515 0.421639 0.385166 0.0447878 0
1231190 236549 m2 0.14975 -0.37613 0.675447 0 0.0391159
1231190 700163 m2 0.02245 0.46441 -0.0293562 0.0661112 0
1231190 217587 m2 0.0985 -0.508611 0.433604 0.0229933 0
1231190 166418 m2 0.0178 0.3635 0.342438 0.0470692 0
1231190 234696 m2 0.01445 0.186937 -0.218108 -0.0561672 0
1231190 759819 m2 0.0169 0.306033 0.102321 -0.0536086 0
1231190 360019 m2 0.0359 0.330976 0.421306 0.0360368 0
1231190 499340 m2 0.0383 -0.293613 0.218422 0.0253828 0
1231190 589651 m2 0.0835 0.517468 -0.0145044 0 -0.0200211
1231190 270917 m2 0.02965 -0.45296 0.287276 0 0.0203202
1231190 461994 m2 0.01195 -0.298943 0.370685 -0.0318636 0
1231190 312877 m2 0.11365 0.432776 0.614528 0 0.0485112
1231190 333419 m2 0.0142 -0.0696556 0.383504 0 -0.001246
1231190 720721 m2 0.02105 -0.103598 0.368682 0 0.0166653
1231190 451850 m2 0.0799 0.443437 0.523822 0.0471812 0
1231190 327645 m2 0.0298 -0.478623 0.246445 0 0.0583219
1231190 342499 m2 0.024 0.226937 0.404951 0.0198346 0
1231190 386372 m2 0.05405 -0.426626 0.344562 0 -0.00546593
1231190 339459 m2 0.0246 -0.383097 0.241261 -0.0306707 0
1231190 267900 m2 0.0121 -0.305321 0.421051 0 0.056192
1231190 539961 m2 0.01695 -0.0366874 0.00258862 -0.0149334 0
1231190 427937 m2 0.0267 -0.408855 0.345005 0 0.0026106
1231190 104415 m2 0.1206 -0.436103 0.596164 -0.0230502 0
1231190 287092 m2 0.01135 -0.192534 0.307555 0 0.00014817
1231190 387514 m2 0.0171 -0.193451 -0.381904 -0.0314576 0
1231190 381157 m2 0.02985 -0.355153 -0.198727 -0.075393 0
1231190 390348 m2 0.0677 -0.104628 0.589207 -0.0161716 0
1231190 258498 m2 0.04435 -0.352153 0.378117 0 0.00473655
1231190 240361 m2 0.03965 -0.472836 0.366291 -0.0599218 0
1231190 412217 m2 0.03525 -0.509892 -0.262189 -0.0407746 0
1231190 89475 m2 0.12055 0.199152 -0.379748 0 -0.0060619
1231190 768989 m2 0.02105 -0.442966 0.203933 0 0.0243188
1231190 361314 m2 0.0241 0.333469 0.38941 0 0.0117315
1231190 569103 m2 0.012 -0.395618 0.333992 0 0.0115219
1231190 401644 m2 0.06905 -0.129316 0.115891 0 0.0108771
1231190 604286 m2 0.0272 0.414136 0.388661 -0.0110114 0
1231190 96366 m2 0.02295 -0.127076 0.401854 0 0.00108003
1231190 766987 m2 0.01605 -0.299659 0.215601 0.011173 0
1231190 127581 m2 0.01675 -0.415035 0.345229 0.00527899 0
1231190 688694 m2 0.01345 0.32906 -0.0240117 0.059166 0
1231190 522583 m2 0.0141 -0.355178 0.320337 0 0.0538113
1231190 95002 m2 0.06285 0.086599 -0.349029 -0.0122996 0
1231190 678974 m2 0.01335 0.388489 -0.0749671 0 0.0202313
1231190 708079 m2 0.0179 0.416693 -0.089291 -0.00314689 0
1231190 252175 m2 0.01285 -0.417149 0.258988 -0.00388342 0
1231190 735402 m2 0.01365 -0.0134937 0.347132 0 0.000602595
1231190 388333 m2 0.01945 -0.393757 -0.516934 0 -0.0539539
1231190 335782 m2 0.02665 -0.330533 0.392688 0 0.00679123
1231190 652816 m2 0.03835 0.218244 0.465651 0 0.0150531
1231190 374246 m2 0.1068 -0.0119394 0.0899596 0.00623832 0
1231190 138561 m2 0.1509 -0.344779 -0.583042 -0.0344109 0
1231190 399628 m2 0.0322 0.0372372 0.359228 0 0.01659
1231190 481302 m2 0.02245 -0.220668 0.133555 0.0453389 0
1231190 563085 m2 0.0121 -0.350192 0.0885781 0 -0.000920857
1231190 316621 m2 0.0181 0.0717483 0.146192 -0.0289289 0
1231190 303078 m2 0.02935 -0.332174 0.395066 0 0.0578189
1231190 685668 m2 0.02685 -0.329223 0.342729 0 0.00935329
1231190 753599 m2 0.02005 -0.451624 0.164264 0 -0.00952825
1231190 104648 m2 0.0388 -0.143211 0.361344 0 0.044853
1231190 420864 m2 0.0533 0.510853 0.463143 0 0.0383224
1231190 539099 m2 0.02325 -0.318095 0.425102 0 0.0417031
1231190 674393 m2 0.012 -0.0941376 -0.379967 -0.0528711 0
1231190 147381 m2 0.04125 0.500071 -0.111746 0 -0.0172412
1231190 333399 m2 0.032 -0.154308 0.551025 0 0.000876301
1231190 198629 m2 0.0717 0.418439 0.358938 0 -0.0126005
1231190 485151 m2 0.0304 -0.411263 0.132681 -0.0292548 0
1231190 197514 m2 0.32915 0.866079 -0.108815 0.0538502 0
1231190 755060 m2 0.01195 -0.255196 0.391874 0.0255043 0
1231190 763651 m2 0.0213 -0.301147 -0.0476499 0 0.0119225
1231190 164134 m2 0.01525 0.335685 0.248317 0.0600412 0
1231190 727813 m2 0.01635 0.421513 0.208868 0 0.0275121
1231190 112740 m2 0.05585 -0.217746 0.478995 0.0125265 0
1231190 613344 m2 0.05175 0.543426 0.181514 0 0.0300441
1231190 739414 m2 0.0113 0.316026 0.0441224 0.0422842 0
1231190 539639 m2 0.0371 -0.420958 -0.525032 -0.00831619 0
1231190 141839 m2 0.0259 -0.377247 0.418758 0.0608412 0
1231190 616219 m2 0.0907 0.34629 0.0214342 0.0316611 0
1231190 276393 m2 0.0632 -0.488282 -0.541202 0 -0.0559512
1231190 268952 m2 0.0994 -0.435993 0.486595 -0.0112487 0
1231190 149011 m2 0.11215 -0.295469 0.550703 0 0.0280331
1231190 280988 m2 0.04815 0.0777288 0.489434 0 0.020185
1231190 452614 m2 0.02085 -0.0494827 0.285786 0 -0.00824053
1231190 356184 m2 0.1079 -0.466685 0.545828 -0.0526316 0
1231190 328155 m2 0.168 -0.387469 -0.152584 -0.0405952 0
1231190 192832 m2 0.08225 -0.550349 0.451067 -0.042054 0
1231190 641568 m2 0.03855 0.380621 -0.569952 -0.0153126 0
1231190 263204 m2 0.0173 0.074898 0.35907 0 0.0273406
1231190 758398 m2 0.0117 -0.38522 0.0628024 0 0.0260196
1231190 386104 m2 0.0316 -0.396824 0.312419 -0.0381477 0
1231190 247602 m2 0.101 0.637747 0.130365 0.0454629 0
1231190 646533 m2 0.0191 0.39388 0.0812914 -0.005752 0
1231190 632167 m2 0.0237 -0.402544 -0.00204865 -0.0191715 0
1231190 140717 m2 0.03085 -0.45556 0.364674 -0.0681962 0
1231190 450989 m2 0.03765 0.293744 0.353051 0.059517 0
1231190 269549 m2 0.03995 -0.499423 0.256128 -0.060984 0
1231190 653911 m2 0.02285 -0.195197 0.444791 0 0.0365456
1231190 291234 m2 0.011 0.17336 0.322089 0.0639505 0
1231190 202463 m2 0.02175 -0.287831 -0.339351 0 -0.0568206
1231190 396324 m2 0.07935 -0.557362 -0.367146 0 -0.0344335
1231190 158942 m2 0.1321 -0.615119 -0.24603 0 -0.0179541
1231190 166663 m2 0.0638 0.304345 0.393799 -0.00564758 0
1231190 711628 m2 0.01085 0.165222 0.0536156 0.0103026 0
1231190 343823 m2 0.0614 -0.147169 0.4952 0 0.00596665
1231190 544574 m2 0.0333 0.360152 0.356949 0 0.0192363
1231190 247878 m2 0.0808 0.449181 -0.362402 0.0258676 0
1231190 214038 m2 0.0658 -0.43325 0.500628 -0.0584434 0
1231190 160046 m2 0.0402 0.318962 0.409953 0 0.035527
1231190 413530 m2 0.121 -0.58852 -0.386851 0 -0.0330524
1231190 383021 m2 0.0849 0.525178 -0.407479 0.0447673 0
1231190 445328 m2 0.0957 0.595966 -0.255173 0.076252 0
1231190 738596 m2 0.0127 -0.437135 -0.366546 0 0.0602019
1231190 291322 m2 0.01985 -0.151795 0.473977 0.00944634 0
1231190 372494 m2 0.03145 -0.461959 -0.354876 -0.0251255 0
1231190 449130 m2 0.0269 -0.356346 0.315089 -0.00767282 0
1231190 611721 m2 0.0253 -0.200055 -0.477512 0.078012 0
1231190 484606 m2 0.0285 0.0842423 0.193555 0 -0.00662258
1231190 413860 m2 0.0328 0.518134 0.0865626 0 -0.00610852
1231190 465521 m2 0.02305 0.128771 0.44206 0 0.021272
1231190 252393 m2 0.27565 -0.109653 0.736502 0 0.0474426
1231190 767807 m2 0.03915 -0.418572 0.292297 -0.00487422 0
1231190 589043 m2 0.01165 -0.0893103 0.32049 0 0.0460227
1231190 707506 m2 0.01615 -0.291669 -0.0487052 0 -0.00684438
1231190 739645 m2 0.01555 0.0644324 -0.259054 0.0379521 0
1231190 369844 m2 0.0107 0.302203 0.390346 0.0541413 0
1231190 188720 m2 0.17455 -0.197528 -0.84892 0 -0.0380063
1231190 547040 m2 0.02405 -0.372912 0.138022 0 0.05969
1231190 570448 m2 0.05035 -0.556497 -0.389623 -0.0826888 0
1231190 564949 m2 0.015 -0.14308 0.175366 0 0.0127866
1231190 728047 m2 0.0148 0.236686 -0.441492 -0.014693 0
1231190 348199 m2 0.0279 -0.199127 0.462076 0 0.0134993
1231190 268166 m2 0.01405 0.299686 0.0836645 0 0.0357532
1231190 747587 m2 0.0138 -0.085876 -0.114331 -0.00717614 0
1231190 461627 m2 0.0559 0.413632 -0.566198 0 -0.0536667
1231190 464687 m2 0.1154 0.300923 -0.347563 0.0458359 0
1231190 375868 m2 0.0423 0.423266 -0.569691 0 -0.0489515
1231190 295420 m2 0.084 0.172554 0.530791 0 0.0374825
1231190 503109 m2 0.03185 -0.0674661 0.345588 -0.0291264 0
1231190 767803 m2 0.0104 0.189094 0.0438431 0 -0.0170093
1231190 272511 m2 0.0117 -0.208265 0.361034 -0.0367853 0
1231190 722354 m2 0.0187 -0.0752405 0.385525 0 0.0317374
1231190 427900 m2 0.07565 -0.300229 0.430337 -0.00759602 0
1231190 694240 m2 0.01285 -0.364638 -0.277302 0 -0.034984
1231190 701501 m2 0.0162 -0.298401 -0.0501927 0.0237421 0
1231190 537223 m2 0.0132 -0.244899 0.21493 0 -0.0112294
1231190 697909 m2 0.0223 -0.342094 0.339514 -0.0209858 0
1231190 278611 m2 0.03265 -0.422283 0.319019 -0.144704 0
1231190 473033 m2 0.04195 -0.212737 0.33663 0 -0.00263769
1231190 291540 m2 0.285 -0.564365 -0.630311 0 -0.0113082
1231190 505362 m2 0.01925 -0.350698 0.170602 -0.0178918 0
1231190 218888 m2 0.0271 -0.336421 0.405552 0 -0.0202481
1231190 415472 m2 0.0975 -0.689294 -0.222031 -0.0888528 0
1231190 238108 m2 0.0271 -0.0636389 0.421937 0.0385398 0
1231190 579339 m2 0.0176 0.0683913 0.381172 0 -0.0146938
1231190 742086 m2 0.0112 -0.393611 -0.381435 0 -0.0388654
1231190 513298 m2 0.07275 0.0440204 -0.461814 0 0.00850745
1231190 395244 m2 0.01525 0.0672642 0.37077 0.00824965 0
1231190 343026 m2 0.0252 0.395782 0.310721 0.00798561 0
1231190 523410 m2 0.02735 -0.423676 0.111506 0 0.0336646
1231190 665200 m2 0.01375 -0.0998446 0.263024 -0.00323675 0
1231190 436164 m2 0.01315 -0.318551 0.131842 -0.0649143 0
1231190 269527 m2 0.0926 0.244526 -0.344784 0.0434785 0
1231190 717966 m2 0.02755 0.404233 0.27957 0 0.0617799
1231190 429575 m2 0.06025 -0.429292 -0.585737 -0.00582223 0
1231190 253511 m2 0.05255 -0.531365 0.0787781 0 0.00828691
1231190 787464 m2 0.01275 -0.328851 0.0422937 0 -0.00536543
1231190 563052 m2 0.01165 -0.239853 0.21369 0 0.025167
1231190 465791 m2 0.0143 -0.333759 0.282115 0 -2.5896e-05
1231190 390904 m2 0.0398 0.376803 -0.562447 0 -0.0160913
1231190 216140 m2 0.03875 0.341707 0.431195 0 -0.0173758
1231190 721503 m2 0.0142 0.0367253 -0.335393 0.0424873 0
1231190 633834 m2 0.0115 -0.213107 0.297541 0 -0.0418875
1231190 445843 m2 0.0753 0.226496 0.226566 0 0.0230813
1231190 709979 m2 0.0132 -0.226366 0.0807067 -0.030899 0
1231190 245101 m2 0.0275 -0.220755 0.0665503 0 0.0168327
1231190 474732 m2 0.0615 0.351335 0.494507 0 0.00912962
1231190 320424 m2 0.08995 0.600615 -0.305933 0.0726004 0
1231190 711598 m2 0.01635 -0.0127389 -0.221451 -0.024516 0
1231190 258453 m2 0.0685 0.417159 -0.114401 0.0332219 0
1231190 618406 m2 0.05535 -0.578966 0.128227 -0.0260308 0
1231190 410601 m2 0.0143 0.0224065 -0.475773 0 -0.0461593
1231190 535341 m2 0.0203 -0.365343 0.325452 -0.0118492 0
1231190 611409 m2 0.0145 0.358556 -0.0362288 0 -0.00812498
1231190 390613 m2 0.02615 -0.228334 0.35129 0 0.0160142
1231190 727781 m2 0.0581 0.59008 -0.354635 -0.00766889 0
1231190 592297 m2 0.03155 0.321789 -0.409623 0 0.025249
1231190 445269 m2 0.0345 0.295852 -0.380656 0 -0.0876255
1231190 698973 m2 0.0172 -0.268277 0.135411 0 0.0360416
1231190 404871 m2 0.1907 0.648413 -0.456554 -0.00094329 0
1231190 523350 m2 0.01455 -0.339273 -0.0490061 0 -0.0291705
1231190 385544 m2 0.0295 0.240375 0.229251 0.032758 0
1231190 634949 m2 0.045 -0.445637 0.350134 0 0.0187076
1231190 660516 m2 0.01235 0.384427 -0.403293 0.0232259 0
1231190 517111 m2 0.011 0.293995 0.103255 0.0369397 0
1231190 493033 m2 0.01685 -0.106745 -0.379362 0.0435811 0
1231190 638253 m2 0.032 -0.517399 -0.297174 0.0198078 0
1231190 477692 m2 0.02505 -0.0276289 -0.212048 0 -0.0110653
1231190 665719 m2 0.02765 0.433249 -0.384604 -0.000780268 0
1231190 542111 m2 0.02055 0.106872 -0.347265 -0.0527604 0
1231190 439479 m2 0.0144 -0.238454 0.0729394 -0.0874404 0
1231190 403225 m2 0.0255 0.106934 0.417816 0 0.0109721
1231190 355869 m2 0.0985 -0.627323 -0.426323 0 -0.0248994
1231190 467718 m2 0.05065 0.499295 0.368333 0.00931118 0
1231190 385241 m2 0.03255 0.0842664 0.350639 0.00837412 0
1231190 733335 m2 0.0247 0.156511 -0.448408 -0.0179742 0
1231190 555516 m2 0.0327 0.17127 0.0202055 0 -0.00548216
1231190 628202 m2 0.05505 -0.0555306 0.149116 0 0.00579185
1231190 701721 m2 0.02225 -0.389794 -0.287146 -0.0186993 0
1231190 476290 m2 0.02115 -0.279435 -0.202181 -0.0469309 0
1231190 533939 m2 0.0437 -0.217947 0.400847 0 -0.0132339
1231190 666011 m2 0.02225 -0.426578 -0.328495 -0.0812295 0
1231190 414931 m2 0.10535 -0.504123 -0.141578 0 0.00880814
1231190 691982 m2 0.0106 0.121958 -0.183019 0 -0.0390694
1231190 577464 m2 0.0964 -0.00244021 -0.661466 -0.0225012 0
1231190 660238 m2 0.0256 -0.279225 -0.15148 0.00142888 0
1231190 592878 m2 0.07 0.2244 -0.520118 0 -0.00679088
1231190 781052 m2 0.01285 0.109339 -0.0768898 -0.0259771 0
1231190 588749 m2 0.03045 -0.507253 -0.400306 0 0.0235218
1231190 587666 m2 0.12005 0.455028 0.40169 0.00856445 0
1231190 577463 m2 0.0228 -0.42482 -0.475026 0.0752619 0
1231190 417140 m2 0.0439 0.252623 -0.731051 0 -0.0614602
1231190 581306 m2 0.013 0.253432 0.242574 0 0.00221505
1231190 520655 m2 0.06665 0.122249 0.577944 0 0.00110335
1231190 655854 m2 0.04275 0.431038 -0.476949 0.104523 0
1231190 722371 m2 0.0101 -0.0127679 0.050703 0 -0.0233953
1231190 476291 m2 0.07705 -0.565601 -0.0560512 -0.00675141 0
1231190 608930 m2 0.0154 -0.0764345 0.375136 0.00551849 0
1231190 694769 m2 0.01055 0.377988 -0.377621 0 -0.0356176
1231190 750560 m2 0.0114 -0.0792647 -0.138652 0 0.000561749
1231190 618913 m2 0.0195 0.131894 0.442633 0.0170967 0
1231190 675746 m2 0.02615 -0.522899 -0.311395 -0.0531447 0
1231190 759449 m2 0.0139 -0.361806 -0.0226823 -0.0265286 0
1231190 479304 m2 0.02625 -0.195053 -0.215503 0 0.0491773
1231190 474717 m2 0.06755 -0.290501 -0.556378 -0.0822987 0
1231190 528582 m2 0.0311 -0.405536 -0.0498602 -0.0314523 0
1231190 584344 m2 0.01615 0.0756414 0.0409269 0 -0.0323383
1231190 715384 m2 0.0199 0.33735 -0.471615 0 -0.0214922
1231190 493861 m2 0.01315 -0.318551 0.131842 0.0105546 0
1231190 467157 m2 0.0241 -0.360407 0.443922 -0.00273469 0
1231190 634388 m2 0.03245 0.162092 -0.476172 -0.0302713 0
1231190 649463 m2 0.0412 0.399853 -0.471821 0 -0.0405059
1231190 476566 m2 0.04545 -0.521049 -0.234536 -0.0456976 0
1231190 607262 m2 0.0503 -0.374307 -0.495082 0.0174684 0
1231190 568023 m2 0.0803 0.129048 -0.559066 -0.0339434 0
1231190 575885 m2 0.038 -0.478732 -0.0669516 0 -0.0156549
1231190 689994 m2 0.01165 -0.296637 -0.140065 0.0433018 0
1231190 683594 m2 0.04785 0.483555 -0.342949 0.0227908 0
1231190 615051 m2 0.0294 -0.366297 -0.277935 0 -0.0535132
1231190 633249 m2 0.0198 -0.263778 -0.1633 0.0887425 0
1231190 616170 m2 0.01115 0.170874 0.082843 0.0561707 0
1231190 702528 m2 0.01475 -0.319158 0.232058 0 -0.0119766
1231190 665703 m2 0.03065 0.435298 -0.518973 -0.0238028 0
1231190 593430 m2 0.02735 -0.196334 -0.291887 -0.0189885 0
1231190 584909 m2 0.0256 0.472642 -0.206219 -0.00480656 0
1231190 584908 m2 0.0319 0.103663 -0.465948 0.00158909 0
1231190 597842 m2 0.0262 0.45647 -0.207509 -0.00960653 0
1231190 695606 m2 0.0204 0.381193 -0.130743 0.00355956 0
1231190 600649 m2 0.04655 -0.393068 0.0564831 0 0.00289856
1231190 556574 m2 0.0396 0.208238 -0.551972 0 0.0034468
1231190 639037 m2 0.019 0.271762 -0.40598 0.00622495 0
1231190 639317 m2 0.01585 -0.108883 -0.280278 0.00655847 0
1231190 658116 m2 0.0102 -0.333735 -0.121226 0.0098965 0
1231190 747242 m2 0.0249 0.37115 -0.515185 0 -0.0329568
