seed mutID muttype p cor_sal cor_temp mutSalEffect mutTempEffect
1231192 326096 m2 0.0373 0.251386 0.504259 0 0.0063953
1231192 463418 m2 0.01955 -0.194902 0.365524 0 0.0358994
1231192 226187 m2 0.1288 0.570558 0.50133 0 0.0315326
1231192 517695 m2 0.01395 0.234459 0.337571 0.0212836 0
1231192 590032 m2 0.03345 0.281414 0.45588 0 -0.0328276
1231192 370954 m2 0.0153 0.42328 0.246948 0.0215774 0
1231192 534723 m2 0.0634 0.588962 0.361621 0 0.0386977
1231192 328281 m2 0.0299 0.405914 -0.0716648 0 0.0385023
1231192 652473 m2 0.0196 0.274712 0.295374 0.000717783 0
1231192 4477 m2 0.2158 -0.490698 0.313607 0 0.01855
1231192 669904 m2 0.01015 0.141191 0.330082 0 -0.0436345
1231192 735828 m2 0.02255 0.342129 0.328562 -0.0658927 0
1231192 19721 m2 0.0241 0.473751 -0.309786 0 -0.0181219
1231192 476692 m2 0.0304 -0.228484 0.395196 -0.039023 0
1231192 530258 m2 0.0843 0.401201 0.495537 0 0.0122831
1231192 6976 m2 0.08745 -0.00730067 0.413557 0 0.0109451
1231192 190736 m2 0.1196 0.591337 0.50314 0.0147938 0
1231192 6717 m2 0.0735 -0.583089 -0.133281 -0.0354012 0
1231192 56869 m2 0.0272 0.0855171 0.315997 0 0.00588895
1231192 33914 m2 0.20865 0.669553 0.0605445 0.00393612 0
1231192 481603 m2 0.1475 0.793657 -0.0271935 0.0376234 0
1231192 151225 m2 0.1318 -0.408949 -0.060909 0 -0.00109768
1231192 666139 m2 0.0315 0.441064 0.373155 0 0.000880158
1231192 730413 m2 0.0103 0.228059 0.224465 0.00829575 0
1231192 635803 m2 0.02535 0.409924 0.320852 0 0.0256393
1231192 383246 m2 0.01615 -0.0620926 -0.184973 -0.0135984 0
1231192 644830 m2 0.0278 0.437323 0.263449 -0.037478 0
1231192 418737 m2 0.04335 -0.0566376 0.524138 0 0.0242049
1231192 497836 m2 0.03135 0.192555 0.430162 0 0.022041
1231192 188800 m2 0.023 0.0908562 -0.336686 0 -0.011391
1231192 328853 m2 0.0477 0.338907 -0.547639 0.0144442 0
1231192 538838 m2 0.0166 0.407859 0.128533 0 -0.014946
1231192 188285 m2 0.04905 -0.0852638 0.222888 0 0.00553406
1231192 99610 m2 0.10975 -0.463884 -0.0205818 -0.0049515 0
1231192 668557 m2 0.0329 -0.33256 0.368093 -0.0256288 0
1231192 551777 m2 0.03175 0.046767 0.19989 0 -0.00128529
1231192 400978 m2 0.0969 -0.262886 0.290332 0 0.0210189
1231192 693157 m2 0.01185 0.237461 0.312765 -0.0198205 0
1231192 161531 m2 0.15675 -0.0193399 0.259789 0 0.00911717
1231192 185708 m2 0.1661 -0.772952 0.285233 -0.0607602 0
1231192 7737 m2 0.02125 -0.498877 -0.125539 0 -0.0175659
1231192 237912 m2 0.05895 -0.186619 -0.392277 0 -0.00799108
1231192 75656 m2 0.0519 0.391266 0.502729 0 -0.00152626
1231192 671844 m2 0.02275 0.473835 0.168755 0 -0.0169499
1231192 239254 m2 0.0141 0.044385 -0.345252 0 -0.00449877
1231192 69405 m2 0.11335 -0.272619 -0.38717 0 -0.0169668
1231192 595572 m2 0.01405 0.246057 0.321569 -0.0224961 0
1231192 677102 m2 0.01145 0.134149 0.39863 0.0110531 0
1231192 191853 m2 0.0189 -0.00697542 0.386233 0.0162416 0
1231192 618141 m2 0.0207 0.141392 0.386073 0.036532 0
1231192 432961 m2 0.02625 0.474973 0.318736 0.0626518 0
1231192 70985 m2 0.14975 -0.536076 0.525476 -0.0807428 0
1231192 595568 m2 0.0117 -0.319801 0.383456 -0.0225045 0
1231192 504377 m2 0.0255 0.0972406 0.45111 0 0.0117326
1231192 260469 m2 0.01105 -0.0881807 -0.431106 0 -0.0223497
1231192 736950 m2 0.0146 -0.133568 0.389717 0 0.0421942
1231192 671315 m2 0.07235 0.526402 0.405542 0 0.0401802
1231192 628030 m2 0.0679 -0.507221 0.474775 0 0.0261568
1231192 769885 m2 0.0165 -0.264763 0.294839 0 -0.0133805
1231192 132203 m2 0.1223 0.485795 -0.223645 0 0.000316534
1231192 615948 m2 0.0528 0.00968475 0.585349 -0.0363561 0
1231192 352818 m2 0.0278 0.491981 -0.352527 0.0220542 0
1231192 447256 m2 0.0106 -0.268753 0.312899 0 0.0795599
1231192 774281 m2 0.0161 -0.281143 0.127941 -0.0196583 0
1231192 638487 m2 0.0138 -0.0251524 0.166218 -0.0534033 0
1231192 676793 m2 0.02595 -0.256431 0.519319 0 0.0624629
1231192 268531 m2 0.0303 0.298761 0.404813 0 0.0454188
1231192 410569 m2 0.0499 0.137992 0.451096 0.00232904 0
1231192 774565 m2 0.0224 -0.319247 0.283731 0 -0.0441652
1231192 288999 m2 0.0393 -0.492791 0.250404 -0.0300926 0
1231192 419771 m2 0.0419 -0.60409 0.275579 -0.0597835 0
1231192 468293 m2 0.11045 -0.185658 0.503454 -0.0167443 0
1231192 51034 m2 0.0207 -0.419093 0.398217 0 0.0315809
1231192 179667 m2 0.26005 -0.223581 0.753581 0 0.0419287
1231192 158652 m2 0.087 0.605481 0.244392 0 0.0371687
1231192 4984 m2 0.0555 -0.480351 -0.442074 -0.00423258 0
1231192 501895 m2 0.0101 -0.286748 0.00397156 -0.0702883 0
1231192 706365 m2 0.0243 -0.260331 0.453546 0 -0.0202038
1231192 638764 m2 0.0145 -0.367708 0.363571 0 0.0197712
1231192 184565 m2 0.1987 -0.38022 0.614953 0 0.0353239
1231192 113712 m2 0.0472 -0.512846 -0.299238 -0.0530925 0
1231192 716303 m2 0.01325 0.141092 0.374706 0 0.0268897
1231192 63298 m2 0.0838 -0.680791 -0.239 7.51326e-05 0
1231192 28739 m2 0.1301 -0.321149 0.502572 0 0.0125345
1231192 325770 m2 0.0946 -0.730256 0.249528 0 0.0299244
1231192 133609 m2 0.1602 0.280921 0.728146 0 0.0340657
1231192 42984 m2 0.0577 -0.163832 0.437849 0 -0.00527277
1231192 706055 m2 0.0273 -0.354507 0.407 -0.00470246 0
1231192 634922 m2 0.0337 0.395975 0.390641 0 0.0466964
1231192 5821 m2 0.20885 0.848338 -0.111158 0.0174747 0
1231192 294696 m2 0.01855 0.444923 0.308421 0.092134 0
1231192 308854 m2 0.1585 -0.328504 0.708831 0 0.0669596
1231192 315447 m2 0.02685 -0.0119986 -0.0922914 -0.0397693 0
1231192 498034 m2 0.0269 0.235111 -0.30417 0 -0.00405566
1231192 86696 m2 0.0215 0.292442 -0.416913 -0.0185931 0
1231192 454293 m2 0.0195 -0.449584 0.146164 -0.0339443 0
1231192 628302 m2 0.01525 0.00468463 -0.116421 0.030006 0
1231192 569492 m2 0.02555 0.388811 0.357893 0.00116569 0
1231192 81523 m2 0.12105 0.669163 0.229742 0 0.0124375
1231192 176404 m2 0.03545 -0.213332 -0.374813 0 -0.0139419
1231192 599721 m2 0.0167 0.223325 0.222769 0.0224785 0
1231192 603896 m2 0.0117 0.374492 0.297904 0.00622484 0
1231192 673796 m2 0.0108 0.224537 0.200846 0.0728911 0
1231192 529401 m2 0.0104 0.200904 0.206223 0.0110095 0
1231192 339692 m2 0.13525 -0.352506 0.155737 0 0.0315058
1231192 487041 m2 0.0185 -0.314897 0.103978 0.0532681 0
1231192 95471 m2 0.05815 -0.423013 0.398326 -0.030463 0
1231192 489859 m2 0.0617 0.227339 0.158264 0.00531805 0
1231192 181515 m2 0.15685 -0.0112644 -0.718174 0 -0.0345527
1231192 290044 m2 0.01175 -0.442692 0.314884 -0.0301088 0
1231192 332361 m2 0.0461 -0.320935 0.421831 0 0.0312616
1231192 644553 m2 0.0221 0.430815 0.30257 0.0473762 0
1231192 682749 m2 0.01275 0.290426 0.309652 0.042803 0
1231192 397612 m2 0.01895 0.445602 -0.349392 0 0.00673242
1231192 165901 m2 0.0271 0.415737 0.346995 0 0.00526232
1231192 374806 m2 0.0311 -0.417581 -0.329249 -0.00575091 0
1231192 411955 m2 0.0505 0.468213 0.382614 0.063967 0
1231192 645077 m2 0.01235 -0.334383 0.17075 -0.0096859 0
1231192 377215 m2 0.1425 -0.620771 0.487321 -0.0367478 0
1231192 537687 m2 0.011 0.335195 -0.241717 0 -0.0243683
1231192 548575 m2 0.0124 0.0414236 0.338161 0 -0.0080668
1231192 58488 m2 0.05505 -0.548139 -0.112642 -0.0326277 0
1231192 80129 m2 0.0972 -0.642857 0.341783 -0.0484865 0
1231192 163917 m2 0.01015 -0.253208 0.247999 -0.00950224 0
1231192 706621 m2 0.02165 -0.170997 0.0363228 0 -0.0359176
1231192 131890 m2 0.05065 0.335464 0.504572 0.0244472 0
1231192 423364 m2 0.0204 -0.234173 0.127111 -0.0333803 0
1231192 724041 m2 0.01205 0.222366 0.382157 0 0.0398167
1231192 418143 m2 0.017 -0.225493 0.368068 0.00832467 0
1231192 605223 m2 0.01355 -0.316786 0.357479 0.0303991 0
1231192 753926 m2 0.01285 -0.289214 0.161934 -0.0339814 0
1231192 456241 m2 0.0422 0.188092 0.310039 -0.00624105 0
1231192 342728 m2 0.12255 0.383458 0.369395 0 0.0204011
1231192 85286 m2 0.0273 0.394936 -0.430107 0 -0.0422106
1231192 609051 m2 0.0359 -0.0657704 0.16889 0 -0.0323743
1231192 583274 m2 0.0191 -0.38527 0.250709 -0.0701805 0
1231192 312983 m2 0.01475 0.376925 -0.269675 -0.000956871 0
1231192 730968 m2 0.01005 0.148169 0.166865 0 0.059038
1231192 562099 m2 0.0343 0.462994 0.396599 0 0.0282281
1231192 368822 m2 0.07915 0.109727 0.724822 0 0.0426554
1231192 658716 m2 0.01845 0.0445654 0.502116 0.0130079 0
1231192 756103 m2 0.01745 -0.415356 0.376965 0.000509698 0
1231192 725677 m2 0.01165 0.102386 0.307532 0 0.0354942
1231192 675147 m2 0.03285 -0.494849 0.280972 -0.000356522 0
1231192 303869 m2 0.0352 0.121646 0.522944 0 0.0051946
1231192 327117 m2 0.1471 -0.640775 -0.000426005 0.0295833 0
1231192 95995 m2 0.0204 -0.513435 0.313 -0.0298492 0
1231192 685185 m2 0.01435 -0.264692 0.397895 0 0.00693057
1231192 536873 m2 0.0136 -0.241142 0.262522 0 -0.0476809
1231192 190404 m2 0.01425 -0.348855 0.338376 0 0.0527673
1231192 134653 m2 0.0558 -0.475774 0.222158 -0.0357226 0
1231192 382354 m2 0.11005 0.0099689 0.643817 0 0.038025
1231192 608213 m2 0.0343 -0.0731088 0.535687 0 0.0323318
1231192 646208 m2 0.0237 -0.369807 0.356571 0 0.00900086
1231192 454814 m2 0.01295 -0.447535 0.294545 0 0.0150406
1231192 52110 m2 0.02565 0.252432 0.467453 0 0.0382779
1231192 144015 m2 0.175 0.789644 -0.111059 0.064326 0
1231192 693420 m2 0.01465 -0.293111 0.242435 -0.0260851 0
1231192 214186 m2 0.03995 -0.319937 -0.435133 0.0387009 0
1231192 409457 m2 0.01185 -0.0726974 -0.300042 0.00120404 0
1231192 342461 m2 0.03125 -0.190234 0.280166 -0.0248687 0
1231192 227806 m2 0.01345 0.195171 -0.478918 0.0710519 0
1231192 93765 m2 0.03695 0.140915 0.0791221 0 0.0295388
1231192 743012 m2 0.01565 -0.168029 0.310751 0 -0.029976
1231192 696146 m2 0.0141 0.421337 0.149845 0.0642633 0
1231192 365825 m2 0.014 0.126338 0.361965 0.014595 0
1231192 133015 m2 0.09775 -0.191797 0.256695 0 -0.0129868
1231192 47338 m2 0.045 -0.610118 -0.0808771 -0.0105876 0
1231192 745735 m2 0.023 0.52818 0.0834842 0.0056911 0
1231192 588058 m2 0.039 0.0261658 0.332126 0 0.00850943
1231192 523172 m2 0.02095 0.30471 0.344531 0 0.0384988
1231192 73668 m2 0.03925 0.533148 -0.138149 0.0606739 0
1231192 461460 m2 0.05525 0.528328 0.295948 0.0373266 0
1231192 367188 m2 0.29465 0.821089 0.321369 0.0861821 0
1231192 432652 m2 0.0527 0.16807 0.537344 0 0.0401053
1231192 614568 m2 0.01535 0.0715287 0.212684 0.0212702 0
1231192 24593 m2 0.03535 -0.213494 0.150292 -0.024071 0
1231192 374285 m2 0.0241 -0.0503406 -0.0871316 0 0.0709176
1231192 479929 m2 0.0351 -0.113006 0.214168 0 0.00183238
1231192 656829 m2 0.0149 -0.251329 -0.21456 0.0479767 0
1231192 567000 m2 0.0121 0.313097 0.278206 0.000703918 0
1231192 241109 m2 0.1857 0.164406 -0.481645 0 -0.00644918
1231192 435724 m2 0.02035 -0.359952 -0.00500537 0.0638119 0
1231192 481276 m2 0.0251 0.42294 0.37321 0.087892 0
1231192 366364 m2 0.08905 -0.265214 0.507275 0 0.0245528
1231192 508210 m2 0.0324 0.210871 0.33423 0 0.00828502
1231192 417264 m2 0.0347 0.202564 0.478078 0 0.0698397
1231192 216054 m2 0.0651 0.201573 0.582708 -0.0410689 0
1231192 134382 m2 0.0617 -0.433843 -0.223939 0 0.00171575
1231192 733260 m2 0.0143 0.331566 0.39474 -0.0107938 0
1231192 724017 m2 0.0129 0.212226 0.382043 0.0138906 0
1231192 254368 m2 0.046 0.168855 -0.60165 0 -0.0662423
1231192 488956 m2 0.04545 0.606813 -0.0317073 0.0338712 0
1231192 205028 m2 0.052 0.236295 0.422659 0 0.03523
1231192 772053 m2 0.01285 -0.394782 0.341121 0 0.0060402
1231192 650773 m2 0.0104 0.198589 -0.211476 0.0308979 0
1231192 436572 m2 0.02935 -0.411532 0.227142 -0.0159392 0
1231192 766005 m2 0.0179 0.215071 0.414021 -0.00475882 0
1231192 580222 m2 0.05645 -0.45107 0.51097 -0.0077314 0
1231192 663341 m2 0.04165 -0.3927 -0.0284509 0 0.0151172
1231192 345238 m2 0.0226 0.255215 -0.0334334 0 -0.022277
1231192 588573 m2 0.0338 -0.385576 0.340676 -0.0227307 0
1231192 9549 m2 0.0265 -0.538742 0.0328804 -0.0832585 0
1231192 712685 m2 0.01825 0.114356 0.260485 0 0.0320087
1231192 743262 m2 0.0135 0.406584 0.164825 0 -0.0329664
1231192 181993 m2 0.10555 -0.391216 -0.650511 0 -0.0297578
1231192 141715 m2 0.01815 0.30344 0.276408 0.048909 0
1231192 796471 m2 0.01225 0.323335 0.151978 0.0167356 0
1231192 473010 m2 0.0254 0.326682 0.398799 -0.00803591 0
1231192 349712 m2 0.13495 -0.651651 0.450346 0 0.0355252
1231192 411366 m2 0.0233 0.481149 -0.291812 0.0583337 0
1231192 772606 m2 0.01155 -0.387813 0.048834 0 0.00800983
1231192 166676 m2 0.2811 0.040341 0.874591 0 0.0624845
1231192 4043 m2 0.0467 -0.452539 -0.494172 -0.038686 0
1231192 482956 m2 0.02935 -0.222538 0.391759 0.0410651 0
1231192 367455 m2 0.0423 -0.526307 0.374594 -0.0560674 0
1231192 732125 m2 0.0269 -0.475378 0.359837 -0.0146388 0
1231192 331472 m2 0.0258 0.512439 0.354925 0 0.0631695
1231192 270182 m2 0.05435 0.369108 0.365446 0 0.00105309
1231192 668507 m2 0.0116 0.22053 0.382448 0.0306511 0
1231192 753088 m2 0.01525 -0.0203148 0.172867 0 0.0441135
1231192 187067 m2 0.0525 -0.449742 -0.446307 0 -0.0374804
1231192 514630 m2 0.0205 -0.255207 -0.400222 -0.0106218 0
1231192 458722 m2 0.0587 -0.371553 0.200384 0 0.00778639
1231192 581052 m2 0.0133 -0.225382 0.250598 -0.0348824 0
1231192 293278 m2 0.0125 -0.367141 0.0165063 0.000353645 0
1231192 250516 m2 0.0306 0.185152 -0.251262 -0.00145791 0
1231192 562899 m2 0.0253 -0.130611 0.363892 0 -0.0100648
1231192 212154 m2 0.0153 -0.326561 -0.205485 0.00139865 0
1231192 707439 m2 0.02245 0.362911 0.367368 0.0139091 0
1231192 279898 m2 0.05525 0.528328 0.295948 0.0553567 0
1231192 365001 m2 0.05995 0.447005 0.43375 0.0225334 0
1231192 424432 m2 0.0236 -0.265012 -0.183847 0.0162602 0
1231192 149213 m2 0.0459 -0.0625618 0.440914 -0.0110454 0
1231192 167216 m2 0.1255 0.279626 0.0124659 -0.0164311 0
1231192 274714 m2 0.0529 -0.569507 0.278266 0 -0.00664792
1231192 619984 m2 0.01295 0.142151 0.272633 0 -0.034874
1231192 693078 m2 0.0303 -0.38207 0.395798 -0.0313492 0
1231192 12298 m2 0.08155 0.52771 -0.291104 0 -0.0188343
1231192 84700 m2 0.0244 -0.362214 0.303005 0 0.0222055
1231192 356071 m2 0.0365 0.210038 0.381786 0 0.0722767
1231192 447470 m2 0.02105 -0.194064 0.0591351 0 0.0529726
1231192 563135 m2 0.0202 -0.135345 0.217107 0 -0.0124312
1231192 456499 m2 0.02965 -0.403621 -0.456498 -0.0245651 0
1231192 729838 m2 0.01435 -0.409087 0.195007 -0.0687164 0
1231192 547101 m2 0.1001 -0.200137 -0.566556 0 -0.0337399
1231192 343480 m2 0.0176 -0.363126 0.332116 -0.00390449 0
1231192 186773 m2 0.0194 -0.393561 0.366401 -0.00185578 0
1231192 351629 m2 0.05695 0.448712 -0.092177 0 0.000289574
1231192 534639 m2 0.01845 -0.0439008 0.340265 0 0.0176587
1231192 10353 m2 0.0136 -0.053918 0.272095 0 -0.000182823
1231192 444475 m2 0.0348 -0.263221 0.458675 0 0.0181121
1231192 4546 m2 0.03235 0.150189 0.302435 0.0278552 0
1231192 18001 m2 0.22455 -0.511334 0.201321 -0.0208024 0
1231192 242721 m2 0.0247 -0.369294 -0.150186 -0.0422797 0
1231192 306830 m2 0.0635 0.38182 0.435079 0 0.0621658
1231192 705173 m2 0.01115 -0.246872 0.148269 -0.0486812 0
1231192 492749 m2 0.06005 -0.389747 0.312669 0 0.00959869
1231192 18770 m2 0.0648 0.299089 -0.192022 0.028781 0
1231192 273394 m2 0.01245 0.372526 -0.182719 0.0132936 0
1231192 732102 m2 0.02295 0.450045 0.31313 0.0254739 0
1231192 552876 m2 0.0578 0.49012 -0.446881 0 -0.00861605
1231192 556831 m2 0.02925 -0.415738 -0.00239455 0 -0.020936
1231192 627428 m2 0.04285 -0.546353 0.26022 0 -0.0129812
1231192 781061 m2 0.0127 -0.312051 0.317514 -0.0594602 0
1231192 601937 m2 0.0144 0.428373 -0.252253 0.0107619 0
1231192 184205 m2 0.01305 -0.130061 -0.398466 -0.00944775 0
1231192 728942 m2 0.0159 -0.0629213 0.201631 -0.0455445 0
1231192 678947 m2 0.0302 0.534573 -0.074922 0 -0.00285754
1231192 700341 m2 0.0293 -0.417817 0.302213 0 -0.0288741
1231192 277731 m2 0.03595 0.407341 0.306952 -0.0332523 0
1231192 163590 m2 0.1197 -0.189643 0.239818 0 0.0320963
1231192 314019 m2 0.01365 -0.297417 0.312915 0.00169272 0
1231192 403133 m2 0.02465 -0.061253 0.291994 0 0.0508174
1231192 391441 m2 0.04385 0.30888 0.546267 0 0.0255593
1231192 53984 m2 0.0135 -0.385155 -0.250669 -0.0449791 0
1231192 577801 m2 0.0112 0.325022 -0.275656 0.0112579 0
1231192 239446 m2 0.0359 -0.439422 0.0127357 0.0131269 0
1231192 403976 m2 0.0405 -0.0706136 0.0199948 -0.00277209 0
1231192 315925 m2 0.03055 -0.531927 0.336213 -0.0295754 0
1231192 33508 m2 0.0668 -0.755727 -0.00698869 -0.0833382 0
1231192 296270 m2 0.0163 -0.130557 -0.0177615 -0.0195989 0
1231192 90225 m2 0.09985 0.621814 -0.0203907 0 0.0123517
1231192 627684 m2 0.0136 0.203521 -0.174293 0 0.0139349
1231192 579126 m2 0.02505 -0.439323 0.260677 -0.0113192 0
1231192 246563 m2 0.02575 0.434736 0.156205 0.0260027 0
1231192 350241 m2 0.03195 0.445652 0.453167 0.00217698 0
1231192 209375 m2 0.02325 0.425017 0.270355 0 0.0344202
1231192 576081 m2 0.02285 0.192646 0.401672 0.000461865 0
1231192 11453 m2 0.03415 0.38805 -0.247248 0.00554598 0
1231192 502114 m2 0.0352 -0.491352 -0.344634 -0.0468011 0
1231192 485342 m2 0.11405 0.679469 0.152916 -0.000570967 0
1231192 69282 m2 0.02235 0.399831 0.30023 0.00691341 0
1231192 579674 m2 0.0215 0.494386 0.126153 0.0461194 0
1231192 313730 m2 0.22585 -0.171543 0.767199 0 0.0606952
1231192 627941 m2 0.03595 0.208273 -0.190124 -0.0399745 0
1231192 561507 m2 0.02585 0.0747185 0.440277 0 -0.00997072
1231192 421916 m2 0.0689 -0.631791 -0.265749 -0.0735895 0
1231192 366587 m2 0.08925 -0.183702 0.608785 0 0.0161329
1231192 523682 m2 0.0112 -0.185784 -0.120519 -0.016983 0
1231192 764330 m2 0.01335 -0.277694 0.272767 0.00603625 0
1231192 765164 m2 0.0114 0.093826 -0.017668 0 0.0214171
1231192 23075 m2 0.11405 0.589509 -0.0927852 0.0230686 0
1231192 76079 m2 0.1845 0.747243 0.357386 0.0217567 0
1231192 333068 m2 0.0107 -0.202481 -0.298199 0 -0.0428639
1231192 425544 m2 0.07245 -0.51978 -0.424811 -0.0449001 0
1231192 552284 m2 0.0218 -0.186457 0.224385 0 0.0230638
1231192 747563 m2 0.03265 -0.49496 0.198195 0 0.0142368
1231192 774493 m2 0.01475 -0.388738 0.236222 0 -0.00343164
1231192 686403 m2 0.01805 -0.0183445 0.417551 0.0229572 0
1231192 630153 m2 0.0153 0.342015 0.335376 -0.0102178 0
1231192 532865 m2 0.0123 -0.0345681 -0.0480353 0 0.0228358
1231192 59224 m2 0.03475 0.0300759 -0.579231 0.0191392 0
1231192 330660 m2 0.0355 -0.492311 -0.327175 -0.00411544 0
1231192 740467 m2 0.0119 0.303728 -0.00567118 0 0.0250116
1231192 682385 m2 0.03435 0.0328255 0.201613 0 0.00222737
1231192 399179 m2 0.0297 0.236475 -0.431436 0 -0.0278158
1231192 385951 m2 0.0538 0.475658 0.371667 -0.00681263 0
1231192 697479 m2 0.01465 -0.346759 -0.0434251 0 0.0158508
1231192 132956 m2 0.12035 0.159293 0.0192817 0 0.0139144
1231192 596877 m2 0.01415 0.441574 0.286895 0 -0.0135753
1231192 150006 m2 0.06225 0.676336 -0.0413301 0.0390953 0
1231192 628793 m2 0.02125 -0.0605082 0.452135 0.00104286 0
1231192 741007 m2 0.02645 0.0224226 0.139677 0 0.0288448
1231192 452283 m2 0.0329 -0.380643 0.438016 0 0.0423285
1231192 490367 m2 0.03345 -0.462406 0.422273 0 0.01185
1231192 759349 m2 0.0163 0.166053 0.130424 0.0206526 0
1231192 10577 m2 0.0254 -0.153758 -0.385124 0 -0.0385341
1231192 724239 m2 0.0138 -0.365365 0.104432 -0.0315411 0
1231192 198444 m2 0.1056 -0.0398368 0.409063 0 0.0260524
1231192 567525 m2 0.02225 0.40785 0.306975 0 0.0305127
1231192 646131 m2 0.03685 -0.3956 -0.437768 0.0123133 0
1231192 775008 m2 0.01235 -0.434129 0.101511 0 -0.00517245
1231192 724535 m2 0.0175 0.406169 -0.0380405 -0.0109584 0
1231192 788795 m2 0.0161 -0.376913 0.139561 0 0.00332575
1231192 179330 m2 0.01765 -0.352468 0.374608 0 0.00952528
1231192 627387 m2 0.02595 0.0454022 0.431239 0 0.0359807
1231192 740741 m2 0.0254 -0.442912 0.312403 0 -0.0270315
1231192 444742 m2 0.0451 0.303406 0.180805 0 0.00265715
1231192 375015 m2 0.03495 -0.494721 -0.335126 -0.0587063 0
1231192 578829 m2 0.0107 -0.354316 -0.250665 -0.086611 0
1231192 637612 m2 0.02765 0.477333 0.261655 0.0515969 0
1231192 238065 m2 0.02765 0.156089 0.355154 0 0.0347195
1231192 420805 m2 0.0357 -0.56519 -0.0101684 0 0.0107029
1231192 514102 m2 0.05485 0.462434 0.179562 0.0375899 0
1231192 746710 m2 0.02555 -0.0521228 0.0167695 -0.0300376 0
1231192 109401 m2 0.02965 -0.124555 0.124168 0.00700134 0
1231192 309618 m2 0.07475 -0.110867 -0.291538 0 0.0280889
1231192 98693 m2 0.1419 0.521161 0.191426 0.0215419 0
1231192 707382 m2 0.0242 0.208202 -0.0343547 -0.0143453 0
1231192 650712 m2 0.03395 -0.0328982 0.331112 0 0.0144941
1231192 413262 m2 0.05935 0.512936 -0.265999 0.0229098 0
1231192 256204 m2 0.05555 -0.101662 0.446983 0 0.0265464
1231192 579905 m2 0.03155 -0.405617 -0.154852 0.0235265 0
1231192 318634 m2 0.0233 0.208723 0.371322 0 0.0522966
1231192 363571 m2 0.02615 -0.164955 -0.155066 0 0.0423848
1231192 470978 m2 0.0127 0.140527 0.374725 0.0316594 0
1231192 677791 m2 0.0114 0.110676 0.382868 0 -0.0536194
1231192 740451 m2 0.01905 -0.478486 0.0997099 -0.0550651 0
1231192 313986 m2 0.10785 0.15439 0.13634 0.0285733 0
1231192 729789 m2 0.01715 -0.24438 0.0419047 0.00595164 0
1231192 559308 m2 0.05645 -0.516375 0.0234058 -0.0609762 0
1231192 691083 m2 0.0276 0.066639 -0.223575 0.00994482 0
1231192 206084 m2 0.14005 0.446892 0.499541 0.0387477 0
1231192 629049 m2 0.05455 0.43279 -0.46583 0 -0.0322427
1231192 686899 m2 0.01675 -0.406096 -0.0783223 -0.0148807 0
1231192 513792 m2 0.0133 0.265016 0.0316637 -0.00474887 0
1231192 347963 m2 0.033 -0.427565 0.376316 -0.0408612 0
1231192 304321 m2 0.0192 0.333646 0.302344 0 0.0206493
1231192 727234 m2 0.0175 -0.431629 -0.133278 0 0.000582932
1231192 352424 m2 0.10795 0.473703 0.390685 0.0294325 0
1231192 63149 m2 0.0922 0.171816 0.280401 0.0210684 0
1231192 696926 m2 0.0158 0.350266 -0.383096 0 0.00459789
1231192 784693 m2 0.0152 -0.354555 0.141177 0 -0.00868317
1231192 162749 m2 0.05525 -0.673693 -0.31843 -0.0491918 0
1231192 101093 m2 0.0196 0.312562 0.427059 0 -0.0106188
1231192 328727 m2 0.11875 -0.629324 -0.346461 -0.0843495 0
1231192 699983 m2 0.01725 0.0429419 -0.0225415 0.0416844 0
1231192 129035 m2 0.12485 -0.649403 0.357591 0 0.0205689
1231192 472952 m2 0.02495 -0.227539 -0.329281 0 0.0222423
1231192 564405 m2 0.03845 -0.319133 0.386832 0 0.0011908
1231192 296795 m2 0.0389 0.225521 0.032157 0 -0.0208873
1231192 73033 m2 0.064 0.0543114 -0.275401 0 -0.0240108
1231192 426054 m2 0.02015 -0.373238 -0.461732 0 -0.0401541
1231192 186184 m2 0.18235 -0.667964 -0.363118 -0.0124354 0
1231192 599627 m2 0.0355 -0.578128 -0.0568954 -0.0533743 0
1231192 354347 m2 0.01765 -0.200906 -0.442705 0 0.0379641
1231192 254033 m2 0.16645 -0.0986819 0.528201 0 0.0255467
1231192 306259 m2 0.01835 -0.0184016 -0.456068 0 0.0213091
1231192 25004 m2 0.0937 -0.31691 -0.653368 0 -0.0107469
1231192 760454 m2 0.0132 -0.164017 0.0919232 0.0212613 0
1231192 529581 m2 0.0142 -0.335212 -0.120031 0 0.013988
1231192 221451 m2 0.07555 0.428614 0.532271 0 0.0293758
1231192 139411 m2 0.0707 0.0528777 -0.357403 0.0129832 0
1231192 64887 m2 0.02515 -0.376415 0.474914 0 0.0183664
1231192 745397 m2 0.01015 0.408725 0.0634775 0.0562163 0
1231192 220606 m2 0.02105 -0.444475 0.343704 -0.0140953 0
1231192 174125 m2 0.01425 0.394094 -0.209166 0.0644732 0
1231192 237764 m2 0.0273 -0.416162 0.00130694 0.00374156 0
1231192 475992 m2 0.0705 0.259731 0.448805 0 0.00536915
1231192 760715 m2 0.01345 0.340236 -0.0652373 0 -0.0251775
1231192 374711 m2 0.06465 -0.513469 -0.318213 0.00312229 0
1231192 341511 m2 0.0311 -0.53856 0.0487112 -0.0396831 0
1231192 484497 m2 0.0222 -0.397293 0.038093 0 0.0227182
1231192 496852 m2 0.0598 0.58515 0.364091 0.0413331 0
1231192 491872 m2 0.0154 0.358353 0.292849 0.0365354 0
1231192 321338 m2 0.03625 0.282555 -0.0927031 -0.0126566 0
1231192 161659 m2 0.0102 0.213432 -0.292667 0 -0.0429844
1231192 675037 m2 0.0301 0.217642 -0.413754 0 -0.0197362
1231192 340946 m2 0.0563 0.00377098 0.408597 0 0.0602371
1231192 762003 m2 0.01375 -0.0504085 0.0415662 -0.0132804 0
1231192 232189 m2 0.05335 0.0333074 -0.360542 0 0.00769752
1231192 510982 m2 0.0216 0.0473011 -0.197216 0 0.0284392
1231192 29058 m2 0.1401 0.220258 -0.641791 0 -0.0342677
1231192 602738 m2 0.0138 -0.0175577 0.236711 0.0323609 0
1231192 222754 m2 0.11515 -0.595915 0.274429 -0.052031 0
1231192 227691 m2 0.0919 0.012071 -0.756052 0 -0.0432166
1231192 262864 m2 0.06045 0.521574 0.432806 -0.000835565 0
1231192 30124 m2 0.04145 -0.302551 -0.334983 0.00542179 0
1231192 120305 m2 0.0397 0.385545 -0.437067 0.0804364 0
1231192 148249 m2 0.23375 -0.220354 0.749141 0 0.0400235
1231192 565241 m2 0.02505 -0.174571 0.372317 0 0.0370922
1231192 456695 m2 0.02085 0.287932 -0.408707 0.0468022 0
1231192 407185 m2 0.0872 -0.496713 0.510134 0 0.0570994
1231192 50014 m2 0.05085 0.420462 -0.239127 0 -0.0109991
1231192 642005 m2 0.01835 -0.398683 -0.168722 -0.048832 0
1231192 795338 m2 0.0138 0.16677 -0.0542123 -0.0201765 0
1231192 405797 m2 0.0358 -0.491206 0.395368 0.000132438 0
1231192 499578 m2 0.16065 -0.705624 0.0196208 -0.0361022 0
1231192 693847 m2 0.0116 0.326828 -0.122829 0 -0.00442002
1231192 276296 m2 0.0181 0.332896 0.283749 -0.00280131 0
1231192 636463 m2 0.01625 0.455557 0.125531 0 0.0289853
1231192 545454 m2 0.02785 -0.380916 0.368305 0.0138861 0
1231192 561759 m2 0.01485 -0.340235 0.0486124 0.0691525 0
1231192 671708 m2 0.01915 0.369868 0.00607057 0 -0.0653899
1231192 444703 m2 0.0203 -0.123945 -0.483565 0 0.00992272
1231192 575751 m2 0.02005 -0.0759024 0.0955268 0 0.0139436
1231192 30681 m2 0.02745 -0.229532 -0.178759 0.0127228 0
1231192 40400 m2 0.1629 -0.274969 0.450255 0 -0.0027348
1231192 225205 m2 0.01145 -0.0459509 -0.0209337 0 0.0344293
1231192 354320 m2 0.0348 -0.491372 0.10046 -0.0566239 0
1231192 746949 m2 0.01375 -0.114547 0.0837876 -0.0121214 0
1231192 102167 m2 0.0538 0.466105 -0.233736 0 -0.0215078
1231192 114334 m2 0.0471 -0.12606 -0.207195 0.0108147 0
1231192 339043 m2 0.0186 -0.247202 -0.200493 -0.0324952 0
1231192 403901 m2 0.0363 -0.319256 0.448958 0 0.0491357
1231192 538118 m2 0.01395 -0.332666 0.087448 0 -0.0225124
1231192 96430 m2 0.06315 0.00664025 -0.264574 0.00787165 0
1231192 101638 m2 0.14 0.519896 -0.455168 0.0380199 0
1231192 476828 m2 0.0412 -0.434433 -0.427734 0.00179676 0
1231192 224120 m2 0.0591 0.0808513 -0.107396 0 -0.041368
1231192 765902 m2 0.03045 -0.0830954 0.0973264 0 0.00996662
1231192 203013 m2 0.0688 0.514869 -0.403539 0.0669409 0
1231192 325913 m2 0.0439 -0.567064 0.0429138 -0.0334725 0
1231192 204354 m2 0.03455 0.446798 0.33098 0.0822733 0
1231192 263698 m2 0.02075 0.267135 0.338569 0.0160204 0
1231192 57723 m2 0.077 -0.436524 -0.351391 -0.0188238 0
1231192 675013 m2 0.0196 0.374592 -0.304847 0 0.0134959
1231192 648793 m2 0.0378 -0.336002 0.0944919 0 -0.0348194
1231192 748278 m2 0.0241 0.402126 -0.159876 0.0268209 0
1231192 437858 m2 0.0238 -0.353365 0.326587 0 0.00184332
1231192 257592 m2 0.13975 -0.519499 0.473397 0 0.0188141
1231192 628175 m2 0.02685 0.2444 -0.487566 0 -0.0162058
1231192 776301 m2 0.0232 -0.113763 -0.440843 0 0.0351261
1231192 582884 m2 0.03645 -0.279772 0.191441 0 0.0232705
1231192 595691 m2 0.01375 0.370065 -0.294163 -0.0473903 0
1231192 311745 m2 0.0119 -0.0313495 0.169581 0 -0.015423
1231192 246733 m2 0.051 0.376497 0.403242 -0.0411927 0
1231192 221128 m2 0.0451 -0.317511 0.0688029 0 -0.0246698
1231192 157951 m2 0.07475 0.506583 0.0695094 0 0.00174726
1231192 749779 m2 0.01205 -0.396234 0.30433 0 -0.0640851
1231192 662998 m2 0.0431 -0.0801329 -0.549395 0 -0.0598991
1231192 781548 m2 0.02005 0.291654 -0.187327 -0.0247106 0
1231192 216678 m2 0.015 0.400685 0.422091 0 0.0266677
1231192 349604 m2 0.0684 -0.461934 -0.394057 0.00482255 0
1231192 753509 m2 0.0114 -0.0471769 -0.0772322 -0.0303562 0
1231192 474288 m2 0.05205 0.389984 -0.223406 0.0156201 0
1231192 429210 m2 0.0446 0.29877 -0.576371 0 -0.0591925
1231192 58019 m2 0.0185 0.371077 0.302675 0.0483329 0
1231192 605096 m2 0.0625 -0.60149 0.372144 0 0.0288454
1231192 697694 m2 0.01345 -0.328829 0.377143 0 -0.0172373
1231192 698553 m2 0.0156 -0.42255 0.158148 0 -0.0124281
1231192 280053 m2 0.05855 0.632692 -0.300679 0.0770597 0
1231192 285039 m2 0.0141 -0.0670781 -0.511623 0 -0.0666685
1231192 706205 m2 0.0222 -0.368447 0.329403 0 0.0345504
1231192 465152 m2 0.03635 -0.281644 -0.381084 -0.000459581 0
1231192 604810 m2 0.0137 0.052853 -0.0230456 -0.0152056 0
1231192 688260 m2 0.02005 0.333932 0.443916 0.0320983 0
1231192 334167 m2 0.066 -0.113976 0.0712781 -0.00958336 0
1231192 597343 m2 0.0466 0.50188 0.0910844 0.0472247 0
1231192 697423 m2 0.01205 -0.137021 0.0441767 0 0.0263409
1231192 66431 m2 0.05025 -0.488871 -0.418437 -0.106577 0
1231192 608355 m2 0.0132 -0.340709 -0.374655 0 -0.0247094
1231192 382510 m2 0.0606 -0.105914 0.4558 0 0.00162162
1231192 713393 m2 0.0172 -0.393642 -0.134999 -0.00672485 0
1231192 653640 m2 0.03305 -0.450487 -0.418081 -0.00547112 0
1231192 423516 m2 0.03445 -0.226526 0.466279 0 0.0259875
1231192 259429 m2 0.0191 -0.344436 0.280169 0 0.0327253
1231192 752428 m2 0.01235 -0.152056 -0.356269 0.0293465 0
1231192 779307 m2 0.01175 0.132448 -0.119058 0.067058 0
1231192 686062 m2 0.0395 0.437462 -0.162885 0.0271737 0
1231192 274584 m2 0.03025 0.107386 -0.473529 0 -0.0475026
1231192 246190 m2 0.0559 -0.257894 -0.601175 0 -0.00228001
1231192 676926 m2 0.0109 -0.331617 -0.385507 0 -0.0186914
1231192 429994 m2 0.06425 0.58709 -0.208147 0.0179071 0
1231192 618518 m2 0.06625 -0.393391 -0.623175 0 -0.0176645
1231192 657497 m2 0.01025 -0.249586 0.131332 -0.0333428 0
1231192 433679 m2 0.0422 -0.257208 -0.521244 -0.0628667 0
1231192 750267 m2 0.0166 0.261663 -0.389148 0 0.0307405
1231192 363223 m2 0.01055 0.101685 0.119587 0 0.0170688
1231192 325893 m2 0.02115 0.411746 -0.165761 0 0.01903
1231192 685539 m2 0.0182 -0.29728 -0.507292 0.0123987 0
1231192 108478 m2 0.0674 -0.507866 -0.48409 0 -0.00492578
1231192 245632 m2 0.0603 -0.57843 0.309995 0.0153225 0
1231192 606969 m2 0.01845 0.436638 -0.357786 0.0449037 0
1231192 108452 m2 0.02585 -0.334498 0.0834398 -0.00452855 0
1231192 502644 m2 0.03955 -0.339493 0.45794 0 0.0342801
1231192 736225 m2 0.0193 0.443723 -0.19746 0.00739937 0
1231192 407661 m2 0.03 0.152976 0.449598 -0.0329031 0
1231192 608081 m2 0.0179 0.286313 -0.431708 0 -0.0754302
1231192 580372 m2 0.03975 -0.449254 -0.397463 0 -0.0104601
1231192 572656 m2 0.01035 0.17879 -0.169724 -0.00713985 0
1231192 404413 m2 0.01535 -0.412939 0.182682 -0.0700369 0
1231192 641386 m2 0.0119 0.303728 -0.00567118 0 0.0165001
1231192 577713 m2 0.01535 0.438011 -0.283722 0.000570878 0
1231192 658060 m2 0.01665 -0.273738 -0.179189 0.0166694 0
1231192 304566 m2 0.0334 -0.287624 0.19676 0 0.0404388
1231192 380286 m2 0.0588 0.588041 -0.150285 0.0232702 0
1231192 252020 m2 0.0895 0.431848 0.458423 0.00714884 0
1231192 153528 m2 0.245 0.892013 0.0518544 0.0327264 0
1231192 99096 m2 0.03755 -0.542569 -0.0951312 -0.00817755 0
1231192 449250 m2 0.01255 -0.28676 0.134517 -0.00562856 0
1231192 681263 m2 0.01655 -0.307745 -0.283914 0.0160801 0
1231192 123800 m2 0.03425 0.121274 -0.527358 0 0.0184188
1231192 639489 m2 0.04135 -0.0255127 -0.507998 0.0253265 0
1231192 597327 m2 0.0291 -0.344097 -0.470313 -0.035207 0
1231192 98032 m2 0.0437 -0.175074 -0.624407 0.0422355 0
1231192 655552 m2 0.0196 -0.0954765 -0.423516 0 -0.00368735
1231192 172141 m2 0.04105 -0.371992 -0.519858 0 -0.00233167
1231192 548181 m2 0.02475 -0.0992831 -0.319238 -0.0325933 0
1231192 433914 m2 0.0115 0.136251 -0.285101 0.00761211 0
1231192 697948 m2 0.0262 0.434733 -0.359031 -0.02931 0
1231192 93887 m2 0.10225 0.0692883 -0.241876 0.0113274 0
1231192 215657 m2 0.06485 -0.0222443 -0.610318 0 -0.0449621
1231192 319583 m2 0.02415 0.0964112 -0.300596 0 -0.0477413
1231192 106030 m2 0.05715 0.339956 -0.509135 0.0083938 0
1231192 470631 m2 0.03275 -0.43441 -0.411547 -0.0319476 0
1231192 563524 m2 0.01995 0.357038 0.101018 0.0121162 0
1231192 220540 m2 0.08795 0.340201 -0.297925 0 -0.0308387
1231192 540798 m2 0.05445 -0.431261 -0.555509 0 -0.0180565
1231192 335460 m2 0.01095 -0.350699 0.116355 -0.0344443 0
1231192 437513 m2 0.01465 -0.167639 0.285607 0 0.00257433
1231192 368898 m2 0.03295 0.144896 -0.502312 0 -0.0120269
1231192 85939 m2 0.0479 -0.304492 -0.406184 0 -0.0148664
1231192 139333 m2 0.09485 -0.723961 -0.175227 -0.0390685 0
1231192 737022 m2 0.0233 0.166368 -0.418346 0 0.0518717
1231192 614966 m2 0.0203 0.269902 -0.275531 -0.0495579 0
1231192 175387 m2 0.0418 0.397064 -0.509998 0 -0.0397754
1231192 735085 m2 0.0216 -0.195629 -0.000652487 -0.0256604 0
1231192 723615 m2 0.0134 0.321344 -0.139071 0 -0.0373491
1231192 777968 m2 0.0144 -0.292596 0.153816 0 0.0204157
1231192 130831 m2 0.0456 -0.427829 -0.542876 -0.0342724 0
1231192 598744 m2 0.021 0.0442222 -0.461354 0 -0.0116833
1231192 128939 m2 0.13935 -0.678423 0.117338 -0.064246 0
1231192 645207 m2 0.01675 -0.212754 -0.519162 -0.0383466 0
1231192 556462 m2 0.01235 0.201144 -0.45575 0 -0.03674
1231192 263070 m2 0.16505 -0.157081 -0.731188 0 -0.0555105
1231192 722515 m2 0.01115 -0.338882 -0.279607 0 -0.0465583
1231192 103819 m2 0.0128 -0.117757 -0.341059 0 -0.00100566
1231192 100194 m2 0.0493 -0.26917 -0.293617 0 0.00584643
1231192 751319 m2 0.01065 -0.37201 -0.186438 0.0537389 0
1231192 743906 m2 0.0236 -0.222137 -0.199689 -3.73051e-05 0
1231192 373000 m2 0.02115 -0.243078 -0.449605 -0.0418953 0
1231192 375996 m2 0.0136 -0.0674379 0.00590003 -0.01758 0
1231192 215645 m2 0.1056 0.280648 -0.388028 0 -0.00294735
1231192 244260 m2 0.0393 0.311737 -0.574819 0.035813 0
1231192 616575 m2 0.0239 -0.409003 -0.480935 0 -0.0262969
1231192 772467 m2 0.0103 -0.399616 -0.263585 0.0263069 0
1231192 327806 m2 0.01575 0.19201 0.107878 0.0397805 0
1231192 494012 m2 0.01195 -0.255187 -0.181643 -0.0463371 0
1231192 357307 m2 0.07775 0.453693 -0.56171 0 -0.0482337
1231192 711212 m2 0.01125 0.277023 -0.126086 -0.00680791 0
1231192 363471 m2 0.0182 0.302924 0.275889 -0.022351 0
1231192 359830 m2 0.0618 0.118295 -0.587394 0 -0.0267514
1231192 653373 m2 0.0347 -0.133403 -0.506016 0.0097091 0
1231192 371859 m2 0.06345 0.0882014 -0.566259 0.0340946 0
1231192 563766 m2 0.02325 0.0817466 -0.496934 -0.0603003 0
1231192 545917 m2 0.02315 0.528417 -0.275828 0 0.000674502
1231192 481431 m2 0.04865 -0.387758 -0.581853 0 -0.0258606
1231192 703590 m2 0.01465 0.255742 -0.35685 0.00158706 0
1231192 182697 m2 0.022 0.341633 -0.079863 0 0.03844
1231192 401340 m2 0.02225 -0.553806 0.141416 0 0.0235448
1231192 529763 m2 0.05235 -0.254651 -0.497943 0 -0.00603018
1231192 773259 m2 0.0122 -0.299215 -0.323429 0 0.0248549
1231192 204010 m2 0.01015 -0.187708 -0.0679788 0 -0.00658313
1231192 675847 m2 0.01045 -0.307798 -0.352302 -0.0616911 0
1231192 724430 m2 0.0105 0.124468 -0.353771 -0.0157802 0
1231192 370716 m2 0.04765 -0.522514 -0.400039 0 -0.0213843
1231192 281151 m2 0.0411 0.28815 0.339933 0 0.0588065
1231192 491049 m2 0.02275 -0.220193 -0.445587 0 -0.037268
1231192 339780 m2 0.02405 0.26778 -0.291839 0 -0.0415358
1231192 751569 m2 0.01535 0.28557 -0.376983 0 0.0168473
1231192 432762 m2 0.12405 0.237024 -0.385439 0.0194665 0
1231192 341966 m2 0.0736 -0.533715 -0.490995 -0.0412602 0
1231192 382463 m2 0.06075 -0.573561 0.374714 -0.0396181 0
1231192 239596 m2 0.08145 0.430341 -0.533017 0 -0.0468061
1231192 771082 m2 0.01175 -0.323864 -0.0483554 0 0.0449521
1231192 218838 m2 0.0607 -0.200739 -0.449528 0 -0.0645154
1231192 515024 m2 0.0239 0.452968 0.280056 0 0.0259483
1231192 594780 m2 0.02315 -0.281611 -0.32062 0 -0.0242666
1231192 478955 m2 0.01035 -0.230009 -0.397338 0 -0.0333119
1231192 602663 m2 0.03695 -0.340363 -0.495651 -0.0414694 0
1231192 209813 m2 0.0237 -0.156593 0.516617 0 0.0205995
1231192 293958 m2 0.0126 0.329041 -0.311841 0 0.000518103
1231192 729666 m2 0.0165 0.255726 -0.478678 0 -0.01791
1231192 393226 m2 0.02525 0.376921 0.288754 0.0424604 0
1231192 624758 m2 0.0201 -0.402467 -0.463558 0 -0.0732103
1231192 214802 m2 0.0429 0.00444705 0.446859 0.0263256 0
1231192 280825 m2 0.0411 -0.434322 -0.325506 0.00411862 0
1231192 666177 m2 0.02515 -0.468969 -0.419685 0.00824192 0
1231192 337079 m2 0.168 -0.502033 -0.637163 0 -0.0586549
1231192 579812 m2 0.0112 0.337248 -0.043412 0 -0.0246532
1231192 281385 m2 0.12805 -0.614339 0.151243 0.00929842 0
1231192 378916 m2 0.02135 0.434223 -0.386037 0 -0.00211598
1231192 209239 m2 0.0293 -0.132781 -0.412797 0 0.0166102
1231192 570997 m2 0.10835 0.503781 -0.513967 0.0232228 0
1231192 543230 m2 0.0369 0.496921 -0.423844 0.0119159 0
1231192 736740 m2 0.01095 0.239219 -0.380241 0.0516284 0
1231192 581973 m2 0.01995 -0.409567 -0.127001 0.0203105 0
1231192 692658 m2 0.01725 -0.0700267 0.153145 -0.0230547 0
1231192 503642 m2 0.0754 -0.407067 -0.603913 0 -0.0566618
1231192 387739 m2 0.0338 0.387696 0.413648 0 0.0468887
1231192 526986 m2 0.04565 -0.447987 -0.406404 0 -0.0101296
1231192 518293 m2 0.02895 0.329055 -0.383555 0 -0.102155
1231192 743877 m2 0.03055 0.186209 -0.273047 0 0.00752251
1231192 546631 m2 0.0676 -0.553654 -0.456706 0 -0.00165122
1231192 672253 m2 0.0211 -0.39997 -0.138404 -0.0285905 0
1231192 564594 m2 0.0115 0.231256 -0.418732 0 -0.0681929
1231192 458833 m2 0.01115 -0.0850302 -0.272738 0 -0.0727516
1231192 732491 m2 0.0217 -0.307136 -0.419659 -0.0152132 0
1231192 372125 m2 0.05525 0.396252 -0.309847 0 0.0333733
1231192 333767 m2 0.15045 0.704541 -0.26673 0.0225772 0
1231192 643832 m2 0.021 -0.372962 -0.299256 0 0.0181402
1231192 400454 m2 0.0131 -0.28569 0.199245 0 0.0311852
1231192 781198 m2 0.02025 0.430633 -0.336467 0.00501346 0
1231192 334604 m2 0.10725 0.379077 -0.503165 0 -0.0300013
1231192 366999 m2 0.01165 -0.0366697 -0.196071 -0.0465132 0
1231192 715201 m2 0.0161 0.327371 -0.423421 0 -0.0269247
1231192 341699 m2 0.02935 0.0362371 -0.294513 -0.0532798 0
1231192 615470 m2 0.0218 0.426787 0.286174 0 0.0286092
1231192 758416 m2 0.0101 -0.184002 -0.418027 0 0.0150894
1231192 641918 m2 0.0169 -0.148421 -0.170428 0 0.0431539
1231192 664006 m2 0.0391 -0.00920127 -0.459 0 0.0152104
1231192 342806 m2 0.05805 0.605119 0.284842 0.0334746 0
1231192 652496 m2 0.0126 0.00881326 -0.415663 -0.0175235 0
1231192 433612 m2 0.0928 -0.237422 -0.563121 0 -0.0502572
1231192 641037 m2 0.0475 0.303681 -0.518674 0.0239044 0
1231192 611397 m2 0.01525 0.338789 -0.294668 0.032033 0
1231192 745533 m2 0.0217 -0.398599 -0.444354 0 -0.053093
1231192 500868 m2 0.0272 0.374448 0.262442 0 0.00234843
1231192 672787 m2 0.02045 0.372084 -0.360736 0.0703862 0
1231192 636395 m2 0.02125 -0.423373 0.260259 0 -0.00278063
1231192 654983 m2 0.025 -0.255272 -0.353296 -0.0341573 0
1231192 367278 m2 0.0242 -0.215745 0.243208 0.00937943 0
1231192 434652 m2 0.01865 0.066811 -0.302778 -0.014736 0
1231192 637186 m2 0.0265 -0.0905013 -0.457772 0.00510439 0
1231192 372406 m2 0.03465 0.416508 -0.447531 0.0867664 0
1231192 277065 m2 0.1336 -0.202755 -0.390484 0 -0.0216384
1231192 309772 m2 0.0585 -0.540297 0.0177488 0.0055315 0
1231192 406805 m2 0.06595 -0.0275096 0.532417 -0.00570837 0
1231192 428591 m2 0.04755 -0.199456 -0.170207 -0.0491999 0
1231192 356988 m2 0.04425 0.0225517 -0.502163 0 0.00913214
1231192 761381 m2 0.0162 -0.285376 -0.387853 0 0.0131055
1231192 524320 m2 0.01335 -0.21334 0.00399362 -0.0237815 0
1231192 355618 m2 0.0216 -0.0988303 -0.477362 0 -0.0219867
1231192 674932 m2 0.02375 -0.239635 -0.470764 0 0.00924928
1231192 694868 m2 0.01205 0.335225 -0.374347 -0.00501067 0
1231192 570654 m2 0.0269 -0.293702 -0.402296 0 -0.0107411
1231192 382444 m2 0.04365 0.376188 -0.46689 0 -0.0226578
1231192 479487 m2 0.02625 -0.101668 -0.505551 0 -0.00679608
1231192 745269 m2 0.02295 -0.226446 -0.41871 0 -0.0445708
1231192 599753 m2 0.0109 -0.214668 -0.237124 0 0.0170354
1231192 531659 m2 0.0279 -0.491039 -0.209169 0 0.0445561
1231192 633087 m2 0.017 0.387511 -0.0828687 0 0.0124536
1231192 489640 m2 0.012 0.416651 -0.0790228 0 -0.0677264
1231192 570378 m2 0.04605 0.455059 -0.407727 -0.0403817 0
1231192 734422 m2 0.0141 -0.235891 -0.420022 0.0939712 0
1231192 541008 m2 0.0123 -0.390249 -0.341088 0 -0.0359153
1231192 481355 m2 0.03335 -0.331676 -0.492936 -0.0302614 0
1231192 693192 m2 0.0134 0.317753 -0.377385 0 -0.0109534
1231192 716068 m2 0.02015 -0.206632 -0.42445 -0.00804474 0
1231192 565680 m2 0.0236 0.402065 -0.225816 0.023602 0
1231192 725474 m2 0.0121 0.229019 -0.46008 -0.00270848 0
1231192 730451 m2 0.0215 -0.345793 -0.430229 0 0.0185642
1231192 485187 m2 0.03525 0.437348 -0.481148 0.00780494 0
1231192 287683 m2 0.02305 -0.340189 -0.424184 0 -0.0552474
1231192 686259 m2 0.0284 0.327476 -0.416358 0 -0.00733118
1231192 635814 m2 0.0138 -0.215442 0.408101 0 -0.029052
1231192 521364 m2 0.0509 0.440557 -0.58743 0 -0.0153547
1231192 404624 m2 0.01525 -0.354638 -0.476315 -0.0579216 0
1231192 649735 m2 0.0129 -0.397361 -0.142111 0 -0.0184796
1231192 668058 m2 0.0278 0.444554 -0.339088 0.014004 0
1231192 759195 m2 0.0218 -0.407066 -0.349564 -0.00400664 0
1231192 635569 m2 0.037 -0.503683 0.140303 0 -0.0120536
1231192 404094 m2 0.04245 -0.00739839 -0.0318914 0 -0.000928122
1231192 690705 m2 0.0154 -0.253622 -0.438011 0.0171837 0
1231192 551828 m2 0.0244 -0.330033 -0.137066 0 -0.0314682
1231192 750713 m2 0.0113 -0.372404 -0.185434 0 0.0806867
1231192 711124 m2 0.0179 -0.363863 -0.389047 0 0.0238611
1231192 538577 m2 0.0316 -0.423277 0.0941629 0 -0.0332266
1231192 516927 m2 0.0397 -0.238696 -0.649921 0 -0.0451159
1231192 518271 m2 0.0245 0.402889 -0.431135 0 -0.0306115
1231192 697876 m2 0.02155 0.0144708 -0.321896 0 0.00932715
1231192 763895 m2 0.0126 -0.303808 -0.324629 0 -0.0121844
1231192 570094 m2 0.02415 0.0767827 -0.322349 -0.00116846 0
1231192 452421 m2 0.0132 -0.102461 0.377282 0 0.0450753
1231192 520220 m2 0.0228 -0.184739 0.0601871 0.0492489 0
1231192 490715 m2 0.03425 -0.389031 -0.44879 0 -0.0312497
1231192 545345 m2 0.0146 0.395956 -0.39167 0.0254161 0
1231192 645457 m2 0.0205 -0.379296 -0.364318 -0.0486348 0
1231192 482745 m2 0.0256 0.0290447 -0.496599 0 -0.0368671
1231192 732234 m2 0.01635 0.345422 -0.08453 0.0060547 0
1231192 776808 m2 0.0118 0.346275 -0.378732 0 -0.0529095
