seed mutID muttype p cor_sal cor_temp mutSalEffect mutTempEffect
1231189 733706 m2 0.0148904 0.160575 0.377523 0 -0.00277042
1231189 59561 m2 0.0335159 0.418733 -0.45768 0 0.0301305
1231189 695013 m2 0.0161355 0.270698 0.35889 0.0181973 0
1231189 2001 m2 0.0262948 -0.298931 0.291161 0.0119894 0
1231189 178782 m2 0.264641 -0.231071 0.672667 0 0.0231495
1231189 573358 m2 0.0702689 0.375643 0.554576 -0.0014972 0
1231189 523131 m2 0.0626494 0.708162 -0.0250202 0.0807801 0
1231189 662297 m2 0.0666833 0.300243 0.366479 0 0.00229172
1231189 102624 m2 0.0760956 0.470451 -0.506432 0.0734461 0
1231189 577798 m2 0.0894422 0.513216 0.0618789 -0.0137066 0
1231189 722938 m2 0.0183765 0.35765 0.334589 0.046743 0
1231189 448616 m2 0.0574203 0.288889 0.0875682 0 0.00494401
1231189 660598 m2 0.0119522 0.108681 0.0727399 0.0985369 0
1231189 24907 m2 0.36743 -0.765501 0.23833 -0.0185084 0
1231189 224234 m2 0.0145916 -0.401686 0.153099 0.00251799 0
1231189 117820 m2 0.0174801 0.249986 0.139254 0.000844224 0
1231189 698611 m2 0.0170319 -0.0322752 0.401495 -0.0048887 0
1231189 343069 m2 0.219871 0.192342 0.577599 0 0.0586095
1231189 745527 m2 0.0112052 0.223135 0.276211 0 -0.0962941
1231189 767786 m2 0.0132968 0.391428 0.32917 0 0.016029
1231189 624238 m2 0.0231076 -0.164435 0.2726 -0.00491568 0
1231189 466958 m2 0.0353088 0.380903 0.32235 0 0.0272864
1231189 400990 m2 0.0348108 0.353249 -0.0563092 0.00346859 0
1231189 563971 m2 0.0673805 -0.22633 0.467302 0.0109223 0
1231189 699386 m2 0.0239542 0.0995781 0.431112 0 0.063489
1231189 552230 m2 0.0658367 0.54989 -0.004696 0.0440801 0
1231189 159839 m2 0.015488 -0.147698 -0.125972 -0.0459012 0
1231189 743861 m2 0.0213147 -0.165763 0.320058 -0.012889 0
1231189 495779 m2 0.0503486 0.220188 0.278343 0 0.00995912
1231189 222037 m2 0.121215 -0.177811 0.616181 -0.0476215 0
1231189 293880 m2 0.442829 0.050696 0.92645 0 0.118062
1231189 730128 m2 0.0214641 0.262579 0.320848 -0.00897804 0
1231189 226985 m2 0.0540837 0.534389 -0.31352 0.0585116 0
1231189 639042 m2 0.0134462 0.0702458 0.392504 0 0.0410129
1231189 792073 m2 0.0150896 0.00567838 0.311588 0 -0.0119967
1231189 740091 m2 0.0153386 -0.0396158 0.283348 0.0498207 0
1231189 276341 m2 0.111952 -0.0773662 -0.578932 0 -0.00128475
1231189 556392 m2 0.0550797 -0.514674 0.281646 0 -0.0328738
1231189 763910 m2 0.0150398 0.134569 0.3961 0 -0.020092
1231189 392449 m2 0.0690737 -0.015813 0.556224 0 0.0508194
1231189 683250 m2 0.0233566 -0.353573 0.373179 0 -0.01101
1231189 310266 m2 0.169173 0.160592 0.702935 0 -0.0177243
1231189 595749 m2 0.0268426 -0.407264 0.304583 0 -0.0139684
1231189 436812 m2 0.167131 -0.530416 0.572215 0 0.0112497
1231189 686799 m2 0.0204681 0.273578 0.33093 0 0.051818
1231189 627787 m2 0.0395916 0.229462 0.47696 0.018367 0
1231189 326896 m2 0.156325 -0.30255 0.685378 0 0.0506692
1231189 654247 m2 0.011753 0.268519 0.322164 -0.0030748 0
1231189 364900 m2 0.0893924 -0.481145 0.381577 -0.0646323 0
1231189 488428 m2 0.0810757 -0.470115 0.0995994 0 -0.010379
1231189 753925 m2 0.0160857 -0.292474 0.306959 -0.00399309 0
1231189 584115 m2 0.0136952 -0.343894 0.0710857 0 -0.0287612
1231189 540335 m2 0.0283367 -0.0893267 0.0619201 0.0301563 0
1231189 763345 m2 0.0290339 0.0357936 0.302838 0 -0.025966
1231189 665517 m2 0.0156873 0.123036 0.067364 0 -0.0459902
1231189 782811 m2 0.0202689 0.296687 0.350304 0 0.0462533
1231189 771382 m2 0.0119522 0.113522 0.24991 0 -0.0259255
1231189 286251 m2 0.117729 -0.469604 0.125664 -0.0176777 0
1231189 75939 m2 0.0202689 -0.472513 -0.247406 -0.0368338 0
1231189 756424 m2 0.0153884 0.0923243 0.110806 0 0.0296251
1231189 618288 m2 0.0276892 -0.380162 0.195142 0.0028161 0
1231189 760500 m2 0.0152888 0.366953 0.335664 0 -0.00599805
1231189 198710 m2 0.119074 -0.562248 0.476759 0 0.0267623
1231189 808 m2 0.0932271 -0.394075 -0.502976 0 -0.00871686
1231189 334441 m2 0.0166833 -0.0221485 0.293936 0 0.0432738
1231189 527612 m2 0.0195219 -0.426936 0.148979 0 0.0322658
1231189 674872 m2 0.0103088 0.169358 0.289613 0.0182886 0
1231189 789299 m2 0.0123008 -0.154151 0.297845 0.00566168 0
1231189 488104 m2 0.0666335 -0.396294 -0.43397 0 0.0303297
1231189 779511 m2 0.0258964 -0.251003 0.422438 0 0.0350062
1231189 565050 m2 0.0121016 -0.0142312 -0.0994003 -0.0226643 0
1231189 388787 m2 0.108715 0.461324 0.572226 0 0.0864292
1231189 770846 m2 0.0110558 0.289914 0.333527 0 -0.00244195
1231189 129573 m2 0.140438 0.290317 0.553166 0 0.0331758
1231189 342802 m2 0.01001 0.217046 0.221995 0 0.0349586
1231189 368729 m2 0.181773 0.60343 0.478796 0 0.0248701
1231189 237384 m2 0.0343127 0.586693 -0.0752899 0.0878625 0
1231189 694435 m2 0.0107072 0.00891959 0.275273 0 0.0208421
1231189 390192 m2 0.0487052 -0.402709 -0.358724 -0.010019 0
1231189 570869 m2 0.0220618 -0.321324 0.111216 -0.00534242 0
1231189 586618 m2 0.0168825 -0.37607 -0.406644 -0.0380603 0
1231189 363540 m2 0.0208665 0.146676 0.400363 0 0.0188342
1231189 637630 m2 0.0215637 -0.423007 -0.064227 -0.00919885 0
1231189 432360 m2 0.0615538 -0.39869 0.241556 0 -0.0260933
1231189 605118 m2 0.0239542 0.241124 0.355084 0.0153251 0
1231189 250365 m2 0.0432769 -0.490875 0.431763 -0.0644609 0
1231189 557824 m2 0.0378486 -0.348269 0.341568 0 0.0299647
1231189 580297 m2 0.0421813 0.403851 -0.0148538 0.014816 0
1231189 633812 m2 0.01001 0.199874 0.230929 0.00928436 0
1231189 407471 m2 0.0156873 -0.408945 0.185479 0.00406298 0
1231189 743276 m2 0.0123008 0.0417836 0.270689 -0.00354339 0
1231189 452887 m2 0.049253 -0.0166499 -0.0105885 -0.0175943 0
1231189 221747 m2 0.0249004 -0.171199 0.0927874 0 -0.01394
1231189 459947 m2 0.131773 -0.449092 0.604568 0 0.0237562
1231189 269744 m2 0.0335159 0.418733 -0.45768 -0.0193394 0
1231189 732067 m2 0.0521414 0.455197 0.41976 0.0579952 0
1231189 766661 m2 0.0120518 0.0390458 0.0482009 0.00434369 0
1231189 333279 m2 0.0452689 0.518217 0.34055 0.0757641 0
1231189 479829 m2 0.0338147 -0.367432 0.189822 0 -0.028979
1231189 408803 m2 0.149552 0.11097 0.285773 -0.050802 0
1231189 330795 m2 0.11011 -0.557992 0.510561 -0.0070663 0
1231189 739812 m2 0.0128984 0.354045 0.336018 0 0.00770739
1231189 616981 m2 0.0346614 -0.343757 0.224472 0 0.00259867
1231189 637907 m2 0.0210657 0.0877485 0.281251 -0.00107776 0
1231189 477808 m2 0.0264442 -0.0094463 0.182532 0 0.0280752
1231189 732865 m2 0.0457669 -0.391239 0.502913 -0.0247324 0
1231189 731244 m2 0.0161355 0.164763 -0.0671055 0.0238918 0
1231189 543839 m2 0.0123008 0.350409 -0.00725911 0 0.0419788
1231189 46771 m2 0.349203 -0.566483 0.62748 0 0.00101294
1231189 485933 m2 0.0288845 0.196696 0.36686 0.00543523 0
1231189 417131 m2 0.195319 0.437641 0.62718 0 -0.012524
1231189 610592 m2 0.0103586 0.0500928 0.302581 0.0345376 0
1231189 649324 m2 0.0141932 0.23082 0.304316 -0.0164882 0
1231189 738114 m2 0.0117032 -0.200799 0.2997 0.0121643 0
1231189 268085 m2 0.12495 0.437406 0.521635 0 0.0373206
1231189 655923 m2 0.0140438 0.234812 0.30023 -0.0173485 0
1231189 328026 m2 0.098257 -0.548673 0.35754 -0.0176793 0
1231189 505104 m2 0.102241 0.269815 0.0403225 0 -0.0229123
1231189 628610 m2 0.0219124 -0.385028 0.318346 0.0388107 0
1231189 579729 m2 0.050996 -0.433124 0.450046 -0.0862371 0
1231189 766645 m2 0.0305279 0.220632 0.334131 -0.00368207 0
1231189 658880 m2 0.0221614 0.183208 0.370874 0 -0.000255999
1231189 674021 m2 0.0333665 -0.00884129 0.460302 -0.00785371 0
1231189 262479 m2 0.114293 -0.625927 0.356213 0 0.0563868
1231189 665489 m2 0.0104084 0.339702 0.0483813 0.0299474 0
1231189 687842 m2 0.0228088 0.242454 0.37239 0 0.00964567
1231189 269214 m2 0.0905378 0.542511 0.00182397 -0.00230954 0
1231189 529044 m2 0.0770916 0.556707 0.413341 0 0.00953359
1231189 697490 m2 0.0119522 -0.170185 0.269799 0 -0.00273414
1231189 652045 m2 0.0232072 0.0606491 0.375541 -0.0391148 0
1231189 481194 m2 0.0571713 0.00736825 0.543767 0 0.0143082
1231189 761348 m2 0.0138446 0.291625 0.28588 0 0.0108082
1231189 513916 m2 0.100896 -0.448588 0.55325 0 0.0831407
1231189 618261 m2 0.0428785 -0.36914 0.413383 0 0.0377054
1231189 434324 m2 0.0121016 -0.0142312 -0.0994003 0 0.0145575
1231189 301422 m2 0.151793 -0.635184 -0.209909 -0.0533144 0
1231189 251472 m2 0.123556 -0.503359 0.322159 0 0.0326493
1231189 386806 m2 0.0283367 -0.29133 -0.174202 0.0132485 0
1231189 730359 m2 0.0212649 0.0959787 0.345497 0.0142292 0
1231189 437612 m2 0.0534363 -0.538288 0.00399502 -0.057812 0
1231189 636168 m2 0.0344124 0.4501 0.23575 0 0.0159038
1231189 228590 m2 0.0818227 -0.01354 0.425439 0 0.0186327
1231189 49794 m2 0.0660857 0.335531 0.144312 0.0124132 0
1231189 347749 m2 0.14512 0.523998 -0.512441 0.0632397 0
1231189 30575 m2 0.0110558 -0.399712 -0.299152 0.00945414 0
1231189 638723 m2 0.0344124 -0.287533 0.332207 0.0458243 0
1231189 786714 m2 0.022261 -0.00858963 0.165229 -0.0120282 0
1231189 161279 m2 0.121464 -0.520936 0.489022 0 -0.0138573
1231189 303951 m2 0.0654382 -0.161648 0.547414 0.00310576 0
1231189 202546 m2 0.137699 -0.288473 0.180581 0 0.041532
1231189 643019 m2 0.0182271 0.275447 0.0108881 0.00143575 0
1231189 389614 m2 0.106175 -0.739667 0.179067 -0.106234 0
1231189 402910 m2 0.128884 0.425612 0.0652673 0.0433705 0
1231189 344983 m2 0.117829 -0.316682 0.533415 0 -0.00147431
1231189 540581 m2 0.0303287 -0.278439 -0.0637 0 0.0200542
1231189 694960 m2 0.0126992 -0.313435 0.109218 0 -0.0748055
1231189 639792 m2 0.0797311 -0.351239 0.153484 0 0.00346338
1231189 165377 m2 0.132968 -0.282792 -0.299005 -0.0202731 0
1231189 647887 m2 0.026743 -0.225062 0.395065 0 -0.0006977
1231189 105920 m2 0.0443725 0.334178 0.131292 -0.00203099 0
1231189 331589 m2 0.0692231 0.437855 -0.279152 0 -0.0316544
1231189 518844 m2 0.0143426 0.0710316 0.358349 0.0252045 0
1231189 229707 m2 0.011504 -0.233085 -0.0909538 0.014986 0
1231189 473087 m2 0.0658367 -0.0777523 0.0402878 -0.0111267 0
1231189 669081 m2 0.0136952 -0.261817 0.308451 0.0176995 0
1231189 658026 m2 0.0128486 -0.299911 0.218889 0 0.0164981
1231189 448295 m2 0.088247 0.387705 0.471841 0 0.0304427
1231189 586573 m2 0.0959661 -0.576647 0.114181 -0.0174298 0
1231189 213316 m2 0.0173307 -0.389966 -0.338744 0 -0.0306597
1231189 645206 m2 0.0238546 -0.439418 0.361181 -0.0814963 0
1231189 682394 m2 0.014243 -0.00574465 0.0324516 0.0254968 0
1231189 752775 m2 0.0127988 0.266772 0.0160865 0.0261814 0
1231189 714096 m2 0.0164841 0.0320679 0.265722 0 -0.0111056
1231189 586008 m2 0.022261 0.389892 0.361387 0 0.0479208
1231189 437055 m2 0.063745 0.506337 0.139033 0.0385077 0
1231189 3178 m2 0.408118 0.874844 0.170579 0.0330874 0
1231189 409321 m2 0.0248008 0.278824 0.35295 0.0302963 0
1231189 389038 m2 0.0411853 -0.35451 -0.242613 -0.0222326 0
1231189 687552 m2 0.0131972 -0.214022 0.356577 0 -0.013013
1231189 755789 m2 0.0253486 0.491804 -0.0505423 0 -0.00226534
1231189 444101 m2 0.148855 -0.625078 0.385276 -0.0801086 0
1231189 556625 m2 0.0338645 0.117368 0.481614 0 -0.0172418
1231189 26696 m2 0.218875 -0.0844535 -0.146949 0.0331766 0
1231189 746584 m2 0.0151892 0.301026 0.170624 0.00637799 0
1231189 704851 m2 0.0138944 0.0253167 -0.0706047 0 0.0260854
1231189 759399 m2 0.0253984 -0.4988 0.173638 0 -0.047401
1231189 680413 m2 0.0564741 0.436819 -0.263713 -0.00277211 0
1231189 749372 m2 0.0131972 0.301685 0.0363546 0 0.026667
1231189 708241 m2 0.024502 -0.161426 0.434762 0.0518492 0
1231189 353194 m2 0.0172809 -0.176833 0.237874 -0.0411885 0
1231189 717147 m2 0.0268924 0.179935 0.0160207 0 0.0516473
1231189 242169 m2 0.0295817 -0.401333 0.247244 -0.0439444 0
1231189 471023 m2 0.0210657 -0.325987 0.357428 -0.0514438 0
1231189 778893 m2 0.0113546 -0.0592253 0.193325 -0.0346447 0
1231189 231090 m2 0.0643924 0.376753 0.0689217 0 0.0514416
1231189 709644 m2 0.0146414 -0.0358821 -0.0117652 0 -0.0130431
1231189 762713 m2 0.0102092 -0.265466 0.205172 -0.00805328 0
1231189 353994 m2 0.0325697 -0.264768 0.360553 0 0.0317097
1231189 240566 m2 0.0223606 -0.268819 -0.0729296 0 -0.00294361
1231189 450856 m2 0.0523406 -0.242754 0.25406 -0.0123042 0
1231189 634288 m2 0.0144422 -0.0770061 -0.0331423 0 0.0106196
1231189 672348 m2 0.0446215 -0.391656 0.425118 0.0439912 0
1231189 644622 m2 0.0111056 0.220901 0.0317477 0.0108997 0
1231189 605850 m2 0.0219622 -0.321627 -0.320188 -0.0320009 0
1231189 730903 m2 0.0215637 0.321333 0.217135 -0.0201892 0
1231189 732294 m2 0.0135956 0.0661111 -0.116739 0.0207119 0
1231189 525857 m2 0.136753 0.105559 0.232331 0.0545891 0
1231189 194158 m2 0.108865 0.432491 -0.568958 0 0.0139962
1231189 243802 m2 0.0234562 -0.0347111 0.0741142 0.00643116 0
1231189 758003 m2 0.010259 -0.0159608 0.0263445 0 -0.0725396
1231189 718268 m2 0.0154382 -0.360713 -0.278936 0 -0.0248314
1231189 601957 m2 0.0216633 0.350389 0.0292463 -0.0477357 0
1231189 319355 m2 0.234562 -0.508332 0.0566336 0 0.00141746
1231189 722575 m2 0.025747 -0.455979 0.214423 0 -0.0229001
1231189 66590 m2 0.037002 -0.272019 -0.176547 -0.00482152 0
1231189 567176 m2 0.0222112 0.394126 -0.440484 0 -0.0290568
1231189 322732 m2 0.0948705 -0.45149 -0.110417 0.0114488 0
1231189 441286 m2 0.0996016 -0.103501 0.350472 0 0.0138284
1231189 643500 m2 0.0261454 0.303518 0.060264 0 -0.0150797
1231189 188006 m2 0.213197 0.366688 0.384625 0 0.0504937
1231189 83954 m2 0.130876 0.352017 0.447122 -0.00785585 0
1231189 152816 m2 0.268625 0.885676 0.075097 0.0691184 0
1231189 292731 m2 0.233068 0.218011 0.691097 0 0.0594556
1231189 762994 m2 0.0200697 -0.479311 0.171034 -0.0230389 0
1231189 258815 m2 0.0641434 0.199037 0.245066 0 -0.00557959
1231189 320755 m2 0.0710657 -0.397275 -0.408161 -0.0383704 0
1231189 485565 m2 0.0147908 0.176348 0.406858 0 0.0165002
1231189 597615 m2 0.0139442 -0.308326 -0.219222 -0.0259426 0
1231189 409001 m2 0.0309263 -0.12889 -0.159432 -0.0210438 0
1231189 292163 m2 0.157072 0.448883 0.215677 0 -0.0140322
1231189 743780 m2 0.0117032 0.0266182 0.298994 0.021757 0
1231189 300229 m2 0.0892928 0.533192 0.512975 0.0529979 0
1231189 87545 m2 0.0924303 0.629096 -0.423592 0 -0.0460998
1231189 400045 m2 0.0128486 -0.312467 0.0581765 -0.0281896 0
1231189 770760 m2 0.0104084 0.298818 -0.0582305 0 0.0258447
1231189 647577 m2 0.0184761 0.344677 0.278604 0 -0.00164731
1231189 278959 m2 0.103835 0.538273 0.291761 0.0410025 0
1231189 451679 m2 0.0119024 0.193445 -0.349761 0.0327427 0
1231189 9833 m2 0.0114044 -0.124661 -0.0682941 0 -0.00574887
1231189 781927 m2 0.0105578 -0.370381 0.110005 0 -0.0134293
1231189 742158 m2 0.0160359 0.10976 0.215624 0.0387323 0
1231189 552397 m2 0.075498 0.254436 -0.160901 0 -0.00447038
1231189 563021 m2 0.0104582 0.0345114 -0.203649 0.0245679 0
1231189 696599 m2 0.0159861 0.0482482 0.217596 0.00570011 0
1231189 632870 m2 0.013496 0.355375 0.333374 0 0.0386427
1231189 278687 m2 0.0539841 -0.47841 0.312938 0 0.0239961
1231189 711295 m2 0.0280876 0.446844 0.32136 -0.0126243 0
1231189 744017 m2 0.0141434 -0.123449 -0.317996 0 -0.0143287
1231189 542681 m2 0.0502988 0.485418 -0.419771 0 0.0260416
1231189 723684 m2 0.0117032 0.338445 0.0541286 -0.0352443 0
1231189 396669 m2 0.0157371 -0.17475 -0.191667 0 -0.0060194
1231189 789209 m2 0.0129482 0.311454 0.118503 0 0.0267777
1231189 341859 m2 0.0689741 0.264551 0.521337 0 -0.00629892
1231189 799943 m2 0.0113048 -0.132211 0.0478546 0 0.00445176
1231189 195276 m2 0.100797 -0.417788 0.418081 0 0.0182067
1231189 746529 m2 0.0339143 0.300142 0.0624822 -0.00538287 0
1231189 751234 m2 0.01001 -0.0288777 0.293918 0 0.033798
1231189 430331 m2 0.0333665 0.388036 -0.278628 0.00959523 0
1231189 718778 m2 0.0188247 0.18463 0.246272 0.0219527 0
1231189 205035 m2 0.0546315 0.193214 -0.560991 0 -0.0737764
1231189 557148 m2 0.0135458 -0.36267 0.0328684 -0.0122235 0
1231189 455943 m2 0.0182769 -0.256322 0.333752 0 -0.00915484
1231189 711018 m2 0.0111554 0.239736 -0.11957 0 -0.0296622
1231189 725342 m2 0.010508 -0.0562102 0.319385 0 -0.0569085
1231189 758565 m2 0.0146912 0.0715925 -0.116733 0 0.0120378
1231189 755714 m2 0.01001 0.168208 -0.0572832 0 0.0417374
1231189 7308 m2 0.109064 -0.507043 -0.530156 -0.0428237 0
1231189 170561 m2 0.0722112 -0.498541 -0.454688 -0.00116625 0
1231189 313994 m2 0.0950697 0.65813 0.183675 0.0378202 0
1231189 726167 m2 0.0133964 -0.245822 0.290536 0 0.00512142
1231189 479997 m2 0.0374004 0.450384 -0.417485 0 0.000618179
1231189 71699 m2 0.265737 -0.811116 0.111088 0 0.0275225
1231189 73084 m2 0.0137948 0.0605479 -0.348783 -0.0101829 0
1231189 301320 m2 0.0804781 0.415586 0.0955652 0 0.0380124
1231189 598873 m2 0.0126494 -0.139948 0.132485 0 -0.0139021
1231189 443497 m2 0.0405876 0.358156 0.454012 -0.0309657 0
1231189 320133 m2 0.0181773 0.349191 0.365936 0.0903274 0
1231189 709295 m2 0.0176793 -0.0987322 0.0998964 0 0.0356343
1231189 583172 m2 0.0222112 -0.318019 -0.0438059 -0.0269201 0
1231189 541576 m2 0.0121016 0.0674439 -0.307784 0 -0.00477769
1231189 123916 m2 0.0753486 0.157399 0.204418 0 0.0166906
1231189 301316 m2 0.0771414 -0.563698 -0.467179 -0.0606187 0
1231189 232107 m2 0.0995518 0.595632 -0.292542 -0.000278013 0
1231189 29088 m2 0.101096 -0.166328 0.466735 -0.0391509 0
1231189 740521 m2 0.0135458 0.296228 -0.0748681 0.0204884 0
1231189 353130 m2 0.195867 -0.603414 0.386441 0 0.0268205
1231189 613541 m2 0.0228586 0.107621 0.0601761 -0.00396615 0
1231189 673907 m2 0.0133466 0.12924 -0.0578553 -0.0214263 0
1231189 83330 m2 0.011753 0.0826393 0.231461 -0.0383086 0
1231189 356700 m2 0.0308765 0.2014 0.400551 0 0.0635377
1231189 10021 m2 0.10508 0.530219 -0.1185 0.0320871 0
1231189 531687 m2 0.0173805 0.00554018 -0.324863 -0.00829831 0
1231189 562433 m2 0.0169323 0.297169 0.102254 0 0.00596747
1231189 567127 m2 0.072759 0.344379 -0.267412 0.0547943 0
1231189 551541 m2 0.105627 0.245186 0.146087 0 -0.0328451
1231189 361848 m2 0.0531375 -0.386518 -0.157709 -0.0107178 0
1231189 667067 m2 0.0157869 -0.135781 0.202041 0 -0.0626998
1231189 734148 m2 0.0174303 0.199815 -0.28282 0 0.0365055
1231189 777236 m2 0.0103088 0.0919325 -0.294626 0 -0.00441103
1231189 465419 m2 0.0148406 0.260093 -0.011364 0 0.0115948
1231189 710173 m2 0.010757 0.317745 -0.281858 0 -0.0307657
1231189 551537 m2 0.01499 -0.248499 0.0895179 -0.00761184 0
1231189 321256 m2 0.0915339 0.545807 0.128198 0 0.0367697
1231189 686424 m2 0.025996 -0.056364 0.262308 0.0426716 0
1231189 512694 m2 0.0135956 0.0423621 -0.357006 -0.0229872 0
1231189 725313 m2 0.0229084 0.101509 -0.0261166 0 -0.049463
1231189 782950 m2 0.0198207 0.219039 0.192487 0 -0.00717806
1231189 371637 m2 0.05 0.209596 0.434452 0 -0.000479608
1231189 464844 m2 0.0244522 0.389498 0.231128 -0.000410495 0
1231189 318747 m2 0.0114542 0.174596 0.124457 0 0.075052
1231189 371078 m2 0.0709661 0.394644 0.468625 0.00375479 0
1231189 95733 m2 0.0784363 -0.0809474 -0.554292 -0.020319 0
1231189 746490 m2 0.0141932 -0.0921736 0.0851276 0.0123656 0
1231189 741276 m2 0.0140936 0.0990564 -0.253074 -0.0251105 0
1231189 288621 m2 0.106424 0.647753 -0.206987 0.0300036 0
1231189 678140 m2 0.0290339 -0.445759 0.289864 -0.0318076 0
1231189 564361 m2 0.0134462 0.159433 0.234511 0.0409353 0
1231189 478542 m2 0.0216135 0.377438 -0.220157 0.0111495 0
1231189 442047 m2 0.0698705 -0.459371 0.373381 -0.031434 0
1231189 29288 m2 0.0779382 -0.345107 -0.392918 0 -0.0258894
1231189 52134 m2 0.0585159 -0.136565 -0.0816356 0 -0.00234605
1231189 374647 m2 0.0194721 -0.121438 0.293975 0 0.0347822
1231189 384990 m2 0.0586155 -0.558421 -0.237335 -0.0446789 0
1231189 725298 m2 0.0215139 0.299816 -0.109948 0.0343814 0
1231189 737138 m2 0.0228088 -0.414198 -0.0621446 0 0.0448581
1231189 657104 m2 0.0120518 -0.277144 0.150793 0 0.0220176
1231189 205491 m2 0.106225 -0.416608 -0.601356 -0.0389913 0
1231189 520682 m2 0.0319721 0.162688 -0.32481 0 0.0361422
1231189 769586 m2 0.0210159 0.222287 0.212338 0 0.0340379
1231189 662941 m2 0.0366534 0.267451 -0.0994083 0 0.0143069
1231189 228749 m2 0.0698207 -0.414013 -0.299267 -0.056676 0
1231189 738808 m2 0.0119522 -0.184524 -0.254857 -0.00532804 0
1231189 120590 m2 0.0668327 -0.372127 0.245416 0 0.00848326
1231189 536604 m2 0.0203187 -0.060675 0.343379 0.00933518 0
1231189 501422 m2 0.122809 0.693957 -0.259051 0.0498302 0
1231189 207637 m2 0.0432271 -0.110524 -0.0348164 -0.0102203 0
1231189 688248 m2 0.011504 -0.0335774 0.219789 -0.0318593 0
1231189 173803 m2 0.0380478 -0.291399 0.349124 0.046425 0
1231189 395189 m2 0.129034 -0.513867 -0.470672 0 0.0416747
1231189 385848 m2 0.0562749 -0.181421 0.498991 0 0.00115316
1231189 592361 m2 0.0205677 -0.124655 0.300493 -0.0126537 0
1231189 122487 m2 0.0855578 0.437478 0.504411 0 -0.00819487
1231189 136598 m2 0.170767 0.311843 0.353543 -0.000441345 0
1231189 550601 m2 0.0197709 0.351172 -0.196495 0 0.0331714
1231189 746470 m2 0.0143426 0.154353 0.12816 0 -0.0134986
1231189 29022 m2 0.05 0.356768 0.343042 0 -0.00199333
1231189 589911 m2 0.0183765 0.208029 -0.159933 0.0444726 0
1231189 722205 m2 0.0398406 -0.44732 -0.0395285 0 -0.0535446
1231189 339362 m2 0.0132968 0.11767 0.225753 0 0.0173879
1231189 325899 m2 0.0468625 0.28733 0.103098 0 -0.0208547
1231189 388621 m2 0.0323207 -0.342038 -0.330381 -0.055155 0
1231189 142725 m2 0.229084 -0.184436 -0.647682 -0.0145129 0
1231189 611022 m2 0.0343625 -0.200158 -0.39111 -0.0183936 0
1231189 63226 m2 0.0319721 -0.0580378 0.286007 -0.00268334 0
1231189 703124 m2 0.0182769 0.367135 -0.052931 0.0388145 0
1231189 69717 m2 0.0288347 0.221502 0.3031 0.0322431 0
1231189 740995 m2 0.0226594 -0.342811 -0.20376 -0.00401857 0
1231189 33613 m2 0.0570717 -0.44933 0.296285 0 0.0080364
1231189 730505 m2 0.0182271 -0.00149022 0.320466 0 0.0115529
1231189 374116 m2 0.0175299 -0.0733233 0.0355558 -0.00944183 0
1231189 679741 m2 0.0124502 -0.0833295 -0.392472 0 0.00387353
1231189 696249 m2 0.010757 0.150074 -0.370741 0 0.035994
1231189 654068 m2 0.0523904 -0.328785 -0.199048 -0.00644791 0
1231189 233723 m2 0.183367 0.545454 -0.584616 0 -0.0393902
1231189 660685 m2 0.013994 -0.0142559 0.250008 0 0.0166841
1231189 151059 m2 0.0256972 -0.416007 -0.20941 0.00159489 0
1231189 540717 m2 0.0236056 0.0430607 -0.289813 0.022777 0
1231189 500558 m2 0.0463147 0.110735 -0.364034 0 -0.0349121
1231189 546113 m2 0.0130976 0.26311 -0.0803566 0 0.00845758
1231189 478237 m2 0.0269422 0.330473 0.399467 -0.00597703 0
1231189 206764 m2 0.0575697 -0.431817 0.320896 0 -0.0250726
1231189 54071 m2 0.024751 -0.303164 -0.137105 0 0.00643635
1231189 680293 m2 0.0233068 -0.221791 0.312482 0.00341684 0
1231189 691756 m2 0.0126992 0.0107739 -0.289689 0 -0.0102322
1231189 751159 m2 0.0113048 0.32894 0.0651681 0 0.0436298
1231189 329442 m2 0.0289841 -0.191729 -0.467448 0 -0.0640951
1231189 745628 m2 0.0181275 -0.0614088 -0.255504 0 0.0049042
1231189 598787 m2 0.011504 -0.306162 -0.00769674 0 0.0134898
1231189 781823 m2 0.011255 0.332299 -0.0218636 0 -0.0117672
1231189 675806 m2 0.024253 -0.171335 0.292687 0 -0.00187786
1231189 262304 m2 0.0638446 0.566048 0.168792 0.047351 0
1231189 735161 m2 0.0174801 -0.0307244 -0.112196 0 0.0230858
1231189 606830 m2 0.0210657 0.0227754 0.134402 0.0275758 0
1231189 47337 m2 0.0226096 0.250111 0.179874 0.0454009 0
1231189 47882 m2 0.0209163 0.0536242 -0.450994 -0.00146687 0
1231189 611002 m2 0.0190239 -0.263235 0.128776 -0.0271798 0
1231189 567613 m2 0.0172809 0.0936596 0.188364 0 0.0342967
1231189 613191 m2 0.119422 0.397278 -0.281064 0 -0.000764887
1231189 81613 m2 0.211056 -0.0459561 -0.834549 0 -0.0195185
1231189 163531 m2 0.0433765 0.351886 -0.375854 0.0733751 0
1231189 404247 m2 0.025249 -0.376387 0.339531 -0.00583477 0
1231189 486292 m2 0.0478088 0.339227 -0.104321 -0.0310567 0
1231189 782623 m2 0.015239 -0.303499 -0.0342116 0 -0.0293604
1231189 775882 m2 0.0119024 -0.229538 0.0686975 0 0.0183146
1231189 703093 m2 0.0221116 0.424965 -0.257057 0 -0.018081
1231189 428341 m2 0.0142928 -0.0355687 -0.13343 0 -0.0592001
1231189 412146 m2 0.0628984 0.132253 -0.68833 0 -0.0606518
1231189 275323 m2 0.0130478 0.00280708 0.074347 0.0169181 0
1231189 727983 m2 0.0128984 0.217257 0.0767721 0 -0.00291536
1231189 189553 m2 0.0957171 -0.425142 0.299699 0 -0.00632865
1231189 589605 m2 0.0542331 -0.546588 0.242635 -0.0057907 0
1231189 524366 m2 0.0755976 0.405968 -0.587493 0.00976956 0
1231189 558472 m2 0.0106076 -0.0676032 -0.0959306 0.0281892 0
1231189 115256 m2 0.052241 0.107781 0.323052 0 0.0257738
1231189 697826 m2 0.0169323 0.396382 -0.121034 0.0353048 0
1231189 108512 m2 0.111106 -0.0273052 0.157862 -0.0106537 0
1231189 109050 m2 0.147112 0.48256 0.162213 0.031133 0
1231189 178800 m2 0.129233 -0.280144 -0.422259 0 0.000921909
1231189 424790 m2 0.0939741 -0.518224 -0.211652 -0.0189969 0
1231189 602680 m2 0.0755478 0.521472 -0.420799 0 -0.0372869
1231189 268431 m2 0.126394 -0.190666 -0.657948 0 -0.0326884
1231189 746670 m2 0.0173307 -0.089848 -0.339213 0 -0.0098074
1231189 321974 m2 0.191783 0.229497 -0.780235 0 -0.0326805
1231189 308097 m2 0.13994 0.282394 -0.108885 0 -0.0234066
1231189 383331 m2 0.0692729 -0.394214 0.505647 0 0.0108145
1231189 469767 m2 0.107171 -0.539021 -0.353034 0 0.024291
1231189 658936 m2 0.0154382 -0.05908 -0.231174 0 0.0303061
1231189 410811 m2 0.0265936 -0.182651 -0.151168 -0.00693835 0
1231189 264481 m2 0.097759 -0.489581 -0.589976 0 -0.0289678
1231189 382745 m2 0.0608068 0.459822 -0.116457 0.0333353 0
1231189 424184 m2 0.0361056 0.288645 0.273748 0 0.00217191
1231189 796009 m2 0.0106076 -0.168523 -0.11097 0.0440068 0
1231189 144033 m2 0.0565737 -0.458664 -0.190128 -0.0119863 0
1231189 371004 m2 0.0644422 -0.510337 -0.21262 0.0230002 0
1231189 364370 m2 0.0231076 0.169204 -0.396061 -0.0619492 0
1231189 130503 m2 0.0751494 0.509446 -0.476682 0.0552789 0
1231189 719498 m2 0.012749 0.284854 0.186514 0.0422408 0
1231189 104028 m2 0.0782371 -0.15985 -0.289218 0 -0.00653008
1231189 716977 m2 0.0277888 -0.455576 -0.373278 0 0.00368714
1231189 354686 m2 0.0259462 0.279547 0.363336 0 0.0255288
1231189 623471 m2 0.012749 0.150498 -0.300475 0.0176487 0
1231189 150756 m2 0.0748008 0.29893 -0.26296 0 0.00428775
1231189 444512 m2 0.0526394 -0.456338 -0.0643895 -0.0669028 0
1231189 598230 m2 0.0631972 -0.439188 -0.136898 -0.0491566 0
1231189 768395 m2 0.0340139 0.459852 -0.335222 0.0247661 0
1231189 712563 m2 0.0205179 -0.191983 -0.383631 0 0.0209159
1231189 318337 m2 0.0477092 -0.557255 0.110989 -0.0535703 0
1231189 456379 m2 0.136604 -0.269094 -0.276466 -0.00270178 0
1231189 233121 m2 0.05249 -0.233957 -0.424128 0 -0.0242394
1231189 746125 m2 0.0265936 -0.267857 -0.0857434 0 0.0287308
1231189 598751 m2 0.0207171 -0.377874 -0.275246 0 -0.0773462
1231189 334732 m2 0.11509 -0.402506 -0.20381 0 0.0253315
1231189 340945 m2 0.0239542 0.00543238 -0.192006 -0.0289438 0
1231189 578631 m2 0.0661853 0.567567 -0.221084 0.0193856 0
1231189 788481 m2 0.0130478 0.0716627 -0.203017 0.0331015 0
1231189 560380 m2 0.0546813 0.292512 -0.603903 0 -0.0663952
1231189 150177 m2 0.10498 0.144356 0.177895 0 0.040954
1231189 257595 m2 0.124203 -0.127039 -0.056136 0.00589383 0
1231189 732388 m2 0.0127988 -0.111277 -0.184033 0 0.00678308
1231189 690699 m2 0.0192231 -0.250935 -0.123748 -0.0112933 0
1231189 164334 m2 0.0165339 -0.345983 -0.212474 -0.031078 0
1231189 229247 m2 0.159612 0.154147 -0.704828 0 -0.0350417
1231189 374318 m2 0.0323705 0.230562 -0.492059 0 -0.0489868
1231189 615662 m2 0.047759 -0.525714 0.320415 0.0477532 0
1231189 630600 m2 0.0255976 -0.4406 0.10018 0 0.00685736
1231189 291969 m2 0.0273406 -0.25538 -0.320897 -0.0426849 0
1231189 711168 m2 0.012998 0.313967 -0.265257 0 -0.0459886
1231189 422549 m2 0.0489542 0.347698 0.151393 0 0.0128944
1231189 621830 m2 0.0177789 -0.251488 -0.134418 0 0.048097
1231189 460276 m2 0.088247 0.368584 0.0228419 0 0.0328258
1231189 756968 m2 0.014492 0.368067 -0.0725561 0 0.0499625
1231189 785722 m2 0.0119522 0.122295 -0.27197 0.0178917 0
1231189 280772 m2 0.0824203 -0.219604 -0.328251 -0.0223601 0
1231189 750533 m2 0.024502 0.11665 -0.32271 0 0.00180005
1231189 750561 m2 0.0101594 -0.0758653 -0.211451 0.0129293 0
1231189 555026 m2 0.0143426 -0.0495528 -0.321997 -0.0250368 0
1231189 169302 m2 0.01499 -0.145976 0.366114 0.019232 0
1231189 718111 m2 0.0452191 0.343021 -0.304862 -0.0318828 0
1231189 256489 m2 0.0112052 -0.145264 0.108747 0 0.0104261
1231189 658921 m2 0.0274402 0.0882323 -0.34873 0 0.00147498
1231189 258151 m2 0.0148406 -0.126813 -0.215919 -0.022687 0
1231189 357911 m2 0.0181275 0.452019 -0.118596 0 -0.0220274
1231189 685463 m2 0.0111056 -0.23054 -0.0255147 0 0.0375571
1231189 409989 m2 0.0116036 -0.249558 -0.418244 0 -0.0534087
1231189 733451 m2 0.0118526 -0.350478 -0.165486 0 -0.0108547
1231189 358718 m2 0.136155 0.612089 -0.421144 0 -7.14955e-05
1231189 660640 m2 0.0162849 0.263661 -0.158961 0 -0.00247492
1231189 262816 m2 0.118127 -0.315862 -0.650577 0 -0.0262915
1231189 660601 m2 0.011006 0.273082 0.0045736 0 0.00947884
1231189 701048 m2 0.0138446 -0.221903 -0.315942 0 -0.0124114
1231189 728206 m2 0.0188247 -0.142216 -0.445645 -0.0210515 0
1231189 227017 m2 0.0936255 0.483119 -0.484327 0.0176883 0
1231189 464707 m2 0.0396912 -0.321158 -0.38716 0.0354949 0
1231189 708352 m2 0.0551295 0.464353 -0.404369 -0.0174946 0
1231189 725717 m2 0.0285857 -0.318704 -0.465346 0 -0.0339458
1231189 774459 m2 0.0108566 0.0657127 -0.307589 -0.0100543 0
1231189 475124 m2 0.0221614 -0.0444019 -0.303959 0.00123968 0
1231189 365498 m2 0.104034 0.555663 0.0706444 0.0284116 0
1231189 512843 m2 0.0539841 -0.0131586 -0.408969 0.023135 0
1231189 608945 m2 0.0234562 0.371367 0.36556 0 0.000263199
1231189 302596 m2 0.125199 -0.615711 -0.241921 -0.0404379 0
1231189 191188 m2 0.205976 0.144017 -0.821605 0.00276471 0
1231189 193437 m2 0.0975598 -0.180213 -0.320686 0.0330189 0
1231189 745574 m2 0.0228088 -0.374166 0.160462 0.00570783 0
1231189 659242 m2 0.0219124 0.0469193 -0.215524 -0.0268289 0
1231189 747764 m2 0.0177789 -0.137831 -0.344079 -0.0407576 0
1231189 295512 m2 0.416384 0.0190867 -0.746962 0 -0.0324032
1231189 244449 m2 0.0130478 -0.316152 -0.358544 0 -0.091037
1231189 561163 m2 0.170667 -0.421317 -0.70344 0 -0.0341188
1231189 670534 m2 0.0164841 -0.251857 -0.328255 -0.0135587 0
1231189 607049 m2 0.0286355 0.291022 0.141426 -0.0173444 0
1231189 433190 m2 0.123705 0.191378 -0.0946453 0 -0.0268211
1231189 715295 m2 0.0171315 0.0110175 -0.284984 -0.0150284 0
1231189 543613 m2 0.0821215 -0.277822 -0.351139 -0.0305094 0
1231189 263333 m2 0.213446 -0.721888 -0.258051 -0.0574585 0
1231189 740904 m2 0.0305777 0.027698 -0.455098 0 -0.0739198
1231189 208130 m2 0.113845 0.617179 0.10817 0 -0.00840717
1231189 532999 m2 0.0330179 -0.36646 -0.0767872 0.0309858 0
1231189 654261 m2 0.0481574 -0.0235492 -0.455304 0 -0.0280597
1231189 274992 m2 0.151145 0.506462 0.29326 0 0.012195
1231189 583596 m2 0.0630976 -0.198982 -0.480689 0.00555772 0
1231189 284393 m2 0.130279 -0.512162 -0.559721 0 -0.0728647
1231189 634105 m2 0.0205179 -0.351129 -0.131705 0 0.0051046
1231189 283870 m2 0.074502 0.205402 -0.460901 0 -0.0507517
1231189 468379 m2 0.0909861 -0.267171 -0.654751 0.0331015 0
1231189 214404 m2 0.0207669 0.0542098 -0.450677 0 0.00675581
1231189 406945 m2 0.281773 0.763176 -0.0681062 0.0243305 0
1231189 554506 m2 0.0206673 0.0443074 0.355569 0 -0.00259591
1231189 615357 m2 0.098008 0.230374 -0.539093 0 -0.0612517
1231189 244465 m2 0.153635 0.106709 0.596486 -0.00614794 0
1231189 727655 m2 0.0121514 -0.0580566 -0.299486 -0.0188758 0
1231189 402969 m2 0.0571215 -0.295825 -0.40221 0 -0.0272888
1231189 403839 m2 0.0323207 -0.292645 -0.0420375 0 -0.0122899
1231189 332451 m2 0.026245 0.116099 0.0658009 -0.0198064 0
1231189 651029 m2 0.0716633 0.520285 -0.428498 0 0.0129602
1231189 497709 m2 0.025498 0.543371 -0.26102 0 -0.0159881
1231189 452354 m2 0.109661 0.733261 -0.0108182 0 0.000354902
1231189 627262 m2 0.116086 -0.132855 -0.644362 0 -0.0066667
1231189 669698 m2 0.0167331 -0.00148032 -0.165133 0.0073885 0
1231189 655095 m2 0.0407869 -0.269426 -0.390035 0 -0.0466142
1231189 490056 m2 0.0247012 0.0537304 -0.40863 -0.0346258 0
1231189 699396 m2 0.0309263 -0.334528 -0.473702 -0.019108 0
1231189 767233 m2 0.0200199 -0.206481 -0.370455 0.0209117 0
1231189 582204 m2 0.010508 0.0533531 -0.133667 -0.045655 0
1231189 756128 m2 0.0156873 -0.111453 -0.189623 -0.0059717 0
1231189 678041 m2 0.0317729 0.125423 -0.435485 0.00743384 0
1231189 425021 m2 0.0442231 0.366071 0.370074 0.0468299 0
1231189 640632 m2 0.0210159 -0.0836693 -0.242266 0 0.0367147
1231189 514239 m2 0.0664841 -0.50609 -0.309851 -0.0451898 0
1231189 452921 m2 0.0677291 -0.33941 0.269234 -0.0399793 0
1231189 715595 m2 0.0177789 -0.0610165 -0.402784 -0.0163471 0
1231189 570329 m2 0.0211155 -0.0705803 -0.0927523 0.0106216 0
1231189 498584 m2 0.0145418 0.262825 0.0874884 0 -0.0109524
1231189 789607 m2 0.0126494 -0.104321 -0.306053 0 0.0129642
1231189 558108 m2 0.0671315 0.198599 -0.107747 0.000654425 0
1231189 661779 m2 0.0124502 0.0616476 0.198479 0 0.0026152
1231189 418856 m2 0.0503984 0.115096 -0.450594 0 -0.0373035
1231189 516163 m2 0.0159363 -0.045014 -0.083875 0 -0.0433933
1231189 567274 m2 0.075747 -0.551453 -0.242389 -0.000657967 0
1231189 454724 m2 0.0345618 0.433808 -0.269795 0.0291925 0
1231189 441639 m2 0.0573705 -0.403104 0.368423 0 0.0430114
1231189 768086 m2 0.0133964 -0.157673 -0.126214 -0.00669157 0
1231189 574453 m2 0.0173805 -0.235437 -0.306096 0 0.0587062
1231189 564530 m2 0.0310259 -0.475434 0.15532 -0.0180973 0
1231189 745551 m2 0.0230578 -0.270446 -0.413202 -0.051719 0
1231189 745258 m2 0.0121514 0.0541993 -0.365408 0.038641 0
1231189 689240 m2 0.0119024 -0.165856 -0.37853 0 -0.0247178
1231189 732092 m2 0.0238546 0.429454 -0.391528 0.0283609 0
1231189 652354 m2 0.0136454 -0.262458 0.0253559 0 0.0476637
1231189 637379 m2 0.0340139 -0.21969 -0.41033 0 -0.00857209
1231189 607598 m2 0.036504 -0.10329 -0.412143 0 -0.022797
1231189 777640 m2 0.0161355 -0.311334 -0.137542 0 -0.00367474
1231189 636523 m2 0.0368028 0.078901 -0.45611 0 0.0111864
1231189 615073 m2 0.0656873 0.532248 -0.434614 -0.0112616 0
1231189 646053 m2 0.0116534 -0.163104 -0.35775 0 -0.0628392
1231189 671620 m2 0.0516434 -0.397777 -0.276644 -0.0383163 0
1231189 744998 m2 0.0126992 -0.320248 -0.34622 0 -0.0151212
1231189 709455 m2 0.0224602 -0.142797 -0.310662 0 0.00482571
1231189 651803 m2 0.0467131 -0.411467 -0.443576 0 -0.00635068
1231189 729320 m2 0.0204681 -0.0333976 -0.409442 -0.0158996 0
1231189 609786 m2 0.0666833 -0.480039 0.0530857 0.0189472 0
1231189 787048 m2 0.013994 0.163942 -0.212491 -0.0311505 0
1231189 803670 m2 0.0107072 -0.127085 -0.384407 -0.0576615 0
