seed mutID muttype p cor_sal cor_temp mutSalEffect mutTempEffect
1231171 40445 m2 0.01305 -0.0535573 0.686265 0 0.0430088
1231171 528322 m2 0.0118 -0.0555161 0.615607 0 0.00447366
1231171 756844 m2 0.01065 -0.00159681 0.592758 0 -0.0277599
1231171 759391 m2 0.01025 -0.0608568 0.583116 0 0.0514813
1231171 771967 m2 0.01655 0.0120968 0.644874 0 0.00232144
1231171 736954 m2 0.0156 -0.0465494 0.526738 0 0.0260001
1231171 134949 m2 0.01785 0.0364082 0.440968 0 0.0352166
1231171 485562 m2 0.0293 -0.0878136 0.618076 0 0.00358133
1231171 256506 m2 0.01195 -0.0064571 0.447644 0 0.0231779
1231171 334020 m2 0.02015 -0.121384 0.641021 0 0.0299931
1231171 693090 m2 0.01425 -0.0547737 0.487397 0 0.0216949
1231171 754436 m2 0.0117 0.0367423 0.532728 0 -0.00996607
1231171 790436 m2 0.01135 -0.0104323 0.495114 0 0.0590166
1231171 64490 m2 0.034 -0.141308 0.651237 0 -0.0145201
1231171 317117 m2 0.03345 0.0177122 0.365264 0 0.033819
1231171 343866 m2 0.13465 -0.0226537 0.705436 0 0.0463062
1231171 643817 m2 0.0359 0.097355 0.651815 0 0.0113703
1231171 610710 m2 0.03345 -0.0369115 0.498054 0 -0.0416042
1231171 370998 m2 0.18755 -0.0244158 0.784037 0 0.0243816
1231171 671094 m2 0.02395 -0.0111842 0.71926 0 -0.00775903
1231171 626457 m2 0.0291 0.00308317 0.515179 0 0.0142742
1231171 743449 m2 0.01665 -0.122993 0.633004 0 -0.0259754
1231171 10178 m2 0.0694 -0.0313042 0.531946 0 0.0176151
1231171 698044 m2 0.02945 0.0605501 0.571747 0 0.0259683
1231171 468442 m2 0.05885 -0.0599271 0.647781 0 0.0166968
1231171 698642 m2 0.01335 -0.0232924 0.513547 0 0.0298597
1231171 770609 m2 0.01075 0.0189838 0.477565 0 0.0153511
1231171 756830 m2 0.01615 0.0948062 0.479345 0 0.0640396
1231171 165440 m2 0.02535 -0.0128242 0.704678 0 0.000688809
1231171 768098 m2 0.01515 -0.0478671 0.485391 0 -0.0415421
1231171 760992 m2 0.01055 -0.0628193 0.479463 0 0.0578783
1231171 388736 m2 0.01705 -0.0382345 0.740846 0 0.00384436
1231171 245139 m2 0.02845 -0.0739573 0.444964 0 -0.0373938
1231171 703265 m2 0.01985 -0.104629 0.472865 0 0.0464566
1231171 431292 m2 0.02915 -0.0254367 0.575517 0 0.0341277
1231171 46641 m2 0.1757 -0.00709474 0.789314 0 0.0131422
1231171 583520 m2 0.04695 0.0197561 0.679885 0 0.0172645
1231171 557202 m2 0.0193 0.0223768 0.542358 0 0.042625
1231171 401526 m2 0.12105 -0.01028 0.782622 0 0.0334873
1231171 421354 m2 0.0243 -0.00939432 0.49729 0 0.0093538
1231171 286288 m2 0.1035 0.00916353 0.77648 0 0.0204111
1231171 170037 m2 0.0251 0.0278668 0.530958 0 0.01052
1231171 303296 m2 0.18675 -0.0195819 0.734052 0 0.00297052
1231171 580198 m2 0.0498 -0.0102255 0.654608 0 -0.0333373
1231171 597804 m2 0.0118 -0.000282273 0.640078 0 0.0240484
1231171 576870 m2 0.0468 0.0424835 0.586768 0 0.00889614
1231171 687155 m2 0.0194 0.0481173 0.668049 0 0.0302878
1231171 111657 m2 0.05175 0.0201805 0.515605 0 0.0452114
1231171 260653 m2 0.03495 0.00606805 0.60309 0 0.00370777
1231171 413017 m2 0.01275 -0.0137462 0.602519 0 0.0159975
1231171 305527 m2 0.16965 -0.0157446 0.784323 0 0.0288679
1231171 161572 m2 0.1136 0.0136331 0.715349 0 0.0298796
1231171 170033 m2 0.0314 0.0805482 0.661759 0 -0.0025478
1231171 273 m2 0.05215 -0.0788077 -0.691197 0 -0.0102536
1231171 411339 m2 0.03505 -0.00353637 0.63145 0 -0.000926769
1231171 483886 m2 0.0148 0.064604 0.308902 0 0.0261471
1231171 400218 m2 0.1293 0.016484 0.681902 0 0.0438016
1231171 521727 m2 0.05155 0.0178515 0.605212 0 -0.00741162
1231171 745569 m2 0.01715 0.0168489 0.522421 0 0.0152764
1231171 701676 m2 0.0299 0.00341721 0.55572 0 -0.045993
1231171 87772 m2 0.07685 -0.0347068 0.777288 0 0.0112594
1231171 768935 m2 0.0129 -0.113836 0.469594 0 -0.001979
1231171 2931 m2 0.0754 -0.0229361 0.663668 0 0.0122243
1231171 764200 m2 0.01135 -0.0766665 0.464453 0 0.0310991
1231171 753296 m2 0.02105 -0.0267723 0.533889 0 0.0389181
1231171 105854 m2 0.11185 0.0167025 0.649551 0 0.0264403
1231171 711825 m2 0.02935 0.0708603 0.628569 0 -0.0507853
1231171 200723 m2 0.03445 -0.0717796 0.283539 0 0.00566436
1231171 663475 m2 0.01905 0.0600073 0.597373 0 -0.00583762
1231171 276372 m2 0.0202 0.0298867 0.556946 0 0.00277456
1231171 759899 m2 0.0103 -0.0448321 0.429441 0 0.0187426
1231171 14497 m2 0.03685 0.0120449 0.305482 0 0.0107763
1231171 775012 m2 0.0148 0.0221737 0.50445 0 -0.0113863
1231171 486325 m2 0.0327 0.0359951 0.589704 0 0.00821666
1231171 423085 m2 0.03515 -0.0711765 0.654843 0 -0.00572849
1231171 201293 m2 0.02955 -0.0433148 0.301215 0 0.0170208
1231171 727409 m2 0.0104 0.000508151 0.439847 0 0.0298432
1231171 114754 m2 0.0386 -0.0119125 0.555208 0 0.0316291
1231171 504119 m2 0.01565 0.0654969 0.330363 0 -0.0212427
1231171 722067 m2 0.01155 -0.0661876 0.491729 0 -0.0122358
1231171 397711 m2 0.0712 0.0510046 0.70198 0 0.037369
1231171 607038 m2 0.01135 -0.0632947 0.394719 0 -0.0552482
1231171 282088 m2 0.1676 -0.0158434 0.779006 0 0.00473769
1231171 11530 m2 0.1175 -0.0120796 0.763621 0 0.0308805
1231171 7969 m2 0.2899 0.00168644 0.783956 0 -0.000224459
1231171 575998 m2 0.06845 0.0545107 0.735674 0 -0.000193959
1231171 507652 m2 0.0596 -0.0161237 0.677623 0 0.0252504
1231171 339199 m2 0.03745 -0.0435935 0.718503 0 0.0262702
1231171 534043 m2 0.03295 0.0252584 0.366872 0 0.0038939
1231171 460792 m2 0.0889 -0.00556411 0.591289 0 0.0032673
1231171 231655 m2 0.0215 -0.122019 0.366899 0 -0.00217915
1231171 596993 m2 0.01135 0.0372357 0.507996 0 -0.0471321
1231171 799588 m2 0.0104 -0.126342 0.383421 0 -0.0161327
1231171 117017 m2 0.0627 -0.0369676 0.415138 0 0.0254686
1231171 547604 m2 0.0372 -0.0143163 0.477894 0 -0.0184626
1231171 645983 m2 0.03665 0.0481389 0.612294 0 -0.00325914
1231171 650182 m2 0.04445 -0.00297291 0.546245 0 -0.0459897
1231171 22605 m2 0.1841 0.00999225 0.769857 0 0.0213574
1231171 248973 m2 0.2902 0.00323583 0.789518 0 0.046268
1231171 460493 m2 0.05305 0.0299931 0.720198 0 -0.0220103
1231171 415516 m2 0.06865 -0.0230833 0.58584 0 0.0177792
1231171 212757 m2 0.0406 -0.0552167 0.734507 0 0.0188686
1231171 779043 m2 0.0207 -0.0099378 0.43289 0 -0.00047908
1231171 199316 m2 0.1195 0.0044859 0.754135 0 -0.0114367
1231171 24494 m2 0.0113 0.0234883 0.30082 0 -0.014189
1231171 309386 m2 0.09085 0.00845483 0.741129 0 0.0390785
1231171 655672 m2 0.01365 -0.00390995 0.425913 0 -0.0169632
1231171 319005 m2 0.24765 0.0307675 0.816947 0 0.020556
1231171 444100 m2 0.0365 -0.0222538 0.399561 0 0.0343249
1231171 610669 m2 0.0471 0.000220047 0.475567 0 0.000767592
1231171 144735 m2 0.038 -0.0520785 0.648784 0 -0.00743566
1231171 351365 m2 0.0645 0.0183814 0.704982 0 0.00789963
1231171 564964 m2 0.0393 -0.0285627 0.335291 0 0.0203582
1231171 185696 m2 0.01775 -0.0218251 0.635073 0 0.00694807
1231171 754119 m2 0.01995 -0.0203782 0.498673 0 -0.0150733
1231171 479323 m2 0.025 -0.0883781 0.294946 0 -0.0134679
1231171 691479 m2 0.01875 -0.0180421 0.291116 0 -0.0180513
1231171 564409 m2 0.0418 0.015408 0.584572 0 0.0156907
1231171 412418 m2 0.01345 0.094723 0.657964 0 -0.0064303
1231171 243724 m2 0.0521 0.0296726 0.587739 0 0.0383237
1231171 269281 m2 0.27455 -0.00973623 0.782496 0 0.04934
1231171 672184 m2 0.0125 -0.00509801 0.364472 0 -0.0187351
1231171 608666 m2 0.0558 0.0384565 0.630071 0 0.021956
1231171 280135 m2 0.03335 -0.0592812 0.559331 0 0.0108218
1231171 655137 m2 0.0159 -0.075174 0.584956 0 -0.0335698
1231171 195466 m2 0.0915 0.00100437 0.693865 0 0.0291173
1231171 436769 m2 0.13895 0.0183273 0.751417 0 0.0150819
1231171 491747 m2 0.0383 -0.0756269 0.76685 0 0.0324798
1231171 659708 m2 0.05925 0.066555 0.58226 0 0.0488591
1231171 389852 m2 0.043 -0.00651482 0.512091 0 -0.0334999
1231171 581808 m2 0.0101 0.0978967 0.335899 0 -0.00392298
1231171 113053 m2 0.01405 0.0073431 0.456225 0 0.0117077
1231171 776059 m2 0.01585 0.0729336 0.170778 0 -0.00604571
1231171 794207 m2 0.0109 -0.0401141 0.283115 0 -0.0122414
1231171 792250 m2 0.01015 0.221709 0.133517 0 -0.0299994
1231171 301101 m2 0.06935 -0.00493754 0.598082 0 0.0186662
1231171 758789 m2 0.01075 -0.0145724 0.531962 0 0.0405586
1231171 673536 m2 0.0194 0.0466924 0.48349 0 0.000392747
1231171 415494 m2 0.01145 0.0691244 0.478447 0 -0.008692
1231171 419887 m2 0.0147 0.0179366 0.54353 0 -0.000386283
1231171 510654 m2 0.04055 -0.0151074 0.364717 0 0.0322274
1231171 686258 m2 0.0239 0.0069954 0.175305 0 -0.0317406
1231171 783151 m2 0.0137 0.06028 0.487606 0 0.0189274
1231171 325289 m2 0.03795 -0.0602724 0.168913 0 -0.00384936
1231171 447172 m2 0.01605 0.0606906 0.414091 0 0.0171754
1231171 720649 m2 0.01245 -0.0218756 0.298073 0 -0.00187737
1231171 558483 m2 0.01155 -0.0499534 0.283037 0 0.0260696
1231171 693025 m2 0.01725 -0.0789557 0.0526003 0 -0.0215416
1231171 449703 m2 0.0105 0.0343457 0.509461 0 0.0116182
1231171 565472 m2 0.04665 -0.0433581 0.520144 0 -0.0143627
1231171 265106 m2 0.0522 0.0018522 0.17745 0 -0.00320217
1231171 434575 m2 0.0153 0.0176322 0.171103 0 -0.0177586
1231171 171058 m2 0.06115 -0.000993898 0.765934 0 0.00502817
1231171 128486 m2 0.0471 -0.0557948 0.505222 0 0.00331836
1231171 623452 m2 0.0431 -0.00180432 0.507167 0 0.011663
1231171 382943 m2 0.08815 -0.00887383 0.176992 0 0.00478149
1231171 33190 m2 0.08075 0.018655 -0.177821 0 0.0105957
1231171 87723 m2 0.08745 -0.00262502 0.177057 0 -0.0198161
1231171 678765 m2 0.01245 0.0330468 0.297031 0 -0.0492547
1231171 406982 m2 0.01325 0.0665239 0.422034 0 0.00562824
1231171 726059 m2 0.03 0.0276679 0.368192 0 -0.000926978
1231171 732944 m2 0.01285 -0.0520618 0.297817 0 -0.0535143
1231171 198426 m2 0.0391 -0.0391734 0.172519 0 -0.00548802
1231171 647338 m2 0.04445 0.00101666 0.598757 0 -0.0175869
1231171 463493 m2 0.05715 0.0522842 0.372575 0 0.0164935
1231171 594445 m2 0.0132 0.0632679 0.401747 0 0.0276396
1231171 729303 m2 0.01395 -0.0108834 0.284578 0 -0.0138783
1231171 750211 m2 0.02245 -0.05325 0.168841 0 -0.0366857
1231171 345741 m2 0.03355 0.0231808 0.177211 0 0.0626493
1231171 271982 m2 0.0492 -0.0403398 -0.0227338 0 -0.0167082
1231171 88816 m2 0.10665 0.0187533 0.182709 0 -0.0343711
1231171 362972 m2 0.01435 0.0318381 0.168681 0 0.000150921
1231171 338576 m2 0.0408 0.0270887 0.178688 0 0.0154208
1231171 447445 m2 0.01295 -0.0585832 0.503061 0 0.0419623
1231171 716690 m2 0.0193 0.00332574 0.177952 0 0.0222682
1231171 464619 m2 0.0219 0.0396225 0.293021 0 0.0371026
1231171 693302 m2 0.02105 0.0178358 0.295435 0 0.0719833
1231171 770808 m2 0.01765 0.0212385 0.167879 0 0.0144562
1231171 208574 m2 0.0446 0.000257715 0.55431 0 0.03586
1231171 192390 m2 0.11485 -0.00445011 0.6421 0 0.0247049
1231171 717807 m2 0.0104 0.00329866 0.172309 0 -0.0157745
1231171 768883 m2 0.02805 -0.00513128 0.491836 0 0.00748976
1231171 752408 m2 0.0239 0.0336649 0.286774 0 -0.0254889
1231171 134561 m2 0.1 0 0.17733 0 0.032613
1231171 687623 m2 0.0267 0.0421961 0.177526 0 0.038765
1231171 605549 m2 0.01845 -0.0102512 0.492027 0 -0.0103581
1231171 462387 m2 0.01855 -0.0257248 0.174697 0 0.0374622
1231171 623715 m2 0.01195 -0.0052661 0.282847 0 -0.0431733
1231171 203504 m2 0.0369 -0.0161459 0.177204 0 0.0249592
1231171 10862 m2 0.0647 -0.0316386 0.0434242 0 0.0042485
1231171 109332 m2 0.0653 0.023138 0.179507 0 0.00259597
1231171 551164 m2 0.04405 0.0317012 0.465005 0 -0.0490881
1231171 531530 m2 0.01515 0.0461856 0.174197 0 -0.00616296
1231171 555696 m2 0.01645 -0.0482073 0.163944 0 -0.0345255
1231171 300582 m2 0.07035 -0.0133314 0.175755 0 0.0115304
1231171 206890 m2 0.02985 0.0378576 0.175635 0 -0.0163295
1231171 225178 m2 0.01115 -0.0724498 -0.0523404 0 0.0125647
1231171 623440 m2 0.08625 -0.0258887 0.354388 0 -0.0278232
1231171 19128 m2 0.07985 -0.0232932 0.00170903 0 -0.000442792
1231171 428724 m2 0.0232 -0.00170845 0.173694 0 0.00247402
1231171 699684 m2 0.01285 0.00770337 0.246216 0 -0.0189896
1231171 288456 m2 0.0852 0.0222445 0.177898 0 -0.0242355
1231171 568512 m2 0.05565 -0.00924742 0.351393 0 0.0122165
1231171 392464 m2 0.0444 0.0220965 0.705862 0 0.00861401
1231171 26379 m2 0.02715 -0.0382943 -0.0540699 0 -0.02638
1231171 743083 m2 0.03045 0.016239 0.177647 0 0.0439978
1231171 701368 m2 0.0199 -0.0333549 0.373392 0 -0.0129552
1231171 143001 m2 0.0144 0.0621904 -0.0372466 0 0.00612118
1231171 700525 m2 0.01285 0.0441081 0.164246 0 -0.041011
1231171 142740 m2 0.08005 -0.00388334 0.0123309 0 0.0179423
1231171 644879 m2 0.0362 0.00711349 0.175551 0 -0.049719
1231171 16296 m2 0.0107 0.00346764 0.0269947 0 -0.0273612
1231171 585912 m2 0.0558 0.0495822 0.183464 0 -0.00609715
1231171 232155 m2 0.1 0 0.17733 0 0.0534117
1231171 573472 m2 0.0228 0.0418909 0.178807 0 0.0207935
1231171 350487 m2 0.0808 0.00154205 0.179863 0 0.0130704
1231171 596376 m2 0.03255 -0.0558049 0.171549 0 0.00821268
1231171 721453 m2 0.0329 -0.0585524 0.283686 0 -0.0608538
1231171 602543 m2 0.0177 0.0060535 0.0530339 0 -0.0143888
1231171 163133 m2 0.1038 0.0048815 0.0207417 0 -0.0133282
1231171 18863 m2 0.0695 -0.015499 -0.0242244 0 0.0155666
1231171 664217 m2 0.03835 -0.030131 0.0332965 0 -0.0114248
1231171 170221 m2 0.1057 0.0168789 0.182425 0 0.038689
1231171 444650 m2 0.01265 -0.0142776 0.128229 0 0.0213446
1231171 40583 m2 0.1052 0.00467563 0.0303805 0 -0.0139097
1231171 593607 m2 0.03255 -0.0376717 0.172465 0 0.025823
1231171 239354 m2 0.04165 -0.00946039 0.05224 0 0.00011322
1231171 520256 m2 0.04765 0.00810619 0.181128 0 -0.00934232
1231171 413510 m2 0.02085 0.00732449 0.177622 0 0.0114672
1231171 23298 m2 0.04005 -0.00625509 -0.170428 0 0.017025
1231171 663402 m2 0.0457 -0.0320623 0.173844 0 -0.0598163
1231171 439729 m2 0.07935 0.0110854 0.177788 0 0.0229426
1231171 691694 m2 0.01515 0.0915641 0.172541 0 0.0117968
1231171 570416 m2 0.0154 -0.00123462 -0.0551161 0 -0.00469281
1231171 72860 m2 0.0316 0.0718076 0.0145665 0 0.00796368
1231171 379102 m2 0.0192 0.107951 -0.00795716 0 0.0278991
1231171 525789 m2 0.0367 0.00734351 0.175307 0 0.0208891
1231171 483568 m2 0.0243 0.0842654 0.172568 0 -0.0268924
1231171 144668 m2 0.0748 -0.0238649 0.175437 0 -0.00867227
1231171 12472 m2 0.01635 0.00189454 0.0578553 0 0.0157618
1231171 288437 m2 0.0225 -0.0215378 -0.0253588 0 0.0136598
1231171 525462 m2 0.0534 0.0381569 0.00360748 0 0.0454717
1231171 345449 m2 0.067 -0.0109902 0.175048 0 0.0462134
1231171 585345 m2 0.014 -0.0381893 0.174341 0 0.0107811
1231171 445748 m2 0.01275 -0.00236047 0.0572821 0 -0.00255703
1231171 483560 m2 0.04625 0.0571039 0.0579478 0 0.00953353
1231171 217063 m2 0.03435 -0.0347562 0.0492534 0 0.0149548
1231171 587344 m2 0.0225 0.129176 0.168012 0 0.0477387
1231171 224632 m2 0.10505 0.0157227 0.181884 0 -0.00391454
1231171 740828 m2 0.0233 -0.0156918 0.168701 0 0.0499316
1231171 418765 m2 0.04595 -0.00883346 0.0480766 0 0.00488318
1231171 701584 m2 0.0303 -0.00735107 0.0508494 0 -0.00196785
1231171 596926 m2 0.0312 -0.0183913 0.057709 0 0.00807757
1231171 385646 m2 0.0958 -8.92702e-05 0.177427 0 0.000203101
1231171 392131 m2 0.04465 0.00109184 -0.0432169 0 -0.00539306
1231171 695483 m2 0.02175 -0.00677103 0.0420774 0 0.00463157
1231171 467787 m2 0.0734 -0.00234423 0.176619 0 0.00823395
1231171 746833 m2 0.0155 0.110419 0.0450758 0 -0.0344198
1231171 50937 m2 0.0746 0.0581555 0.00879324 0 -0.000988297
1231171 404439 m2 0.0688 -0.0847254 0.00853769 0 -0.00389402
1231171 766642 m2 0.01645 -0.0386914 0.047753 0 -0.00220659
1231171 422990 m2 0.0565 0.0164343 0.177256 0 0.0220613
1231171 609496 m2 0.02735 0.0147915 0.0533143 0 -0.0236858
1231171 608600 m2 0.0114 -0.107342 0.0525096 0 0.0520879
1231171 443491 m2 0.01385 -0.064438 0.166004 0 -0.0185086
1231171 74538 m2 0.03585 0.0259951 0.0586927 0 0.00904306
1231171 210743 m2 0.01005 0.0478454 0.0390829 0 -0.00538019
1231171 8901 m2 0.0257 -0.0235341 -0.55459 0 -0.000307956
1231171 441331 m2 0.0608 0.0251166 0.177709 0 0.0213733
1231171 38144 m2 0.02555 0.0246586 -0.0240947 0 -0.0114397
1231171 594977 m2 0.03035 -0.00921359 0.0371973 0 0.00633331
1231171 330186 m2 0.05455 0.0208152 -0.0404789 0 -0.00793945
1231171 694640 m2 0.01445 0.0626405 0.0578171 0 0.0634948
1231171 253939 m2 0.0335 0.0814137 0.0231708 0 0.00037872
1231171 704574 m2 0.0144 -0.0501202 -0.0537547 0 -0.0165066
1231171 643692 m2 0.01145 -0.0771209 -0.0153293 0 0.000543324
1231171 631460 m2 0.0179 -0.0371509 -0.0539525 0 -0.0593047
1231171 602790 m2 0.0163 -0.0157939 0.0426317 0 -0.014871
1231171 688073 m2 0.0205 0.0877249 -0.0422812 0 0.0276877
1231171 442365 m2 0.0821 -0.00706853 -0.0503203 0 -0.0252367
1231171 53916 m2 0.10875 0.0340826 -0.01117 0 -0.0128322
1231171 678703 m2 0.0314 0.035711 -0.0451521 0 0.0707814
1231171 521053 m2 0.06425 0.0249996 -0.046833 0 -0.0118193
1231171 475212 m2 0.03605 -0.059276 -0.0587638 0 -0.0291621
1231171 713139 m2 0.01315 0.130023 0.0576657 0 -0.0336057
1231171 414034 m2 0.0566 -0.0464399 -0.0454074 0 -0.0156521
1231171 680905 m2 0.02145 0.0700683 0.0621779 0 0.0291484
1231171 81035 m2 0.09135 -0.00172503 -0.172446 0 -0.0256462
1231171 19635 m2 0.05805 0.0086114 -0.59708 0 -0.00935588
1231171 649297 m2 0.0314 0.00739289 0.173123 0 -0.00718059
1231171 32822 m2 0.1128 0.00449856 -0.743192 0 -0.0088022
1231171 622015 m2 0.0345 -0.0540565 -0.0587735 0 -0.0495633
1231171 373407 m2 0.02255 0.0836725 0.0410884 0 0.00505447
1231171 372288 m2 0.0129 -0.0327543 -0.00383073 0 -0.0152816
1231171 765475 m2 0.0113 -0.138162 -0.0533602 0 -0.0126784
1231171 353508 m2 0.02635 -0.00593138 -0.025641 0 -0.00784314
1231171 148970 m2 0.1396 -0.0987872 -0.670829 0 -0.0209109
1231171 258009 m2 0.04615 -0.0456484 -0.173634 0 -0.00417441
1231171 157798 m2 0.1 0 -0.172663 0 0.0110111
1231171 573932 m2 0.02585 0.0258888 -0.0512162 0 -0.000407446
1231171 695733 m2 0.01905 0.0390407 -0.0548907 0 0.0590439
1231171 243364 m2 0.0843 0.0146073 0.0605122 0 0.0194234
1231171 343997 m2 0.04285 0.0214672 0.0128959 0 -0.00374326
1231171 79447 m2 0.0237 -0.0270256 0.0207784 0 -0.00767228
1231171 669381 m2 0.01745 0.0876054 -0.00452938 0 0.0379989
1231171 299969 m2 0.0502 0.0202734 -0.171741 0 -0.0143461
1231171 559292 m2 0.06265 -0.0108882 -0.0454748 0 0.00539946
1231171 442613 m2 0.04805 -0.0374799 -0.173413 0 0.020377
1231171 101944 m2 0.15195 0.00284868 0.0191815 0 0.0243229
1231171 359601 m2 0.02 0.0587819 -0.0507314 0 -0.0196408
1231171 164222 m2 0.05745 0.00742464 -0.170496 0 -0.0042046
1231171 373947 m2 0.0312 -0.0221645 0.0418292 0 -0.0111482
1231171 436402 m2 0.0401 0.0286803 -0.165561 0 -0.0173952
1231171 749609 m2 0.0273 0.0383427 -0.168487 0 -4.43889e-05
1231171 554469 m2 0.0384 -0.0131565 0.0417173 0 0.0101878
1231171 615463 m2 0.05255 0.0166994 0.0155932 0 -0.0307
1231171 334407 m2 0.1 0 -0.172663 0 -0.0493057
1231171 126444 m2 0.1 0 -0.172663 0 -0.0113808
1231171 41803 m2 0.19345 0.0243881 -0.796306 0 -0.018583
1231171 231036 m2 0.03805 0.0152523 0.0438399 0 0.0234788
1231171 545564 m2 0.1238 -0.00712505 0.0266256 0 0.0114288
1231171 655572 m2 0.026 -0.0202458 -0.0270011 0 -0.0232198
1231171 506417 m2 0.0101 0.0548842 -0.0512726 0 -0.0128284
1231171 724611 m2 0.016 -0.0353997 -0.0559279 0 0.00756664
1231171 638598 m2 0.01175 0.0632952 -0.157341 0 -0.0419657
1231171 209590 m2 0.0866 -0.00697788 -0.173114 0 -0.00757174
1231171 673446 m2 0.02575 0.00230816 -0.168501 0 -0.0079508
1231171 743845 m2 0.0139 0.0542849 -0.0410776 0 0.0250341
1231171 659867 m2 0.04985 -0.0383073 -0.0416397 0 0.0058373
1231171 555335 m2 0.0873 0.0195771 -0.0413079 0 0.0178894
1231171 656632 m2 0.0117 -0.0720388 -0.167606 0 0.0325994
1231171 342331 m2 0.04735 -0.0286848 -0.172314 0 -0.0228023
1231171 371115 m2 0.0267 0.03773 -0.167125 0 0.0108833
1231171 515798 m2 0.02 -0.0347525 -0.169819 0 -0.000748224
1231171 167756 m2 0.1 0 -0.172663 0 -0.00727811
1231171 211551 m2 0.0192 -0.040263 -0.0571498 0 0.00373962
1231171 440735 m2 0.0493 -0.0505166 -0.171057 0 -0.0321853
1231171 647243 m2 0.03945 0.00160529 -0.172055 0 0.0305922
1231171 554454 m2 0.01985 0.085455 -0.0425311 0 -0.0165852
1231171 721112 m2 0.01135 -0.00160479 -0.0474161 0 0.0058828
1231171 584472 m2 0.01155 0.0722842 0.0163143 0 0.0510879
1231171 548918 m2 0.035 0.0459468 0.0625427 0 0.00725578
1231171 711677 m2 0.0133 0.0565919 -0.166549 0 -0.00660295
1231171 783070 m2 0.01915 0.0264531 0.0528636 0 0.00815585
1231171 116039 m2 0.0106 -0.0645216 -0.169262 0 0.00150588
1231171 601601 m2 0.0401 -0.00698208 -0.0510045 0 -0.00630483
1231171 355487 m2 0.0322 -0.0501664 -0.171159 0 -0.020331
1231171 399264 m2 0.0144 -0.000920442 -0.168168 0 -0.000398439
1231171 559583 m2 0.0192 0.0337932 -0.0458421 0 -0.0102469
1231171 590510 m2 0.0134 -0.0121902 -0.0549527 0 0.00992816
1231171 595234 m2 0.03235 -0.0436603 -0.055726 0 -0.030118
1231171 129194 m2 0.07725 0.0719733 -0.523332 0 -0.00376051
1231171 233427 m2 0.022 0.00480219 -0.161524 0 -0.00296239
1231171 107091 m2 0.04175 -0.0353984 -0.758881 0 -0.00537023
1231171 423464 m2 0.0208 -0.0826988 -0.16738 0 0.00342357
1231171 487811 m2 0.0182 -0.0965961 -0.168166 0 -0.000652374
1231171 676786 m2 0.0326 -0.0239914 -0.170833 0 0.0125434
1231171 762461 m2 0.0165 -0.046543 -0.16339 0 -0.0548512
1231171 103775 m2 0.0873 0.0133019 -0.733354 0 -0.0229089
1231171 66448 m2 0.07655 0.00620588 -0.312723 0 0.0147257
1231171 585827 m2 0.02205 -0.061498 -0.174722 0 -0.00444666
1231171 712538 m2 0.018 -0.0400814 -0.0433131 0 -0.0198329
1231171 162536 m2 0.0234 0.000472334 -0.293205 0 0.0110587
1231171 613761 m2 0.0333 -0.0372547 -0.170672 0 -0.0243332
1231171 345106 m2 0.0555 -0.0178521 -0.173855 0 -0.0182225
1231171 152840 m2 0.06465 0.00968494 -0.172408 0 0.00243521
1231171 410916 m2 0.0613 0.0110862 -0.339297 0 -0.0415615
1231171 104885 m2 0.0499 0.0101449 -0.637263 0 -0.032938
1231171 278115 m2 0.0123 0.0399533 -0.164556 0 -0.018856
1231171 300498 m2 0.054 0.00954711 -0.171926 0 -0.00224771
1231171 705053 m2 0.0163 0.136202 -0.337475 0 0.0210264
1231171 516557 m2 0.0199 -0.0340145 -0.570598 0 0.0316904
1231171 448711 m2 0.06 -0.0417855 -0.1727 0 -0.0730306
1231171 225900 m2 0.0765 0.00406926 -0.172254 0 0.0158392
1231171 336023 m2 0.06235 0.124915 -0.547695 0 -0.00753102
1231171 341743 m2 0.0221 -0.0574049 -0.294575 0 -0.0119812
1231171 155050 m2 0.2947 -0.00608946 -0.796903 0 -0.057003
1231171 308139 m2 0.01295 0.0818658 -0.155242 0 -0.0244226
1231171 483727 m2 0.0326 -0.0588342 -0.514075 0 -0.0365941
1231171 498772 m2 0.02345 -0.0733883 -0.598439 0 0.000372011
1231171 780580 m2 0.0121 -0.0515012 -0.0526789 0 0.0222442
1231171 435289 m2 0.09965 0.00183228 -0.172803 0 -0.00234708
1231171 621169 m2 0.01315 0.102079 -0.508924 0 0.0137493
1231171 275174 m2 0.0451 0.00361994 -0.74826 0 -0.00253736
1231171 713813 m2 0.0225 -0.0134427 -0.418949 0 -0.0224094
1231171 478383 m2 0.0539 0.0500818 -0.44724 0 0.0234157
1231171 178656 m2 0.0456 0.0371522 -0.548974 0 -0.0315159
1231171 447865 m2 0.03685 -0.115138 -0.492265 0 -0.0265794
1231171 359024 m2 0.08295 -0.00444764 -0.617382 0 -0.0259794
1231171 336556 m2 0.07405 0.0099376 -0.171881 0 0.00254905
1231171 637987 m2 0.01725 -0.0239534 -0.506045 0 -0.00899346
1231171 502607 m2 0.0137 0.0317733 -0.157189 0 -0.0151717
1231171 488612 m2 0.0442 0.00925714 -0.171072 0 -0.0136792
1231171 713577 m2 0.03065 -0.0269351 -0.495389 0 -0.00219979
1231171 475942 m2 0.03535 -0.0238445 -0.565862 0 -0.0457928
1231171 287259 m2 0.08345 -0.0296948 -0.251149 0 -0.0107727
1231171 419464 m2 0.0612 0.0606023 -0.704068 0 -0.0237411
1231171 726428 m2 0.0146 0.0442391 -0.437264 0 -0.0205821
1231171 236999 m2 0.0392 -0.0247765 -0.172465 0 -0.0207502
1231171 330421 m2 0.06465 -0.0155415 -0.171982 0 0.0353979
1231171 451211 m2 0.024 0.0136477 -0.340216 0 -0.00463574
1231171 366854 m2 0.0161 -0.16211 -0.547271 0 0.0244552
1231171 554423 m2 0.0184 -0.0330466 -0.662614 0 -0.0259631
1231171 722173 m2 0.01055 -0.0417223 -0.491322 0 0.0399427
1231171 762157 m2 0.01465 0.055062 -0.276251 0 -0.0177455
1231171 159165 m2 0.08355 0.0618766 -0.711997 0 0.00310169
1231171 746769 m2 0.01245 -0.117411 -0.461973 0 -0.0619889
1231171 407978 m2 0.0159 -0.0321934 -0.312422 0 -0.0220853
1231171 670387 m2 0.0302 0.024184 -0.171107 0 0.016829
1231171 327594 m2 0.09735 0.0781744 -0.674214 0 -0.0286036
1231171 720246 m2 0.01725 0.0490028 -0.161409 0 -0.0257207
1231171 770966 m2 0.01555 0.0464819 -0.29242 0 -0.0104615
1231171 635534 m2 0.05095 -0.0453849 -0.376806 0 -0.0513391
1231171 679181 m2 0.01105 0.0335448 -0.388791 0 -0.0226517
1231171 151629 m2 0.0252 0.0569857 -0.513054 0 -0.0197333
1231171 529215 m2 0.0967 0.00833857 -0.325285 0 0.033068
1231171 244643 m2 0.0804 -0.0170974 -0.768553 0 0.0210799
1231171 403760 m2 0.0965 0.0479148 -0.512857 0 -0.00961522
1231171 335496 m2 0.138 -0.0499047 -0.710761 0 -0.049623
1231171 367979 m2 0.01555 -0.140762 -0.372911 0 -0.0532702
1231171 297400 m2 0.0421 0.02952 -0.550573 0 -0.0175546
1231171 662776 m2 0.0199 0.111742 -0.487626 0 -0.024161
1231171 363671 m2 0.0324 -0.0102191 -0.552854 0 0.0124787
1231171 659287 m2 0.0692 0.0333535 -0.407543 0 0.00714343
1231171 103192 m2 0.14535 -0.0110153 -0.732156 0 -0.0288012
1231171 307006 m2 0.0794 0.0565529 -0.669126 0 -0.0627366
1231171 144484 m2 0.13185 -0.0314364 -0.742332 0 -0.0232869
1231171 118778 m2 0.0774 0.0596434 -0.599498 0 -0.0212814
1231171 771218 m2 0.01305 -0.00270146 -0.264899 0 -0.0185273
1231171 143167 m2 0.03635 0.00884709 -0.755116 0 0.0242711
1231171 519044 m2 0.0336 0.00337815 -0.167759 0 -0.00065057
1231171 705333 m2 0.01555 0.0608872 -0.269804 0 -0.0419878
1231171 597059 m2 0.063 0.0765941 -0.629049 0 -0.00600301
1231171 318824 m2 0.0117 -0.0367354 -0.345115 0 -0.0219673
1231171 655521 m2 0.0326 -0.0516625 -0.597553 0 -0.0429343
1231171 748755 m2 0.02075 -0.0692077 -0.496993 0 -0.0134551
1231171 480311 m2 0.02325 -0.0808628 -0.621849 0 0.00181503
1231171 469620 m2 0.05905 0.00387292 -0.475781 0 0.012773
1231171 749266 m2 0.01165 -0.00135368 -0.463545 0 0.0448129
1231171 416936 m2 0.08885 0.0105852 -0.617617 0 -0.0257199
1231171 575559 m2 0.06715 -0.000745739 -0.172853 0 0.0127947
1231171 709810 m2 0.0187 -0.0428312 -0.164609 0 0.00638959
1231171 169280 m2 0.0186 0.0275794 -0.52207 0 -0.0268271
1231171 747924 m2 0.0117 0.118956 -0.142935 0 0.0607392
1231171 396984 m2 0.0652 -0.0245 -0.735232 0 -0.00895893
1231171 754214 m2 0.01075 -0.0143826 -0.275472 0 0.000905212
1231171 414232 m2 0.047 0.0241591 -0.709481 0 -0.034428
1231171 467067 m2 0.0465 0.00718755 -0.519661 0 -0.0129734
1231171 549138 m2 0.02815 -0.0168185 -0.622699 0 0.00556789
1231171 404622 m2 0.0183 0.0102379 -0.430351 0 -0.0370148
1231171 560627 m2 0.0129 -0.0908794 -0.716724 0 0.0125141
1231171 751715 m2 0.0104 -0.0527218 -0.565969 0 0.0291699
1231171 609994 m2 0.0253 -0.0228657 -0.450881 0 0.0462412
1231171 213960 m2 0.02835 0.0136081 -0.58648 0 -0.0225336
1231171 697829 m2 0.04 0.044872 -0.433149 0 0.0162273
1231171 514909 m2 0.01315 -0.00823112 -0.277849 0 -0.0396021
1231171 554972 m2 0.0579 -0.0158311 -0.482651 0 0.00961039
1231171 250777 m2 0.06805 -0.0302775 -0.704405 0 0.0107977
1231171 648349 m2 0.0248 -0.0218829 -0.618769 0 -0.0184898
1231171 674451 m2 0.09165 0.0457191 -0.673899 0 0.0119097
1231171 349749 m2 0.01165 0.100053 -0.474159 0 -0.0392378
1231171 358153 m2 0.01605 -0.0539118 -0.508319 0 -0.0087414
1231171 385523 m2 0.0343 0.0201876 -0.651648 0 0.0322475
1231171 532782 m2 0.05335 -0.0160046 -0.642178 0 -0.00235084
1231171 747023 m2 0.0119 -0.0633719 -0.272307 0 0.0333685
1231171 260421 m2 0.0571 0.0856389 -0.717032 0 -0.0263801
1231171 653343 m2 0.0715 0.011164 -0.388999 0 -0.0138194
1231171 614780 m2 0.01565 0.0676241 -0.507748 0 0.0285189
1231171 336493 m2 0.0103 0.00755313 -0.48432 0 -0.0531604
1231171 787140 m2 0.0112 -0.11011 -0.266948 0 -0.0290872
1231171 720215 m2 0.0188 -0.0423147 -0.319827 0 0.000657057
1231171 566686 m2 0.0105 0.00740993 -0.399839 0 -0.0283576
1231171 448374 m2 0.03975 -0.0151885 -0.567461 0 -0.00434495
1231171 497906 m2 0.0235 -0.0276346 -0.514097 0 -0.00525031
1231171 230674 m2 0.0741 0.0458694 -0.77475 0 0.00566172
1231171 513812 m2 0.01905 0.0523858 -0.513082 0 -0.0278716
1231171 286915 m2 0.06785 0.0407644 -0.63601 0 0.0100739
1231171 231735 m2 0.23265 0.00639692 -0.796617 0 -0.0229695
1231171 447818 m2 0.05185 0.0499308 -0.723109 0 -0.024204
1231171 364725 m2 0.02995 -0.0527024 -0.599388 0 -0.0234387
1231171 251599 m2 0.03875 0.0444134 -0.433797 0 -0.0200867
1231171 249072 m2 0.0188 0.0275487 -0.608785 0 0.00874299
1231171 269668 m2 0.11445 0.0235215 -0.735975 0 -0.00859012
1231171 736422 m2 0.0109 -0.0317745 -0.407745 0 -0.0224079
1231171 723186 m2 0.0107 -0.0742922 -0.500056 0 -0.034981
1231171 272378 m2 0.06625 -0.0328992 -0.587202 0 0.00549157
1231171 643597 m2 0.0224 -0.0189999 -0.738996 0 0.0348293
1231171 287508 m2 0.10815 -0.00698936 -0.556271 0 -0.0670736
1231171 387148 m2 0.1537 -0.0217371 -0.61904 0 -0.0150515
1231171 642155 m2 0.0148 0.0188163 -0.511785 0 0.0217337
1231171 223947 m2 0.11595 -0.00789038 -0.544829 0 -0.0236472
1231171 278037 m2 0.042 -0.0333082 -0.550547 0 -0.00611898
1231171 706998 m2 0.0119 0.0183758 -0.393513 0 0.016333
1231171 361142 m2 0.03645 -0.114504 -0.724951 0 -0.0325525
1231171 285765 m2 0.0105 -0.0519701 -0.396798 0 -0.033348
1231171 487177 m2 0.0228 -0.0358079 -0.648095 0 -0.0144104
1231171 664053 m2 0.0127 0.0595983 -0.565418 0 -0.0170945
1231171 453968 m2 0.0324 0.000891927 -0.514231 0 0.0248384
1231171 411393 m2 0.0346 0.0230635 -0.62647 0 -0.02796
1231171 616450 m2 0.0131 -0.0010159 -0.379292 0 0.0118888
1231171 396097 m2 0.13575 0.0137215 -0.718491 0 0.0347143
1231171 694239 m2 0.014 -0.0220403 -0.452818 0 0.0293712
1231171 379520 m2 0.02465 -0.109064 -0.486641 0 -0.0239716
1231171 658973 m2 0.0196 0.0696899 -0.570923 0 -0.0217806
1231171 667128 m2 0.03835 0.021779 -0.60854 0 -0.0113884
1231171 349173 m2 0.07125 0.0288838 -0.55624 0 -0.0878118
1231171 641306 m2 0.01455 -0.175758 -0.556829 0 0.0114981
1231171 458625 m2 0.02825 -0.0523897 -0.457628 0 -0.0087157
1231171 370465 m2 0.03325 -0.0662024 -0.542292 0 -0.0307091
1231171 686630 m2 0.05955 0.00847843 -0.48219 0 0.00363644
1231171 650535 m2 0.02535 0.0419773 -0.522695 0 -0.0124578
1231171 512146 m2 0.0281 -0.0145977 -0.661216 0 -0.0311996
1231171 773926 m2 0.0112 0.122806 -0.651759 0 0.0358603
1231171 744614 m2 0.01875 -0.0981107 -0.576001 0 -0.00216249
1231171 629484 m2 0.01405 -0.130923 -0.599863 0 0.00831547
1231171 433239 m2 0.1389 0.00955303 -0.679851 0 -0.0991029
1231171 565797 m2 0.0618 -0.00722592 -0.577983 0 -0.0136132
1231171 706935 m2 0.0127 0.0454567 -0.507474 0 0.00573487
1231171 507186 m2 0.0138 0.163986 -0.486672 0 0.00648746
1231171 525060 m2 0.0238 0.0260848 -0.555261 0 0.0246556
1231171 529149 m2 0.03155 -0.0129339 -0.639944 0 -0.0172564
1231171 620572 m2 0.02145 0.0184363 -0.457391 0 0.0182084
1231171 574389 m2 0.0154 -0.0305299 -0.312131 0 -0.0238243
1231171 496502 m2 0.0304 -0.115037 -0.519004 0 -0.0340036
1231171 771988 m2 0.0122 0.0091577 -0.564804 0 0.00174416
1231171 740683 m2 0.02425 0.0198358 -0.59022 0 -0.0278664
1231171 621903 m2 0.0177 -0.0500149 -0.493422 0 0.00544476
1231171 555243 m2 0.07325 -0.0330008 -0.740047 0 -0.0274168
1231171 668436 m2 0.0216 0.00186428 -0.425577 0 -0.00284463
1231171 762381 m2 0.01045 0.0724357 -0.468735 0 -0.0243539
1231171 723928 m2 0.0197 0.0829396 -0.597065 0 0.019233
1231171 549090 m2 0.03705 -0.0689829 -0.657617 0 0.0186448
1231171 518379 m2 0.0421 0.0596677 -0.689208 0 0.0112137
1231171 700093 m2 0.0282 -0.0175625 -0.46073 0 -0.00227941
1231171 650793 m2 0.01755 0.00657249 -0.633249 0 -0.0266087
1231171 759950 m2 0.01555 0.0733996 -0.52148 0 -0.0123275
1231171 698974 m2 0.0217 -0.0451516 -0.286153 0 0.00114157
1231171 730231 m2 0.0109 0.0907064 -0.284496 0 0.0328045
1231171 595972 m2 0.0109 0.089389 -0.47846 0 -0.0322907
1231171 598691 m2 0.018 0.012989 -0.606317 0 -0.0271596
1231171 734436 m2 0.0101 0.0366264 -0.498015 0 -0.00332007
1231171 736098 m2 0.01015 0.0108417 -0.473459 0 0.0124737
