seed mutID muttype p cor_sal cor_temp mutSalEffect mutTempEffect
1231191 402617 m2 0.07475 0.324694 0.52658 0.0416068 0
1231191 354137 m2 0.0219 0.376911 0.474875 0 0.0428784
1231191 626427 m2 0.0125 -0.0310041 0.303635 0 -0.0226643
1231191 261469 m2 0.1046 0.454237 0.493014 0 0.0608505
1231191 215226 m2 0.07 0.401779 0.408849 0.0481639 0
1231191 577509 m2 0.01965 0.325548 0.284153 0 -0.00330802
1231191 452281 m2 0.01265 0.0837636 0.450298 0.0385535 0
1231191 691137 m2 0.0244 0.336482 0.373643 0.0183682 0
1231191 541566 m2 0.01765 -0.051537 0.386395 -0.0534619 0
1231191 796176 m2 0.01225 0.316539 0.262658 -0.00650177 0
1231191 762989 m2 0.01235 0.29681 0.271119 0.0516115 0
1231191 337336 m2 0.01355 0.103939 0.345 0 0.0249341
1231191 200517 m2 0.0634 0.332655 0.512413 0.00234392 0
1231191 572057 m2 0.0247 0.354461 0.290325 0.106463 0
1231191 746002 m2 0.0103 0.0442159 0.330193 0.0294354 0
1231191 418541 m2 0.05725 0.397163 0.412379 0.0473463 0
1231191 711007 m2 0.0249 0.270797 0.406758 0 0.0134427
1231191 269324 m2 0.01915 0.321099 0.352414 0 0.0173008
1231191 685249 m2 0.0128 0.346537 0.293268 0.026169 0
1231191 544293 m2 0.01335 0.114535 0.36561 -0.00942122 0
1231191 254982 m2 0.098 0.384448 0.522889 0 0.0592405
1231191 518746 m2 0.02655 -0.133742 0.470495 0 -0.00487367
1231191 388179 m2 0.08495 -0.241314 0.608186 0 -0.0476133
1231191 242817 m2 0.05595 0.385705 0.414979 0 0.0443168
1231191 313231 m2 0.0272 0.103405 0.423686 0 0.0169842
1231191 338468 m2 0.0727 0.0347682 0.598961 0.0182139 0
1231191 711305 m2 0.0337 0.378652 0.460425 -0.0134624 0
1231191 203155 m2 0.0831 0.228228 0.583267 0.0206981 0
1231191 425850 m2 0.0136 0.209333 0.363916 0 -0.0402855
1231191 412443 m2 0.0647 0.366048 0.451201 0.0715257 0
1231191 592650 m2 0.0542 0.187803 0.522698 -0.0245398 0
1231191 694711 m2 0.0131 -0.0399187 0.36733 -0.0112579 0
1231191 378343 m2 0.01205 0.0156939 0.400057 0 -0.021796
1231191 629742 m2 0.01415 0.279244 0.416342 -0.0220768 0
1231191 573436 m2 0.022 0.382332 0.373535 0 0.013685
1231191 650001 m2 0.01945 -0.306959 0.431013 0 0.0281535
1231191 369601 m2 0.0733 0.212664 0.608246 0 0.0353097
1231191 578067 m2 0.01555 0.141796 0.398738 0 0.0062663
1231191 735140 m2 0.0232 0.0975866 0.446618 -0.0315779 0
1231191 82163 m2 0.0217 0.32845 0.439197 0 0.031042
1231191 719822 m2 0.01545 0.219099 0.393444 0 -0.0162332
1231191 565299 m2 0.02745 0.32005 0.448201 0 0.01068
1231191 272329 m2 0.1664 -0.265667 0.640449 0 0.069226
1231191 167573 m2 0.02615 -0.265989 0.412661 0 0.00327775
1231191 12813 m2 0.0398 -0.258642 0.500594 -0.00675784 0
1231191 513954 m2 0.08195 -0.394921 0.432546 0.00189618 0
1231191 587985 m2 0.01125 -0.053682 0.333973 0 0.0237597
1231191 94158 m2 0.06695 -0.267646 0.572785 0 0.031818
1231191 195376 m2 0.0233 0.435106 0.390666 0 0.0260197
1231191 249414 m2 0.04875 0.342072 0.46141 0 -0.00402999
1231191 665901 m2 0.01225 -0.26476 0.24189 0.049907 0
1231191 627172 m2 0.0101 0.177339 0.317267 0 0.0165581
1231191 177991 m2 0.04095 -0.244385 0.496742 0 0.0290766
1231191 38659 m2 0.04045 0.323014 0.447169 0.0300889 0
1231191 550144 m2 0.01965 -0.331737 0.352875 0 -0.00183105
1231191 233771 m2 0.18495 0.220385 0.678623 0 0.0179698
1231191 277607 m2 0.12955 -0.0629106 0.714013 0 0.0588578
1231191 758698 m2 0.01275 -0.368825 0.350158 0 0.0186548
1231191 751565 m2 0.01265 -0.000638061 0.37226 0 -0.00423867
1231191 358565 m2 0.0173 -0.304051 0.273434 0 0.00848156
1231191 613122 m2 0.01065 0.225219 0.413924 0 0.0272008
1231191 748225 m2 0.01135 -0.121481 0.290705 0 -0.025372
1231191 695251 m2 0.01325 0.337421 0.300131 -0.00406349 0
1231191 143038 m2 0.04705 0.0413554 0.548834 0 0.0213173
1231191 66386 m2 0.1522 0.366268 0.525365 0.107329 0
1231191 611997 m2 0.0404 -0.289775 0.475384 0 0.0552026
1231191 220392 m2 0.19435 0.0865879 0.739726 0 0.0711384
1231191 352409 m2 0.0196 0.342281 0.331495 0 0.0350283
1231191 344828 m2 0.0402 -0.319228 0.557407 0.000624755 0
1231191 779071 m2 0.01225 -0.247692 0.192323 0.0504111 0
1231191 15644 m2 0.07725 -0.372965 0.503901 -0.0606397 0
1231191 399823 m2 0.01265 0.314861 0.307154 -0.00288637 0
1231191 376686 m2 0.0617 -0.336476 0.476042 -0.0144878 0
1231191 768463 m2 0.0212 -0.240019 0.408358 0 0.0230583
1231191 603323 m2 0.01795 -0.355933 0.2897 0 -0.0220473
1231191 106186 m2 0.02705 -0.331443 0.35814 -0.111659 0
1231191 255513 m2 0.0527 -0.151164 0.564563 0 0.0235316
1231191 527267 m2 0.02385 -0.214848 0.404885 0.0243355 0
1231191 519844 m2 0.02365 -0.121102 0.467647 0 0.0139548
1231191 473045 m2 0.0195 0.181704 0.452939 0 0.0350943
1231191 14187 m2 0.0843 -0.370712 0.465633 -0.0782014 0
1231191 791991 m2 0.0106 -0.131271 0.330875 0 0.0023886
1231191 540689 m2 0.04665 -0.388126 0.450142 0 -0.0164181
1231191 449281 m2 0.069 0.251265 0.50483 0 -0.0186423
1231191 10792 m2 0.11805 0.0689272 0.697621 0 0.031824
1231191 604121 m2 0.01195 0.0334288 0.487636 0 0.0123403
1231191 500755 m2 0.0692 0.335754 0.512343 0 0.00292356
1231191 281683 m2 0.11235 -0.397466 0.484826 0 0.105583
1231191 646896 m2 0.02005 -0.342608 0.320345 -0.0472234 0
1231191 563928 m2 0.0411 0.287949 0.484244 0 -0.00189679
1231191 462717 m2 0.03755 -0.345025 0.376246 0 0.00669396
1231191 355799 m2 0.0135 -0.13418 0.4182 -0.000780969 0
1231191 451985 m2 0.018 -0.264704 0.367736 0.00544532 0
1231191 569227 m2 0.02075 -0.254524 0.45151 0.00917508 0
1231191 468772 m2 0.0476 0.217365 0.586875 0 -0.028321
1231191 369588 m2 0.02245 -0.338882 0.381634 -0.0263125 0
1231191 56155 m2 0.12045 -0.0744817 0.652745 0.000895925 0
1231191 637716 m2 0.0361 0.17488 0.391303 0 0.0193475
1231191 706793 m2 0.01945 -0.326723 0.407009 0 -0.044949
1231191 117418 m2 0.0357 0.355183 0.325775 0.0179385 0
1231191 703022 m2 0.0182 -0.334248 0.275485 0.00792076 0
1231191 303094 m2 0.0732 0.128917 0.607996 0 0.027832
1231191 542603 m2 0.0449 0.19651 0.503113 0.0137424 0
1231191 758424 m2 0.012 0.314242 0.370441 0.030216 0
1231191 745399 m2 0.0266 -0.320726 0.330051 0 0.036155
1231191 333182 m2 0.0356 -0.0943546 0.514107 0 0.0420952
1231191 531867 m2 0.01775 -0.25604 0.324254 0 -0.0543108
1231191 150196 m2 0.05465 0.255511 0.541062 0 0.00905337
1231191 351853 m2 0.0222 -0.0414567 0.450352 0 -0.00269189
1231191 654482 m2 0.01675 -0.048737 0.420504 0.0145876 0
1231191 5432 m2 0.01685 0.0683089 0.336771 0.0385197 0
1231191 592885 m2 0.03195 0.28784 0.504409 -0.00914656 0
1231191 334241 m2 0.01865 -0.232108 0.125651 0 0.0472397
1231191 239996 m2 0.0682 0.262651 0.556352 0.0404285 0
1231191 229912 m2 0.07295 0.39793 0.423795 0.0499101 0
1231191 327509 m2 0.0254 0.340931 0.43717 0.0593749 0
1231191 689481 m2 0.0133 -0.0209624 0.3588 -0.00598576 0
1231191 462430 m2 0.02195 0.21715 0.144088 0.0281003 0
1231191 603556 m2 0.0254 -0.319354 0.471403 -0.0129817 0
1231191 282732 m2 0.106 0.329896 0.545768 0 0.00191876
1231191 1198 m2 0.024 0.167057 -0.1162 -0.000328755 0
1231191 163341 m2 0.0828 -0.0379838 0.535086 0 0.0123246
1231191 775453 m2 0.01275 0.036103 0.293185 0.0280065 0
1231191 510629 m2 0.014 0.251246 0.371814 -0.0256236 0
1231191 114593 m2 0.1445 -0.295807 0.642071 -0.0630465 0
1231191 704910 m2 0.01305 0.301697 0.384505 0 -0.0114611
1231191 280330 m2 0.0724 -0.197677 0.635256 0 0.0467087
1231191 753677 m2 0.01735 -0.121334 0.377016 -0.00224819 0
1231191 761883 m2 0.01185 0.312865 0.293264 0.0416452 0
1231191 31487 m2 0.2139 0.0248599 0.736135 0.019969 0
1231191 646613 m2 0.0274 0.100978 0.559819 0 0.00916397
1231191 686335 m2 0.03 0.0465377 0.401725 0 0.040705
1231191 620356 m2 0.0262 0.0337777 0.415367 0 -0.0625575
1231191 283255 m2 0.16315 -0.314733 0.593987 0 0.0476883
1231191 481884 m2 0.0144 0.0333809 0.250993 0 0.0408189
1231191 283000 m2 0.01395 -0.290075 0.34708 0 0.08179
1231191 418205 m2 0.02255 -0.0286389 0.499254 0 0.0259167
1231191 249925 m2 0.0712 0.141951 0.597641 0.0022698 0
1231191 656680 m2 0.01705 -0.31104 0.253811 -0.0365129 0
1231191 446749 m2 0.011 -0.153406 0.366827 0 -0.0334006
1231191 238079 m2 0.1092 -0.325646 0.531425 -0.0634878 0
1231191 369027 m2 0.0167 -0.277263 0.370466 0 0.00448756
1231191 63330 m2 0.01825 -0.318916 0.351642 -0.0415075 0
1231191 557603 m2 0.03305 -0.0361412 0.502026 0 0.0151111
1231191 419904 m2 0.0538 0.262748 0.535557 -0.0206659 0
1231191 625080 m2 0.01275 -0.173781 0.246512 0 0.0119485
1231191 712637 m2 0.01285 0.360096 0.32675 0 -0.0547476
1231191 158420 m2 0.16335 0.0355666 0.796951 0 0.0369638
1231191 10436 m2 0.20725 0.0713525 0.166624 -0.0181374 0
1231191 467305 m2 0.05485 0.284933 0.310242 0.0231379 0
1231191 707571 m2 0.0128 0.00464533 0.317087 0 -0.0230074
1231191 149046 m2 0.1196 -0.152921 0.663335 -0.0208792 0
1231191 61374 m2 0.0486 -0.20457 0.161676 -0.0480193 0
1231191 562802 m2 0.01675 0.041129 0.485294 0 -0.035726
1231191 328581 m2 0.01535 -0.143208 0.355138 0 0.032729
1231191 750689 m2 0.01285 -0.235547 0.350782 0 0.0250419
1231191 259301 m2 0.0438 -0.316893 0.471501 -0.0028199 0
1231191 32567 m2 0.02385 0.368256 0.447175 0.0437093 0
1231191 196120 m2 0.0316 0.29508 0.453176 0.0379339 0
1231191 13619 m2 0.0126 0.207371 0.0940866 0.00750376 0
1231191 720604 m2 0.0162 0.213428 0.42588 0 -0.0137466
1231191 702996 m2 0.01165 0.014813 0.311301 0 0.00993522
1231191 757578 m2 0.0135 -0.033443 0.330897 0 0.07102
1231191 635677 m2 0.01775 -0.25604 0.324254 0 -0.00390005
1231191 524549 m2 0.0608 -0.3821 0.391105 -0.0574453 0
1231191 68924 m2 0.18565 0.241956 0.742115 0 0.00204969
1231191 279789 m2 0.07235 0.0295886 0.630323 0 0.00878305
1231191 556198 m2 0.01135 0.103078 0.390177 0 0.0083013
1231191 528306 m2 0.06185 -0.206932 0.497079 0 -0.021767
1231191 205628 m2 0.0755 -0.393808 0.446402 -0.070757 0
1231191 514189 m2 0.0427 0.0280834 0.603765 -0.0355838 0
1231191 33936 m2 0.08475 -0.317109 0.551444 -0.0465155 0
1231191 477443 m2 0.0719 0.17367 0.268718 0 0.0266216
1231191 434659 m2 0.062 -0.387248 0.407052 0 -0.00145058
1231191 535327 m2 0.0124 0.26074 0.435631 0 0.00661891
1231191 101431 m2 0.09725 0.120417 0.616029 0.0448987 0
1231191 507270 m2 0.03085 0.342246 0.370059 0 0.0289788
1231191 560619 m2 0.0228 0.125009 0.355635 0.0200022 0
1231191 256815 m2 0.07535 0.350476 0.507646 0 0.0286707
1231191 534507 m2 0.0744 0.198328 0.583594 0 -0.0198673
1231191 472758 m2 0.052 -0.400761 0.423352 -0.0304358 0
1231191 319547 m2 0.03085 0.293121 0.198073 0.107325 0
1231191 224359 m2 0.045 0.0824885 0.218242 0 0.0348044
1231191 429106 m2 0.04715 -0.170548 0.519246 0 0.0232302
1231191 717007 m2 0.01315 -0.245608 0.429529 0 0.00258755
1231191 279258 m2 0.02645 -0.289923 0.466169 0 0.0301064
1231191 525608 m2 0.01285 0.0413158 0.163148 0 0.0107214
1231191 378824 m2 0.07925 0.278089 0.516879 0 0.0637564
1231191 166968 m2 0.0768 -0.336607 0.49804 -0.00459876 0
1231191 195580 m2 0.0213 0.023345 0.262753 0.00850173 0
1231191 493128 m2 0.029 0.326764 0.401482 0.00110669 0
1231191 319823 m2 0.06765 -0.369017 0.461681 0 0.029163
1231191 639059 m2 0.0206 -0.138444 0.365654 0 -0.0367569
1231191 458787 m2 0.05785 0.395362 0.393886 0.0240472 0
1231191 94913 m2 0.0158 0.0636244 0.035883 -0.0467181 0
1231191 162501 m2 0.09835 -0.0136943 0.229677 0.0596116 0
1231191 674608 m2 0.01485 0.176319 0.102482 0.0376779 0
1231191 310160 m2 0.06245 -0.0489245 0.578073 -0.0386254 0
1231191 615820 m2 0.01645 -0.126062 0.432863 0 0.0459806
1231191 720047 m2 0.01025 0.256784 0.253575 0 0.0011391
1231191 111651 m2 0.10815 0.236458 0.599307 -0.00404776 0
1231191 260603 m2 0.05525 -0.194476 0.502089 -0.00418262 0
1231191 594463 m2 0.0308 -0.272124 0.401076 0.00943558 0
1231191 120193 m2 0.1324 -0.178552 0.659064 0 0.0262826
1231191 736793 m2 0.0105 0.29374 0.260673 0 -0.0142636
1231191 691904 m2 0.0133 0.0878657 0.249231 0 -0.0215038
1231191 368731 m2 0.01085 -0.0592549 0.317985 -0.0485159 0
1231191 580901 m2 0.0466 -0.336576 0.429765 -0.0468314 0
1231191 312347 m2 0.01515 0.326845 0.399369 0 0.0175724
1231191 514466 m2 0.01565 0.292043 0.341052 0.00830987 0
1231191 315094 m2 0.02895 -0.164903 0.538866 0.0236115 0
1231191 41383 m2 0.0148 0.239538 0.164354 -0.0460838 0
1231191 139980 m2 0.0904 -0.321352 0.564192 0 0.0235848
1231191 745356 m2 0.02475 0.0995013 0.280993 0.0266625 0
1231191 694074 m2 0.0104 0.0124463 0.142068 0 0.00801483
1231191 583307 m2 0.01155 -0.317654 0.340907 0 -0.0298924
1231191 688077 m2 0.022 -0.297105 0.362993 -0.0335204 0
1231191 536731 m2 0.05895 0.392214 0.411128 -0.0229889 0
1231191 610350 m2 0.01295 -0.309558 0.35484 0 0.0250113
1231191 72471 m2 0.10025 -0.308093 0.562147 0 -0.0216992
1231191 688303 m2 0.0171 -0.355009 0.323725 -0.0349512 0
1231191 41904 m2 0.0112 0.0485766 0.0272192 0.023241 0
1231191 5877 m2 0.0903 0.402487 -0.489938 0.0780884 0
1231191 616093 m2 0.01575 -0.139544 0.373116 0.00198146 0
1231191 550621 m2 0.01675 -0.305322 0.334698 -0.0113348 0
1231191 171535 m2 0.0287 -0.0413589 0.168275 0 0.0113104
1231191 650781 m2 0.01425 0.294168 0.325809 -0.023361 0
1231191 85964 m2 0.02915 -0.186262 0.160383 0 0.0283281
1231191 596943 m2 0.01735 0.293689 0.375001 0.0408225 0
1231191 37791 m2 0.09165 0.0939099 0.209042 0 0.00530225
1231191 101712 m2 0.02695 -0.143777 0.212883 0 0.0294481
1231191 746247 m2 0.0131 -0.313429 0.267904 0 -0.00305662
1231191 294891 m2 0.0639 0.376236 0.466778 0 0.02885
1231191 461548 m2 0.04895 0.112522 0.227504 0.00955154 0
1231191 463487 m2 0.03685 -0.143778 0.167815 0 0.0396686
1231191 635653 m2 0.0127 -0.0707155 0.174138 0 -0.0111662
1231191 557009 m2 0.0327 0.162645 0.431652 -0.015418 0
1231191 646012 m2 0.0133 -0.327703 0.329354 0.0539534 0
1231191 445432 m2 0.01465 -0.343255 0.364363 -0.0378574 0
1231191 137495 m2 0.06195 0.256512 0.55314 0 0.0578254
1231191 525340 m2 0.0168 0.200794 0.151281 0.0214669 0
1231191 639875 m2 0.0145 -0.326941 0.277257 0.00719582 0
1231191 467528 m2 0.0355 -0.220801 0.145213 -0.0761486 0
1231191 585251 m2 0.01035 -0.263047 0.312648 -0.032666 0
1231191 753129 m2 0.0147 -0.0389837 0.327554 0 -0.111092
1231191 269243 m2 0.0151 0.141027 0.330681 0 0.0322585
1231191 568610 m2 0.0115 -0.120943 0.35345 0.0385851 0
1231191 631859 m2 0.0218 0.0908348 0.265844 0 -0.0212718
1231191 757552 m2 0.01195 0.0126909 0.29042 0.0222525 0
1231191 711228 m2 0.022 0.0537788 0.170492 0.0221498 0
1231191 305982 m2 0.0629 0.0243144 0.227435 0 0.0152982
1231191 616925 m2 0.03795 -0.217189 0.152901 0.0610459 0
1231191 670205 m2 0.0191 -0.337523 0.303498 0 -0.000344704
1231191 768143 m2 0.01765 0.0123176 0.383076 0 -0.0574923
1231191 296531 m2 0.06185 -0.324384 0.502886 0 0.00562076
1231191 256785 m2 0.04425 0.155941 0.438913 -0.0241541 0
1231191 430197 m2 0.01495 -0.0645231 0.140188 -0.0431152 0
1231191 467276 m2 0.01995 -0.1883 0.147902 0 0.0180364
1231191 385143 m2 0.04205 0.237555 0.47642 -0.0204771 0
1231191 374003 m2 0.03405 0.15418 0.204791 0.0328056 0
1231191 360086 m2 0.0456 -0.152439 0.175496 0 -0.00990532
1231191 710354 m2 0.02095 0.265346 0.183568 0 -0.0281974
1231191 249058 m2 0.05015 -0.173029 0.171706 -0.0275887 0
1231191 489790 m2 0.0456 0.229231 0.167534 0 0.0281427
1231191 526945 m2 0.0154 -0.203099 0.343479 0 -0.0264414
1231191 650205 m2 0.04325 0.214225 0.154406 -0.0104382 0
1231191 471962 m2 0.0406 -0.0777251 0.196334 0 -0.00328051
1231191 335551 m2 0.08385 0.255023 0.0381297 0 0.0770006
1231191 284568 m2 0.0507 0.183345 0.335586 0 0.0364232
1231191 219181 m2 0.0713 0.0777403 0.209378 0 0.0524946
1231191 530450 m2 0.0892 -0.352144 0.532374 0.0168196 0
1231191 463183 m2 0.02915 0.300113 0.0231097 0.0494893 0
1231191 487380 m2 0.01365 -0.263354 0.368488 -0.00606365 0
1231191 368409 m2 0.0437 -0.374824 0.388655 -0.0168921 0
1231191 714483 m2 0.01395 -0.0673861 0.284859 0 0.0458699
1231191 720572 m2 0.0114 0.0257626 0.296086 0 0.0215363
1231191 599392 m2 0.03265 -0.357416 0.34416 0 0.0128466
1231191 639865 m2 0.0546 0.195444 0.194051 0.0393839 0
1231191 726888 m2 0.01105 0.0914121 0.187156 0 0.0147839
1231191 684053 m2 0.02625 0.221559 0.123182 -0.0379861 0
1231191 202771 m2 0.0737 0.102473 0.200426 0.0533738 0
1231191 106679 m2 0.07465 -0.166143 0.211186 -0.0657308 0
1231191 607028 m2 0.0228 -0.0139959 0.149079 0.0451441 0
1231191 462644 m2 0.0173 0.199998 0.18224 -0.0283803 0
1231191 783807 m2 0.01255 -0.116884 0.322694 0 -0.0353454
1231191 164692 m2 0.1054 -0.0594045 0.311537 0 0.0425502
1231191 588802 m2 0.0138 0.0862285 0.171273 0.0261033 0
1231191 715345 m2 0.0158 0.158864 0.366762 0.00974374 0
1231191 598564 m2 0.0113 0.230981 0.0283287 0.0244853 0
1231191 376117 m2 0.0335 0.181102 0.243051 0 0.00306569
1231191 422318 m2 0.05105 -0.27824 0.546746 0 -0.0130063
1231191 384007 m2 0.03325 0.317177 0.0478848 0.00856945 0
1231191 222940 m2 0.01675 0.292336 0.170251 0.0781302 0
1231191 250984 m2 0.2081 0.0540492 0.724596 0 0.0267511
1231191 342220 m2 0.0273 -0.221058 0.118988 -0.0646335 0
1231191 370972 m2 0.0181 0.337791 0.338146 -0.00976335 0
1231191 397806 m2 0.0678 0.294895 0.0378903 0.0449068 0
1231191 134455 m2 0.0656 -0.215178 0.216517 -0.0617967 0
1231191 540333 m2 0.04015 0.229944 0.138358 0 -0.0461073
1231191 209980 m2 0.07045 0.175939 0.0499711 0.065033 0
1231191 747632 m2 0.01085 0.120236 0.149119 0 0.0154149
1231191 724351 m2 0.02665 0.0759232 0.442829 -0.0186346 0
1231191 499356 m2 0.0131 -0.0592286 0.137308 -0.046387 0
1231191 761589 m2 0.018 -0.219299 0.112351 0.0497202 0
1231191 404455 m2 0.03835 -0.134425 0.190559 0 0.0118954
1231191 693289 m2 0.01905 0.213114 0.142637 0 0.071065
1231191 572560 m2 0.04915 0.25906 0.209169 0.057638 0
1231191 462370 m2 0.0509 0.00232066 0.176832 0.00106448 0
1231191 199356 m2 0.02165 -0.0493356 0.02871 0 0.0189503
1231191 316198 m2 0.0183 0.219896 0.111138 0.111511 0
1231191 493612 m2 0.0547 -0.0474453 -0.109168 -0.0362504 0
1231191 707274 m2 0.0205 0.225841 0.124376 0 0.0616615
1231191 588194 m2 0.04345 -0.0170716 0.569196 0 -0.0107964
1231191 499355 m2 0.0103 -0.00533191 0.291084 0 0.00832267
1231191 167220 m2 0.0182 -0.209311 0.106829 -0.0572247 0
1231191 633682 m2 0.01865 -0.232108 0.125651 0 -0.00469311
1231191 518113 m2 0.0151 -0.0605279 0.163651 -0.035977 0
1231191 336948 m2 0.01745 0.189156 0.138401 0.0264613 0
1231191 620870 m2 0.0135 -0.125413 0.242742 0 0.0242868
1231191 62694 m2 0.04965 -0.14925 0.236387 0.0119535 0
1231191 359800 m2 0.0126 0.215475 0.110204 -0.01032 0
1231191 280000 m2 0.02465 -0.0837556 0.185948 -0.0152882 0
1231191 723023 m2 0.0195 0.237364 0.105764 0 -0.0476293
1231191 472721 m2 0.0295 0.188095 0.169081 -0.0914655 0
1231191 345804 m2 0.0155 -0.15232 0.109755 0.00158377 0
1231191 425512 m2 0.02625 -0.0800347 0.215247 -0.0169137 0
1231191 467264 m2 0.0551 0.0610117 0.207723 -0.00283741 0
1231191 479349 m2 0.03815 -0.0447974 0.174504 0 0.0159711
1231191 647674 m2 0.0188 0.12621 0.165711 0.0633864 0
1231191 703800 m2 0.01915 0.23646 0.106681 0.0033199 0
1231191 470589 m2 0.03605 -0.221199 0.153355 0 0.0312507
1231191 35528 m2 0.11585 0.185694 0.0380368 0.0509692 0
1231191 46207 m2 0.0548 -0.166474 0.0662829 0 -0.0400592
1231191 275028 m2 0.03125 0.254841 0.0330757 0.00771973 0
1231191 408854 m2 0.032 -0.202844 0.152677 -0.0101959 0
1231191 175793 m2 0.0183 0.336046 0.33622 0.0578866 0
1231191 209159 m2 0.0653 0.160024 0.260999 0 0.0193693
1231191 250667 m2 0.05065 0.303041 0.0304507 0.0227811 0
1231191 75666 m2 0.125 0.000141713 0.0608316 0 0.0316625
1231191 428476 m2 0.05865 -0.0228666 0.225701 0 -0.0105486
1231191 475488 m2 0.0315 -0.210179 0.15275 -0.0954996 0
1231191 569422 m2 0.0294 -0.232401 0.309835 -0.015186 0
1231191 425763 m2 0.0492 -0.178769 0.170665 -0.0309463 0
1231191 727982 m2 0.0244 0.194389 0.0226799 0 0.0246917
1231191 325733 m2 0.01875 0.244984 0.0527535 0 -0.00311455
1231191 641016 m2 0.0191 0.219312 0.110237 -0.0602117 0
1231191 466692 m2 0.0196 0.298348 0.00422477 0 0.0340869
1231191 519228 m2 0.0123 0.144852 0.040744 0 0.0667436
1231191 490900 m2 0.02815 -0.175821 0.155024 -0.0209138 0
1231191 482976 m2 0.06265 -0.260707 0.196302 0 -0.00636575
1231191 746473 m2 0.01385 -0.0995192 0.14208 0.00101574 0
1231191 645199 m2 0.018 0.136081 0.15833 -0.0326643 0
1231191 314552 m2 0.0398 -0.193338 0.174099 -0.0716052 0
1231191 255927 m2 0.03675 -0.299402 0.0166038 -0.0489856 0
1231191 586791 m2 0.0104 0.190155 0.104974 0.0284841 0
1231191 12650 m2 0.1571 -0.348638 -0.616638 -0.0424229 0
1231191 400835 m2 0.0747 0.205609 0.306091 0 0.0252053
1231191 304341 m2 0.0442 -0.190697 0.157898 0 0.0416399
1231191 730418 m2 0.01345 -0.0747031 -0.00133334 0 0.0370163
1231191 709507 m2 0.02355 0.0494196 0.0159913 0.0458764 0
1231191 165486 m2 0.0224 0.0411509 0.0104028 0 0.019218
1231191 612744 m2 0.0125 -0.147372 0.16938 0 -0.00802545
1231191 759744 m2 0.0144 0.00248236 0.133497 0 -0.00678789
1231191 201925 m2 0.0149 -0.300736 0.0208991 0 -0.00459264
1231191 597460 m2 0.0129 -0.193002 0.142022 0 0.0182483
1231191 416760 m2 0.0535 0.228077 0.150418 0.0723792 0
1231191 13190 m2 0.0957 -0.0628142 -0.724401 0 0.0561719
1231191 744503 m2 0.02235 -0.252863 0.384675 -0.0486263 0
1231191 189543 m2 0.02825 0.13166 0.033733 0 0.00492521
1231191 709499 m2 0.01985 -0.225007 0.0331775 0.0391078 0
1231191 756668 m2 0.01725 0.269586 0.0330204 0 0.0122042
1231191 266753 m2 0.0964 -0.0264903 0.0395258 -0.00830819 0
1231191 59893 m2 0.088 0.389176 -0.504751 0 -0.0203336
1231191 406665 m2 0.01455 0.109974 0.00994935 0 0.00361404
1231191 184662 m2 0.12605 -0.398815 -0.0524808 -0.065595 0
1231191 493332 m2 0.03345 -0.208137 0.0299297 0 0.0145969
1231191 709198 m2 0.0134 -0.211395 -0.0150942 -0.044728 0
1231191 657456 m2 0.02005 -0.224992 0.354658 -0.0125366 0
1231191 551115 m2 0.013 -0.233996 -0.010302 -0.017126 0
1231191 36033 m2 0.10685 -0.214388 -0.708059 0 -0.00761153
1231191 636207 m2 0.02745 0.123835 0.0107483 0 0.0232569
1231191 331746 m2 0.01345 0.266645 0.0285543 0 0.0616646
1231191 350930 m2 0.0311 -0.317052 0.0205883 -0.103756 0
1231191 350391 m2 0.0132 -0.0983102 0.0320259 0 0.0320593
1231191 504455 m2 0.0313 0.244614 0.0260242 0 -0.0174836
1231191 229821 m2 0.05775 -0.230819 -0.0462622 -0.0111193 0
1231191 623054 m2 0.02045 0.073381 0.0214668 0 -0.0157652
1231191 204423 m2 0.0409 -0.304421 0.0633771 0.010449 0
1231191 229817 m2 0.05395 -0.24577 0.0387068 0 7.02222e-05
1231191 268916 m2 0.0694 0.231325 -0.101781 0.00293145 0
1231191 660761 m2 0.01015 -0.162845 0.0163909 0 -0.014771
1231191 677313 m2 0.0297 0.259903 0.0289816 0 -0.02358
1231191 12032 m2 0.10185 -0.0571689 -0.745959 0 -0.0438101
1231191 196848 m2 0.06995 0.0470271 0.0472788 0 -0.00428665
1231191 585442 m2 0.0169 0.283439 0.0116394 0.0184005 0
1231191 93695 m2 0.0944 -0.345692 0.0602435 0 -0.0138261
1231191 645183 m2 0.01085 0.279706 0.00362189 0 -0.0235649
1231191 28895 m2 0.08645 0.284557 -0.592221 0.0115515 0
1231191 364804 m2 0.0303 -0.111282 -0.0168959 0 0.0324293
1231191 746197 m2 0.01255 -0.139587 0.156138 -0.0199433 0
1231191 41827 m2 0.1266 0.313335 -0.621705 0.0464016 0
1231191 555881 m2 0.0323 -0.216672 0.141415 0 -0.0176422
1231191 364803 m2 0.0202 -0.28514 0.0435377 -0.00278528 0
1231191 137148 m2 0.03585 -0.367097 -0.143778 0 -0.0189584
1231191 425481 m2 0.05065 -0.359336 0.0128191 -0.058756 0
1231191 690752 m2 0.01815 -0.167055 0.140516 0 0.0276337
1231191 99918 m2 0.0288 0.0383563 0.0257499 0.00538483 0
1231191 35739 m2 0.04125 -0.160693 -0.634647 0.017521 0
1231191 150626 m2 0.0111 -0.289778 0.00406004 0 -0.0202375
1231191 285044 m2 0.18095 -0.246143 -0.00865004 -0.111222 0
1231191 653267 m2 0.04395 0.140808 0.0414337 0.0625604 0
1231191 482951 m2 0.0259 -0.371309 0.0863142 0 0.0468045
1231191 760004 m2 0.01385 0.111302 0.161928 -0.0115317 0
1231191 328740 m2 0.02185 0.228272 -0.0965168 0.113524 0
1231191 557537 m2 0.02205 0.309353 0.0178918 0 -0.0117347
1231191 670987 m2 0.01795 0.306897 0.0255683 0.00640285 0
1231191 43957 m2 0.0955 -0.135974 -0.611716 0 -0.011086
1231191 671783 m2 0.01225 -0.288978 0.0218168 0.00560051 0
1231191 416170 m2 0.05485 0.309635 0.0286925 0.0135556 0
1231191 530938 m2 0.05165 -0.0938465 0.0783368 0 0.0142852
1231191 769895 m2 0.0111 0.275331 0.0276804 0 0.037799
1231191 357091 m2 0.07415 0.342321 0.0483037 0.100184 0
1231191 337463 m2 0.0821 0.321133 0.129163 -0.00310188 0
1231191 347982 m2 0.04785 0.188876 0.0227496 0.00655107 0
1231191 641801 m2 0.0118 -0.289984 0.0201771 -0.109433 0
1231191 69641 m2 0.10525 0.202971 -0.172859 0.0620303 0
1231191 749550 m2 0.01065 0.121239 0.0137391 0 0.00191672
1231191 186472 m2 0.0196 0.198029 -0.11334 -0.0389226 0
1231191 621383 m2 0.01985 0.189299 0.0789533 0 0.00527774
1231191 700165 m2 0.0128 0.279069 0.0235259 0 -0.0241884
1231191 705337 m2 0.0185 -0.141608 0.0384983 0 0.0598474
1231191 619949 m2 0.01955 -0.121748 -0.103595 -0.0239575 0
1231191 275788 m2 0.1373 0.161545 0.0295217 0 0.0197196
1231191 681493 m2 0.0138 0.276458 0.0289825 0.041903 0
1231191 291188 m2 0.06675 -0.0917867 0.0366589 0 0.0278456
1231191 496030 m2 0.048 0.175296 -0.136015 0.0545114 0
1231191 258601 m2 0.13775 -0.0187467 0.0130221 0 8.51015e-05
1231191 639532 m2 0.0196 0.272785 0.020654 0.0314923 0
1231191 636186 m2 0.01765 -0.193012 -0.0122001 -0.0206234 0
1231191 260253 m2 0.0482 -0.173501 -0.639528 -0.0153756 0
1231191 264567 m2 0.0762 -0.257698 -0.576817 0.0223143 0
1231191 136305 m2 0.0639 0.13157 -0.623087 0.0365996 0
1231191 531738 m2 0.01905 0.221042 -0.0910485 0 -0.00756183
1231191 281276 m2 0.01015 -0.179854 -0.112468 -0.00798973 0
1231191 440925 m2 0.0374 -0.0615958 0.0106295 0.00829924 0
1231191 115037 m2 0.1368 -0.0710829 0.0220273 0 0.00982615
1231191 638971 m2 0.01515 -0.286682 0.0209095 0 -0.0336023
1231191 751455 m2 0.0122 -0.300538 0.0252603 0 -0.0161648
1231191 253960 m2 0.03945 -0.312524 0.0295531 0 -0.0140559
1231191 688490 m2 0.01825 0.171569 -0.118134 0 0.0304682
1231191 447978 m2 0.0109 0.280664 0.0256851 0 -0.025117
1231191 349868 m2 0.05315 -0.302895 0.0334976 -0.0378377 0
1231191 61787 m2 0.02685 0.184277 -0.516042 0.0122708 0
1231191 90973 m2 0.0367 0.221801 -0.108904 0.0255262 0
1231191 337176 m2 0.0299 -0.267031 0.0232193 0 0.0345055
1231191 379568 m2 0.08595 -0.157376 0.0352756 0 0.0255317
1231191 670967 m2 0.0136 -0.282767 0.0146461 0 0.0252454
1231191 561601 m2 0.06045 -0.239127 0.0246166 0.0103949 0
1231191 697674 m2 0.01075 -0.314047 0.026882 0.0140853 0
1231191 92846 m2 0.0125 -0.0971814 0.0365371 0.0193172 0
1231191 223136 m2 0.0707 0.121915 0.0329357 0.000552293 0
1231191 692398 m2 0.0205 -0.304199 0.00699483 0 0.0288418
1231191 605302 m2 0.0159 -0.00541483 0.016858 0.0554174 0
1231191 765057 m2 0.01845 0.303206 0.0164515 0.00718912 0
1231191 381180 m2 0.0295 0.30848 0.0244544 0 -0.0429817
1231191 371451 m2 0.03 -0.0439037 -0.156398 -0.062664 0
1231191 748948 m2 0.0196 0.275519 0.0299593 -0.00788437 0
1231191 740878 m2 0.01305 -0.305076 0.0241215 0 -0.0019116
1231191 479524 m2 0.0118 -0.0325937 -0.495825 0 -0.0273426
1231191 759403 m2 0.0192 0.0116924 -0.00494185 0 -0.0318504
1231191 424911 m2 0.04165 0.270939 -0.139699 0 0.0189066
1231191 62077 m2 0.19935 0.259865 -0.150579 0 -0.0176988
1231191 623276 m2 0.01295 0.223501 -0.102193 0.0272501 0
1231191 147029 m2 0.0556 -0.173641 -0.133405 -0.0676232 0
1231191 31553 m2 0.0156 0.290017 -0.279976 0.0700693 0
1231191 474868 m2 0.04485 0.211047 -0.118877 0.0734399 0
1231191 210680 m2 0.06635 0.0614947 -0.640422 -0.012859 0
1231191 310859 m2 0.08535 0.314361 -0.60681 0 -0.0328671
1231191 177834 m2 0.0888 -0.396385 -0.43148 -0.0722512 0
1231191 742252 m2 0.02785 -0.202518 0.00784467 0.0328041 0
1231191 388620 m2 0.0288 -0.0770959 -0.0502822 0 -0.0380566
1231191 32668 m2 0.0866 -0.291998 -0.607407 -0.0247034 0
1231191 530908 m2 0.0157 -0.139224 0.00216776 0 -0.0689664
1231191 694567 m2 0.0121 0.0969622 0.0234068 -0.00963428 0
1231191 433742 m2 0.0244 0.329386 -0.409438 0.0443397 0
1231191 162389 m2 0.06995 0.393783 -0.484186 0 -0.0143803
1231191 519181 m2 0.0249 -0.265135 0.0424603 -0.0117619 0
1231191 264009 m2 0.07835 0.017836 0.0868799 -0.00243366 0
1231191 511670 m2 0.0144 -0.123775 0.00920668 0 0.0476475
1231191 408231 m2 0.0284 -0.245343 0.023805 -0.0398225 0
1231191 395279 m2 0.02365 -0.164406 -0.106733 0.0382627 0
1231191 333289 m2 0.09295 0.143841 -0.666501 0 -0.0116756
1231191 766950 m2 0.01265 -0.162202 -0.00928419 0.00917976 0
1231191 344663 m2 0.01375 0.283151 0.0361627 -0.0031218 0
1231191 751166 m2 0.0109 -0.271368 0.0282808 0.00139474 0
1231191 73388 m2 0.11765 -0.396736 -0.529497 -0.0455188 0
1231191 40648 m2 0.05955 -0.25135 -0.593351 0.000789503 0
1231191 354838 m2 0.0901 -0.0240319 -0.155927 -0.0161842 0
1231191 633886 m2 0.0376 -0.0385678 0.039456 0 0.0382705
1231191 104613 m2 0.06835 0.188704 -0.651245 0 -0.0226939
1231191 444199 m2 0.0374 0.311475 0.0246547 0.083646 0
1231191 526595 m2 0.042 0.179931 0.00612164 0.00830276 0
1231191 157165 m2 0.06595 -0.0434901 -0.61722 0 -0.0114836
1231191 502267 m2 0.02855 -0.231841 0.0452432 0 -0.00841536
1231191 588447 m2 0.05965 0.182001 0.0191938 0.0237515 0
1231191 203242 m2 0.0135 -0.0731681 -0.457516 -0.0119828 0
1231191 595166 m2 0.03855 0.116891 -0.57276 0.00396854 0
1231191 593555 m2 0.01315 0.184384 -0.119364 0 0.0336389
1231191 465820 m2 0.0125 0.223723 -0.100413 0 -0.0149056
1231191 383657 m2 0.07585 -0.117798 0.025336 0 -0.00763441
1231191 180759 m2 0.09455 0.347064 -0.595905 0.0226959 0
1231191 539178 m2 0.0284 0.158511 -0.144994 0 0.0521045
1231191 678661 m2 0.0104 -0.115711 -0.0998199 0 0.0241181
1231191 201047 m2 0.16325 0.0484383 -0.803192 0 -0.0476271
1231191 337730 m2 0.087 -0.258377 0.02876 -0.0381359 0
1231191 720770 m2 0.0123 0.289131 0.00228628 0.0549976 0
1231191 186430 m2 0.10885 0.178936 -0.687838 -0.011281 0
1231191 548886 m2 0.06315 0.105575 -0.155808 0 -0.0480845
1231191 584592 m2 0.03185 -0.208857 0.0187816 -0.00908671 0
1231191 727355 m2 0.01295 0.0692184 -0.0937909 -0.0318825 0
1231191 374169 m2 0.02995 0.154908 -0.521656 0 0.00629287
1231191 745572 m2 0.0167 0.12266 0.0277466 0.00881071 0
1231191 524159 m2 0.0113 -0.257219 0.00816592 -0.0202812 0
1231191 285569 m2 0.1012 -0.197437 -0.292273 -0.0535882 0
1231191 704775 m2 0.0159 -0.206881 -0.0902526 0.0495472 0
1231191 178599 m2 0.0458 -0.358995 -0.468934 0 0.0114511
1231191 132948 m2 0.16445 0.196444 -0.0298951 0.0241177 0
1231191 274941 m2 0.07005 0.143694 -0.539723 -0.0233641 0
1231191 424624 m2 0.07805 0.406238 -0.0397677 0.072945 0
1231191 200061 m2 0.037 -0.371254 -0.467388 0 -0.019442
1231191 91740 m2 0.0739 0.140086 -0.651224 0 0.00546527
1231191 403305 m2 0.0613 -0.200372 -0.134028 -0.06529 0
1231191 287777 m2 0.01675 -0.372417 -0.383255 -0.0317036 0
1231191 592495 m2 0.0127 -0.136485 -0.117218 0 -0.0143599
1231191 722378 m2 0.02235 0.185374 -0.120752 0.0421667 0
1231191 333017 m2 0.02355 0.351229 -0.434728 0 -0.0530914
1231191 742526 m2 0.0153 0.248116 0.0261427 0 -0.0341079
1231191 218772 m2 0.04265 -0.203224 -0.649127 0.000487822 0
1231191 48920 m2 0.12395 0.099222 -0.803522 0 -0.0256254
1231191 481461 m2 0.07005 -0.0324454 -0.149773 0.010047 0
1231191 312501 m2 0.0202 0.0820502 -0.403564 0.0565374 0
1231191 757188 m2 0.0233 0.00143541 0.0282276 0 0.00573726
1231191 51714 m2 0.0678 -0.287328 -0.539242 -0.0180242 0
1231191 384756 m2 0.02645 -0.362588 -0.0245119 0 -0.00647755
1231191 651503 m2 0.01535 0.20903 -0.0752943 -0.104375 0
1231191 325162 m2 0.01765 0.00466499 -0.486306 0.00686689 0
1231191 327343 m2 0.04415 -0.233964 -0.113636 -0.0667008 0
1231191 692673 m2 0.0175 -0.231625 0.0481146 0 -0.0353949
1231191 370572 m2 0.036 0.197104 -0.135732 0.0182586 0
1231191 710272 m2 0.0109 0.219619 -0.0877148 -0.0393562 0
1231191 707465 m2 0.0232 -0.0291122 -0.116415 0 -0.0519825
1231191 636417 m2 0.0142 -0.0938465 -0.101425 0 0.0289928
1231191 151684 m2 0.04825 -0.202498 -0.587167 0 -0.0369433
1231191 525239 m2 0.0254 -0.146627 -0.0983259 0.00705016 0
1231191 709137 m2 0.0133 -0.202823 -0.0884262 0 0.01471
1231191 386695 m2 0.01395 0.343735 -0.357592 0 -0.0430648
1231191 210158 m2 0.1108 0.374144 -0.556988 0.025913 0
1231191 609669 m2 0.0439 -0.0455147 0.0198681 -0.0177614 0
1231191 397183 m2 0.0394 -0.367887 -0.0347456 -0.0401928 0
1231191 220785 m2 0.02825 -0.0759659 0.0871644 0 0.0156896
1231191 62026 m2 0.06415 -0.353175 -0.495127 -0.0140368 0
1231191 380052 m2 0.0827 0.37728 -0.5482 0 0.000829642
1231191 227046 m2 0.03915 0.388589 -0.402712 0.113201 0
1231191 264261 m2 0.0304 -0.241852 -0.112662 0.0046931 0
1231191 206014 m2 0.0177 -0.275918 -0.419614 0 0.0174763
1231191 427845 m2 0.0373 -0.0902087 -0.138865 0.0264966 0
1231191 494934 m2 0.06425 -0.194039 -0.133201 0 0.0161226
1231191 534112 m2 0.03355 0.0901438 -0.13862 0 -0.0817642
1231191 280445 m2 0.0535 -0.15726 -0.653488 0 0.000696968
1231191 459229 m2 0.05625 0.204963 -0.141703 0.0776525 0
1231191 766096 m2 0.0115 0.275778 -0.390562 0 0.0554125
1231191 655159 m2 0.02525 -0.149793 -0.118617 0.00756386 0
1231191 670369 m2 0.01215 -0.120042 -0.187769 0 0.00808321
1231191 639486 m2 0.0109 -0.218882 -0.0889 -0.0481496 0
1231191 723723 m2 0.01685 0.181769 -0.0952187 0 0.0132158
1231191 442003 m2 0.02785 -0.213576 -0.0874835 0.0408088 0
1231191 81402 m2 0.1189 -0.0287077 -0.768942 0 -0.000204629
1231191 278841 m2 0.01305 0.216381 -0.408943 0 -0.0136263
1231191 405202 m2 0.0278 -0.22269 -0.10603 -0.000941819 0
1231191 725699 m2 0.01115 0.180828 -0.223391 0 -0.0345034
1231191 509416 m2 0.0377 -0.222093 -0.137496 0 0.00467165
1231191 708320 m2 0.02435 -0.286463 0.00598345 0 -0.0310416
1231191 757733 m2 0.0165 0.15823 -0.100692 0 0.0327119
1231191 639244 m2 0.01655 0.221701 -0.0880509 0.0356491 0
1231191 91191 m2 0.02585 0.182231 -0.532166 0 0.0150041
1231191 573014 m2 0.0115 -0.22666 0.0237859 0 0.0456347
1231191 609658 m2 0.04685 -0.307973 0.0178919 0 0.00635442
1231191 799377 m2 0.01205 -0.178498 0.0174681 0.015651 0
1231191 590796 m2 0.01935 0.352157 -0.377645 0 0.00712457
1231191 708857 m2 0.0101 0.0770266 -0.47218 0.0415237 0
1231191 749218 m2 0.01485 -0.0460179 0.0174395 -0.030899 0
1231191 315248 m2 0.0436 0.0597759 -0.1355 0.0116527 0
1231191 241238 m2 0.03345 -0.246087 -0.624599 0 -0.0554225
1231191 296082 m2 0.03655 0.333751 -0.428645 -0.0115746 0
1231191 372731 m2 0.1031 -0.236259 -0.635044 0 -0.0492774
1231191 710543 m2 0.0194 -0.171739 -0.12134 0 -0.0174156
1231191 262062 m2 0.1503 -0.319048 -0.626011 -0.0651363 0
1231191 721801 m2 0.01015 0.15819 -0.263926 0 0.0365612
1231191 447929 m2 0.04455 0.36848 -0.368842 0.0589585 0
1231191 536925 m2 0.08195 -0.328806 0.0244693 0 0.0425846
1231191 675582 m2 0.03985 0.0659492 -0.131669 -0.0217177 0
1231191 391390 m2 0.0821 -0.0790821 0.0438437 0 0.0183242
1231191 682044 m2 0.01595 0.13068 0.00219675 0 -0.00884744
1231191 181300 m2 0.07155 0.156043 -0.639422 0.0428547 0
1231191 304508 m2 0.02525 0.349416 -0.333843 0 0.0100478
1231191 412528 m2 0.0314 -0.121565 -0.477616 0.0323945 0
1231191 310300 m2 0.04785 0.0547966 -0.567396 0 0.0211663
1231191 450748 m2 0.0116 0.320639 -0.263469 0.0812533 0
1231191 119717 m2 0.0787 0.377037 -0.531017 0.0390035 0
1231191 243730 m2 0.0427 -0.264835 -0.583797 0 -0.0533905
1231191 627594 m2 0.021 0.206162 -0.108395 0.0345882 0
1231191 313298 m2 0.0258 0.320588 -0.495033 0 -0.00116187
1231191 286340 m2 0.05 -0.382122 -0.49137 -0.0579174 0
1231191 237403 m2 0.03385 -0.0967966 -0.604664 0.025291 0
1231191 535488 m2 0.01295 -0.257144 -0.0846783 0 0.0193817
1231191 274347 m2 0.1089 -0.0349195 -0.724149 0 -0.0522427
1231191 501932 m2 0.0371 -0.198627 -0.127205 -0.0302905 0
1231191 762809 m2 0.01145 -0.24444 -0.14163 0.0520805 0
1231191 334662 m2 0.03725 -0.226059 -0.108818 0.0321157 0
1231191 524712 m2 0.0176 0.17731 -0.0930442 0.0674354 0
1231191 446056 m2 0.0305 -0.163936 -0.565883 -0.0393807 0
1231191 87151 m2 0.05005 -0.396145 -0.418517 -0.0887781 0
1231191 640054 m2 0.013 -0.303724 -0.255471 -0.0158297 0
1231191 741113 m2 0.01065 -0.122237 -0.297916 0.0146288 0
1231191 695616 m2 0.01085 -0.12021 -0.443529 -0.0455742 0
1231191 457316 m2 0.0183 -0.0821935 -0.543585 0.0692465 0
1231191 572697 m2 0.0309 0.146329 -0.592937 0 -0.0372279
1231191 441422 m2 0.0285 0.127997 -0.54588 0 -0.00152137
1231191 541375 m2 0.01775 0.124027 -0.108154 -0.0125401 0
1231191 731135 m2 0.0102 0.299839 -0.229591 0.0577758 0
1231191 406854 m2 0.07655 0.110968 -0.657711 0.0203895 0
1231191 760977 m2 0.01425 -0.223926 -0.0897454 0 -0.0575916
1231191 474807 m2 0.0598 -0.284712 -0.619087 0 -0.000791945
1231191 665134 m2 0.0187 -0.292425 -0.0698667 -0.0483164 0
1231191 253836 m2 0.0381 -0.313518 -0.466124 -0.0164606 0
1231191 152199 m2 0.0966 0.0921027 -0.712553 0 -0.0337829
1231191 516566 m2 0.013 0.135526 -0.421038 0.0181839 0
1231191 179344 m2 0.0842 0.345262 -0.565521 0.0576263 0
1231191 365767 m2 0.01285 0.076249 -0.406642 0 -0.0902535
1231191 415016 m2 0.0254 -0.0813314 -0.152913 0 0.00567322
1231191 486710 m2 0.03935 0.171817 -0.66917 0 -0.00617833
1231191 743239 m2 0.02325 0.319242 -0.279779 0 0.0763569
1231191 412238 m2 0.0595 -0.336716 -0.462023 0 0.0194459
1231191 519953 m2 0.0209 -0.108982 -0.441369 0 0.0230472
1231191 701741 m2 0.01115 -0.224351 -0.166854 0.0203437 0
1231191 187714 m2 0.01455 -0.126319 -0.307544 -0.0237538 0
1231191 761489 m2 0.0147 -0.331409 -0.329082 0.0715655 0
1231191 156837 m2 0.15125 0.036664 -0.755373 0 -0.029467
1231191 705030 m2 0.0108 -0.10652 -0.09196 -0.0135439 0
1231191 557994 m2 0.01825 -0.156588 -0.125429 -0.0790869 0
1231191 535169 m2 0.02485 -0.229019 -0.422911 0.00139912 0
1231191 598435 m2 0.0651 0.122183 -0.532646 8.20401e-05 0
1231191 714084 m2 0.01445 0.31315 -0.261467 0 -0.0226506
1231191 384712 m2 0.03715 0.313436 -0.396908 0.0400739 0
1231191 229713 m2 0.08915 0.123084 -0.707727 0 -0.0672863
1231191 191604 m2 0.0534 -0.0559291 -0.621193 -0.0223681 0
1231191 740028 m2 0.0208 -0.230325 -0.428304 0 0.045823
1231191 349758 m2 0.0326 0.267047 -0.547597 0 -0.0224966
1231191 506550 m2 0.01975 0.344034 -0.383311 -0.0380836 0
1231191 621294 m2 0.0207 -0.278165 -0.391256 -0.0490816 0
1231191 188318 m2 0.02745 -0.22182 -0.524204 0 -0.0425916
1231191 351343 m2 0.02855 -0.330098 -0.230808 0 -0.0175449
1231191 484825 m2 0.02215 0.125268 -0.535789 0.0244361 0
1231191 553088 m2 0.01135 0.32809 -0.269469 0 0.0579459
1231191 368841 m2 0.0295 -0.278611 -0.469679 0 -0.000920013
1231191 258766 m2 0.0297 -0.202897 -0.199633 -0.0234314 0
1231191 734930 m2 0.0427 -0.0673121 -0.492014 0 0.115301
1231191 679463 m2 0.02855 -0.072839 -0.32508 0.0567197 0
1231191 705799 m2 0.02445 -0.0926591 -0.606367 0 -0.0288316
1231191 635258 m2 0.06275 0.385103 -0.531114 0 -0.0179508
1231191 414387 m2 0.05815 -0.12609 -0.647414 -0.0228645 0
1231191 352174 m2 0.02035 0.321805 -0.392508 0.0150143 0
1231191 703687 m2 0.0172 0.270475 -0.42548 0 -0.0557181
1231191 692327 m2 0.02115 -0.0183036 -0.451734 0 -0.0234879
1231191 286911 m2 0.1589 -0.229185 -0.731686 0 -0.0297913
1231191 504643 m2 0.02065 0.128697 -0.405758 0 -0.0347351
1231191 400452 m2 0.04115 0.336806 -0.50934 0 -0.00206385
1231191 349465 m2 0.0695 -0.0513464 -0.675769 0 -0.0407904
1231191 596771 m2 0.0246 0.125303 -0.44411 -0.0627621 0
1231191 285485 m2 0.1907 -0.082439 -0.77376 0 -0.0239968
1231191 318845 m2 0.03795 0.11437 -0.515601 0 -0.00434138
1231191 665357 m2 0.0101 0.0117935 -0.436538 -0.00406364 0
1231191 542995 m2 0.0162 0.0120331 -0.380443 -0.0314335 0
1231191 572674 m2 0.0309 0.0172014 -0.556627 0 0.00572436
1231191 655666 m2 0.02285 0.372229 -0.40292 0 -0.0406106
1231191 663701 m2 0.01965 0.291479 -0.361627 0.00787252 0
1231191 754057 m2 0.0116 0.176216 -0.379815 -0.0164706 0
1231191 322427 m2 0.08015 0.234032 -0.61156 0.0208451 0
1231191 311869 m2 0.04495 -0.38699 -0.46212 0 -0.0486417
1231191 654836 m2 0.0117 -0.176577 -0.446502 0 -0.0135934
1231191 369946 m2 0.0146 -0.217422 -0.380084 0 0.0201793
1231191 473701 m2 0.0149 0.142928 -0.319399 -0.024642 0
1231191 792613 m2 0.01115 0.171738 -0.281709 -0.0452908 0
1231191 737657 m2 0.0363 0.381246 -0.4583 0.0638886 0
1231191 719602 m2 0.01105 0.306068 -0.487008 -0.0232346 0
1231191 706339 m2 0.0226 -0.203223 -0.116446 0.0163638 0
1231191 680026 m2 0.0178 0.0990221 -0.398314 0 -0.0042165
1231191 435272 m2 0.02665 -0.317538 -0.385303 0.0336781 0
1231191 381634 m2 0.0273 0.246799 -0.45394 0 -0.0398901
1231191 429506 m2 0.01685 -0.199104 -0.400487 -0.033302 0
1231191 714607 m2 0.01745 0.266479 -0.353601 0 0.0155451
1231191 752191 m2 0.01145 0.201269 -0.0711043 0 0.068239
1231191 443281 m2 0.0483 0.221696 -0.514733 -0.00261207 0
1231191 762003 m2 0.0103 0.0499928 -0.330574 0 -0.0209072
1231191 297515 m2 0.0193 0.338309 -0.297029 0.0271047 0
1231191 441656 m2 0.0299 -0.300289 -0.450897 -0.0769296 0
1231191 732200 m2 0.0242 -0.340968 -0.462498 0 0.035787
1231191 339878 m2 0.0363 0.279045 -0.495618 0 -0.0115916
1231191 757685 m2 0.01445 -0.25169 -0.406318 0 -0.0316009
1231191 509081 m2 0.03635 -0.342526 -0.525288 -0.0127015 0
1231191 763590 m2 0.0114 -0.222631 -0.375604 -0.0304513 0
1231191 688648 m2 0.0187 -0.32342 -0.416709 0 -0.0497138
1231191 367953 m2 0.01705 0.338502 -0.418969 0 -0.0470379
1231191 630309 m2 0.01245 0.24876 -0.417664 0 -0.0410561
1231191 581545 m2 0.0113 0.137316 -0.411077 0 -0.0175276
1231191 607923 m2 0.02555 -0.35217 -0.365509 0 -0.0265214
1231191 394376 m2 0.02155 0.333905 -0.427847 0 -0.0577701
1231191 377564 m2 0.06075 0.37926 -0.47736 0.0172937 0
1231191 697245 m2 0.0163 -0.309307 -0.327203 0.00806344 0
1231191 369085 m2 0.13935 0.377767 -0.575532 0.0421425 0
1231191 774189 m2 0.01215 -0.0694306 -0.400136 -0.0529939 0
1231191 684186 m2 0.01555 -0.365429 -0.410324 -0.098473 0
1231191 714029 m2 0.0106 0.242316 -0.400113 -0.0620603 0
1231191 438001 m2 0.0172 -0.292216 -0.441818 -0.0248738 0
1231191 429179 m2 0.1366 0.263818 -0.663291 0 0.00707257
1231191 734342 m2 0.01485 -0.262898 -0.388878 0 -0.0128057
1231191 412990 m2 0.09395 -0.30519 -0.594435 -0.0230287 0
1231191 553304 m2 0.04785 0.327235 -0.467488 0.0311012 0
1231191 585086 m2 0.0276 0.332609 -0.420302 0 0.0275819
1231191 495130 m2 0.06265 -0.146998 -0.684214 0 0.0244148
1231191 461062 m2 0.0381 -0.354514 -0.479293 -0.00557608 0
1231191 767419 m2 0.01235 -0.268827 -0.300366 0 -0.104779
1231191 581532 m2 0.0193 -0.275534 -0.375091 0 -0.022822
1231191 599497 m2 0.03215 -0.318202 -0.368026 -0.0482332 0
1231191 517372 m2 0.01165 0.266521 -0.304249 0 -0.0396018
1231191 741351 m2 0.021 0.237799 -0.57291 0 0.0198075
1231191 401269 m2 0.01025 -0.0889363 -0.379764 0 -0.0217832
1231191 632702 m2 0.02265 0.304575 -0.384959 0 -0.018372
1231191 527056 m2 0.0284 -0.30952 -0.55717 0 -0.0213405
1231191 385501 m2 0.07275 0.0941926 -0.739382 -0.00862904 0
1231191 607414 m2 0.0125 0.314784 -0.409699 0 0.0112544
1231191 631388 m2 0.02275 -0.211725 -0.370567 0 -0.0200965
1231191 403214 m2 0.09495 0.194843 -0.747184 0 -0.0206085
1231191 490493 m2 0.0215 0.0218878 -0.424069 0 0.0173932
1231191 618189 m2 0.03025 0.336022 -0.485528 0.00159092 0
1231191 678585 m2 0.0167 -0.208601 -0.529645 -0.0287496 0
1231191 664813 m2 0.0111 -0.250732 -0.365373 0 -0.0389787
1231191 567316 m2 0.0701 -0.195422 -0.565789 0 0.00390276
1231191 411894 m2 0.0282 0.219938 -0.574548 0.0312603 0
1231191 771976 m2 0.01225 -0.337967 -0.334926 -0.0110971 0
1231191 483389 m2 0.0122 -0.302347 -0.384358 -0.0659781 0
1231191 498923 m2 0.02635 0.241709 -0.471518 0 0.00866145
1231191 665655 m2 0.01965 0.1826 -0.499392 0.0243852 0
1231191 668969 m2 0.01855 0.238825 -0.444556 0 0.0125775
1231191 681112 m2 0.0104 0.268703 -0.260275 -0.0338417 0
1231191 513470 m2 0.0238 0.342736 -0.368542 0.0243061 0
1231191 696424 m2 0.0122 -0.221189 -0.340252 0 -0.0167735
1231191 724483 m2 0.01295 0.34433 -0.398897 -0.00032175 0
1231191 554641 m2 0.02265 -0.338534 -0.39301 0 0.0109782
1231191 791491 m2 0.01885 -0.207911 -0.316885 0 -0.0267754
1231191 493452 m2 0.0602 -0.069729 -0.675017 -0.00066564 0
1231191 578983 m2 0.0133 -0.0227361 -0.415579 0 -0.0221909
1231191 663648 m2 0.0147 0.311939 -0.333005 0 0.0121863
1231191 556010 m2 0.03005 0.315009 -0.491021 -0.00872087 0
1231191 583980 m2 0.02265 -0.266163 -0.47336 -0.0116532 0
1231191 493458 m2 0.0352 -0.379735 -0.359684 0 -0.0621321
1231191 556568 m2 0.02335 -0.0468596 -0.458487 -0.0311195 0
1231191 702494 m2 0.01165 -0.160843 -0.372203 0.0725338 0
1231191 592389 m2 0.0538 -0.0952673 -0.50527 0 -0.0884733
1231191 570120 m2 0.0222 -0.301376 -0.512244 0 -0.0503959
1231191 683097 m2 0.01155 -0.178137 -0.449426 0 -0.0130723
1231191 698673 m2 0.01695 0.283762 -0.356415 0 0.061374
1231191 634349 m2 0.0135 0.0983297 -0.489793 0.0658312 0
1231191 741336 m2 0.0137 0.277953 -0.364686 0 -0.000635429
1231191 576667 m2 0.03895 -0.216412 -0.566152 0 0.0121397
1231191 611200 m2 0.0178 -0.195933 -0.511644 0.00584663 0
1231191 679965 m2 0.0122 -0.359973 -0.382285 -0.0318782 0
1231191 773349 m2 0.01395 -0.236829 -0.33398 0 0.00423054
1231191 696698 m2 0.01885 0.273848 -0.396541 0 -0.0379624
1231191 692565 m2 0.01215 0.209185 -0.360409 0.0787465 0
1231191 721186 m2 0.01215 -0.091368 -0.329338 0 -0.0459094
1231191 677448 m2 0.01105 0.31636 -0.449849 0 -0.0434112
1231191 683061 m2 0.0161 -0.228141 -0.4445 0.0343333 0
1231191 771171 m2 0.01045 -0.0156964 -0.379934 -0.0170183 0
1231191 762214 m2 0.0165 -0.103399 -0.384925 0.0244043 0
1231191 780484 m2 0.01605 -0.346128 -0.359182 0.0297633 0
1231191 763277 m2 0.0181 0.290922 -0.337222 0 -0.0262318
1231191 765495 m2 0.0187 0.0360346 -0.393802 0.0042917 0
1231191 748839 m2 0.0165 -0.134858 -0.441829 0 -0.00983344
1231191 783344 m2 0.0122 -0.122526 -0.47774 0.0088391 0
