// Initial random seed:
2897767127975

// RunInitializeCallbacks():
initializeTreeSeq();
initializeMutationRate(2.5e-08);
initializeSex("A");
initializeMutationType(2, 0.5, "f", 0);
initializeGenomicElementType(1, m2, 1);
initializeGenomicElement(g1, 0, 550000);
initializeRecombinationRate(c(1e-06, 0.5, 1e-06, 0.5, 1e-06, 0.5, 1e-06, 0.5, 1e-06, 0.5, 1e-06, 0.5, 1e-06, 0.5, 1e-06, 0.5, 1e-06, 0.5, 1e-06, 0.5, 1e-06, 0.5, 1e-06, 0.5, 1e-06, 0.5, 1e-06, 0.5, 1e-06, 0.5, 1e-06, 0.5, 1e-06, 0.5, 1e-06, 0.5, 1e-06, 0.5, 1e-06), c(50000, 50001, 100000, 100001, 150000, 150001, 200000, 200001, 250000, 250001, 300000, 300001, 350000, 350001, 400000, 400001, 450000, 450001, 500000, 500001, 550000, 550001, 600000, 600001, 650000, 650001, 700000, 700001, 750000, 750001, 800000, 800001, 850000, 850001, 900000, 900001, 950000, 950001, 1000000));

QTL DFE means: 
0 0

QTL DFE variance-covariance matrix: 
      [,0]  [,1]
[0,] 0.002     0
[1,]     0 0.002

// Starting run at generation <start>:
1 

100:0.999415 0.999415 4.9849e-14 0.00879252 0.0103833 0.0865354 -0.588209 NAN NAN
200:0.998924 0.998924 -2.9643e-14 0.00114831 0.0105349 -0.112188 -0.11271 NAN NAN
300:0.998133 0.998133 -8.32667e-15 0.012509 0.0248121 0.117744 -0.385276 NAN NAN
400:0.997581 0.997581 3.16414e-14 0.00324478 0.0260691 -0.0562215 -0.509516 NAN NAN
500:0.997291 0.997291 -6.32827e-15 0.00769569 -0.00357824 0.101362 0.133285 NAN NAN
600:0.996957 0.996957 -2.38698e-14 0.0134456 -0.011456 0.0867961 0.166122 NAN NAN
700:0.996085 0.996085 -1.4988e-14 0.0136051 -0.00123884 -0.101364 -0.00417492 NAN NAN
800:0.995708 0.995708 2.79776e-14 0.0156931 0.00850651 0.141979 0.102454 NAN NAN
900:0.995109 0.995109 -5.32907e-15 -0.00387736 0.00532582 -0.00858226 0.217801 NAN NAN
1000:0.994645 0.994645 2.27596e-14 -0.025957 0.0105526 -0.0654493 0.0431023 NAN NAN
1100:0.99294 0.992908 3.1742e-05 -0.00743176 0.00603391 0.0629391 -0.0344534 0.0530043 0.115299
1200:0.989659 0.988429 0.00122979 0.00943464 0.0322655 0.176552 0.412179 0.0756619 0.210605
1300:0.98542 0.980676 0.00474307 -0.00222379 0.0250691 0.32977 0.694921 0.16436 0.348142
1400:0.980926 0.967556 0.0133699 0.0117579 -0.0210095 0.606709 0.789574 0.24195 0.589253
1500:0.973457 0.952328 0.0211282 0.0595903 0.000827428 0.480161 0.905217 0.245761 0.725712
1600:0.964403 0.927364 0.0370387 0.100809 -0.00911995 0.744728 0.956236 0.385838 0.776497
1700:0.949936 0.893255 0.0566804 0.129747 0.03086 0.797587 0.960076 0.502765 0.826291
1800:0.934776 0.840691 0.0940848 0.166566 0.0388318 0.906705 0.981916 0.635833 0.858708
1900:0.917813 0.745095 0.172718 0.161984 0.0168428 0.936483 0.989865 0.741651 0.893034
2000:0.883723 0.592099 0.291624 0.206782 0.0293204 0.976508 0.991599 0.811802 0.891847
2100:0.88387 0.580108 0.303762 0.189492 -0.0176813 0.978303 0.988897 0.814542 0.905356
2200:0.882364 0.573571 0.308793 0.184693 -0.0261455 0.979785 0.987279 0.808101 0.903801
2300:0.884165 0.565276 0.318889 0.20704 -0.0292973 0.986761 0.98736 0.809488 0.900255
2400:0.884093 0.571233 0.31286 0.219073 -0.0465371 0.980532 0.988189 0.809557 0.90786
2500:0.873436 0.57314 0.300296 0.215432 -0.000347071 0.970933 0.990383 0.801895 0.903663
2600:0.882006 0.570917 0.311089 0.209062 0.0375408 0.98197 0.9914 0.808986 0.890841
2700:0.878393 0.576067 0.302325 0.202739 0.0369319 0.976161 0.992531 0.806712 0.891327
2800:0.878561 0.569664 0.308897 0.223736 0.0246715 0.979242 0.989131 0.803405 0.899793
2900:0.879265 0.56902 0.310245 0.187893 -0.000403892 0.982259 0.986978 0.800368 0.888023
3000:0.880581 0.573461 0.307121 0.191592 0.0129295 0.981676 0.991745 0.80029 0.891313
