// Initial random seed:
2140685890441

// RunInitializeCallbacks():
initializeTreeSeq();
initializeMutationRate(1e-10);
initializeSex("A");
initializeMutationType(2, 0.5, "f", 0);
initializeGenomicElementType(1, m2, 1);
initializeGenomicElement(g1, 0, 550000);
initializeRecombinationRate(c(1e-06, 0.5, 1e-06, 0.5, 1e-06, 0.5, 1e-06, 0.5, 1e-06, 0.5, 1e-06, 0.5, 1e-06, 0.5, 1e-06, 0.5, 1e-06, 0.5, 1e-06, 0.5, 1e-06, 0.5, 1e-06, 0.5, 1e-06, 0.5, 1e-06, 0.5, 1e-06, 0.5, 1e-06, 0.5, 1e-06, 0.5, 1e-06, 0.5, 1e-06, 0.5, 1e-06), c(50000, 50001, 100000, 100001, 150000, 150001, 200000, 200001, 250000, 250001, 300000, 300001, 350000, 350001, 400000, 400001, 450000, 450001, 500000, 500001, 550000, 550001, 600000, 600001, 650000, 650001, 700000, 700001, 750000, 750001, 800000, 800001, 850000, 850001, 900000, 900001, 950000, 950001, 1000000));

QTL DFE means: 
0 0

QTL DFE variance-covariance matrix: 
     [,0] [,1]
[0,]  0.4    0
[1,]    0  0.4

// Starting run at generation <start>:
1 

100:0.999991 0.999991 -1.44329e-15 -1.84566e-05 -1.81326e-05 -0.0221079 0.0204018 NAN NAN
200:0.999963 0.999963 1.44329e-15 -0.000605526 3.10367e-05 -0.16443 0.0956639 NAN NAN
300:0.99999 0.99999 1.88738e-15 -1.41944e-05 -2.09182e-05 0.0515851 -0.0147738 NAN NAN
400:0.999963 0.999963 1.55431e-15 -2.15449e-06 6.0725e-05 0.0884315 -0.0555775 NAN NAN
500:1 1 0 0 0 NAN NAN NAN NAN
600:0.999855 0.999855 1.33227e-15 -0.000307807 0.000315898 0.137344 -0.131057 NAN NAN
700:0.999843 0.999843 1.33227e-15 -0.00065847 -0.000609503 -0.00067079 -0.0174955 NAN NAN
800:0.999986 0.999986 3.10862e-15 0.000286253 -7.15694e-05 -0.140191 0.142384 NAN NAN
900:0.999924 0.999924 2.22045e-15 -9.42462e-05 -8.88045e-05 0.0468348 -0.0651108 NAN NAN
1000:0.999945 0.999945 1.12133e-14 0.000207899 -2.48791e-05 0.0225865 0.053312 NAN NAN
1100:0.995386 0.99539 -4.01097e-06 -7.4651e-05 5.97253e-05 0.0884315 -0.0907531 0.0120243 -0.0119603
1200:0.981547 0.981527 1.92205e-05 -0.00132576 6.31796e-05 0.202392 -0.213435 0.0254739 -0.0151887
1300:0.958605 0.958696 -9.07146e-05 0.000765405 -0.000171436 -0.0819992 -0.140432 -0.0162799 -0.0354369
1400:0.927147 0.927116 3.11472e-05 0.000835289 -0.000190236 0.186631 -0.0553185 0.0274324 0.0046205
1500:0.887405 0.887348 5.72643e-05 -0.000167098 8.65695e-05 -0.0219002 0.194969 -0.00249632 0.0263409
1600:0.841993 0.831234 0.0107594 -0.0304396 0.0103481 0.193305 0.374596 0.0691454 0.185598
1700:0.844084 0.711884 0.1322 -0.0054536 -0.037142 0.336835 0.863292 0.110134 0.587598
1800:0.81411 0.617692 0.196417 0.0208141 -0.0911961 0.423486 0.931812 0.230997 0.713181
1900:0.797055 0.534167 0.262887 0.218244 -0.0888108 0.901948 0.928356 0.537999 0.755519
2000:0.752015 0.408743 0.343272 0.246932 0.000533686 0.903329 0.954286 0.628406 0.81816
2100:0.791415 0.411003 0.380412 0.237246 0.02909 0.906447 0.973358 0.647887 0.874975
2200:0.82078 0.408926 0.411854 0.262818 0.0479184 0.944154 0.97584 0.663548 0.90997
2300:0.821417 0.400624 0.420793 0.263202 0.0453338 0.925359 0.974436 0.648107 0.915361
2400:0.833441 0.39221 0.441231 0.229572 0.0642099 0.947493 0.972176 0.663118 0.928157
2500:0.835015 0.385353 0.449662 0.247011 0.0677684 0.946019 0.970717 0.675435 0.933483
2600:0.835534 0.387582 0.447952 0.233795 0.0721663 0.94788 0.973136 0.681238 0.936024
2700:0.833468 0.383641 0.449827 0.227124 0.0722664 0.96495 0.971259 0.673438 0.932243
2800:0.839155 0.3857 0.453455 0.219158 0.0701899 0.962709 0.972551 0.678181 0.934248
2900:0.839437 0.386233 0.453204 0.208823 0.0753949 0.959955 0.9759 0.681659 0.934724
3000:0.837718 0.384885 0.452833 0.238267 0.0758671 0.953466 0.975193 0.683733 0.938425
