// Initial random seed:
2554844349095

// RunInitializeCallbacks():
initializeTreeSeq();
initializeMutationRate(1e-10);
initializeSex("A");
initializeMutationType(2, 0.5, "f", 0);
initializeGenomicElementType(1, m2, 1);
initializeGenomicElement(g1, 0, 550000);
initializeRecombinationRate(c(1e-06, 0.5, 1e-06, 0.5, 1e-06, 0.5, 1e-06, 0.5, 1e-06, 0.5, 1e-06, 0.5, 1e-06, 0.5, 1e-06, 0.5, 1e-06, 0.5, 1e-06, 0.5, 1e-06, 0.5, 1e-06, 0.5, 1e-06, 0.5, 1e-06, 0.5, 1e-06, 0.5, 1e-06, 0.5, 1e-06, 0.5, 1e-06, 0.5, 1e-06, 0.5, 1e-06), c(50000, 50001, 100000, 100001, 150000, 150001, 200000, 200001, 250000, 250001, 300000, 300001, 350000, 350001, 400000, 400001, 450000, 450001, 500000, 500001, 550000, 550001, 600000, 600001, 650000, 650001, 700000, 700001, 750000, 750001, 800000, 800001, 850000, 850001, 900000, 900001, 950000, 950001, 1000000));

QTL DFE means: 
0 0

QTL DFE variance-covariance matrix: 
     [,0] [,1]
[0,]  0.4    0
[1,]    0  0.4

// Starting run at generation <start>:
1 

100:0.999998 0.999998 5.9952e-15 -3.89264e-05 1.53552e-06 -0.142134 0.142499 NAN NAN
200:0.999844 0.999844 3.77476e-15 -0.000276596 -0.000482086 0.0987009 0.107223 NAN NAN
300:0.999903 0.999903 -1.11022e-16 8.07783e-05 -5.0949e-05 -0.0254195 0.178588 NAN NAN
400:0.999969 0.999969 1.42109e-14 0.000268736 -3.93078e-05 0.174972 -0.163276 NAN NAN
500:0.999743 0.999743 -1.57652e-14 0.00134731 9.45488e-06 -0.122123 0.0507494 NAN NAN
600:0.999887 0.999887 -6.32827e-15 -0.000733562 0.000257113 0.105404 -0.206715 NAN NAN
700:0.999978 0.999978 -5.55112e-15 -4.49082e-05 4.80352e-05 -0.0138425 0.0802467 NAN NAN
800:0.999615 0.999615 -1.22125e-15 0.000308057 0.000265873 0.122195 -0.0325071 NAN NAN
900:0.999983 0.999983 4.32987e-15 5.11021e-05 5.88238e-05 1.88473e-19 0.103985 NAN NAN
1000:1 1 0 0 0 NAN NAN NAN NAN
1100:0.995651 0.995651 -3.71925e-14 0 0 NAN NAN NAN NAN
1200:0.98239 0.982402 -1.18594e-05 9.30192e-06 0.000138512 0.0273687 -0.157406 0.00488991 -0.0138831
1300:0.960321 0.960288 3.28465e-05 0.000114053 -0.000173594 -0.0644307 0.124315 -0.0109917 0.0167975
1400:0.929573 0.929598 -2.43779e-05 -0.000123078 -8.7944e-05 0.0560462 -0.143001 0.00840181 -0.016852
1500:0.891171 0.888267 0.002904 0.00717482 -0.00292531 0.243035 0.165253 0.134415 0.153902
1600:0.857465 0.829089 0.028376 0.0304877 -0.0321134 0.365579 0.511427 0.325736 0.466478
1700:0.85407 0.723928 0.130142 0.136212 0.0490753 0.494155 0.794547 0.358698 0.683691
1800:0.842666 0.626546 0.21612 0.10017 0.120041 0.645746 0.894753 0.574243 0.793116
1900:0.803951 0.520277 0.283674 0.0924864 0.130406 0.752315 0.904928 0.694552 0.813891
2000:0.769739 0.383406 0.386333 0.0779846 0.119943 0.896146 0.927941 0.828216 0.846193
2100:0.804503 0.35918 0.445324 -0.0107202 0.153311 0.944206 0.924152 0.860622 0.852017
2200:0.816172 0.364986 0.451187 -0.0125841 0.145641 0.948827 0.939972 0.863067 0.865112
2300:0.828985 0.361731 0.467254 -0.0220042 0.160235 0.956048 0.939122 0.879687 0.865079
2400:0.82677 0.362087 0.464683 -0.00688245 0.165972 0.943179 0.934111 0.877017 0.867115
2500:0.838489 0.361609 0.476881 0.0054559 0.148662 0.948062 0.948794 0.876636 0.884165
2600:0.838379 0.361067 0.477312 0.00680333 0.156601 0.947495 0.948538 0.882396 0.890318
2700:0.843094 0.364121 0.478973 0.0167544 0.142742 0.946774 0.954949 0.883365 0.898182
2800:0.85039 0.363108 0.487282 -0.0272078 0.135339 0.948919 0.954896 0.888466 0.907842
2900:0.864292 0.357205 0.507088 -0.0218628 0.138205 0.943389 0.968773 0.896452 0.935281
3000:0.870173 0.358499 0.511674 -0.00807431 0.145525 0.943392 0.975294 0.894404 0.938668
