// Initial random seed:
2660464350380

// RunInitializeCallbacks():
initializeTreeSeq();
initializeMutationRate(1e-10);
initializeSex("A");
initializeMutationType(2, 0.5, "f", 0);
initializeGenomicElementType(1, m2, 1);
initializeGenomicElement(g1, 0, 550000);
initializeRecombinationRate(c(1e-06, 0.5, 1e-06, 0.5, 1e-06, 0.5, 1e-06, 0.5, 1e-06, 0.5, 1e-06, 0.5, 1e-06, 0.5, 1e-06, 0.5, 1e-06, 0.5, 1e-06, 0.5, 1e-06, 0.5, 1e-06, 0.5, 1e-06, 0.5, 1e-06, 0.5, 1e-06, 0.5, 1e-06, 0.5, 1e-06, 0.5, 1e-06, 0.5, 1e-06, 0.5, 1e-06), c(50000, 50001, 100000, 100001, 150000, 150001, 200000, 200001, 250000, 250001, 300000, 300001, 350000, 350001, 400000, 400001, 450000, 450001, 500000, 500001, 550000, 550001, 600000, 600001, 650000, 650001, 700000, 700001, 750000, 750001, 800000, 800001, 850000, 850001, 900000, 900001, 950000, 950001, 1000000));

QTL DFE means: 
0 0

QTL DFE variance-covariance matrix: 
     [,0] [,1]
[0,]  0.4    0
[1,]    0  0.4

// Starting run at generation <start>:
1 

100:0.999994 0.999994 3.21965e-15 -4.22974e-05 3.29691e-05 -0.0951052 -0.0131353 NAN NAN
200:0.999895 0.999895 9.65894e-15 0.00158626 -0.000944995 0.0406323 0.107989 NAN NAN
300:0.999849 0.999849 -1.58762e-14 0.000983138 0.000229993 -0.117413 0.0440496 NAN NAN
400:0.999916 0.999916 -3.33067e-15 -0.00165499 0.000530036 0.0774649 -0.17729 NAN NAN
500:0.999955 0.999955 3.33067e-16 -7.98875e-05 -0.000754055 0.163297 -0.0197516 NAN NAN
600:0.999958 0.999958 1.66533e-15 5.69244e-05 0.000341604 -0.0833689 -0.0903163 NAN NAN
700:0.999942 0.999942 3.88578e-15 -8.0981e-05 0.000156038 -0.131202 -0.132954 NAN NAN
800:0.999741 0.999741 2.06501e-14 -0.00221011 -0.00166452 -0.152574 -0.134686 NAN NAN
900:0.999879 0.999879 7.88258e-15 -0.000828965 -0.000143284 0.125632 0.12216 NAN NAN
1000:0.999888 0.999888 -2.77556e-15 -0.000404177 -0.000362127 -0.00236958 -0.141283 NAN NAN
1100:0.998808 0.998812 -4.04831e-06 -0.000450427 -0.000108825 -0.0612205 -0.0540051 -0.00213477 -0.00857244
1200:0.995103 0.995064 3.92955e-05 0.000404271 0.000754538 0.115555 0.160248 0.0133395 0.0527378
1300:0.988077 0.987956 0.000121093 -0.00277703 0.00116183 0.157475 -0.224714 0.0819648 -0.0520615
1400:0.977376 0.977465 -8.92969e-05 -0.000835939 -4.81769e-05 -0.0985815 -0.145587 -0.0224366 -0.00396473
1500:0.962476 0.960377 0.00209865 -0.00763083 -0.000591199 0.247487 0.342035 0.0878919 0.0912399
1600:0.944002 0.932635 0.0113662 0.00760762 0.0286291 0.428782 0.388123 0.25028 0.302165
1700:0.932215 0.874319 0.0578959 0.0436463 0.159057 0.744274 0.497112 0.578878 0.42801
1800:0.924349 0.780515 0.143833 -0.0349972 0.241197 0.895804 0.483043 0.771787 0.411569
1900:0.927925 0.664728 0.263196 -0.0181808 0.249801 0.973199 0.495963 0.881952 0.522048
2000:0.903065 0.520599 0.382467 -0.00786408 0.263295 0.981924 0.490836 0.907936 0.563916
2100:0.90969 0.52201 0.38768 0.0171374 0.336984 0.984771 0.676201 0.908604 0.629037
2200:0.912769 0.522304 0.390465 0.0147235 0.310268 0.982826 0.664946 0.908426 0.626859
2300:0.915163 0.522458 0.392704 -0.00650232 0.320829 0.9849 0.6412 0.916904 0.613258
2400:0.912359 0.526573 0.385786 0.00267442 0.339123 0.982983 0.708918 0.910617 0.628441
2500:0.911623 0.523942 0.387681 0.00286508 0.334827 0.98446 0.705458 0.908017 0.634706
2600:0.913007 0.523306 0.3897 0.0170014 0.360942 0.982265 0.753406 0.910324 0.656438
2700:0.91245 0.523761 0.38869 0.00365488 0.368758 0.979818 0.745407 0.910808 0.664462
2800:0.9135 0.522389 0.391111 0.0176751 0.361674 0.983062 0.751042 0.908696 0.654159
2900:0.912308 0.524297 0.388011 -0.00913784 0.360789 0.981119 0.743966 0.910438 0.651556
3000:0.912894 0.522004 0.39089 0.00960554 0.366245 0.979959 0.75623 0.910848 0.669104
