// Initial random seed:
1888152898982

// RunInitializeCallbacks():
initializeTreeSeq();
initializeMutationRate(1e-10);
initializeSex("A");
initializeMutationType(2, 0.5, "f", 0);
initializeGenomicElementType(1, m2, 1);
initializeGenomicElement(g1, 0, 550000);
initializeRecombinationRate(c(1e-06, 0.5, 1e-06, 0.5, 1e-06, 0.5, 1e-06, 0.5, 1e-06, 0.5, 1e-06, 0.5, 1e-06, 0.5, 1e-06, 0.5, 1e-06, 0.5, 1e-06, 0.5, 1e-06, 0.5, 1e-06, 0.5, 1e-06, 0.5, 1e-06, 0.5, 1e-06, 0.5, 1e-06, 0.5, 1e-06, 0.5, 1e-06, 0.5, 1e-06, 0.5, 1e-06), c(50000, 50001, 100000, 100001, 150000, 150001, 200000, 200001, 250000, 250001, 300000, 300001, 350000, 350001, 400000, 400001, 450000, 450001, 500000, 500001, 550000, 550001, 600000, 600001, 650000, 650001, 700000, 700001, 750000, 750001, 800000, 800001, 850000, 850001, 900000, 900001, 950000, 950001, 1000000));

QTL DFE means: 
0 0

QTL DFE variance-covariance matrix: 
     [,0] [,1]
[0,]  0.4    0
[1,]    0  0.4

// Starting run at generation <start>:
1 

100:0.999976 0.999976 3.66374e-15 -0.00022009 -0.000155393 0.022816 -0.0209275 NAN NAN
200:0.999824 0.999824 -8.77076e-15 -0.000538358 0.00135875 0.119885 -0.0112066 NAN NAN
300:0.999827 0.999827 -6.66134e-15 -0.00470298 2.48902e-05 0.24945 0.215826 NAN NAN
400:0.999842 0.999842 -6.43929e-15 -1.87376e-05 0.000373094 -0.0332081 0.0161763 NAN NAN
500:0.999909 0.999909 -3.77476e-15 0.00111707 -0.00070001 -0.0253661 -0.220455 NAN NAN
600:0.999877 0.999877 -6.66134e-16 0.00139858 8.89436e-05 0.138787 0.046552 NAN NAN
700:0.999973 0.999973 -6.77236e-15 6.70606e-05 -0.000229491 0.200408 -0.190629 NAN NAN
800:0.99989 0.99989 -4.10783e-15 0.00106765 -9.19215e-05 -0.0690659 0.0885802 NAN NAN
900:0.999812 0.999812 -1.31006e-14 -0.0028774 0.000276893 0.349248 0.00244764 NAN NAN
1000:0.999873 0.999873 1.78746e-14 -0.00297598 -0.000325977 0.234603 -0.121718 NAN NAN
1100:0.998951 0.998952 -9.86697e-07 0.000270978 -0.000142889 0.0861358 -0.0625175 0.0236376 -0.014938
1200:0.995602 0.995609 -6.26527e-06 -0.00116454 0.000557312 -0.0516993 0.0898995 -0.0211423 0.0252555
1300:0.989577 0.989498 7.97626e-05 -0.000881128 0.00361745 -0.0893222 0.110728 -0.0252322 0.0571119
1400:0.980262 0.980302 -4.00261e-05 -0.000623377 0.000409135 -0.137997 0.0173871 -0.0314648 0.00291087
1500:0.966481 0.966587 -0.000105837 -0.000908923 0.00148049 0.0491305 -0.257106 0.0127511 -0.104569
1600:0.947311 0.946486 0.000824927 -0.00298015 0.000689932 0.314617 0.0681112 0.0983915 0.0131926
1700:0.925956 0.909005 0.0169506 -0.0404168 0.00288097 0.491911 0.370899 0.370327 0.110471
1800:0.918957 0.819549 0.0994087 -0.132442 0.0203989 0.821131 0.448116 0.728663 0.247568
1900:0.926004 0.710729 0.215275 -0.0417231 0.0725053 0.946418 0.585226 0.872381 0.43091
2000:0.922011 0.553606 0.368405 -0.0170919 0.14941 0.983475 0.792912 0.932182 0.645026
2100:0.931002 0.546216 0.384786 -0.0106971 0.114857 0.980781 0.925678 0.932773 0.792002
2200:0.933245 0.539151 0.394094 -0.000966876 0.12136 0.982189 0.957536 0.931319 0.854321
2300:0.934233 0.537834 0.396399 -0.014664 0.0571111 0.982792 0.96524 0.932323 0.885673
2400:0.935725 0.539812 0.395913 -0.00386512 0.103465 0.98419 0.968629 0.929811 0.896716
2500:0.939012 0.537695 0.401317 -0.00893566 0.0836726 0.98233 0.968859 0.935271 0.908208
2600:0.939268 0.540326 0.398942 -0.000142925 0.0992077 0.981446 0.972262 0.932525 0.916992
2700:0.941901 0.540805 0.401096 -0.00530699 0.101603 0.984886 0.974925 0.934711 0.925132
2800:0.941528 0.540315 0.401213 -0.00654666 0.110166 0.984248 0.966185 0.934394 0.91932
2900:0.942889 0.538845 0.404043 -0.0155252 0.099165 0.986174 0.973633 0.936451 0.927803
3000:0.944662 0.541065 0.403597 -0.00341659 0.11624 0.987883 0.973706 0.936755 0.932098
