seed mutID muttype p cor_sal cor_temp mutSalEffect mutTempEffect
1231207 324009 m2 0.12535 0.641591 0.422714 0.0858243 0
1231207 190093 m2 0.02115 0.157621 0.175896 0 0.0247774
1231207 700926 m2 0.01135 0.313564 0.354039 0 0.0197822
1231207 122023 m2 0.0989 -0.261389 -0.583227 0 -0.0174277
1231207 746764 m2 0.01225 0.300149 0.339201 0 0.0656126
1231207 109179 m2 0.0166 0.392235 -0.33759 0 -0.0356519
1231207 684777 m2 0.01315 0.21016 0.320353 0 -0.0039611
1231207 244660 m2 0.06135 0.366592 -0.435685 0 -0.0259158
1231207 398636 m2 0.02545 0.474074 0.299894 0.0268923 0
1231207 37878 m2 0.0141 0.11742 -0.324888 0 -0.0534675
1231207 461775 m2 0.0102 -0.0495438 -0.15038 0.0260256 0
1231207 405314 m2 0.02575 0.267089 0.322084 0.0254206 0
1231207 729248 m2 0.0153 -0.140102 0.512995 0 0.00972613
1231207 161616 m2 0.02535 -0.436168 -0.189062 -0.0481476 0
1231207 547562 m2 0.0145 -0.125879 -0.17472 0 -0.0487851
1231207 325933 m2 0.0105 0.0204886 0.330199 0 0.0282208
1231207 469817 m2 0.04305 0.589604 0.00625096 0.010488 0
1231207 314498 m2 0.0537 -0.0526579 -0.0806179 -0.00220802 0
1231207 248867 m2 0.016 0.239979 -0.324623 0 -0.0695538
1231207 115789 m2 0.11305 0.728371 -0.207729 0.0773264 0
1231207 431487 m2 0.0855 0.502657 0.0992825 0.0362342 0
1231207 447509 m2 0.01415 0.318503 0.298404 -0.003745 0
1231207 525875 m2 0.0942 0.241357 0.726633 0.00354367 0
1231207 433986 m2 0.0241 -0.499664 0.132117 -0.0162925 0
1231207 221564 m2 0.02425 0.277278 -0.374302 0.0436453 0
1231207 337856 m2 0.0342 0.181078 0.336422 0 0.0488598
1231207 685561 m2 0.01335 0.0475832 0.296852 0 -0.0165559
1231207 512367 m2 0.1086 0.659061 0.251544 0.0419829 0
1231207 336250 m2 0.0929 -0.552473 0.170947 0 0.0275797
1231207 800 m2 0.0445 -0.459065 0.104513 -0.0318898 0
1231207 383660 m2 0.02515 -0.332876 0.399112 0 0.0723159
1231207 652896 m2 0.0148 0.14704 0.18889 0.0115251 0
1231207 534208 m2 0.03675 0.363917 0.480279 -0.0175078 0
1231207 694406 m2 0.03365 0.289825 0.375776 0 0.016173
1231207 625754 m2 0.0237 -0.280311 -0.234339 -0.00521813 0
1231207 102736 m2 0.01105 -0.0321228 -0.0979103 0 -0.0216573
1231207 709146 m2 0.02665 -0.403722 0.0878921 0 -0.00177048
1231207 528109 m2 0.03085 0.306776 -0.148181 0 0.00744015
1231207 99414 m2 0.05925 0.220427 -0.482382 0.054223 0
1231207 717920 m2 0.0114 0.194366 -0.0836676 0 -0.0134702
1231207 7587 m2 0.1902 0.600529 0.423803 0 0.0313147
1231207 354274 m2 0.1524 -0.721392 0.0396379 0 0.0386451
1231207 133323 m2 0.0654 -0.104214 -0.185446 0 -0.0262017
1231207 654489 m2 0.0101 -0.20071 0.307002 0 0.0388826
1231207 423095 m2 0.05055 0.496167 0.372685 0.0923734 0
1231207 346800 m2 0.10065 -0.0392716 0.685172 0 0.0569824
1231207 294065 m2 0.03555 0.380945 -0.319791 0.0587949 0
1231207 175951 m2 0.0761 0.316625 -0.426986 0 -0.0160111
1231207 468678 m2 0.016 -0.0624948 0.0895196 -0.027833 0
1231207 658057 m2 0.01185 0.111251 0.110466 -0.0145018 0
1231207 648800 m2 0.02265 -0.4324 0.224355 -0.0127083 0
1231207 362601 m2 0.0183 -0.373681 0.36332 0 0.107145
1231207 732067 m2 0.0128 0.236764 0.394607 0 -0.00969063
1231207 696621 m2 0.0163 -0.30712 0.32389 0 -0.00319888
1231207 691908 m2 0.016 0.0227275 0.380882 0 -0.104043
1231207 710732 m2 0.0107 -0.328501 0.353529 0 0.00429089
1231207 679826 m2 0.0105 -0.313815 0.37691 -0.039844 0
1231207 638110 m2 0.0551 -0.344664 0.342382 0 0.0207245
1231207 141475 m2 0.01825 -0.32707 0.239726 0 0.00911149
1231207 695241 m2 0.02235 0.513647 -0.00444252 0 -0.015016
1231207 585299 m2 0.01135 0.0174214 0.38576 0 0.0469546
1231207 495444 m2 0.0117 -0.0447773 -0.111114 -0.0289374 0
1231207 204351 m2 0.03505 -0.273164 0.496262 0 0.00556841
1231207 374455 m2 0.0188 0.105181 -0.547733 0 -0.000597144
1231207 302865 m2 0.0413 -0.0937047 0.0745553 0 -0.00723458
1231207 700903 m2 0.02975 0.43257 0.388171 -0.0408374 0
1231207 553890 m2 0.0198 0.468868 0.241329 0.0117805 0
1231207 386956 m2 0.1074 -0.568851 0.454822 -0.0421685 0
1231207 38967 m2 0.10485 -0.67775 0.137282 -0.0283248 0
1231207 272407 m2 0.12155 -0.306726 0.664267 0 0.137912
1231207 532845 m2 0.0104 -0.425399 0.318896 0.00893255 0
1231207 188355 m2 0.08165 -0.592209 -0.397242 -0.060666 0
1231207 400541 m2 0.0589 -0.580677 0.362577 -0.0636301 0
1231207 549792 m2 0.01805 -0.359841 0.311218 -0.0146859 0
1231207 590030 m2 0.0154 -0.159852 0.25841 0 -0.00410563
1231207 721468 m2 0.01045 0.351337 0.320653 0 0.0542846
1231207 659686 m2 0.014 0.288321 0.411579 0 0.00101028
1231207 346500 m2 0.0389 -0.298628 0.519141 0.00159949 0
1231207 175941 m2 0.02325 -0.244368 -0.241594 0.0022139 0
1231207 536428 m2 0.0223 -0.32334 0.214266 0.00715129 0
1231207 343145 m2 0.08255 -0.62493 -0.264805 -0.101946 0
1231207 633913 m2 0.02 -0.177639 0.346251 0 0.0202422
1231207 262735 m2 0.13455 0.604689 0.403276 0 0.040945
1231207 230208 m2 0.0166 0.175201 -0.319624 -0.0162509 0
1231207 720084 m2 0.01075 0.368937 0.321555 0.0234581 0
1231207 464190 m2 0.02335 0.314572 0.494235 0 0.0895223
1231207 764965 m2 0.01625 0.431299 0.270942 0 -0.0972071
1231207 206187 m2 0.11255 -0.0219977 -0.603529 0 0.00576741
1231207 121980 m2 0.07415 -0.505179 0.441814 -0.0526545 0
1231207 758916 m2 0.0149 0.159266 0.316996 0 0.00229827
1231207 736659 m2 0.017 0.394802 0.0457741 0.0332667 0
1231207 389436 m2 0.0113 0.347993 -0.318513 0 -0.0213
1231207 761721 m2 0.01235 -0.0632534 0.398078 0 -0.0223008
1231207 305852 m2 0.09075 0.0401051 0.644766 0.0120419 0
1231207 730660 m2 0.01195 -0.0064052 0.37879 0 0.0664791
1231207 392670 m2 0.11335 -0.439234 0.557465 0 0.00845521
1231207 698986 m2 0.0154 0.372469 0.357249 0.028032 0
1231207 78380 m2 0.04115 0.587057 -0.186626 0 0.00385912
1231207 364500 m2 0.03945 -0.38823 0.436728 0 -0.000148985
1231207 421143 m2 0.0749 0.668706 0.127755 0 0.00897801
1231207 487047 m2 0.03325 -0.349955 0.133998 0 -0.00228579
1231207 220424 m2 0.2802 -0.58872 0.494082 0 0.0365335
1231207 410264 m2 0.02235 -0.390139 -0.358096 -0.00123663 0
1231207 51157 m2 0.0596 0.497818 -0.205926 0.0692654 0
1231207 21353 m2 0.04065 0.259941 0.22485 0 0.0434919
1231207 576083 m2 0.02205 -0.155679 0.513798 0.0402291 0
1231207 641216 m2 0.0221 -0.10017 0.388347 -0.022758 0
1231207 635021 m2 0.0208 -0.158688 0.425361 0 -0.0196816
1231207 273211 m2 0.01545 -0.0698005 0.419759 0 0.0659855
1231207 66581 m2 0.08555 -0.234013 0.627092 0 0.03016
1231207 566180 m2 0.0337 0.39229 0.41357 0.0157855 0
1231207 762271 m2 0.01625 -0.37363 0.435568 0 0.0652281
1231207 643740 m2 0.01125 0.163204 0.292576 0 -0.0135226
1231207 192951 m2 0.0451 -0.549142 -0.172769 0 -0.0510439
1231207 550319 m2 0.01235 0.177397 -0.034873 -0.00117134 0
1231207 438855 m2 0.0102 -0.0654144 0.0251594 0 -0.00287457
1231207 511225 m2 0.01375 -0.409268 -0.134074 0 0.0102528
1231207 282496 m2 0.02625 -0.374403 0.358342 -0.0311356 0
1231207 530033 m2 0.0384 -0.0206291 0.348252 -0.0198771 0
1231207 451320 m2 0.02855 -0.47319 0.314465 0 0.0500681
1231207 563948 m2 0.0222 0.388194 0.350715 0.0518543 0
1231207 721164 m2 0.01145 0.242755 0.133083 0 -0.0146439
1231207 293229 m2 0.01145 0.112372 -0.330305 0 -0.0514321
1231207 502927 m2 0.0193 0.0910394 0.150548 0.0098622 0
1231207 790697 m2 0.01665 0.396058 0.222662 0 -0.00168377
1231207 542133 m2 0.0666 -0.53903 -0.05239 0.00621276 0
1231207 417311 m2 0.0223 -0.32334 0.214266 0 0.0247814
1231207 274066 m2 0.03745 0.0299471 -0.347804 0 0.0441654
1231207 311692 m2 0.012 0.352604 -0.129829 0.0115351 0
1231207 562028 m2 0.01695 0.013884 0.374867 0.0457505 0
1231207 99606 m2 0.1028 -0.467258 -0.185917 -0.00957605 0
1231207 333725 m2 0.0343 -0.319145 0.439185 0 -0.00125919
1231207 709919 m2 0.03215 0.508607 0.27203 0.0462222 0
1231207 52563 m2 0.0173 0.0311567 -0.033866 -0.0261089 0
1231207 571202 m2 0.0142 0.200318 -0.0727411 0.00854299 0
1231207 163439 m2 0.0302 0.0637484 0.230825 0.00437216 0
1231207 270759 m2 0.02395 0.234835 0.0307869 0 0.0414333
1231207 645995 m2 0.0201 -0.323225 0.380759 -0.00338943 0
1231207 165420 m2 0.0181 -0.107962 0.134685 0 0.0372403
1231207 245153 m2 0.117 -0.501343 0.518151 -0.0572434 0
1231207 563941 m2 0.07955 0.247365 0.626814 0 0.0427252
1231207 18240 m2 0.07475 0.00162511 0.278544 0 0.00849529
1231207 481745 m2 0.03475 0.428562 -0.346964 0.0147083 0
1231207 382836 m2 0.0219 -0.498399 -0.308591 -0.0318355 0
1231207 335133 m2 0.0582 -0.479675 0.197072 -0.0666906 0
1231207 668237 m2 0.01305 -0.350346 0.0574213 -0.0400333 0
1231207 19893 m2 0.1122 0.253985 0.400716 0.0242579 0
1231207 661601 m2 0.01245 0.108713 0.511278 0 -0.00533619
1231207 322602 m2 0.0742 -0.283052 0.497904 0 0.0240152
1231207 399691 m2 0.029 0.193842 0.471039 0 -0.0088683
1231207 239601 m2 0.0107 -0.175803 -0.302569 -0.0258075 0
1231207 579132 m2 0.01125 -0.0126536 0.398184 0 -0.0249181
1231207 590820 m2 0.0188 0.0446005 0.0887505 0 -0.0450149
1231207 668236 m2 0.0184 -0.314011 0.0788339 0.016871 0
1231207 759732 m2 0.0221 0.301455 0.339448 0 0.0430961
1231207 593835 m2 0.026 0.158684 -0.424079 0 0.0456131
1231207 407690 m2 0.0406 -0.397997 0.169257 0.00250436 0
1231207 1722 m2 0.1418 -0.475805 0.389415 -0.0297375 0
1231207 656121 m2 0.0224 -0.321767 0.36518 0 -0.010599
1231207 770680 m2 0.01305 -0.0757673 0.374449 0.0065236 0
1231207 138135 m2 0.1229 0.408602 0.5532 0.0428023 0
1231207 698961 m2 0.01855 0.307152 0.131904 0 0.0277685
1231207 320366 m2 0.0387 -0.283472 -0.0604213 -0.0250826 0
1231207 215986 m2 0.05725 0.50543 0.315865 0 0.0275653
1231207 182256 m2 0.04475 -0.0965543 0.463157 0 0.00868284
1231207 783516 m2 0.01235 0.114247 0.144844 0 -0.0760854
1231207 505624 m2 0.0265 -0.398922 0.383187 0 -0.00392926
1231207 5884 m2 0.18265 0.153009 -0.776913 0 -0.0998484
1231207 256781 m2 0.1074 0.14392 -0.328409 0 0.056208
1231207 572770 m2 0.0331 -0.0043965 0.337358 0.00718169 0
1231207 570076 m2 0.0384 0.366619 0.504269 0.00127874 0
1231207 614853 m2 0.02505 0.312168 0.38005 0 0.0536211
1231207 775529 m2 0.0104 -0.283926 0.336441 -0.0150436 0
1231207 677509 m2 0.0112 0.227197 -0.0765611 0.0130658 0
1231207 778812 m2 0.0133 0.282449 0.355899 0 0.025927
1231207 751837 m2 0.01535 -0.419749 0.177998 0.0442039 0
1231207 623774 m2 0.04225 0.475598 0.385132 0 0.026452
1231207 88109 m2 0.16625 -0.135286 0.748723 0 0.00891072
1231207 581942 m2 0.01385 -0.339979 -0.0570882 0.0142159 0
1231207 683058 m2 0.02385 0.330273 -0.357421 0 -0.0194321
1231207 781071 m2 0.01595 -0.12426 0.301945 0.0709798 0
1231207 606764 m2 0.01715 -0.418242 0.152743 0.0283525 0
1231207 760007 m2 0.01125 0.119916 0.305915 0.041413 0
1231207 607926 m2 0.01425 0.391104 -0.189983 0 0.0213692
1231207 166253 m2 0.04245 0.455123 0.232309 0 0.0164768
1231207 158749 m2 0.09355 -0.33936 0.627323 0 0.020958
1231207 206669 m2 0.0345 -0.428119 0.296647 0 0.0200168
1231207 317463 m2 0.04695 0.0446466 0.370037 0 0.0469496
1231207 686326 m2 0.01375 -0.0266859 0.424597 -0.017182 0
1231207 662662 m2 0.01125 0.412743 0.407015 0.00863586 0
1231207 480348 m2 0.02485 -0.327515 0.284294 -0.016452 0
1231207 400220 m2 0.0299 -0.177059 -0.149565 0 0.0185431
1231207 219574 m2 0.07285 0.410801 0.303838 0.010585 0
1231207 726717 m2 0.012 0.0213027 0.357277 0 -0.00471395
1231207 619096 m2 0.0404 -0.0874734 0.197449 0 0.00755525
1231207 615114 m2 0.0361 0.365161 0.137577 0.00459341 0
1231207 90550 m2 0.20545 0.47432 0.654255 0 0.0735833
1231207 775813 m2 0.01335 0.255023 0.0252173 0 -0.0402703
1231207 521653 m2 0.0321 0.444524 -0.0587256 0 -0.0405588
1231207 82755 m2 0.189 -0.311977 -0.699589 -0.0221835 0
1231207 7497 m2 0.0465 -0.225348 -0.325892 0 0.0211525
1231207 668476 m2 0.0102 -0.401561 0.191329 -0.0120343 0
1231207 185325 m2 0.1213 -0.0846489 -0.723818 0 -0.0452641
1231207 697105 m2 0.01935 0.191717 -0.0203785 0 0.00905127
1231207 599164 m2 0.0495 0.471969 0.506663 -0.0238596 0
1231207 485076 m2 0.07375 -0.598114 0.271278 0 0.0447087
1231207 201057 m2 0.03235 0.110856 0.26169 0 -0.00128794
1231207 481459 m2 0.0363 -0.378755 -0.457889 0 -0.0172368
1231207 644837 m2 0.0173 0.164108 0.17831 0 0.00404079
1231207 303352 m2 0.0447 -0.131919 0.42527 0 0.0176166
1231207 574961 m2 0.06075 0.62251 0.287717 0 -0.0833039
1231207 703865 m2 0.0148 -0.232515 0.381452 -0.000911045 0
1231207 704922 m2 0.0132 -0.196302 0.00928453 0 -0.00225975
1231207 252342 m2 0.0163 0.471062 0.286366 -0.000770427 0
1231207 772785 m2 0.011 0.197665 0.343747 0.0363073 0
1231207 710163 m2 0.01395 0.212289 0.377195 -0.0156382 0
1231207 611194 m2 0.03005 -0.276423 0.46971 0 0.0754302
1231207 735827 m2 0.01205 -0.0853875 0.355912 0 0.0219863
1231207 313621 m2 0.056 0.453477 0.412985 0 0.0737921
1231207 652832 m2 0.01925 0.507839 -0.215756 0 0.0284894
1231207 69021 m2 0.0938 -0.351267 0.621397 -0.00596176 0
1231207 751822 m2 0.01135 0.2304 0.273371 -0.0272965 0
1231207 290769 m2 0.0533 0.441983 0.527906 0 0.0187988
1231207 293191 m2 0.1271 -0.737681 -0.119992 -0.0994093 0
1231207 742050 m2 0.0132 0.351861 0.142594 0 0.0150818
1231207 551874 m2 0.0114 0.0735788 0.324275 0 -0.00442128
1231207 201581 m2 0.05985 0.020188 0.549667 0 -0.0165417
1231207 135084 m2 0.0118 -0.174836 -0.00910604 0 -0.0214449
1231207 25115 m2 0.10825 0.214719 0.471267 0 0.0351208
1231207 388016 m2 0.03325 0.420605 -0.448106 0.0232201 0
1231207 709354 m2 0.03235 0.075119 0.3578 0 -0.0221509
1231207 350860 m2 0.0937 0.346931 -0.289518 0 0.0380894
1231207 231813 m2 0.14025 0.793178 0.115267 0.0628655 0
1231207 418092 m2 0.0244 -0.412635 0.398126 -0.0406327 0
1231207 759156 m2 0.0116 0.0516973 0.435668 0 0.0355622
1231207 316083 m2 0.07055 -0.409917 0.442042 0 0.00780863
1231207 659064 m2 0.01225 0.426998 -0.0559696 0.00593886 0
1231207 607050 m2 0.0161 -0.383722 0.334277 -0.0192217 0
1231207 434691 m2 0.03375 -0.423958 -0.395236 -0.0121196 0
1231207 669569 m2 0.0209 0.449565 0.324705 0 -0.00108286
1231207 286131 m2 0.0264 -0.374848 -0.383907 0 0.0501191
1231207 366958 m2 0.01165 0.439425 0.00335045 0 0.0307662
1231207 274301 m2 0.2416 0.0265981 0.598863 0 0.0374981
1231207 206651 m2 0.0589 -0.0956131 -0.113574 0.0224569 0
1231207 765966 m2 0.0114 -0.105063 0.219376 -0.0521488 0
1231207 739155 m2 0.01135 -0.241737 0.319327 -0.0320776 0
1231207 615402 m2 0.01155 0.186337 0.214094 0 -0.00100614
1231207 588685 m2 0.0113 0.368565 0.0704905 -0.00710466 0
1231207 572250 m2 0.01845 0.326038 0.383584 0 0.0133831
1231207 338368 m2 0.03935 -0.347239 0.456724 0 0.032926
1231207 678651 m2 0.01885 -0.437239 0.0694182 0.0141675 0
1231207 38601 m2 0.09525 -0.2443 0.646638 0 0.0321653
1231207 630713 m2 0.0197 0.37725 0.173651 0.0264286 0
1231207 522495 m2 0.0127 0.273393 0.379448 0 0.037974
1231207 705785 m2 0.01395 0.310174 0.0812881 0 -0.00632924
1231207 260993 m2 0.0582 0.122866 0.441146 0.0109325 0
1231207 384145 m2 0.0626 0.584525 0.370437 0.03832 0
1231207 28949 m2 0.18585 -0.00597639 -0.799792 0 -0.0768454
1231207 750421 m2 0.0217 -0.358832 0.371151 0 -0.0537447
1231207 275094 m2 0.0444 -0.312227 -0.196805 0 0.0269954
1231207 616857 m2 0.01985 -0.462192 0.00955699 -0.00772571 0
1231207 336421 m2 0.0148 0.368962 0.399378 -0.0405482 0
1231207 432812 m2 0.06035 0.347335 0.436231 0.00809237 0
1231207 717852 m2 0.01645 -0.399598 0.262909 -0.0177829 0
1231207 755755 m2 0.0134 0.333968 0.1309 0 -0.0159518
1231207 620765 m2 0.0139 -0.400706 -0.0444251 0.00997719 0
1231207 178076 m2 0.0352 0.0968399 0.373485 0 0.109837
1231207 670101 m2 0.0371 0.479872 0.403224 0 -0.0185751
1231207 790639 m2 0.01465 0.281297 0.254149 0 -0.0671044
1231207 703852 m2 0.0275 0.324247 0.431251 0 -0.0197925
1231207 718695 m2 0.0105 -0.406531 0.170807 0 0.0183233
1231207 653087 m2 0.02005 0.47556 0.167372 0.0141425 0
1231207 278558 m2 0.08095 -0.360017 -0.576207 0 -0.0322007
1231207 143377 m2 0.06595 0.584677 -0.0297156 -0.0103012 0
1231207 334510 m2 0.06535 -0.432358 0.230891 -0.00582959 0
1231207 80769 m2 0.0197 0.439155 0.313931 0.0649092 0
1231207 787864 m2 0.0152 0.361372 0.0271212 0.0104571 0
1231207 449012 m2 0.03165 0.427876 0.0780702 0.0753869 0
1231207 503146 m2 0.0413 0.258426 -0.285334 0.0393882 0
1231207 750995 m2 0.03085 -0.327968 0.337758 -0.0100642 0
1231207 409614 m2 0.2254 0.436144 0.186113 0 0.0207584
1231207 612257 m2 0.067 0.0400654 0.357932 0.00462501 0
1231207 734707 m2 0.01655 0.32812 0.201168 0.0120166 0
1231207 211836 m2 0.07535 0.480079 0.59343 0 0.0621885
1231207 226499 m2 0.07955 0.144306 -0.502343 -0.00235218 0
1231207 543754 m2 0.07905 -0.249138 0.178915 0 -0.0516186
1231207 611982 m2 0.02255 -0.371089 0.366748 0 0.0378764
1231207 726686 m2 0.01675 -0.380147 0.328072 0 0.0679285
1231207 555986 m2 0.019 -0.127586 -0.451975 0 -0.0317595
1231207 751792 m2 0.01615 0.214671 0.33917 0 0.0160167
1231207 319546 m2 0.0252 0.397577 -0.146626 0 -0.00438327
1231207 185561 m2 0.02105 0.514797 -0.335059 0 -0.0151436
1231207 528021 m2 0.02605 -0.224218 -0.364959 0 -0.00393525
1231207 525503 m2 0.0346 -0.417799 -0.269282 0 0.0724939
1231207 239025 m2 0.0248 -0.23108 0.494468 -0.01034 0
1231207 442751 m2 0.0146 0.185494 -0.194607 -0.010058 0
1231207 662126 m2 0.03135 -0.333071 0.362254 0 -0.00677118
1231207 629282 m2 0.01335 -0.346709 0.0070757 0.00869623 0
1231207 599130 m2 0.01885 0.0426804 -0.181231 0.0265665 0
1231207 540436 m2 0.02805 -0.501317 -0.145134 0 0.0275226
1231207 789798 m2 0.01135 0.32767 0.0321476 -0.0711204 0
1231207 609757 m2 0.01445 -0.103846 -0.113763 0.0218578 0
1231207 424609 m2 0.02705 0.525964 0.332264 0 -0.0121151
1231207 447406 m2 0.05425 0.608996 0.188699 0 0.0468619
1231207 600499 m2 0.01315 0.353279 -0.0667277 0 -0.000327477
1231207 753166 m2 0.01085 -0.367087 0.137067 0.021516 0
1231207 762998 m2 0.01125 0.341117 0.202577 0.0626224 0
1231207 17882 m2 0.0394 -0.577877 -0.0994496 0 0.0234769
1231207 687692 m2 0.01475 -0.381069 0.102604 0.0259851 0
1231207 653584 m2 0.01925 -0.138612 0.324365 0 0.0908914
1231207 10590 m2 0.05195 0.580188 -0.0239052 0.0741709 0
1231207 687691 m2 0.0322 0.184539 0.337759 0 -0.0577973
1231207 172027 m2 0.02575 -0.309385 -0.421546 0 0.0123777
1231207 448485 m2 0.0145 0.46766 0.190332 0.066982 0
1231207 538233 m2 0.01945 0.436414 0.165619 0 -0.0127387
1231207 188016 m2 0.0359 0.0116342 0.00894938 0.00090598 0
1231207 656344 m2 0.05475 0.63678 0.241388 0 0.0156537
1231207 551306 m2 0.04795 -0.387088 -0.059241 0 -0.0371433
1231207 241802 m2 0.0267 0.200595 -0.377688 0 0.0586104
1231207 237862 m2 0.0396 -0.33893 0.3719 0.0100084 0
1231207 472064 m2 0.11885 0.292531 0.064335 0 -0.0428416
1231207 605912 m2 0.01825 0.420345 -0.146927 0 -0.0427365
1231207 621037 m2 0.01515 -0.448111 -0.21828 0 0.0136193
1231207 309672 m2 0.0928 0.466216 -0.111546 0.0282498 0
1231207 785645 m2 0.0126 -0.316859 0.181977 0.0206035 0
1231207 759390 m2 0.017 0.395923 0.143132 0 0.0233829
1231207 490248 m2 0.02115 -0.3591 -0.363251 -0.00653421 0
1231207 31104 m2 0.0614 0.479232 -0.048037 0.0314729 0
1231207 649800 m2 0.0368 -0.579457 -0.0926148 0 0.00990515
1231207 69782 m2 0.08045 0.346792 0.584537 0.0190757 0
1231207 584386 m2 0.01345 0.119761 -0.215889 0 -0.0719337
1231207 700798 m2 0.0117 -0.235321 -0.230936 0 -0.0337937
1231207 313575 m2 0.03425 -0.154899 0.20425 0.0285477 0
1231207 622894 m2 0.0136 0.229834 0.0402347 0 0.0011942
1231207 9486 m2 0.0582 -0.436726 0.424452 0 0.066772
1231207 486666 m2 0.0195 0.123788 0.177852 0.0240602 0
1231207 505852 m2 0.11725 0.739375 -0.15719 0.0380574 0
1231207 595443 m2 0.05915 0.613085 -0.167887 0.0536842 0
1231207 380353 m2 0.0418 -0.417555 0.398399 -0.0788609 0
1231207 152909 m2 0.04325 -0.432216 -0.106476 -0.0504124 0
1231207 133202 m2 0.05225 0.417929 0.42741 0 0.0346509
1231207 104601 m2 0.1241 0.689891 -0.035391 0 -0.0623848
1231207 11593 m2 0.0594 0.34121 -0.426945 0 -0.0172943
1231207 643376 m2 0.0526 0.590595 -0.0109467 0.014811 0
1231207 415574 m2 0.01755 0.209584 -0.39227 0 0.0469711
1231207 536879 m2 0.0695 0.56297 0.34802 0 0.0317818
1231207 77953 m2 0.02985 0.0416209 0.572525 0 0.0373575
1231207 497518 m2 0.1114 0.715867 -0.269051 0.0295378 0
1231207 102314 m2 0.03835 0.3679 -0.166036 0.00879429 0
1231207 720552 m2 0.0179 0.159894 0.149788 0 0.0291124
1231207 61199 m2 0.01715 0.403419 0.28296 -0.0037218 0
1231207 506700 m2 0.07105 -0.606298 -0.221571 0 0.00480492
1231207 642241 m2 0.0398 0.330197 0.364827 0 -0.00459368
1231207 564940 m2 0.01265 0.284599 0.458913 0 -0.0154831
1231207 644787 m2 0.04255 0.0154945 0.0389895 -0.0183882 0
1231207 740319 m2 0.018 -0.1242 0.297974 0.00847057 0
1231207 331350 m2 0.015 0.339713 -0.0518286 0 0.0175685
1231207 602672 m2 0.0246 0.0485488 -0.163065 0.0109426 0
1231207 645068 m2 0.017 -0.339776 -0.448351 -0.0483524 0
1231207 596274 m2 0.01615 -0.343513 -0.158311 -0.017155 0
1231207 737467 m2 0.01395 -0.349147 0.42034 0 0.0168989
1231207 262899 m2 0.1567 0.0321491 -0.638258 0 -0.0334687
1231207 88025 m2 0.05755 -0.33155 -0.421158 0 -0.00586748
1231207 258991 m2 0.0135 0.414135 0.074929 0.0307078 0
1231207 693767 m2 0.0102 0.16928 0.208298 0.0207738 0
1231207 638003 m2 0.0103 -0.231534 -0.292036 0 0.00346083
1231207 432498 m2 0.02445 -0.33699 -0.497255 0.026813 0
1231207 342464 m2 0.0254 -0.208524 -0.38519 0 -0.000231428
1231207 468849 m2 0.03365 -0.349179 0.413741 0 0.00644914
1231207 741689 m2 0.02835 0.507439 0.0805804 0.0118648 0
1231207 607268 m2 0.0108 0.245793 0.245259 0 -0.0163786
1231207 671180 m2 0.01885 0.0668131 -0.357682 0 0.0176917
1231207 273097 m2 0.0641 0.629865 0.180688 0 -0.0399813
1231207 584649 m2 0.0102 0.218163 -0.291158 0.00763942 0
1231207 320003 m2 0.0355 0.273276 0.0765377 0.0304788 0
1231207 763812 m2 0.01655 0.0584897 -0.173588 0 -0.0250119
1231207 83797 m2 0.0965 0.367375 -0.473051 0 0.00742657
1231207 454792 m2 0.01045 0.340255 0.107288 0.0651491 0
1231207 17829 m2 0.20455 0.140468 0.719404 0 0.0533814
1231207 752053 m2 0.01585 -0.457865 0.251761 0 -0.0136645
1231207 355523 m2 0.0403 0.148282 0.479191 0 0.0074948
1231207 229529 m2 0.03585 0.481476 -0.18274 0 -0.00465937
1231207 173414 m2 0.0194 0.408142 -0.111344 0.030553 0
1231207 702438 m2 0.0698 -0.57567 -0.0818013 0.0292474 0
1231207 140795 m2 0.03965 0.35999 -0.429301 0 -0.0294088
1231207 433076 m2 0.0206 0.286771 0.228686 0 -0.0107265
1231207 779309 m2 0.01045 0.0646647 -0.175382 0.0135543 0
1231207 362175 m2 0.0643 -0.552023 -0.401831 -0.045251 0
1231207 731656 m2 0.0414 -0.411984 0.251756 0 0.0433015
1231207 180498 m2 0.01225 -0.38801 0.0945185 -0.000767056 0
1231207 660706 m2 0.0252 0.227999 0.396635 0.0100558 0
1231207 105995 m2 0.11285 0.616303 -0.351547 0 -0.00888217
1231207 159806 m2 0.0456 -0.280568 -0.316347 0 0.0140746
1231207 512753 m2 0.01505 -0.239178 -0.441033 0 0.0220645
1231207 61427 m2 0.01405 0.349119 0.218109 0.0390444 0
1231207 409309 m2 0.0224 0.485436 0.119682 0.0458226 0
1231207 566405 m2 0.05745 -0.549493 -0.198682 0 -0.0570447
1231207 534074 m2 0.03145 -0.443008 -0.403494 0.0272493 0
1231207 264539 m2 0.027 -0.173504 0.0572765 0 -0.0111225
1231207 324918 m2 0.1347 -0.744659 0.140136 -0.0601071 0
1231207 150408 m2 0.4824 -0.953152 0.0708019 -0.104212 0
1231207 409860 m2 0.0335 0.540792 -0.149675 0 -0.0168381
1231207 136108 m2 0.2218 -0.101586 0.649769 0 0.0441101
1231207 509452 m2 0.03295 0.533295 -0.0443178 0 0.025936
1231207 44045 m2 0.0219 -0.149306 -0.43582 0 0.0700465
1231207 572436 m2 0.0248 0.440434 0.237549 0 0.0970077
1231207 401504 m2 0.01035 -0.343617 0.301678 -0.0638742 0
1231207 230612 m2 0.0313 -0.488652 -0.170266 0 -0.0590356
1231207 653043 m2 0.0171 0.195976 -0.311147 -0.0334042 0
1231207 660699 m2 0.0118 -0.151266 -0.127994 0 -0.012444
1231207 314896 m2 0.03615 -0.0176014 0.437379 0 0.0619403
1231207 490216 m2 0.0677 -0.423185 -0.235958 0 -0.00523369
1231207 76577 m2 0.0311 0.00790832 -0.379283 0 -0.0166464
1231207 230609 m2 0.0224 -0.287592 -0.00891757 0 -0.0121448
1231207 95997 m2 0.0843 0.00149969 -0.201231 -0.0164036 0
1231207 405165 m2 0.0606 0.356909 -0.135547 0.0147085 0
1231207 453392 m2 0.1356 -0.599628 -0.410415 0 -0.0253797
1231207 193377 m2 0.01335 -0.019153 -0.180038 0 -0.0305401
1231207 478101 m2 0.0462 -0.585345 0.0838849 0 -0.0734129
1231207 28865 m2 0.13305 -0.731851 0.169463 -0.000766173 0
1231207 518192 m2 0.06925 -0.305251 -0.400559 -0.0128896 0
1231207 246465 m2 0.01935 0.488772 -0.176454 0 0.0142272
1231207 676634 m2 0.0102 0.421175 -0.126536 0.0153407 0
1231207 123411 m2 0.10135 -0.311248 -0.18911 -0.0254369 0
1231207 295571 m2 0.0769 0.587275 -0.466028 0.0194749 0
1231207 410415 m2 0.0114 -0.20173 -0.286844 0 -0.0432813
1231207 782608 m2 0.0194 -0.417729 -0.132309 0 -0.0374726
1231207 483650 m2 0.0525 0.223206 -0.340247 0.0346109 0
1231207 114230 m2 0.1437 -0.0577842 0.803339 -0.000545068 0
1231207 523793 m2 0.02335 0.162449 0.244521 0.0146098 0
1231207 268981 m2 0.10135 -0.388762 0.577205 0 -0.0127035
1231207 201250 m2 0.01525 -0.18233 0.28847 0 0.014424
1231207 270082 m2 0.0443 0.217385 -0.506451 -0.00264809 0
1231207 777354 m2 0.01185 -0.16484 -0.12217 0 -0.0324023
1231207 506096 m2 0.0129 0.451558 -0.0198289 0 -0.0644881
1231207 528502 m2 0.0254 0.511305 0.0409385 0 -0.0187996
1231207 777084 m2 0.0166 0.032438 -0.0576676 0 -0.0865312
1231207 305994 m2 0.01695 -0.207801 -0.0376604 -0.00631987 0
1231207 705406 m2 0.0197 -0.0926645 0.0721125 0 0.0496098
1231207 681320 m2 0.01125 -0.335199 -0.2911 -0.0456062 0
1231207 709821 m2 0.0105 0.449715 -0.265041 0.0473394 0
1231207 382454 m2 0.0571 -0.32378 -0.179095 0 0.0716972
1231207 611664 m2 0.023 0.163069 -0.209867 0 -0.0423681
1231207 201493 m2 0.0604 0.513991 -0.460092 0.0524949 0
1231207 590167 m2 0.0117 0.326467 -0.310522 0.0666285 0
1231207 576258 m2 0.0351 -0.487229 -0.167655 0 -0.0439842
1231207 410662 m2 0.0647 -0.499199 0.460587 -0.0647943 0
1231207 84317 m2 0.05595 -0.54929 0.374922 0 0.0148341
1231207 45643 m2 0.06305 -0.304338 0.213247 0 0.030653
1231207 499690 m2 0.02385 -0.398646 -0.513913 0.00264394 0
1231207 490998 m2 0.0278 -0.244392 -0.424806 0.00434988 0
1231207 332783 m2 0.1214 0.0511493 -0.71866 0 -0.0220422
1231207 380859 m2 0.0483 0.317196 -0.203014 0.033425 0
1231207 571619 m2 0.01575 0.422454 -0.376516 0 0.0213064
1231207 197436 m2 0.0128 0.415368 0.344609 0 -0.00441538
1231207 770323 m2 0.0129 0.366288 -0.131427 -0.0346668 0
1231207 534895 m2 0.02505 -0.355305 -0.417644 -0.0380436 0
1231207 490995 m2 0.0248 -0.426112 -0.29617 0 0.0148435
1231207 63094 m2 0.0484 -0.2605 -0.294414 0.013936 0
1231207 582923 m2 0.09145 -0.351134 -0.554793 0 0.0768075
1231207 744694 m2 0.0204 -0.352363 -0.275153 -0.0254551 0
1231207 737429 m2 0.03145 0.442146 -0.0394828 0.0227395 0
1231207 48960 m2 0.16205 -0.522428 -0.210393 0 -0.0182029
1231207 703788 m2 0.0136 -0.489851 -0.00482612 -0.0116818 0
1231207 268364 m2 0.0478 0.405325 -0.283639 0 -0.0498526
1231207 768703 m2 0.0183 -0.38995 -0.124845 -0.0351045 0
1231207 426695 m2 0.04035 -0.307783 0.117883 0.0148139 0
1231207 687903 m2 0.0138 -0.312028 -0.0215723 -0.000833834 0
1231207 636250 m2 0.0271 0.178279 0.267942 -0.0162015 0
1231207 69459 m2 0.0192 0.194871 0.550741 0 0.00796095
1231207 185773 m2 0.083 0.237514 0.410945 0 0.0304581
1231207 581840 m2 0.02815 -0.00589875 -0.0816311 0.00799908 0
1231207 682703 m2 0.0108 0.386692 -0.319486 0 -0.0414924
1231207 412786 m2 0.07855 -0.468305 -0.551265 0 -0.0286867
1231207 514938 m2 0.0385 -0.605908 -0.110216 -0.0249014 0
1231207 348887 m2 0.03085 0.122088 -0.404294 0 -0.00338404
1231207 213912 m2 0.0352 0.0968399 0.373485 0 -0.00656521
1231207 389002 m2 0.01085 0.14672 -0.410507 0 0.0213521
1231207 524309 m2 0.04965 0.351089 0.174493 0 -0.0453373
1231207 672240 m2 0.01185 0.246623 0.280145 0 -0.0687737
1231207 418553 m2 0.09825 -0.371095 0.581136 0.00483792 0
1231207 332211 m2 0.01505 0.178968 0.429715 -0.0314673 0
1231207 593712 m2 0.03755 0.455694 -0.45727 0.0316839 0
1231207 755662 m2 0.01145 -0.263984 -0.0918324 0 -0.00169592
1231207 618722 m2 0.01895 -0.477841 -0.232124 0 0.0743984
1231207 321042 m2 0.0543 0.527437 0.427085 0 0.00620155
1231207 690637 m2 0.03705 -0.574765 -0.0761201 -0.00887825 0
1231207 501274 m2 0.03465 0.101871 -0.306628 0.0194693 0
1231207 621512 m2 0.01115 0.321011 -0.346895 -0.035222 0
1231207 80982 m2 0.22375 0.204562 0.46575 0.00514709 0
1231207 387604 m2 0.0949 0.384418 -0.487626 0 -0.0668756
1231207 762396 m2 0.02965 0.516006 -0.0164333 -0.0333801 0
1231207 301404 m2 0.03845 0.201699 -0.438045 0 -0.00863992
1231207 627236 m2 0.06105 0.484896 0.481272 0 0.13254
1231207 419070 m2 0.03315 -0.338451 0.050182 0 0.0191783
1231207 725263 m2 0.0205 -0.437405 0.0956546 0 -0.0403117
1231207 301938 m2 0.0362 0.399215 -0.197948 0 -0.0281168
1231207 400937 m2 0.01155 0.265547 -0.423315 0.0500063 0
1231207 730775 m2 0.01195 -0.0427497 -0.356922 0.0587101 0
1231207 39024 m2 0.0108 -0.0741329 0.182481 0.0248956 0
1231207 336611 m2 0.06215 0.0735624 -0.0923781 0 -0.0144356
1231207 577348 m2 0.02295 -0.399563 0.115627 0 -0.00102703
1231207 657898 m2 0.04145 0.13445 -0.396293 0 -0.0294812
1231207 757372 m2 0.0169 0.431165 -0.270035 0.0201118 0
1231207 492045 m2 0.0274 0.360099 0.421387 0 0.0376226
1231207 273061 m2 0.0115 -0.422199 0.200486 0 -0.0136989
1231207 154196 m2 0.0764 0.566252 -0.325589 0.070941 0
1231207 75399 m2 0.0126 -0.266214 0.409738 0 -0.029987
1231207 135230 m2 0.02205 -0.346436 0.352941 -0.00992952 0
1231207 251402 m2 0.03605 -0.261137 -0.563304 0 -0.0940807
1231207 514640 m2 0.0291 -0.286316 -0.379507 0 0.025646
1231207 711645 m2 0.0306 0.168066 0.263406 0 0.0328803
1231207 341025 m2 0.1024 0.128978 0.684306 0 0.0194099
1231207 536831 m2 0.0516 0.370144 -0.510497 0.013973 0
1231207 109742 m2 0.0163 0.0294586 -0.356081 0.0562431 0
1231207 645582 m2 0.01275 0.386178 -0.246484 0 -0.0275793
1231207 417415 m2 0.0103 0.405697 -0.184612 0.0417247 0
1231207 201762 m2 0.1174 0.140674 0.51167 0 0.00431469
1231207 680451 m2 0.0169 -0.0632362 0.32764 0.0266651 0
1231207 400399 m2 0.02265 -0.554597 0.0899391 -0.0493575 0
1231207 439011 m2 0.01845 0.194409 0.503629 0 0.00228279
1231207 526556 m2 0.0228 0.29115 -0.342424 0 -0.0340016
1231207 496605 m2 0.0257 -0.362061 -0.483202 -0.00235579 0
1231207 549373 m2 0.01545 -0.223036 -0.40535 0 0.0192534
1231207 542566 m2 0.0131 0.303676 0.00846018 0 -0.0408941
1231207 442935 m2 0.05455 0.413543 0.456801 0 0.0370546
1231207 655167 m2 0.0228 -0.573865 -0.297828 0 0.0319868
1231207 692341 m2 0.0182 0.363734 -0.0169072 0.0394392 0
1231207 195793 m2 0.0214 0.150822 0.305286 0 0.015281
1231207 490713 m2 0.014 -0.0864884 -0.44229 0 -0.0105639
1231207 741647 m2 0.02275 0.0963416 -0.364379 0 -0.00743635
1231207 525424 m2 0.0123 -0.348719 -0.288022 -0.0203738 0
1231207 326871 m2 0.02175 0.367855 0.0291076 0.00183237 0
1231207 226111 m2 0.02935 -0.190134 0.432383 -0.00648778 0
1231207 571034 m2 0.02655 -0.324531 -0.122993 0 -0.0254225
1231207 167276 m2 0.09115 0.41768 -0.628454 0 -0.0598229
1231207 578996 m2 0.02515 0.318798 -0.266348 0.00998198 0
1231207 563246 m2 0.03895 0.422512 0.137711 0 0.0437371
1231207 685694 m2 0.0148 0.0237508 -0.424697 0 0.0268913
1231207 623648 m2 0.0161 0.441233 -0.357046 0 -0.0668929
1231207 647793 m2 0.01245 -0.185486 -0.00511065 0 -0.053452
1231207 594227 m2 0.01005 0.413007 0.0519963 0.0382642 0
1231207 285442 m2 0.0538 -0.102077 -0.255092 -0.0159194 0
1231207 258640 m2 0.0844 -0.156461 -0.120787 0.0289155 0
1231207 450003 m2 0.01315 -0.407291 -0.0552494 0.0325675 0
1231207 171685 m2 0.08185 0.397932 0.53969 0 0.0405072
1231207 406218 m2 0.0408 0.479507 -0.26556 0 -0.0258473
1231207 736498 m2 0.01465 -0.258102 -0.376265 0 -0.0719955
1231207 578180 m2 0.013 -0.272488 -0.334944 -0.0154225 0
1231207 721316 m2 0.0215 -0.402115 -0.411245 0 0.0217945
1231207 488517 m2 0.0749 -0.169739 -0.485446 0 -0.0434086
1231207 550167 m2 0.02025 0.513671 -0.367927 0 0.042404
1231207 712997 m2 0.0122 -0.149228 -0.360285 0.0278809 0
1231207 395589 m2 0.09475 -0.499081 -0.367657 0 -0.0537245
1231207 94258 m2 0.1552 -0.557461 -0.304638 0 -0.0149933
1231207 713501 m2 0.0275 -0.186404 -0.485033 0.0294222 0
1231207 605843 m2 0.03935 0.198377 -0.442569 0 -0.0277768
1231207 352422 m2 0.026 -0.100372 0.546034 -0.0463995 0
1231207 309300 m2 0.09385 -0.312146 -0.488655 0 -0.0679028
1231207 780115 m2 0.0114 -0.388682 -0.120147 -0.00386616 0
1231207 217156 m2 0.0459 -0.192097 0.067894 0 -0.0197962
1231207 605314 m2 0.03315 0.425306 0.291909 0 0.0144435
1231207 288449 m2 0.01175 0.124533 0.138619 0.0230801 0
1231207 613332 m2 0.0128 0.204694 -0.346174 0 -0.0471514
1231207 509393 m2 0.071 0.0250108 0.0404587 0 0.0238452
1231207 681855 m2 0.01475 0.0293551 -0.207073 0 0.0643528
1231207 670550 m2 0.02195 0.078586 -0.0694342 0.029366 0
1231207 103373 m2 0.015 -0.373519 0.292221 0 -0.0618119
1231207 376828 m2 0.02155 -0.275273 0.219863 0 0.0504497
1231207 523753 m2 0.0321 0.372809 -0.284519 0 0.00101066
1231207 111350 m2 0.0819 0.461425 -0.463116 0.00917766 0
1231207 532153 m2 0.02515 0.484561 0.29252 -0.0057673 0
1231207 548207 m2 0.0455 0.264753 -0.465867 0.0138839 0
1231207 348298 m2 0.05425 0.514427 -0.247872 0.0585859 0
1231207 113593 m2 0.26055 0.737432 0.122912 0.0260437 0
1231207 533769 m2 0.0185 -0.315449 0.464276 0 0.0484356
1231207 666178 m2 0.02315 0.437246 -0.0169362 0 0.00873115
1231207 303227 m2 0.23765 0.691972 0.151278 0.0189018 0
1231207 699622 m2 0.0262 -0.544715 -0.357244 0 -0.00257688
1231207 96481 m2 0.01955 -0.146608 -0.323435 0.000226482 0
1231207 384027 m2 0.03755 0.135671 0.0621424 0 0.00553671
1231207 178812 m2 0.04125 -0.387844 -0.161733 0 0.0144033
1231207 384579 m2 0.0154 0.257298 -0.00219538 0 -0.0202886
1231207 83154 m2 0.08175 0.38368 0.395937 0.0314416 0
1231207 652993 m2 0.0205 -0.0095222 -0.43326 0.0204371 0
1231207 606080 m2 0.02135 0.421597 -0.224541 0 -0.0116424
1231207 618934 m2 0.0101 -0.418958 0.244149 -0.0370018 0
1231207 305366 m2 0.0149 -0.443982 0.068305 0 0.0218939
1231207 367947 m2 0.06515 0.531599 -0.404122 0 -0.0311874
1231207 80345 m2 0.06195 -0.676204 -0.202038 -0.0303803 0
1231207 658422 m2 0.01185 0.169626 -0.204471 0 0.0179428
1231207 249522 m2 0.1355 -0.617812 -0.375673 0 -0.0981504
1231207 613914 m2 0.0122 -0.00239688 0.397403 0.0392615 0
1231207 589336 m2 0.01955 0.0130065 -0.328923 0 0.0317004
1231207 198208 m2 0.07435 -0.489852 -0.342092 -0.0294414 0
1231207 191447 m2 0.0218 0.0169759 0.250394 0.0459795 0
1231207 717128 m2 0.0156 0.472278 0.0682048 0 -0.0147669
1231207 609453 m2 0.01625 -0.456143 -0.208617 -0.0455224 0
1231207 562677 m2 0.0334 -0.374564 -0.336176 0.0435701 0
1231207 334389 m2 0.02555 -0.424846 -0.0216978 0 -0.0109139
1231207 540313 m2 0.0553 -0.282681 -0.501494 0.016693 0
1231207 575339 m2 0.02095 -0.257103 -0.316887 0.0357031 0
1231207 164985 m2 0.2199 0.343325 -0.671844 0.0331833 0
1231207 550153 m2 0.01115 -0.141161 -0.311741 -0.0264829 0
1231207 622809 m2 0.01295 0.307161 -0.372058 0 -0.0232236
1231207 697482 m2 0.0291 -0.202042 -0.487184 0 -0.0625235
1231207 185719 m2 0.01925 0.149869 -0.0773152 0 0.0369587
1231207 386237 m2 0.08015 -0.469007 -0.302181 0 -0.0709174
1231207 669180 m2 0.01385 -0.14364 -0.134014 0 -0.109043
1231207 170853 m2 0.08295 -0.31517 -0.320326 0 -0.0134864
1231207 345452 m2 0.0178 0.186003 -0.351457 0.0239321 0
1231207 303217 m2 0.03385 0.156152 -0.0646893 -0.0271975 0
1231207 508545 m2 0.0122 -0.345342 -0.235332 0 -0.0532765
1231207 362407 m2 0.0722 0.607645 0.432463 0.0795988 0
1231207 143785 m2 0.15585 -0.380486 -0.671126 0 0.000210576
1231207 676578 m2 0.0202 -0.377868 -0.325284 0.0140263 0
1231207 687013 m2 0.01285 -0.332411 0.346887 0 -0.012214
1231207 314578 m2 0.0379 0.134918 0.545024 -0.0231599 0
1231207 305943 m2 0.0832 0.137742 -0.635321 0 -0.0705239
1231207 316820 m2 0.0123 -0.491566 -0.168566 -0.0343733 0
1231207 718859 m2 0.0178 0.22782 0.13086 -0.0224403 0
1231207 712702 m2 0.0242 -0.217162 -0.484111 0.014294 0
1231207 544529 m2 0.0526 0.485666 -0.287032 0 0.0360074
1231207 685099 m2 0.0152 -0.23325 -0.248437 -0.0130576 0
1231207 149264 m2 0.07495 -0.401591 -0.52077 0.0137907 0
1231207 551749 m2 0.0622 0.511353 -0.443937 -0.0216958 0
1231207 712414 m2 0.01255 -0.390401 -0.411552 0 0.000755936
1231207 174945 m2 0.03735 -0.145302 -0.0546834 0 0.0162325
1231207 479924 m2 0.0314 0.400392 0.00302411 0.0560994 0
1231207 767521 m2 0.02225 -0.266042 -0.26043 0 0.0166688
1231207 483581 m2 0.0233 0.435292 -0.288037 0 -0.054647
1231207 707584 m2 0.0158 -0.0361342 0.17236 0 -0.00815904
1231207 647768 m2 0.0435 -0.562981 -0.254419 0 0.0360373
1231207 702625 m2 0.0187 0.0685362 -0.130953 0 -0.00257686
1231207 315114 m2 0.03425 0.119826 -0.336866 0 -0.00635548
1231207 452265 m2 0.0209 0.514929 -0.334546 0 -0.0116561
1231207 282296 m2 0.1232 0.038805 -0.807526 0 -0.109824
1231207 569644 m2 0.0808 -0.562042 -0.478067 0 -0.0106751
1231207 139314 m2 0.0166 0.242378 -0.295498 0.0271654 0
1231207 304047 m2 0.0216 -0.209004 -0.4971 0.00234516 0
1231207 444758 m2 0.02615 -0.31118 -0.330277 0 -0.00188306
1231207 596196 m2 0.0194 -0.0848599 -0.279016 -0.0160459 0
1231207 548487 m2 0.06295 0.389015 -0.633729 0 -0.0107313
1231207 418236 m2 0.0293 0.422797 -0.138844 0 -0.0352886
1231207 532656 m2 0.0311 -0.332932 -0.406386 -0.0398 0
1231207 536792 m2 0.03495 -0.489903 -0.150964 0 0.00356272
1231207 139036 m2 0.0169 -0.427471 0.197977 -0.0103459 0
1231207 281170 m2 0.05115 0.174971 -0.499086 0 -0.0717903
1231207 307075 m2 0.0151 -0.0820153 -0.423994 0 -0.0747465
1231207 223806 m2 0.11015 0.216916 -0.524868 0 0.00480035
1231207 753625 m2 0.01385 -0.0606185 -0.0983479 0 -0.0826518
1231207 371507 m2 0.0209 -0.544463 -0.245226 0 -0.0114934
1231207 726842 m2 0.04215 -0.151907 -0.445301 0 0.0925167
1231207 566578 m2 0.04115 -0.137366 -0.49186 -0.0126515 0
1231207 457672 m2 0.08405 0.0615976 -0.209939 0 -0.0197008
1231207 477439 m2 0.1255 -0.263008 -0.429535 -0.0238587 0
1231207 297782 m2 0.0119 -0.0484224 -0.187395 0 0.027919
1231207 164966 m2 0.20665 -0.489831 -0.0458359 0 -0.00304073
1231207 364017 m2 0.039 0.226438 -0.57949 0 -0.0197465
1231207 381581 m2 0.0944 0.471612 -0.502126 0 -0.0468919
1231207 272171 m2 0.02235 0.353537 -0.297832 0.0927134 0
1231207 201938 m2 0.01965 -0.252124 -0.416353 0 -0.0213602
1231207 159716 m2 0.0175 -0.195229 0.426382 -0.0382882 0
1231207 557523 m2 0.02325 0.308761 0.147614 0 0.0239292
1231207 307614 m2 0.0394 -0.494275 -0.198262 0 0.0255704
1231207 722991 m2 0.01415 0.140288 -0.131875 0.0706517 0
1231207 627187 m2 0.0543 0.432535 -0.514772 0.0179841 0
1231207 648589 m2 0.0133 -0.0742328 0.236697 0 -0.00422368
1231207 161627 m2 0.17455 -0.436816 -0.703731 0 -0.065499
1231207 419587 m2 0.06925 0.349152 -0.191693 -0.012566 0
1231207 215524 m2 0.0149 0.259257 0.351712 0 0.0567461
1231207 352124 m2 0.05995 -0.0817743 0.36968 0 -0.0354282
1231207 424991 m2 0.0154 0.257298 -0.00219538 0 -0.0149057
1231207 759572 m2 0.02105 0.334879 -0.418547 0 -0.0329687
1231207 355408 m2 0.07305 0.425947 -0.395457 0 0.00643096
1231207 775360 m2 0.0104 0.0382477 -0.335684 0.0367072 0
1231207 712965 m2 0.05145 -0.316293 -0.513724 -0.0258622 0
1231207 736748 m2 0.02255 -0.321764 -0.39249 -0.0528268 0
1231207 402542 m2 0.024 0.477574 -0.410854 0.0517361 0
1231207 434813 m2 0.0205 0.402961 -0.27721 0 0.0994681
1231207 523716 m2 0.04995 -0.0350676 0.171457 -0.0145677 0
1231207 759570 m2 0.0105 0.0898584 -0.180225 -0.0177794 0
1231207 677952 m2 0.0202 0.0805203 -0.162732 0 0.0812455
1231207 654536 m2 0.01315 0.201908 -0.311848 0.0129622 0
1231207 595094 m2 0.04445 0.584965 -0.14098 0 0.0103015
1231207 432926 m2 0.0608 0.020329 -0.594526 0 0.00605829
1231207 208666 m2 0.02585 0.267632 0.379159 0.0464803 0
1231207 345722 m2 0.02995 -0.342581 -0.487781 -0.0354795 0
1231207 702614 m2 0.04785 -0.55131 -0.386184 -0.0379541 0
1231207 700691 m2 0.0167 0.154331 -0.455539 0 -0.00785076
1231207 346299 m2 0.0115 0.00883722 -0.160543 0 -0.0136379
1231207 720446 m2 0.03805 0.34968 -0.397008 0.0104119 0
1231207 273822 m2 0.0169 -0.384849 -0.332784 -0.0720308 0
1231207 268568 m2 0.0945 -0.426474 0.355264 0.0192678 0
1231207 567410 m2 0.05265 -0.663727 -0.109274 0 0.0582169
1231207 641316 m2 0.01965 -0.450655 -0.283802 -0.0428023 0
1231207 196545 m2 0.02355 -0.157882 0.374317 -0.029631 0
1231207 239699 m2 0.0235 -0.193766 0.0737226 -0.00957704 0
1231207 229963 m2 0.0393 -0.563242 -0.269555 -0.0805987 0
1231207 450524 m2 0.0144 -0.185386 -0.376773 0 0.0342817
1231207 296930 m2 0.0324 0.409361 0.0470292 0 -0.0816716
1231207 354018 m2 0.12495 -0.477878 0.588064 0 0.0368035
1231207 497422 m2 0.17315 -0.744088 -0.294214 -0.0109045 0
1231207 249488 m2 0.03275 0.532244 -0.328524 0 -0.0492682
1231207 663550 m2 0.01615 0.407491 -0.287396 0.0963182 0
1231207 367048 m2 0.03955 -0.386757 -0.195466 0 -0.0870118
1231207 224080 m2 0.0139 0.201099 -0.29904 -0.0261585 0
1231207 224922 m2 0.11475 0.0238558 -0.314823 0 0.00319166
1231207 552823 m2 0.0125 0.296387 -0.279295 0.0118314 0
1231207 698766 m2 0.01015 0.242466 -0.347616 0.00513322 0
1231207 478509 m2 0.04645 0.0190662 -0.528898 0 -0.0663973
1231207 224057 m2 0.02115 -0.437971 -0.158482 0 -0.0821024
1231207 466180 m2 0.0423 0.387183 -0.471506 0 -0.0894568
1231207 681810 m2 0.0288 -0.214805 -0.388093 0.00914812 0
1231207 252999 m2 0.04375 -0.577463 -0.0610561 0 -0.0345507
1231207 368453 m2 0.01815 0.2906 -0.1211 0.00593512 0
1231207 252967 m2 0.17905 -0.698056 -0.315558 -0.0250644 0
1231207 252140 m2 0.03435 -0.463061 -0.236592 0 -0.0375262
1231207 780885 m2 0.01325 0.235613 -0.361082 0 0.0486588
1231207 337333 m2 0.06355 -0.393354 -0.536121 0 0.0228852
1231207 548740 m2 0.01285 0.454385 -0.0196026 0 0.068424
1231207 514332 m2 0.0202 0.36905 -0.176772 -0.0538448 0
1231207 331517 m2 0.01545 0.195196 -0.304762 0 -0.0186035
1231207 352085 m2 0.01105 -0.103725 -0.257994 0 0.00523412
1231207 418211 m2 0.01465 -0.418964 -0.131631 -0.0297768 0
1231207 663835 m2 0.03105 -0.0199291 -0.450111 0.0406204 0
1231207 584241 m2 0.03395 0.179148 -0.261088 0 -0.0417697
1231207 267766 m2 0.0352 -0.107773 -0.478151 -0.0250054 0
1231207 532881 m2 0.0155 0.22215 -0.401945 0 -0.00767622
1231207 261924 m2 0.01475 -0.040212 -0.442797 0 0.0359492
1231207 246043 m2 0.1249 0.662366 -0.33386 0 -0.0875622
1231207 698762 m2 0.0128 0.289184 -0.44481 0 -0.0366826
1231207 586489 m2 0.0116 0.0421413 -0.393141 -0.038509 0
1231207 350949 m2 0.04285 -0.416359 -0.439152 -0.0568966 0
1231207 739899 m2 0.011 -0.489703 -0.240495 0 0.0392562
1231207 582843 m2 0.01315 -0.32201 -0.221364 0 0.00921388
1231207 577009 m2 0.02405 0.379765 -0.533059 0 -0.0425032
1231207 358656 m2 0.0184 0.0341128 -0.494019 0 -0.0247813
1231207 611574 m2 0.0247 -0.27896 -0.386662 0 -0.0181101
1231207 539736 m2 0.01655 -0.186443 -0.256048 0.00344724 0
1231207 686718 m2 0.01115 0.343945 -0.280686 0.0281865 0
1231207 645527 m2 0.02115 -0.385247 -0.437019 0 -0.0634285
1231207 329533 m2 0.01715 -0.273822 -0.497719 -0.0442113 0
1231207 356791 m2 0.03285 0.270793 0.491909 0.062624 0
1231207 336786 m2 0.12485 -0.441027 -0.298458 0.0393882 0
1231207 362363 m2 0.0215 -0.402115 -0.411245 0.00387689 0
1231207 573404 m2 0.05075 0.512359 -0.251374 0 0.0362145
1231207 557503 m2 0.02605 -0.537982 -0.213314 0.00621042 0
1231207 581757 m2 0.03125 0.424387 -0.291117 0 0.0458091
1231207 393581 m2 0.01225 0.421413 0.094826 0.098497 0
1231207 658659 m2 0.01305 -0.374275 -0.436431 0 -0.076984
1231207 574795 m2 0.0783 -0.56409 -0.273603 -0.0384668 0
1231207 475506 m2 0.0182 -0.317314 -0.344186 -0.0611914 0
1231207 690804 m2 0.027 0.166955 -0.586051 0 0.0111604
1231207 678792 m2 0.0226 -0.0960176 -0.510986 0 0.0354079
1231207 419289 m2 0.01565 -0.211503 -0.363209 0 -0.023042
1231207 708899 m2 0.0596 -0.1886 -0.674049 0 -0.030009
1231207 430424 m2 0.03385 -0.205561 -0.465856 0 -0.0587615
1231207 561807 m2 0.0132 -0.38583 -0.359919 0 -0.00141169
1231207 729911 m2 0.02615 -0.252257 -0.403849 0 -0.0222775
1231207 454130 m2 0.08445 -0.221642 -0.500592 0 -0.0795321
1231207 617509 m2 0.09815 -0.466519 -0.509759 -0.0569331 0
1231207 728963 m2 0.0234 -0.3376 -0.33416 -0.0173544 0
1231207 646336 m2 0.02635 -0.15766 -0.565056 -0.01765 0
1231207 714270 m2 0.01945 -0.447558 -0.347158 0 0.00877185
1231207 480420 m2 0.0111 -0.147903 -0.299772 0.0222184 0
1231207 761214 m2 0.0117 0.237977 -0.0878837 0 -0.045648
1231207 512640 m2 0.03745 0.180399 -0.50314 0 -0.0485512
1231207 608312 m2 0.07285 0.0675014 -0.00461456 -0.0407492 0
1231207 595024 m2 0.04645 0.553839 -0.391757 -0.00555324 0
1231207 608296 m2 0.0105 -0.346169 -0.0890317 0 -0.0155568
1231207 526171 m2 0.02755 -0.394277 -0.479546 0 -0.0326438
1231207 634801 m2 0.02695 -0.190007 -0.366405 0 -0.0300193
1231207 676518 m2 0.01845 -0.143113 -0.473219 -0.00232804 0
1231207 547266 m2 0.0201 -0.412346 0.0788057 0 -0.00724129
1231207 701490 m2 0.0106 0.314476 -0.411237 0 -0.0347377
1231207 548434 m2 0.0103 -0.0962299 -0.284607 0 -0.00902257
1231207 616689 m2 0.03405 0.337908 -0.483793 0 0.016602
1231207 725439 m2 0.0107 0.314258 -0.3281 0 -0.00517011
1231207 584244 m2 0.01745 -0.354308 -0.479428 0 -0.0327865
1231207 580909 m2 0.03655 0.420684 -0.428011 0.004609 0
1231207 632522 m2 0.01015 -0.358759 -0.282253 0.0291688 0
1231207 609108 m2 0.04235 0.40587 -0.394911 0 -0.0530513
1231207 622184 m2 0.01725 0.0425118 -0.492544 0 -0.0236939
1231207 559341 m2 0.02955 0.380823 -0.381525 0.0496584 0
1231207 727608 m2 0.02965 -0.409564 -0.433182 0 -0.0928326
1231207 700939 m2 0.021 -0.148777 -0.151358 0.0151361 0
1231207 654764 m2 0.0138 -0.370034 -0.275172 0.00407502 0
1231207 685628 m2 0.0449 -0.538916 -0.358692 -0.0163924 0
1231207 658339 m2 0.0236 -0.307741 -0.499006 0 0.0224191
1231207 733738 m2 0.01045 0.341584 -0.0757181 0.00935054 0
1231207 726280 m2 0.01985 0.30962 -0.442002 0 0.0255834
1231207 708878 m2 0.01595 0.328858 -0.419119 0.0190288 0
1231207 748880 m2 0.0104 -0.274777 -0.319108 0.053733 0
