// Initial random seed:
2639294349821

// RunInitializeCallbacks():
initializeTreeSeq();
initializeMutationRate(1e-10);
initializeSex("A");
initializeMutationType(2, 0.5, "f", 0);
initializeGenomicElementType(1, m2, 1);
initializeGenomicElement(g1, 0, 550000);
initializeRecombinationRate(c(1e-06, 0.5, 1e-06, 0.5, 1e-06, 0.5, 1e-06, 0.5, 1e-06, 0.5, 1e-06, 0.5, 1e-06, 0.5, 1e-06, 0.5, 1e-06, 0.5, 1e-06, 0.5, 1e-06, 0.5, 1e-06, 0.5, 1e-06, 0.5, 1e-06, 0.5, 1e-06, 0.5, 1e-06, 0.5, 1e-06, 0.5, 1e-06, 0.5, 1e-06, 0.5, 1e-06), c(50000, 50001, 100000, 100001, 150000, 150001, 200000, 200001, 250000, 250001, 300000, 300001, 350000, 350001, 400000, 400001, 450000, 450001, 500000, 500001, 550000, 550001, 600000, 600001, 650000, 650001, 700000, 700001, 750000, 750001, 800000, 800001, 850000, 850001, 900000, 900001, 950000, 950001, 1000000));

QTL DFE means: 
0 0

QTL DFE variance-covariance matrix: 
     [,0] [,1]
[0,]  0.4    0
[1,]    0  0.4

// Starting run at generation <start>:
1 

100:0.999939 0.999939 1.33227e-15 -0.000181893 0.000250604 -0.109637 0.0828182 NAN NAN
200:0.999963 0.999963 -3.33067e-15 0.000243077 3.19273e-06 0.0738619 0.0943686 NAN NAN
300:0.999969 0.999969 -2.66454e-15 5.7875e-05 4.79799e-05 -0.034649 0.0712936 NAN NAN
400:0.999864 0.999864 -2.77556e-15 0.000291781 0.000217002 0.0291939 0.00752875 NAN NAN
500:0.999905 0.999905 2.33147e-15 -4.89003e-05 0.000154661 -0.111419 -0.0512225 NAN NAN
600:0.999905 0.999905 -3.9968e-15 6.59148e-05 -4.31138e-05 0.0730284 -0.0935276 NAN NAN
700:0.999863 0.999863 -9.54792e-15 0.00119061 -5.07253e-05 -0.00552859 -0.0210663 NAN NAN
800:0.999715 0.999715 9.76996e-15 -0.000271152 -0.000112028 -0.121915 -0.0494006 NAN NAN
900:0.999821 0.999821 5.10703e-15 -0.000253315 -0.000223876 -0.128215 0.134949 NAN NAN
1000:0.999958 0.999958 -3.88578e-15 5.05373e-05 6.78308e-06 -0.034491 -0.14355 NAN NAN
1100:0.995551 0.995549 2.05823e-06 -4.14968e-05 7.25769e-05 -0.106426 0.0946065 -0.0120499 0.00847802
1200:0.982435 0.982437 -2.34508e-06 0.000124172 6.74547e-05 0.139409 -0.0567724 0.00875946 -0.00795817
1300:0.960187 0.96024 -5.29379e-05 1.31655e-05 -0.000338821 0.048288 -0.0355317 -0.00840285 -0.0112376
1400:0.929385 0.92931 7.48531e-05 -0.00058764 -0.000245367 0.0499786 0.0453257 0.0104722 0.0220355
1500:0.889902 0.889533 0.000368241 0.000391073 0.000334506 0.275886 0.115978 0.0459309 0.0385808
1600:0.842394 0.83891 0.00348375 0.00449467 0.00505156 0.236595 0.225809 0.0674549 0.116972
1700:0.799008 0.753102 0.0459054 0.0712467 0.0401805 0.591726 0.49868 0.294952 0.380181
1800:0.840472 0.614983 0.225489 0.251877 0.0794235 0.820541 0.858958 0.66253 0.777924
1900:0.819358 0.506638 0.31272 0.265993 0.174824 0.844712 0.913154 0.731069 0.8501
2000:0.770847 0.370883 0.399964 0.224133 0.157452 0.877441 0.92697 0.789527 0.864937
2100:0.861295 0.339626 0.52167 0.0279493 0.161948 0.971714 0.973536 0.873718 0.881402
2200:0.868461 0.339904 0.528557 0.0309795 0.169547 0.969172 0.973336 0.881867 0.878998
2300:0.868676 0.342025 0.526651 0.0228588 0.171717 0.977181 0.976451 0.882352 0.877578
2400:0.866675 0.339524 0.527151 0.0263059 0.182041 0.965758 0.977528 0.881113 0.88723
2500:0.872378 0.340743 0.531635 0.0296493 0.182701 0.97172 0.980195 0.880895 0.884383
2600:0.871617 0.341866 0.529751 0.0242516 0.197774 0.972834 0.979237 0.881196 0.884306
2700:0.870677 0.337041 0.533636 0.0206685 0.188826 0.975731 0.978698 0.883959 0.886343
2800:0.87806 0.336277 0.541783 0.0182638 0.172686 0.974767 0.981234 0.902793 0.886089
2900:0.875918 0.3363 0.539619 0.033505 0.188076 0.976555 0.981898 0.902873 0.891392
3000:0.87811 0.338078 0.540032 0.0341783 0.189154 0.975611 0.980903 0.906545 0.887607
