// Initial random seed:
3910618575145

// RunInitializeCallbacks():
initializeTreeSeq();
initializeMutationRate(1e-10);
initializeSex("A");
initializeMutationType(2, 0.5, "f", 0);
initializeGenomicElementType(1, m2, 1);
initializeGenomicElement(g1, 0, 550000);
initializeRecombinationRate(c(1e-06, 0.5, 1e-06, 0.5, 1e-06, 0.5, 1e-06, 0.5, 1e-06, 0.5, 1e-06, 0.5, 1e-06, 0.5, 1e-06, 0.5, 1e-06, 0.5, 1e-06, 0.5, 1e-06, 0.5, 1e-06, 0.5, 1e-06, 0.5, 1e-06, 0.5, 1e-06, 0.5, 1e-06, 0.5, 1e-06, 0.5, 1e-06, 0.5, 1e-06, 0.5, 1e-06), c(50000, 50001, 100000, 100001, 150000, 150001, 200000, 200001, 250000, 250001, 300000, 300001, 350000, 350001, 400000, 400001, 450000, 450001, 500000, 500001, 550000, 550001, 600000, 600001, 650000, 650001, 700000, 700001, 750000, 750001, 800000, 800001, 850000, 850001, 900000, 900001, 950000, 950001, 1000000));

QTL DFE means: 
0 0

QTL DFE variance-covariance matrix: 
     [,0] [,1]
[0,]  0.4    0
[1,]    0  0.4

// Starting run at generation <start>:
1 

100:0.999942 0.999942 5.55112e-15 -0.000364411 -1.02296e-05 0.0856874 -0.0422733 NAN NAN
200:0.999918 0.999918 3.88578e-15 -0.0019107 0 -0.121243 NAN NAN NAN
300:0.999963 0.999963 -1.33227e-15 0.000641986 0 -0.0754541 NAN NAN NAN
400:0.999931 0.999931 -4.44089e-16 0.000249022 -7.18733e-06 0.0734103 -0.163684 NAN NAN
500:0.99996 0.99996 -1.24345e-14 0.000115108 -0.000375824 0.0642553 -0.159744 NAN NAN
600:0.999961 0.999961 -4.10783e-15 0.00031216 -1.97412e-05 0.102733 0.0500671 NAN NAN
700:0.999615 0.999615 -1.33227e-15 -0.00528013 -0.000256925 -0.0548696 -0.0299881 NAN NAN
800:0.99989 0.99989 2.60902e-14 -0.000443646 0.00035568 -0.106023 0.1554 NAN NAN
900:0.999917 0.999917 -1.66533e-15 -0.000173607 -8.95485e-05 0.0145354 0.0918387 NAN NAN
1000:0.999954 0.999954 6.55032e-15 -0.000280907 -1.13129e-05 0.00641565 -0.0100538 NAN NAN
1100:0.995761 0.995769 -7.63897e-06 0.000227896 5.00316e-06 -0.129872 -0.132821 -0.0493583 -0.0389878
1200:0.982942 0.982945 -2.1938e-06 -0.00083682 -4.94582e-05 0.11379 -0.0931438 0.017733 0.00608334
1300:0.961816 0.961784 3.17486e-05 0 8.80369e-05 NAN 0.142499 NAN 0.0176423
1400:0.934013 0.931846 0.00216694 0 0.00558776 NAN 0.270434 NAN 0.180199
1500:0.937982 0.880833 0.0571489 0.000251095 0.113231 0.0382174 0.795152 0.00551139 0.714989
1600:0.920171 0.832098 0.0880733 4.99189e-05 0.171635 0.0549955 0.920941 0.0100991 0.815337
1700:0.879625 0.782351 0.0972744 -0.000455926 0.186378 0.185903 0.932498 0.0238249 0.83083
1800:0.866626 0.685511 0.181115 -0.0374492 0.142289 0.567644 0.934208 0.395386 0.867732
1900:0.912304 0.507122 0.405183 -0.0409574 0.156123 0.926114 0.980865 0.780157 0.9289
2000:0.90546 0.370176 0.535284 0.00650323 0.200824 0.977918 0.988377 0.861311 0.941871
2100:0.91093 0.36763 0.543301 -0.0107433 0.19765 0.97864 0.987724 0.869845 0.941594
2200:0.916566 0.369343 0.547223 -0.00612783 0.209712 0.979764 0.987795 0.881815 0.938681
2300:0.920064 0.36946 0.550605 -0.0037913 0.197539 0.980897 0.98693 0.880784 0.937139
2400:0.921895 0.370818 0.551077 -0.00436116 0.197907 0.984106 0.987905 0.879546 0.943668
2500:0.923738 0.368077 0.555661 -0.0221903 0.204358 0.98493 0.98719 0.885729 0.938985
2600:0.922196 0.369422 0.552774 -0.00581372 0.200134 0.982409 0.986834 0.88702 0.939446
2700:0.921412 0.366568 0.554844 -0.0149276 0.2033 0.983275 0.987799 0.886899 0.937222
2800:0.923796 0.369636 0.55416 -0.0108551 0.206335 0.982768 0.987614 0.882881 0.942356
2900:0.924644 0.369065 0.555579 -0.0133233 0.204539 0.982809 0.985611 0.891551 0.941779
3000:0.932668 0.375629 0.557039 -0.0123143 0.215639 0.985158 0.988926 0.914841 0.938162
