seed mutID muttype p cor_sal cor_temp mutSalEffect mutTempEffect
1231188 239035 m2 0.0375771 0.224159 0.243474 0 0.0331787
1231188 765461 m2 0.0138326 0.229674 0.244411 0.0412395 0
1231188 388633 m2 0.0427753 0.2439 0.262431 0 0.00352352
1231188 647768 m2 0.0174009 0.238793 0.255894 0.0616425 0
1231188 774526 m2 0.0225551 0.162359 0.221964 0 0.0121326
1231188 503978 m2 0.0296916 0.248679 0.255841 0 0.0704834
1231188 486890 m2 0.0552423 0.132551 0.366039 -0.00169128 0
1231188 23005 m2 0.0664758 0.144268 0.425464 0 0.0431854
1231188 538708 m2 0.0555507 0.147809 0.371681 0.0466826 0
1231188 568081 m2 0.0580617 0.127949 0.376332 0.0810662 0
1231188 496721 m2 0.0586784 0.12692 0.377759 0 0.103612
1231188 336958 m2 0.0561233 0.130052 0.367447 -0.00223937 0
1231188 351079 m2 0.0134802 0.176826 0.241678 0 0.0647472
1231188 350787 m2 0.054978 0.132877 0.363351 0 0.00991812
1231188 449266 m2 0.0534361 0.13508 0.355855 0 0.0977686
1231188 48701 m2 0.0598238 0.124251 0.378354 0 -0.0293996
1231188 459983 m2 0.0534361 0.13508 0.355855 0.0250869 0
1231188 39142 m2 0.104053 0.264164 0.462841 0 0.0159459
1231188 158698 m2 0.0104846 0.188091 0.252647 0 0.0115985
1231188 897769 m2 0.0218502 0.0416246 0.274374 0 0.00317658
1231188 243180 m2 0.0990308 0.0703756 0.485086 0 0.0361725
1231188 354512 m2 0.0521145 0.138837 0.360057 0.00696707 0
1231188 659037 m2 0.0250661 0.163254 0.222044 0.0206765 0
1231188 198669 m2 0.0228194 -0.104683 0.220082 0 -0.012313
1231188 539654 m2 0.0411454 0.171085 0.34001 0.0776161 0
1231188 137464 m2 0.0848018 -0.00171223 0.445197 0 -0.0196491
1231188 514405 m2 0.0538767 0.134477 0.361805 0.0335488 0
1231188 363919 m2 0.102643 0.261895 0.463662 0 0.077807
1231188 498634 m2 0.0584581 0.123474 0.37666 0.0364747 0
1231188 412632 m2 0.0325991 0.053488 0.325939 0 -0.0142741
1231188 249699 m2 0.0949339 0.0226239 0.474028 0.0229111 0
1231188 606859 m2 0.055815 0.131998 0.369692 -0.0407271 0
1231188 490497 m2 0.0534361 0.13508 0.355855 0 0.116183
1231188 624689 m2 0.0419824 0.168875 0.342986 0 0.011382
1231188 818415 m2 0.0199119 0.157528 0.280931 0 -0.017177
1231188 885142 m2 0.0148899 0.163953 0.21119 0.00490657 0
1231188 476912 m2 0.0589427 0.122854 0.38386 0.0136144 0
1231188 787723 m2 0.0418502 0.109283 0.349278 0.0176601 0
1231188 830338 m2 0.0144934 0.164364 0.219038 0 0.0104103
1231188 195223 m2 0.100705 0.265768 0.462414 0.037959 0
1231188 824512 m2 0.0186784 0.162808 0.222257 0 0.0137291
1231188 64982 m2 0.100881 0.00210993 0.478405 -0.0331137 0
1231188 835390 m2 0.0287225 0.0473186 0.307825 0.020949 0
1231188 743871 m2 0.0407489 0.0898534 0.351496 0 -0.0322182
1231188 702164 m2 0.0246256 0.15938 0.220105 0 -0.0216509
1231188 113808 m2 0.0424229 0.116409 0.28 0.000938186 0
1231188 653712 m2 0.0126872 -0.116619 0.249611 0.0489373 0
1231188 906196 m2 0.0107489 0.0552105 0.265884 -0.0252736 0
1231188 891952 m2 0.0303084 0.0571986 0.314212 0 -0.0126244
1231188 480049 m2 0.080837 -0.131778 0.425332 -0.00678561 0
1231188 865638 m2 0.011674 0.0557441 0.254477 0.0467273 0
1231188 853736 m2 0.0150661 0.163737 0.220493 -0.0132344 0
1231188 608748 m2 0.0569604 0.117233 0.393934 0 0.045436
1231188 95464 m2 0.0160793 -0.0709253 0.187842 0 0.00674854
1231188 876923 m2 0.0274449 0.0677549 0.309326 0.00796844 0
1231188 498942 m2 0.0253304 0.164308 0.2219 0.0234159 0
1231188 680203 m2 0.0293833 0.163108 0.221891 0.0064337 0
1231188 757121 m2 0.0302643 0.166301 0.224964 0 -0.0107495
1231188 615332 m2 0.0278855 0.0374415 0.297217 0 0.0307619
1231188 340634 m2 0.111145 -0.0443242 0.486355 0 0.0267223
1231188 386147 m2 0.05163 0.139691 0.356591 0.0440554 0
1231188 650941 m2 0.0479736 0.128415 0.359177 0.0507269 0
1231188 452084 m2 0.0161233 -0.0522578 0.156662 0 0.0627918
1231188 376182 m2 0.0486344 0.110543 0.377144 0 -0.00841204
1231188 358864 m2 0.0437004 0.00705911 0.333068 0 0.0606327
1231188 548191 m2 0.054978 0.132877 0.363351 0 -0.0604649
1231188 770488 m2 0.0155507 -0.0529737 0.164624 0 0.00527742
1231188 244406 m2 0.0496916 -0.226481 0.300777 0 0.00614128
1231188 887283 m2 0.0242291 0.0465769 0.283415 0 -0.0247929
1231188 919963 m2 0.0147577 0.0641868 0.275714 0.0276059 0
1231188 615933 m2 0.0362996 0.0957539 0.281267 0.0279334 0
1231188 795757 m2 0.013304 -0.0540517 0.159806 0 -0.0402818
1231188 828748 m2 0.0147577 0.162082 0.222239 0 0.10267
1231188 163327 m2 0.0204405 -0.082021 0.212625 0 -0.0107277
1231188 468960 m2 0.0603524 -0.204431 0.378384 -0.0332807 0
1231188 58008 m2 0.0299559 -0.1884 0.283626 0.0196687 0
1231188 332083 m2 0.0340969 -0.224318 0.26651 0 0.00454192
1231188 278253 m2 0.0613216 -0.217409 0.321827 0 0.0247609
1231188 642092 m2 0.0277093 -0.145306 0.27102 -0.0168138 0
1231188 872532 m2 0.0217621 -0.223217 0.263439 0 0.0466416
1231188 414788 m2 0.0545374 -0.224651 0.311195 -0.0425047 0
1231188 518419 m2 0.0371366 -0.225378 0.276126 0 -0.0018904
1231188 660227 m2 0.0395595 0.251472 0.259538 0 -0.0649335
1231188 442707 m2 0.0415859 -0.225865 0.285447 0 0.0237476
1231188 627435 m2 0.0359031 -0.222465 0.259234 0.0122975 0
1231188 237480 m2 0.0569163 0.127334 0.372104 0.00943907 0
1231188 109364 m2 0.0118943 -0.198348 0.218664 0 0.000712639
1231188 263215 m2 0.0948458 -0.0873091 0.471073 0 0.0470553
1231188 267388 m2 0.0613216 -0.217409 0.321827 0 -0.00854499
1231188 110291 m2 0.0537004 0.302266 0.288279 -0.012751 0
1231188 362595 m2 0.0513216 0.255524 0.267891 0.0686715 0
1231188 55200 m2 0.0661233 0.241549 0.318254 0.0437825 0
1231188 771709 m2 0.0179736 -0.0558321 0.188164 0 0.0383512
1231188 898671 m2 0.0100881 0.000483021 0.227193 0 -0.0394067
1231188 290451 m2 0.0599559 -0.220354 0.32705 0 0.0239594
1231188 167648 m2 0.0385903 -0.227936 0.307675 0.00502109 0
1231188 623418 m2 0.0454185 0.248199 0.264131 0 -0.0226667
1231188 570814 m2 0.0356388 -0.221705 0.256679 -0.0810121 0
1231188 231464 m2 0.0593833 -0.219292 0.316155 0 0.0717213
1231188 562442 m2 0.0248018 -0.163859 0.265542 0 0.0748724
1231188 512855 m2 0.046652 -0.229919 0.302914 -0.0415788 0
1231188 367034 m2 0.035859 -0.222411 0.259047 0 0.0590702
1231188 132108 m2 0.0369163 -0.224599 0.265278 0 -0.00468285
1231188 377397 m2 0.016652 -0.0702784 0.222864 0 0.0106106
1231188 401061 m2 0.0301762 -0.203083 0.35341 -0.0252955 0
1231188 53928 m2 0.0136564 0.0576114 0.170996 0 0.0418205
1231188 737903 m2 0.0182379 -0.0965239 0.238236 0 -0.00327887
1231188 635367 m2 0.0195154 -0.107129 0.231639 0 0.0213375
1231188 248773 m2 0.0400881 -0.224774 0.272585 0.0151693 0
1231188 812143 m2 0.0109251 -0.0571662 0.165198 0 -0.0495569
1231188 663633 m2 0.0146256 -0.0516754 0.161199 0 -0.0144604
1231188 515938 m2 0.0249339 -0.204394 0.222763 0 0.029298
1231188 351054 m2 0.033304 -0.221691 0.255873 0 0.0692174
1231188 730630 m2 0.015859 -0.0515247 0.155913 0 -0.0361528
1231188 105658 m2 0.0134361 0.0573814 0.17099 -0.0406813 0
1231188 105657 m2 0.0399119 -0.141409 0.328388 0 0.0344406
1231188 368597 m2 0.0228194 -0.125396 0.267305 0 0.0452899
1231188 719670 m2 0.0281498 -0.206805 0.277352 0 0.0182938
1231188 785469 m2 0.0129515 0.0568451 0.170926 0.0986516 0
1231188 748438 m2 0.0260352 -0.22297 0.271649 0.0140327 0
1231188 191462 m2 0.0529075 -0.209483 0.31393 0.0121662 0
1231188 799460 m2 0.0256388 -0.216625 0.257302 -0.0339578 0
1231188 352859 m2 0.0353744 -0.223685 0.272487 0 0.0745662
1231188 386729 m2 0.0521145 0.252944 0.269746 -0.0526365 0
1231188 362576 m2 0.0264317 -0.201859 0.274605 -0.0145257 0
1231188 261953 m2 0.0207489 -0.0774321 0.21012 0 -0.0253447
1231188 485291 m2 0.0492952 0.25025 0.26366 0 0.0808099
1231188 774503 m2 0.0313216 0.234467 0.251602 0 0.0167316
1231188 878840 m2 0.0191189 -0.206222 0.224688 0.00252334 0
1231188 717854 m2 0.0295595 0.226101 0.245376 -0.0643385 0
1231188 633244 m2 0.0140529 -0.207038 0.226796 0 -0.014902
1231188 623398 m2 0.0264317 -0.201859 0.274605 0 -0.0518996
1231188 426230 m2 0.0521145 0.252944 0.269746 0.0553376 0
1231188 4298 m2 0.0264317 -0.201859 0.274605 0.0172518 0
1231188 827191 m2 0.0123348 -0.158189 0.27367 0.0438527 0
1231188 679566 m2 0.034978 -0.224062 0.268716 0 0.0127667
1231188 332692 m2 0.0264317 -0.201859 0.274605 0 0.034641
1231188 613435 m2 0.0351982 -0.221452 0.256051 0 -0.0546478
1231188 537738 m2 0.0243612 0.238673 0.244134 0.0430621 0
1231188 571123 m2 0.0159912 -0.20892 0.23042 0 0.0418713
1231188 706404 m2 0.0105727 -0.0718876 0.229661 0.00752128 0
1231188 897137 m2 0.0117181 -0.221251 0.271371 -0.0238412 0
1231188 590145 m2 0.035022 -0.224037 0.268809 0 -0.0185186
1231188 829383 m2 0.0191189 -0.206222 0.224688 0.0237294 0
1231188 542747 m2 0.0594714 -0.219043 0.315594 0 0.0333322
1231188 290757 m2 0.0120264 -0.204385 0.22724 -0.0444744 0
1231188 312456 m2 0.0594273 -0.22161 0.331529 -0.04618 0
1231188 719102 m2 0.0202643 0.237394 0.251564 0.00811885 0
1231188 598726 m2 0.0251101 -0.113983 0.264508 0 0.0462377
1231188 533995 m2 0.0134802 0.0574281 0.170992 0 -0.0269827
1231188 31955 m2 0.0351542 0.0603253 0.123568 0.000637206 0
1231188 438968 m2 0.0661233 0.241549 0.318254 0 0.0112456
1231188 416634 m2 0.0120705 0.211209 0.230369 0 0.00320012
1231188 660488 m2 0.0452423 0.252665 0.262658 0 0.00353965
1231188 555687 m2 0.0214097 0.0609662 0.125709 0 -0.0159166
1231188 826571 m2 0.0344053 0.253443 0.264376 0.00223689 0
1231188 430836 m2 0.0382379 0.251013 0.264165 0.116136 0
1231188 365459 m2 0.121806 0.275358 0.497697 -0.0368653 0
1231188 742546 m2 0.0197357 -0.159244 0.246627 0 0.0354729
1231188 7413 m2 0.0507048 -0.192775 0.208781 0 -0.00735182
1231188 194202 m2 0.0396476 -0.142298 0.328366 0.00320153 0
1231188 244034 m2 0.0190308 -0.226762 0.256567 -0.0386501 0
1231188 733757 m2 0.0400881 -0.224774 0.272585 -0.0352751 0
1231188 692822 m2 0.013304 0.0572394 0.170979 0.000706275 0
1231188 804094 m2 0.0414978 0.253044 0.263597 -0.0173779 0
1231188 525962 m2 0.0504405 0.2413 0.258854 0 0.0194525
1231188 287368 m2 0.0136564 0.0576114 0.170996 0 0.000543693
1231188 458611 m2 0.0521145 -0.225891 0.326812 0 0.0211265
1231188 360400 m2 0.0385463 -0.145964 0.328067 0 0.0442984
1231188 485270 m2 0.0136123 0.0575661 0.170996 0 0.0132763
1231188 735659 m2 0.017489 -0.132615 0.244289 0 -0.0160394
1231188 616498 m2 0.0134802 0.0574281 0.170992 0 -0.0394376
1231188 873459 m2 0.0270925 0.247909 0.26399 0 0.0291379
1231188 128678 m2 0.0136564 0.0576114 0.170996 0 -0.0446103
1231188 860310 m2 0.0190308 0.241687 0.261272 0 -0.0154194
1231188 306683 m2 0.0264317 -0.201859 0.274605 0.00787926 0
1231188 915203 m2 0.010793 0.211286 0.235055 0 0.0449619
1231188 47411 m2 0.0673568 -0.0533513 0.207997 -0.0416091 0
1231188 576993 m2 0.0130837 0.0569957 0.170951 0 0.0575917
1231188 834213 m2 0.0406608 0.255107 0.271389 0.0609466 0
1231188 186648 m2 0.07837 0.30882 0.29519 0 0.0140981
1231188 398527 m2 0.0400441 -0.140964 0.328392 0 0.0457942
1231188 846193 m2 0.0136123 -0.0944567 0.215742 0 -0.0173188
1231188 68626 m2 0.174009 0.373847 0.330257 0 0.0732015
1231188 847390 m2 0.013304 0.0572394 0.170979 0 0.0113377
1231188 781697 m2 0.0102203 -0.0509604 0.168791 0.0352498 0
1231188 686339 m2 0.0134802 0.0574281 0.170992 0.0537087 0
1231188 107157 m2 0.0264317 -0.201859 0.274605 -0.0603071 0
1231188 129328 m2 0.0250661 -0.0232704 0.273464 0 -0.0278568
1231188 172288 m2 0.0397357 -0.142002 0.328376 0 0.0277545
1231188 568027 m2 0.0134802 0.0574281 0.170992 0 0.0654148
1231188 741935 m2 0.0134802 0.0574281 0.170992 0 0.0231336
1231188 869687 m2 0.0103084 0.213414 0.233224 0 0.0499587
1231188 555041 m2 0.0290308 0.166937 0.127025 0.0684789 0
1231188 685115 m2 0.013348 -0.206667 0.176761 0.0255732 0
1231188 538664 m2 0.0264317 -0.201859 0.274605 0 0.0340378
1231188 545583 m2 0.0134802 0.0574281 0.170992 0 0.0232278
1231188 486830 m2 0.0110573 -0.209233 0.214078 -0.00827633 0
1231188 632905 m2 0.0109692 -0.178017 0.204238 0.0651861 0
1231188 870932 m2 0.0140529 0.229284 0.247916 -0.0617571 0
1231188 872196 m2 0.0133921 0.0573344 0.170987 -0.0182737 0
1231188 387355 m2 0.014978 -0.220685 0.206812 -0.0716824 0
1231188 645243 m2 0.0275771 -0.038628 0.279859 0.0649298 0
1231188 658674 m2 0.0136564 0.0576114 0.170996 0 0.0416319
1231188 536807 m2 0.0136564 0.0576114 0.170996 0.021965 0
1231188 174204 m2 0.0265639 -0.0326162 0.275684 0 -0.0127998
1231188 629306 m2 0.0340529 0.251836 0.260018 0 -0.0299665
1231188 708878 m2 0.013348 0.0572871 0.170983 -0.0705903 0
1231188 796031 m2 0.0138767 -0.0937551 0.213862 0 0.0187951
1231188 413833 m2 0.0284141 0.165615 0.125142 0 0.0138575
1231188 370763 m2 0.0264317 -0.201859 0.274605 0.0459434 0
1231188 275373 m2 0.0335242 -0.100008 0.169913 0 -0.0198217
1231188 380485 m2 0.0392511 -0.143625 0.328298 0 0.0742156
1231188 792440 m2 0.013348 -0.206667 0.176761 0 -0.0657171
1231188 127742 m2 0.0527753 -0.192997 0.210569 0 -0.0491905
1231188 496062 m2 0.0293392 -0.0518408 0.291408 0 0.0251123
1231188 522726 m2 0.0100441 0.167402 0.126599 -0.0199504 0
1231188 603933 m2 0.0273568 0.163889 0.12351 0.0229254 0
1231188 387661 m2 0.0134802 0.0574281 0.170992 0.0326113 0
1231188 830915 m2 0.0264317 -0.201859 0.274605 0 0.0273234
1231188 395329 m2 0.0313656 0.0602107 0.123034 0 -0.00465264
1231188 473962 m2 0.0399119 -0.141409 0.328388 -0.063274 0
1231188 687281 m2 0.0130837 0.0569957 0.170951 0 -0.0539
1231188 531536 m2 0.0264317 -0.201859 0.274605 -0.120237 0
1231188 33756 m2 0.0171806 -0.204258 0.120998 0.0228864 0
1231188 857830 m2 0.0134802 0.0574281 0.170992 -0.0135622 0
1231188 586421 m2 0.0296916 0.0612435 0.124593 0.00862821 0
1231188 810550 m2 0.0213656 0.255002 0.269532 -0.0437592 0
1231188 829678 m2 0.0136564 0.0576114 0.170996 -0.0538861 0
1231188 716574 m2 0.0142291 -0.098141 0.218139 0 0.00363177
1231188 598695 m2 0.013348 0.0572871 0.170983 -0.0313867 0
1231188 211753 m2 0.0264317 -0.201859 0.274605 -0.0125598 0
1231188 463542 m2 0.0288987 -0.0475708 0.287439 0.00724194 0
1231188 552447 m2 0.0127313 0.166248 0.124651 0.0350369 0
1231188 745017 m2 0.0212335 0.163822 0.12416 0.0409357 0
1231188 650542 m2 0.0223789 0.165031 0.125879 0 -0.00499799
1231188 785422 m2 0.0146696 0.0416721 0.111403 0.0450321 0
1231188 88294 m2 0.0448899 -0.201455 0.196312 -0.068928 0
1231188 493261 m2 0.0161233 -0.221134 0.227747 0 0.0862126
1231188 160253 m2 0.0315859 -0.0758371 0.298632 0.0267613 0
1231188 598691 m2 0.0264317 -0.201859 0.274605 0 0.0485851
1231188 574163 m2 0.0136564 0.0576114 0.170996 0.0468252 0
1231188 607415 m2 0.0319383 -0.0924284 0.166205 0 0.0238537
1231188 817709 m2 0.013348 -0.0921506 0.211229 0 0.035908
1231188 544318 m2 0.0244934 0.0688735 0.130272 0.0373663 0
1231188 779763 m2 0.0127313 -0.206112 0.173703 0 -0.0365379
1231188 755117 m2 0.014978 0.16555 0.122966 0.0116962 0
1231188 364750 m2 0.0515419 0.31736 0.272158 -0.0543572 0
1231188 161161 m2 0.0171806 -0.204258 0.120998 0 0.020582
1231188 145272 m2 0.0618943 -0.0338004 0.194866 0.0123856 0
1231188 48299 m2 0.162996 0.356529 0.316625 -0.00144968 0
1231188 124129 m2 0.0797357 -0.138814 0.235631 0 0.00605969
1231188 356344 m2 0.0136564 0.0576114 0.170996 0 0.0146381
1231188 82616 m2 0.0170485 -0.204392 0.120996 0 0.00186796
1231188 427688 m2 0.0118502 -0.204051 0.116923 -0.00216149 0
1231188 788294 m2 0.012511 0.0563191 0.170805 0 -0.0191842
1231188 553765 m2 0.0226872 0.164243 0.123275 0 0.00844333
1231188 27301 m2 0.0171806 -0.204258 0.120998 0 0.00695503
1231188 420514 m2 0.0210132 0.164663 0.124313 0.0388381 0
1231188 844321 m2 0.0136564 0.0576114 0.170996 0.00352625 0
1231188 739773 m2 0.0136564 0.0576114 0.170996 0 -0.0373425
1231188 803451 m2 0.0109251 -0.2084 0.17469 -0.0164008 0
1231188 809356 m2 0.0170925 -0.117427 0.233668 0 0.0264679
1231188 775717 m2 0.0134802 0.0574281 0.170992 0.0120754 0
1231188 823259 m2 0.0112775 -0.171812 0.197862 -0.0205432 0
1231188 597070 m2 0.0174449 0.166927 0.121555 0 0.00709863
1231188 586717 m2 0.0622907 -0.0337584 0.195497 0 0.00664365
1231188 81340 m2 0.0972247 0.197867 0.176757 0 -0.0101017
1231188 656198 m2 0.0206167 -0.142213 0.248285 -0.0462954 0
1231188 167880 m2 0.0655066 -0.0474316 0.20599 0 -0.0292314
1231188 408493 m2 0.0149339 -0.205809 0.120428 0 0.0601291
1231188 324463 m2 0.0285463 -0.0874373 0.154925 -0.012497 0
1231188 674790 m2 0.0136123 0.0575661 0.170996 0 0.0223977
1231188 237998 m2 0.0171806 -0.204258 0.120998 -0.0410242 0
1231188 657441 m2 0.0126872 -0.204394 0.170994 -0.018414 0
1231188 889122 m2 0.0127753 -0.0920242 0.21129 0 -0.0466827
1231188 290384 m2 0.0140969 -0.205883 0.119851 0 0.0594254
1231188 355041 m2 0.0138326 -0.205833 0.119618 0 0.0454271
1231188 124992 m2 0.111322 0.22831 0.208573 0.0211494 0
1231188 225024 m2 0.0477093 0.242198 0.259601 0.0610204 0
1231188 783555 m2 0.0137885 0.0476844 0.11806 0 0.0306749
1231188 294815 m2 0.0522467 0.251008 0.262873 0.0369982 0
1231188 50805 m2 0.177445 0.384468 0.342937 0 0.00868865
1231188 77969 m2 0.0117181 -0.203829 0.116676 -0.0406837 0
1231188 114007 m2 0.0692952 -0.217523 0.107892 0 -0.0196172
1231188 395643 m2 0.0288546 0.166526 0.126397 0.00603673 0
1231188 338731 m2 0.0171806 -0.204258 0.120998 -0.102878 0
1231188 106788 m2 0.134273 0.275494 0.237991 0 0.0323107
1231188 368826 m2 0.0171806 -0.204258 0.120998 0 0.0155693
1231188 572848 m2 0.0365198 -0.106793 0.177835 0.0538507 0
1231188 559284 m2 0.0421145 -0.0700064 0.17906 0 0.0515251
1231188 546483 m2 0.0321145 0.058469 0.123227 0.0451359 0
1231188 686937 m2 0.0515419 -0.105258 0.203086 -0.0377136 0
1231188 1850 m2 0.0332599 -0.199641 -0.294542 -0.00834312 0
1231188 826263 m2 0.0115419 0.158003 0.121074 0.00867447 0
1231188 333821 m2 0.0544493 -0.0470276 0.19261 0.0153029 0
1231188 122494 m2 0.122996 0.302041 0.253006 0.0250437 0
1231188 273512 m2 0.0997357 0.36939 0.332502 0 0.0130659
1231188 352778 m2 0.123612 0.305626 0.260626 0 -0.00661321
1231188 805287 m2 0.0114097 0.159198 0.120984 0.020475 0
1231188 30335 m2 0.0261674 0.161762 0.0292564 0.0144949 0
1231188 879110 m2 0.0127753 0.0418378 0.112571 0 -0.00854645
1231188 119391 m2 0.0796916 -0.139673 0.233582 0 0.00920643
1231188 95662 m2 0.0656828 -0.217056 0.101539 0 -0.0148582
1231188 467651 m2 0.0536564 -0.0498864 0.190547 0 0.0755912
1231188 389125 m2 0.0714537 0.299915 0.294128 0.0417909 0
1231188 126168 m2 0.0633921 -0.22044 0.101363 0.012183 0
1231188 381067 m2 0.06163 -0.0341054 0.195189 0.0428705 0
1231188 505428 m2 0.0676211 0.353767 0.300162 0.0309399 0
1231188 708526 m2 0.0118502 -0.125278 0.085125 0 -0.0208343
1231188 312054 m2 0.0785903 0.127016 0.117495 0 0.0625662
1231188 335639 m2 0.0644934 0.266036 0.299379 -0.0580549 0
1231188 684142 m2 0.0336123 0.145225 0.113551 0 0.0222876
1231188 89887 m2 0.144229 0.329352 0.276049 0 -0.0162199
1231188 538286 m2 0.0280176 0.175204 0.148294 0.045212 0
1231188 580761 m2 0.028326 -0.0869725 0.154436 0.0762006 0
1231188 678537 m2 0.0298678 -0.0999876 0.160393 -0.0374296 0
1231188 374503 m2 0.0123348 -0.204743 0.117751 0 0.0349689
1231188 249314 m2 0.0171806 -0.204258 0.120998 0 0.048712
1231188 857467 m2 0.033348 0.248091 0.188322 0.0219808 0
1231188 58538 m2 0.0378414 0.227755 0.195032 0.0482829 0
1231188 477681 m2 0.0689868 -0.218332 0.108427 0 -0.0138503
1231188 506698 m2 0.021674 0.0553742 0.121931 -0.0370577 0
1231188 336275 m2 0.0129075 -0.205335 0.118582 0.0329157 0
1231188 512228 m2 0.017533 0.0691197 0.124423 0.0308278 0
1231188 536441 m2 0.0171806 -0.204258 0.120998 -0.023166 0
1231188 260284 m2 0.0118502 -0.204051 0.116923 0.0304715 0
1231188 497602 m2 0.15326 0.336903 0.313322 0.0506626 0
1231188 225350 m2 0.084185 0.129563 0.123042 0.00227297 0
1231188 770732 m2 0.0333921 -0.0774413 0.16728 0 0.00454579
1231188 215210 m2 0.0527753 0.252455 0.265002 0.00225558 0
1231188 582063 m2 0.0581938 0.342745 0.264668 0.10842 0
1231188 485527 m2 0.0171806 -0.204258 0.120998 -0.112619 0
1231188 551508 m2 0.0123789 -0.204797 0.117821 0 0.0255178
1231188 598343 m2 0.0332159 0.0596757 0.12431 0 0.0675217
1231188 774437 m2 0.019207 0.199888 0.151221 0.0959329 0
1231188 283457 m2 0.0856388 0.181575 0.150094 -0.0419238 0
1231188 474904 m2 0.0354185 0.0601115 0.12356 0 0.00218899
1231188 203811 m2 0.0661674 -0.219728 0.104843 0.0817046 0
1231188 42656 m2 0.0240969 0.0193949 0.0325365 0.0382731 0
1231188 315185 m2 0.100396 0.361704 0.323008 0 0.0239507
1231188 794062 m2 0.0371806 -0.084558 0.177041 0 0.0602492
1231188 514306 m2 0.117357 0.28551 0.249052 0 0.00552013
1231188 770404 m2 0.0114978 -0.203428 0.116243 -0.0130174 0
1231188 413202 m2 0.017533 0.0639306 0.114188 0 0.0361961
1231188 246897 m2 0.0326432 -0.0825174 0.164936 0 -0.0248519
1231188 54140 m2 0.0524229 -0.225453 0.0942844 -0.0773126 0
1231188 830586 m2 0.0277533 0.0622522 0.127982 -0.0145134 0
1231188 691313 m2 0.0171806 -0.204258 0.120998 0.0464358 0
1231188 809024 m2 0.0294273 -0.0872967 0.157174 -0.00896504 0
1231188 529902 m2 0.0806167 0.359542 0.311488 0 0.0413603
1231188 375137 m2 0.0171806 -0.204258 0.120998 -0.0179075 0
1231188 593246 m2 0.030837 -0.0854135 0.16085 0 -0.0406216
1231188 591646 m2 0.0679295 -0.0573469 0.208928 0 0.0245151
1231188 6976 m2 0.0136123 -0.17396 -0.0608927 0 -0.103275
1231188 394438 m2 0.0174009 0.166938 0.1216 0.0570901 0
1231188 473921 m2 0.0161233 -0.205194 0.120883 0.0510267 0
1231188 532692 m2 0.0637004 -0.127667 0.2258 0.0224606 0
1231188 467964 m2 0.0671806 -0.0508082 0.209611 0 0.0952789
1231188 916415 m2 0.021674 -0.0874178 0.147763 0.0204317 0
1231188 568927 m2 0.101542 0.234322 0.189552 0 0.00318971
1231188 740965 m2 0.0903524 0.165553 0.151129 0.0621457 0
1231188 314554 m2 0.103877 0.190254 0.18023 -0.0086552 0
1231188 446964 m2 0.0470044 0.252853 0.262768 0 0.02957
1231188 630135 m2 0.016696 -0.204726 0.120974 0.0783827 0
1231188 918927 m2 0.0100441 0.205633 0.157204 0 0.0540429
1231188 740964 m2 0.034978 0.0780154 0.106828 -0.0246155 0
1231188 639292 m2 0.0312775 -0.0848102 0.162135 -0.0121573 0
1231188 473914 m2 0.0944934 0.364338 0.332345 0.0456644 0
1231188 577950 m2 0.0336123 -0.0828303 0.169488 -0.0293012 0
1231188 640812 m2 0.0289427 -0.0868225 0.155377 -0.067232 0
1231188 453204 m2 0.0501762 0.314983 0.268109 0 0.0166914
1231188 148349 m2 0.0596035 -0.225715 0.101591 0.0377754 0
1231188 38983 m2 0.0340088 0.155137 0.0315074 0.0515442 0
1231188 622395 m2 0.0136123 -0.153623 0.0997032 0 0.0547755
1231188 387296 m2 0.0781498 0.132397 0.114773 -0.00343021 0
1231188 337169 m2 0.0124229 0.19583 0.151767 0.0756442 0
1231188 683877 m2 0.0436564 -0.0627473 0.185278 0.0274948 0
1231188 662960 m2 0.019163 0.163598 0.122647 0 0.0363909
1231188 348781 m2 0.0222467 -0.21072 0.0218356 0 -0.0162674
1231188 930083 m2 0.0114537 -0.0961617 0.13523 0 0.028474
1231188 688825 m2 0.0342731 0.0585204 0.123216 0.0167267 0
1231188 244658 m2 0.0100881 0.167477 0.126571 0.0526326 0
1231188 465446 m2 0.015815 0.168381 0.127156 -0.0167039 0
1231188 803419 m2 0.0270925 -0.0901703 0.150222 0 0.0294129
1231188 458896 m2 0.0919383 0.149201 0.140237 0 0.0130894
1231188 824422 m2 0.0223789 0.216368 0.16286 0 0.0274742
1231188 199138 m2 0.0338767 -0.216497 0.0270196 -0.068606 0
1231188 194804 m2 0.0703084 0.150726 0.110149 0 -0.0505286
1231188 485208 m2 0.0232159 0.172895 0.126631 0.0824424 0
1231188 788251 m2 0.0287665 0.0591516 0.123436 0.0727813 0
1231188 267262 m2 0.0291189 0.170731 0.0288482 -0.0564242 0
1231188 94431 m2 0.0265198 -0.0800053 0.0278682 -0.012059 0
1231188 23414 m2 0.022467 0.166792 -0.110514 0 0.0549593
1231188 385108 m2 0.055815 -0.226359 0.0977463 -0.0500233 0
1231188 427353 m2 0.0654185 -0.217372 0.101446 -0.0892435 0
1231188 303818 m2 0.0657709 -0.218375 0.102866 0 0.00608726
1231188 825306 m2 0.0192511 0.200495 0.158291 -0.0287235 0
1231188 377599 m2 0.102511 0.260782 0.243036 0.0335427 0
1231188 53469 m2 0.0422467 0.143385 -0.147152 0.00702102 0
1231188 74139 m2 0.0653744 -0.217543 0.101536 0.0161313 0
1231188 96849 m2 0.0710573 0.0579187 0.0408473 -0.0204478 0
1231188 57859 m2 0.0709692 0.0589688 0.0407575 -0.0799674 0
1231188 317906 m2 0.0732159 -0.212548 0.113014 -0.044151 0
1231188 748360 m2 0.0120264 0.19256 0.150532 0 0.0931108
1231188 188480 m2 0.0589427 -0.225702 0.100662 0 0.023179
1231188 348175 m2 0.0698238 -0.217299 0.108755 0.0266944 0
1231188 146432 m2 0.0245374 -0.0113058 -0.0460686 0 0.0150896
1231188 854896 m2 0.0215419 0.153091 0.111084 0.0086071 0
1231188 845836 m2 0.0453744 0.286817 0.230549 -0.0435406 0
1231188 583578 m2 0.0529515 -0.225782 0.094915 0 0.0293195
1231188 914506 m2 0.0122467 0.20904 0.156883 0.0172685 0
1231188 650497 m2 0.0799559 0.138695 0.122573 0.0381925 0
1231188 853644 m2 0.0590749 0.203642 0.174055 0 -0.00544801
1231188 817356 m2 0.04837 0.287352 0.226925 0 0.0577677
1231188 875294 m2 0.0351542 0.265912 0.202633 0 0.00698999
1231188 727469 m2 0.02 0.0615978 0.123521 0.0644793 0
1231188 758859 m2 0.0939207 0.200846 0.171656 0 -0.0133485
1231188 764400 m2 0.0260352 0.106457 0.110503 0 0.0834678
1231188 268193 m2 0.0663436 0.0739249 0.0400399 0.0186994 0
1231188 7552 m2 0.0509251 0.237751 -0.206798 0.00439402 0
1231188 482658 m2 0.0688987 -0.217688 0.107306 0 0.0117944
1231188 833536 m2 0.0125551 0.134639 0.102507 0.0274087 0
1231188 880680 m2 0.0276652 -0.0896642 0.151335 0.000566482 0
1231188 579754 m2 0.0638326 -0.221165 0.102698 -0.0347844 0
1231188 815475 m2 0.027489 -0.0908435 0.152119 0.0444717 0
1231188 257375 m2 0.0259912 -0.205024 0.0211101 -0.0123396 0
1231188 887809 m2 0.0134802 0.143985 0.102355 0.019361 0
1231188 911438 m2 0.015022 0.206279 0.156048 -0.00937822 0
1231188 570412 m2 0.0496476 -0.226475 0.0989214 0 -0.0247972
1231188 454114 m2 0.0662996 -0.219312 0.104612 -0.0291426 0
1231188 106417 m2 0.0362115 -0.225861 -0.0402825 -0.0198501 0
1231188 808690 m2 0.0368282 0.140974 0.112972 0.0501279 0
1231188 353069 m2 0.0634361 -0.220474 0.101457 0 0.0737527
1231188 695633 m2 0.0455066 0.137502 0.112599 0.00573079 0
1231188 814252 m2 0.0194273 0.247013 0.173979 0 -0.0128317
1231188 253292 m2 0.0340529 -0.224314 0.0255017 -0.00275645 0
1231188 821056 m2 0.0340088 0.2654 0.200893 0 -0.0147219
1231188 543580 m2 0.0554626 -0.226732 0.0985908 -0.0110428 0
1231188 811150 m2 0.0197357 0.05494 0.123668 0.00992616 0
1231188 165028 m2 0.0745374 0.0284894 0.0426656 -0.0156466 0
1231188 917676 m2 0.0268722 -0.090288 0.149081 0 0.0381034
1231188 546441 m2 0.0270485 0.154379 0.103072 0 0.0390267
1231188 67935 m2 0.0309692 -0.053521 0.0303218 0.023964 0
1231188 88216 m2 0.0167401 -0.227765 -0.0371434 0.0106838 0
1231188 460424 m2 0.0481057 -0.0140194 0.0380031 0 0.057774
1231188 468510 m2 0.0709251 0.0587117 0.0405573 0 0.0106624
1231188 917675 m2 0.0262996 -0.0896321 0.150091 -0.0301861 0
1231188 770979 m2 0.0484141 -0.224941 0.0980579 0 -0.0257714
1231188 880021 m2 0.0145374 0.229008 0.160147 0.0386865 0
1231188 172824 m2 0.0463436 0.00570928 -0.055702 0.00127298 0
1231188 34941 m2 0.0361233 -0.22602 -0.0402341 0 -0.0363535
1231188 542307 m2 0.0653744 -0.217543 0.101536 0 -0.0305458
1231188 393433 m2 0.0163436 0.0139482 -0.0392498 0.10764 0
1231188 156038 m2 0.0529075 0.252771 0.265642 0 0.0603654
1231188 49146 m2 0.0225991 -0.106803 0.0221348 -0.0287202 0
1231188 880669 m2 0.0193392 0.200816 0.15164 0 -0.0376103
1231188 94405 m2 0.0132159 0.0958772 -0.112507 -0.0141392 0
1231188 274690 m2 0.0590749 -0.225087 0.100069 0.00849516 0
1231188 59111 m2 0.040837 -0.00422059 -0.0866964 -0.0365882 0
1231188 561404 m2 0.0428634 -0.0161929 0.0389456 0.00222533 0
1231188 544528 m2 0.0515419 -0.164472 0.0362019 0.0109592 0
1231188 757591 m2 0.0165639 -0.137722 0.0821736 0 0.0168928
1231188 554354 m2 0.112643 0.234172 0.21347 0.0760917 0
1231188 134779 m2 0.0325551 0.118599 -0.0502122 0.00713555 0
1231188 538877 m2 0.0638767 -0.219676 0.101344 0 0.000825479
1231188 213216 m2 0.0325551 0.118599 -0.0502122 -0.030334 0
1231188 651135 m2 0.0292952 -0.225956 0.0981098 0 -0.000231904
1231188 626699 m2 0.0775771 0.133139 0.113998 0.0476713 0
1231188 60060 m2 0.0170485 -0.0724293 -0.104283 0 -0.00456119
1231188 324066 m2 0.012467 0.173214 -0.0352558 0 -0.0694243
1231188 426106 m2 0.0257709 -0.20694 0.0276081 0 0.0491541
1231188 565075 m2 0.0120264 -0.173395 0.0227072 0.0191512 0
1231188 285920 m2 0.0475771 -0.0735365 0.0341599 0 0.0117904
1231188 243645 m2 0.0151101 -0.154499 0.0222069 0 0.0111906
1231188 425486 m2 0.0570925 -0.226056 0.0987439 0 0.0227551
1231188 292878 m2 0.0113656 -0.198699 0.0195688 0.0309172 0
1231188 8780 m2 0.0900441 0.0791929 -0.433852 -0.0201055 0
1231188 552367 m2 0.0148458 0.0238248 0.0244216 0 -0.0391666
1231188 775945 m2 0.0303965 0.168406 0.0290007 0 0.031783
1231188 388148 m2 0.0112335 -0.222599 -0.0360764 -0.0150192 0
1231188 72552 m2 0.0586344 -0.0378628 -0.0618483 -0.0657082 0
1231188 485174 m2 0.0707048 -0.216845 0.111135 0 -0.0207819
1231188 544851 m2 0.0155947 -0.0156785 0.0232917 -0.0800103 0
1231188 721125 m2 0.0584141 -0.226009 0.100349 0.00911313 0
1231188 438214 m2 0.0234361 -0.0613615 0.0268779 0 -0.0190669
1231188 92301 m2 0.0280176 0.125457 -0.144916 0.00279311 0
1231188 494970 m2 0.0565639 0.0179369 0.0401095 0.000639728 0
1231188 125221 m2 0.0621145 0.29985 0.0726029 0 -0.00251027
1231188 496568 m2 0.0512335 0.120408 0.0363901 0.0468093 0
1231188 894020 m2 0.0115859 0.108556 0.100899 0 0.0568794
1231188 45708 m2 0.0640088 0.33694 -0.0350047 0 -0.013063
1231188 248033 m2 0.0948018 -0.0428625 0.0462079 0 0.0012612
1231188 330986 m2 0.0471806 0.130303 0.0350671 0.0689796 0
1231188 33037 m2 0.0407489 -0.157321 -0.126802 -0.0126053 0
1231188 815761 m2 0.0661233 0.142025 0.109752 -0.030222 0
1231188 545147 m2 0.0171806 -0.112251 -0.0440086 -0.0088811 0
1231188 650469 m2 0.0587665 -0.22581 0.100561 -0.0238954 0
1231188 85415 m2 0.0361674 -0.225916 -0.0402294 -0.0739227 0
1231188 595087 m2 0.0522026 -0.212189 0.101256 0 0.0804901
1231188 459827 m2 0.0692952 0.0637927 0.0413294 0 -0.025746
1231188 842709 m2 0.026652 -0.222627 0.0895704 0 -0.0149917
1231188 142056 m2 0.0390749 0.0751083 -0.0552729 0.0280041 0
1231188 705071 m2 0.0488106 0.0232627 0.0388933 0 -0.00152205
1231188 169334 m2 0.0187225 -0.0084152 -0.0394454 -0.0301526 0
1231188 230697 m2 0.0923789 0.362274 0.323205 0.00684623 0
1231188 95930 m2 0.0261233 -0.2086 -0.0301244 0 0.025508
1231188 435759 m2 0.0129075 -0.189602 0.0181528 -0.0338998 0
1231188 842106 m2 0.0100881 -0.0538466 0.0579507 0.00695244 0
1231188 825264 m2 0.0288546 -0.227594 0.091502 0 0.0448659
1231188 439824 m2 0.0685903 -0.217838 0.106902 0 0.0568826
1231188 863589 m2 0.0154185 0.0763645 0.102735 0.00579463 0
1231188 655137 m2 0.0190749 0.169576 0.0283774 0.0401697 0
1231188 51658 m2 0.0492952 -0.125818 -0.122679 0 -0.0363032
1231188 908860 m2 0.0315859 0.168141 0.0291178 0.0399622 0
1231188 895240 m2 0.0142731 -0.220955 0.0895427 0.00799835 0
1231188 701457 m2 0.0194714 -0.194746 0.0969271 0 0.0352926
1231188 791074 m2 0.0198238 -0.0965816 0.0212178 0 0.0375192
1231188 568560 m2 0.0105286 -0.20968 0.0212504 0 -0.0275474
1231188 625444 m2 0.0637885 -0.219896 0.10142 -0.0619413 0
1231188 220556 m2 0.0622467 0.087186 0.0392121 0 -0.0151595
1231188 650789 m2 0.0640088 -0.222611 0.104595 -0.0493908 0
1231188 336509 m2 0.0254185 -0.20864 0.0215798 0 -0.0223403
1231188 504728 m2 0.0293392 -0.208105 -0.0395333 0 0.0434293
1231188 410905 m2 0.0546696 0.100896 0.0381804 -0.0348147 0
1231188 311988 m2 0.0196035 -0.209759 -0.0294273 -0.111949 0
1231188 575942 m2 0.0176211 0.118668 -0.0323155 0.0838457 0
1231188 612046 m2 0.062511 0.0867402 0.0391659 0 0.0426424
1231188 838274 m2 0.0178855 0.166629 0.0289676 -0.00692129 0
1231188 231316 m2 0.0556828 0.105961 0.0383142 0 -0.0679768
1231188 901101 m2 0.0151542 0.140262 0.0275527 0 -0.0471587
1231188 550207 m2 0.0291189 0.170731 0.0288482 0 0.0341164
1231188 554944 m2 0.0182379 -0.00484831 -0.0393536 0 0.00330394
1231188 197243 m2 0.0203524 0.0105916 -0.044056 -0.0136594 0
1231188 444141 m2 0.0122467 -0.189105 0.0180877 0 0.0534945
1231188 139770 m2 0.0303524 -0.214742 -0.097336 -0.068681 0
1231188 632805 m2 0.0612775 -0.22422 0.102276 0 -0.0272952
1231188 795921 m2 0.0262115 -0.0375237 0.0258116 0 0.00233162
1231188 150122 m2 0.0256828 0.168277 -0.120408 0 0.00325514
1231188 71578 m2 0.036652 -0.0860429 -0.10826 0 0.00472401
1231188 301659 m2 0.0173128 -0.206506 0.0207301 -0.0300922 0
1231188 485790 m2 0.0599559 0.0942599 0.0389769 0 0.0161534
1231188 45360 m2 0.0200881 -0.212894 -0.190146 0 0.0272993
1231188 618890 m2 0.0223348 -0.190178 0.0250786 0 0.0287975
1231188 888121 m2 0.0278855 -0.225449 0.0943492 0 0.038143
1231188 480436 m2 0.0167401 0.109985 -0.0289994 0 -0.0279215
1231188 564431 m2 0.0177093 -0.20613 -0.02859 0.0335138 0
1231188 712395 m2 0.0278414 -0.137463 0.0254518 -0.0161049 0
1231188 208150 m2 0.0272687 -0.145738 -0.113272 0 0.0171579
1231188 276488 m2 0.0362555 -0.182967 0.029115 0 0.0765468
1231188 401852 m2 0.0585903 0.0989168 0.0378461 -0.0365213 0
1231188 707522 m2 0.0213216 -0.209872 0.100745 0 -0.0568417
1231188 137270 m2 0.0134361 -0.190194 -0.0252289 0 -0.0131017
1231188 385066 m2 0.0207048 0.0706128 -0.0465817 0 -0.0179385
1231188 380051 m2 0.0318502 0.070052 -0.0460176 0.00166054 0
1231188 786312 m2 0.0156828 -0.225608 0.0946169 -0.0681733 0
1231188 282392 m2 0.0259912 -0.205024 0.0211101 -0.116524 0
1231188 477934 m2 0.01163 -0.174186 -0.0282277 0 -0.0224645
1231188 606692 m2 0.0278855 -0.188762 0.032017 -0.0237625 0
1231188 656742 m2 0.0374009 0.15754 0.032631 0.056547 0
1231188 378183 m2 0.0309251 0.00392317 -0.131377 0 -0.0939694
1231188 177495 m2 0.0174009 -0.153457 -0.0348828 0 -0.00234224
1231188 605429 m2 0.0179295 -0.203731 0.0202175 0 -0.0720829
1231188 143047 m2 0.0171366 0.123326 -0.0317169 0 0.0121895
1231188 881870 m2 0.0182379 0.0691205 0.0294311 0 0.00725379
1231188 128542 m2 0.0522467 0.276651 0.117819 0.0424845 0
1231188 618285 m2 0.0324229 0.0765011 0.0355484 0 -0.0167144
1231188 180661 m2 0.0318062 0.0924532 -0.0492235 0.0695361 0
1231188 258356 m2 0.0425551 0.266278 0.0955078 0 -0.0169045
1231188 732391 m2 0.0503524 -0.224314 0.0954047 0.0477607 0
1231188 432240 m2 0.0338767 0.0776661 -0.120991 0.0835746 0
1231188 373512 m2 0.0312335 0.168544 0.0290524 0.0490397 0
1231188 859604 m2 0.0177533 0.166455 0.0289509 0.0246808 0
1231188 793682 m2 0.027533 -0.223749 0.100214 0 0.0660373
1231188 876764 m2 0.0120264 0.136723 -0.0330901 0 0.0506562
1231188 841439 m2 0.020793 -0.21251 0.100759 0 -0.00438572
1231188 657634 m2 0.02163 0.168173 -0.109119 -0.0415112 0
1231188 830800 m2 0.0128634 0.0811668 -0.0437438 -0.0118908 0
1231188 351492 m2 0.0587225 0.425472 -0.179864 0 0.0532387
1231188 118309 m2 0.0574449 0.0952398 -0.142934 0.025871 0
1231188 482021 m2 0.0643172 -0.214356 0.109077 -0.111536 0
1231188 372255 m2 0.0214097 -0.208992 -0.0293031 0 0.0374122
1231188 860201 m2 0.0103084 -0.215203 0.0933757 0 0.00217449
1231188 466947 m2 0.025022 -0.220362 0.0238443 -0.0530222 0
1231188 186523 m2 0.0163436 0.0139482 -0.0392498 0 -0.0342132
1231188 183902 m2 0.0361674 -0.225916 -0.0402294 -0.0183141 0
1231188 182264 m2 0.0623348 0.0868963 0.0392388 0 -0.0366476
1231188 436955 m2 0.031674 0.0749869 -0.0462572 0.0903796 0
1231188 20484 m2 0.0619383 0.394958 -0.261117 0.0734769 0
1231188 854523 m2 0.010837 -0.014974 -0.0346575 0 0.0109289
1231188 352402 m2 0.0357269 0.160723 0.0318607 0.0725053 0
1231188 798699 m2 0.0552423 -0.226139 0.0970717 -0.00504025 0
1231188 252365 m2 0.0323348 0.113058 -0.0500194 0.0631893 0
1231188 798374 m2 0.014978 -0.0981028 0.0232471 -0.0770486 0
1231188 764679 m2 0.0222026 0.0361766 0.0293296 0 0.0038642
1231188 741197 m2 0.0217181 0.25539 -0.217908 0 -0.00593477
1231188 150412 m2 0.0185463 -0.0487847 -0.0902814 -0.0754385 0
1231188 204761 m2 0.0301762 -0.225612 0.0252552 0 -0.00658999
1231188 204760 m2 0.037489 0.0526398 -0.0507416 0.0430846 0
1231188 812013 m2 0.0101762 -0.187868 0.0179263 0 -0.00132488
1231188 370307 m2 0.0318062 -0.230274 -0.0382955 0 -0.00769048
1231188 152896 m2 0.0125551 -0.230544 -0.100733 0.0308433 0
1231188 135981 m2 0.0178414 -0.2081 -0.0788597 0 0.00467377
1231188 190307 m2 0.0318502 0.080675 -0.0472487 -0.00431503 0
1231188 34249 m2 0.0420264 -0.150289 -0.20493 0 -0.0563219
1231188 390848 m2 0.0217621 0.167984 -0.109363 0 -0.0740019
1231188 447587 m2 0.0207489 0.167244 0.028755 0.0174528 0
1231188 737090 m2 0.0103084 0.174119 0.0260175 0 0.00926846
1231188 603211 m2 0.015859 0.13265 -0.0323798 0 -0.00543345
1231188 886523 m2 0.0171806 0.0288422 0.0254062 0 -0.0111141
1231188 804567 m2 0.0167401 -0.0224822 -0.0450812 -0.0132764 0
1231188 835854 m2 0.0134361 -0.00125739 0.0203343 0.0197452 0
1231188 643180 m2 0.0157269 0.340966 -0.048642 -0.0774787 0
1231188 320629 m2 0.0228194 0.01461 -0.044149 -0.0286563 0
1231188 312905 m2 0.0248018 0.288595 -0.0615762 0 0.0594246
1231188 641943 m2 0.0172247 0.123379 -0.0332086 0.0437705 0
1231188 782863 m2 0.0270925 0.347141 -0.0935832 0 -0.0056169
1231188 152890 m2 0.02837 -0.219648 -0.0955536 0 -0.0177202
1231188 554622 m2 0.0153744 0.12393 -0.0606942 0 -0.0756879
1231188 494634 m2 0.0109251 -0.182517 0.0172693 0 0.00350085
1231188 367789 m2 0.0114097 0.116652 -0.0921566 0 0.00406355
1231188 174371 m2 0.0135242 -0.133997 -0.0321811 0 0.0208862
1231188 389962 m2 0.0318502 0.080675 -0.0472487 0 -0.0179422
1231188 755636 m2 0.0200441 -0.208164 0.0217784 0 -0.000161894
1231188 193769 m2 0.0305286 -0.222013 0.0244792 -0.0271907 0
1231188 134729 m2 0.0301322 -0.224891 -0.100397 0 0.0177755
1231188 584761 m2 0.0196916 -0.176991 0.0260742 -0.005411 0
1231188 100507 m2 0.09837 0.307628 -0.247991 0 -0.0128189
1231188 90398 m2 0.0523789 -0.216139 -0.124925 -0.0468053 0
1231188 818887 m2 0.0163877 -0.178859 0.019796 0 0.0342037
1231188 423325 m2 0.0123348 -0.124715 -0.0463943 0.00992788 0
1231188 260510 m2 0.066652 0.044377 -0.111115 0 0.0338988
1231188 111052 m2 0.0223348 -0.216933 -0.194801 0 -0.0327742
1231188 766556 m2 0.0103084 -0.166803 0.0192977 -0.00105984 0
1231188 49701 m2 0.109956 0.438783 -0.331815 -0.00241442 0
1231188 709982 m2 0.0512775 0.120375 0.0363892 0 0.00867585
1231188 262410 m2 0.0159471 0.209725 0.159785 0 0.032301
1231188 137925 m2 0.0138767 -0.179561 -0.0233023 0.0295614 0
1231188 51907 m2 0.0570925 -0.139231 -0.346818 -0.0329239 0
1231188 655099 m2 0.0169163 -0.00292005 -0.0373213 -0.0692399 0
1231188 584102 m2 0.0184141 -0.219488 -0.0883988 0 0.00268177
1231188 604464 m2 0.0255947 -0.205309 0.021109 -0.076468 0
1231188 316614 m2 0.0288987 0.123469 -0.146774 0.0466068 0
1231188 729188 m2 0.0238767 0.081002 -0.183118 0 -0.00109873
1231188 489711 m2 0.0137004 -0.00747316 -0.0769226 -0.0524408 0
1231188 681970 m2 0.0151542 -0.196186 -0.0263212 -0.0413525 0
1231188 326587 m2 0.0320705 -0.210565 0.0287959 0.00574523 0
1231188 528615 m2 0.0177974 -0.202904 0.0200804 -0.0015937 0
1231188 692989 m2 0.0144053 -0.104641 0.0184259 0 -0.0180152
1231188 478902 m2 0.0120264 -0.179036 -0.0232457 -0.0815103 0
1231188 166531 m2 0.0127313 -0.133012 -0.076246 -0.0613838 0
1231188 865479 m2 0.0251101 0.170389 0.0287308 0 -0.0228835
1231188 396219 m2 0.0447577 0.134936 0.0338204 0.0420083 0
1231188 81179 m2 0.0944493 0.355936 -0.355982 0.0843472 0
1231188 262404 m2 0.0439648 -0.000147901 -0.0538306 0.00572413 0
1231188 790434 m2 0.0546696 -0.226463 0.0977609 -0.0186356 0
1231188 223407 m2 0.0361674 -0.225916 -0.0402294 0.0293996 0
1231188 394952 m2 0.0359031 -0.155517 -0.101961 -0.00963627 0
1231188 62765 m2 0.0201762 -0.207255 -0.229379 0.0279912 0
1231188 235431 m2 0.0301762 -0.0434789 -0.0927907 -0.0802489 0
1231188 182579 m2 0.0256388 -0.147678 -0.0912216 0 -0.0420192
1231188 668420 m2 0.0403524 0.372271 -0.132648 0 -0.00762826
1231188 571846 m2 0.0139207 -0.177854 -0.0626845 -0.0851973 0
1231188 851004 m2 0.025859 0.165423 0.0288338 0 0.0425725
1231188 744311 m2 0.0132599 0.111684 -0.0967708 0 0.00661347
1231188 817594 m2 0.0134802 0.132281 -0.0322158 0 -0.0475669
1231188 379061 m2 0.012511 -0.176961 -0.0622711 -0.0154355 0
1231188 107241 m2 0.0411013 -0.08949 -0.357364 -0.0184582 0
1231188 404020 m2 0.0190308 -0.219131 0.0247819 0.00061623 0
1231188 299429 m2 0.0224229 0.166875 -0.110449 0 0.00385245
1231188 559832 m2 0.0217181 0.168048 -0.109282 0 0.0432582
1231188 690894 m2 0.0229515 -0.0193199 -0.0884812 0.0391028 0
1231188 394342 m2 0.0122467 -0.198732 -0.0268686 -0.0209375 0
1231188 657011 m2 0.0122467 -0.051735 -0.0561358 0.0141388 0
1231188 130341 m2 0.0609692 -0.101014 -0.379256 -0.0500081 0
1231188 764979 m2 0.0246696 0.0634306 -0.0469467 -0.0305428 0
1231188 494273 m2 0.0339207 -0.0798395 -0.18005 0 0.0309465
1231188 270066 m2 0.0460793 -0.194616 -0.125588 0 -0.0035825
1231188 565975 m2 0.013304 0.112211 -0.0933049 0.0309225 0
1231188 551707 m2 0.0220705 -0.0231666 -0.0907321 -0.0303264 0
1231188 313229 m2 0.0236564 -0.187725 -0.0379141 0 -0.0473028
1231188 705935 m2 0.0132159 0.130921 -0.0968658 0.0110979 0
1231188 659158 m2 0.011674 -0.204404 0.0203636 0.0389548 0
1231188 98896 m2 0.0869163 0.069288 -0.508213 0.0424739 0
1231188 694622 m2 0.0202643 0.0143641 -0.0441098 0 -0.0398531
1231188 232911 m2 0.0992511 0.345152 0.0159947 0.0341891 0
1231188 889020 m2 0.0107489 -0.0206134 0.0249052 0 0.0432099
1231188 791304 m2 0.0103524 -0.00385817 -0.0767103 0 -0.0243764
1231188 753131 m2 0.0120705 -0.126358 -0.0756616 -0.0419687 0
1231188 479860 m2 0.0321145 -0.230898 -0.0391339 -0.0103698 0
1231188 525820 m2 0.015022 -0.0120554 -0.0343866 -0.0133711 0
1231188 507257 m2 0.032511 0.0745504 -0.0536011 0.00180656 0
1231188 436329 m2 0.025815 -0.21797 -0.0324622 -0.0389169 0
1231188 337964 m2 0.0757709 0.363425 0.152797 0 0.0150871
1231188 391815 m2 0.014141 0.11598 -0.0960901 0.0559446 0
1231188 94934 m2 0.0335683 -0.199267 -0.295909 0.0205305 0
1231188 646653 m2 0.0580176 0.100472 0.0383322 0 0.0211896
1231188 644467 m2 0.0217181 0.0455818 -0.044882 0 0.00196559
1231188 278037 m2 0.0340969 -0.0374438 -0.0953199 -0.0107227 0
1231188 202804 m2 0.042467 -0.225399 -0.116591 0 0.000756374
1231188 493421 m2 0.0382819 0.353117 -0.110058 0.0694613 0
1231188 750055 m2 0.0520705 0.190268 -0.210875 -0.0409161 0
1231188 70544 m2 0.0507489 -0.131427 -0.391608 0 -0.0183977
1231188 319455 m2 0.0319824 -0.222204 -0.0402459 -0.000457566 0
1231188 767114 m2 0.0164758 -0.205133 -0.078935 0 0.00623838
1231188 199377 m2 0.0207048 -0.20489 -0.078969 -0.0382675 0
1231188 701963 m2 0.02 -0.220723 -0.0889818 0 -0.000796005
1231188 356208 m2 0.0128194 -0.163878 -0.0206871 0 -0.0273464
1231188 581346 m2 0.0285903 -0.131149 0.0241956 0 -0.0532387
1231188 440108 m2 0.023304 -0.218498 0.0229917 0 -0.022865
1231188 305668 m2 0.0213216 0.168566 -0.108512 0 -0.020101
1231188 319137 m2 0.025022 0.289503 -0.0613927 0 -0.00408366
1231188 771523 m2 0.0136123 0.111987 -0.094225 0 -0.0261803
1231188 664105 m2 0.0248018 -0.195287 -0.0388037 0 0.0064455
1231188 461579 m2 0.0344053 0.0949725 -0.127252 -0.0582063 0
1231188 74310 m2 0.0936564 0.000231185 -0.510843 0.0558975 0
1231188 465342 m2 0.0147137 -0.00476585 -0.0774076 0 0.00054307
1231188 159778 m2 0.0400881 -0.212325 -0.109622 0.00421196 0
1231188 295615 m2 0.130925 0.520005 -0.0169916 0 0.0276716
1231188 221120 m2 0.0995154 0.270212 -0.1746 0.0280041 0
1231188 178084 m2 0.0173568 -0.205765 -0.0774153 0 0.00646756
1231188 244557 m2 0.0255947 -0.19283 -0.0385009 -0.00368146 0
1231188 271591 m2 0.031674 0.112992 -0.127777 0 -0.0671612
1231188 680346 m2 0.0107048 -0.107211 -0.0286203 0 0.020744
1231188 834635 m2 0.0133921 -0.0118476 -0.0341595 0.0164441 0
1231188 464693 m2 0.028326 -0.0182211 -0.0999855 0 -0.00690905
1231188 401486 m2 0.032511 -0.228423 -0.104649 0.013595 0
1231188 188384 m2 0.0157709 -0.155088 -0.163728 0 -0.0707947
1231188 132182 m2 0.0359912 -0.195785 -0.30591 -0.00924781 0
1231188 859553 m2 0.0127313 -0.0534628 -0.0574991 0.0536377 0
1231188 89725 m2 0.0328634 -0.200364 -0.292761 0 -0.00645638
1231188 868257 m2 0.0146256 0.0970092 -0.108344 0 0.0142846
1231188 470990 m2 0.0126432 -0.20087 -0.02909 0 -0.0440348
1231188 563195 m2 0.0149339 -0.182471 -0.0238569 0.00848717 0
1231188 559148 m2 0.0169163 0.00632292 -0.128883 -0.0264328 0
1231188 84045 m2 0.0936564 0.000231185 -0.510843 0 0.0015042
1231188 475757 m2 0.0205286 0.100617 -0.111861 0.0313849 0
1231188 128480 m2 0.0569604 -0.141854 -0.343742 -0.0486729 0
1231188 808919 m2 0.0162115 -0.204629 -0.0345489 0.00505708 0
1231188 658837 m2 0.0155947 -0.204018 -0.03488 0 0.0243075
1231188 750676 m2 0.0345815 -0.0600455 0.0309202 0 0.0262579
1231188 744857 m2 0.0246256 0.0110243 -0.135024 -0.0204967 0
1231188 283007 m2 0.0226432 -0.164761 -0.0924275 0 -0.038822
1231188 859299 m2 0.0429515 0.136031 0.0339738 0 0.0128804
1231188 209685 m2 0.0655507 -0.176392 -0.404979 -0.0586623 0
1231188 524444 m2 0.0209251 -0.206208 -0.0798343 -0.0311848 0
1231188 202450 m2 0.0803084 0.141214 -0.296511 -0.00906743 0
1231188 843267 m2 0.0139207 -0.208574 0.0212342 0.0363487 0
1231188 729162 m2 0.015815 -0.196043 -0.0735015 0 0.000148068
1231188 289036 m2 0.0277533 0.0875953 -0.200854 0 -0.0594366
1231188 518525 m2 0.0243612 -0.147183 -0.0907093 -0.0148719 0
1231188 521945 m2 0.0373128 -0.0690021 -0.110469 0.00535775 0
1231188 430021 m2 0.0140529 -0.0545522 -0.0583202 0.0473361 0
1231188 624499 m2 0.015859 -0.223959 0.0243791 0.021404 0
1231188 545419 m2 0.0284141 -0.0308527 -0.0949648 -0.0119903 0
1231188 147555 m2 0.0251542 0.0336093 -0.429343 0.00737522 0
1231188 786270 m2 0.0108811 -0.108777 -0.0288714 0 -0.0235156
1231188 486032 m2 0.0448018 -0.220923 -0.11315 -0.0296388 0
1231188 236642 m2 0.110529 0.164191 -0.457993 -0.0494964 0
1231188 198096 m2 0.0232159 0.0652973 -0.187916 0 -0.00852682
1231188 111323 m2 0.0613216 0.239613 -0.257911 0 0.000671053
1231188 616342 m2 0.0232159 -0.0188669 -0.0888254 0.0501607 0
1231188 802329 m2 0.014185 -0.00609691 -0.0752926 0 -0.0162324
1231188 117881 m2 0.0698238 -0.0268268 -0.409232 0.0403611 0
1231188 479164 m2 0.0203524 0.275353 -0.223744 0 -0.0163045
1231188 521020 m2 0.0227753 -0.018919 -0.0882217 0.029116 0
1231188 739005 m2 0.0130396 0.117215 -0.095077 0 -0.0118946
1231188 454007 m2 0.104229 0.348883 -0.145127 0 -0.0653452
1231188 810402 m2 0.0136123 -0.1346 -0.0325425 -0.0166409 0
1231188 805177 m2 0.0109692 -0.113188 -0.0292307 0.0127034 0
1231188 129721 m2 0.0621145 0.456498 -0.237291 -0.0107781 0
1231188 205339 m2 0.0200881 -0.217723 -0.187795 0 -0.0149876
1231188 538802 m2 0.0184581 0.0124283 -0.0877941 -0.0488701 0
1231188 459150 m2 0.0260352 -0.209629 0.0217934 0 -0.00618586
1231188 201478 m2 0.0375771 -0.209296 -0.376494 0 -0.0538852
1231188 135326 m2 0.0198678 0.0799092 -0.210928 0.000652367 0
1231188 558183 m2 0.0337445 0.00598698 -0.128943 0 -0.0284214
1231188 428464 m2 0.0502643 -0.1275 -0.212465 -0.00599665 0
1231188 394912 m2 0.0177533 -0.096154 -0.148993 -0.0240983 0
1231188 339171 m2 0.0168722 0.171143 -0.109155 0 -0.0686402
1231188 193728 m2 0.0152863 -0.0555356 -0.0584275 0.0508499 0
1231188 336703 m2 0.0345815 0.0854699 -0.141579 0 -0.046086
1231188 375629 m2 0.028326 0.00633131 -0.128881 0 -0.0260945
1231188 743317 m2 0.0185463 -0.143357 -0.0885015 0.0184063 0
1231188 913480 m2 0.0111894 0.00767687 -0.128414 0 0.0368797
1231188 788156 m2 0.013304 0.172495 -0.0354265 0 0.041282
1231188 199636 m2 0.0672247 0.409807 -0.0840332 -0.00952046 0
1231188 473805 m2 0.0361233 -0.22602 -0.0402341 -0.0317026 0
1231188 252891 m2 0.0292952 -0.138706 -0.322394 0.016745 0
1231188 212803 m2 0.0382379 -0.0782641 -0.181902 0.0423205 0
1231188 571230 m2 0.0118062 -0.168978 -0.0705946 -0.0658375 0
1231188 250362 m2 0.0666079 -0.173136 -0.412821 0 -0.047351
1231188 174901 m2 0.0790749 0.0466712 -0.430264 0.0350732 0
1231188 205626 m2 0.023304 0.0704086 -0.192739 0 0.0117534
1231188 434105 m2 0.0212775 -0.217281 -0.0942364 0 -0.0503822
1231188 827654 m2 0.0185022 -0.215258 -0.0352969 0 -0.0276119
1231188 245463 m2 0.0157709 -0.155088 -0.163728 0 -0.0389003
1231188 330247 m2 0.0685903 0.446877 -0.247887 0 -0.0390732
1231188 418410 m2 0.0543172 -0.171387 -0.14449 0 -0.0184461
1231188 571228 m2 0.0271366 -0.200751 -0.103887 0 -0.00828519
1231188 386216 m2 0.0111013 0.118831 -0.091096 0 -0.0143126
1231188 533514 m2 0.0127313 -0.0975982 -0.132661 -0.0335036 0
1231188 557569 m2 0.0277974 -0.214686 -0.205262 -0.0828347 0
1231188 317198 m2 0.014141 -0.180472 -0.0639044 -0.0280283 0
1231188 823119 m2 0.0132599 -0.169193 -0.058731 0.0051968 0
1231188 488786 m2 0.0152423 -0.167314 -0.167791 0 -0.00746068
1231188 846622 m2 0.0154185 0.129956 -0.101121 0.0121673 0
1231188 548590 m2 0.0148018 -0.0027165 -0.0767333 0.0709812 0
1231188 360792 m2 0.0433921 0.367457 -0.138434 0 -0.0161117
1231188 725766 m2 0.0101762 -0.179675 -0.0233218 -0.0188307 0
1231188 276367 m2 0.0239207 0.0574658 -0.178994 0 -0.0122707
1231188 883405 m2 0.010837 -0.133474 -0.0318102 0 -0.0307671
1231188 773693 m2 0.0121586 0.127551 -0.20318 0 0.0176484
1231188 677786 m2 0.0257269 -0.164597 -0.101605 -0.0163653 0
1231188 557564 m2 0.0517621 0.365222 -0.279199 0.0683855 0
1231188 192403 m2 0.0201762 -0.207255 -0.229379 0 0.00301817
1231188 396448 m2 0.0143172 0.319725 -0.0455428 0 -0.00630961
1231188 766805 m2 0.0131718 0.00344105 -0.134364 0 -0.0260289
1231188 338549 m2 0.0137004 -0.215278 -0.195399 -0.0788574 0
1231188 230280 m2 0.0946696 0.099231 -0.4673 0 -0.0718854
1231188 362963 m2 0.0176211 -0.173417 -0.406509 0 -0.00392925
1231188 620620 m2 0.0564317 0.361187 -0.280299 0.0922317 0
1231188 374030 m2 0.0332599 -0.199641 -0.294542 0.0629744 0
1231188 247316 m2 0.075022 0.0207204 -0.433184 0 -0.0295743
1231188 512072 m2 0.0287225 0.155147 -0.255105 -0.0696741 0
1231188 190895 m2 0.0290308 0.130534 -0.261278 0.0216331 0
1231188 416731 m2 0.0200881 -0.217723 -0.187795 0 -0.0282859
1231188 751904 m2 0.013304 0.11178 -0.0967499 0 0.0115866
1231188 697406 m2 0.0244493 -0.0441179 -0.089161 0.0394065 0
1231188 757835 m2 0.0206167 0.00127231 -0.134164 0.0472593 0
1231188 256312 m2 0.0274009 0.193248 -0.277176 0 -0.0116926
1231188 488776 m2 0.0127313 -0.0979781 -0.131284 0 -0.0855181
1231188 238450 m2 0.0609251 0.446311 -0.233502 -0.0633078 0
1231188 860401 m2 0.0186344 0.239406 -0.248407 -0.00501526 0
1231188 371535 m2 0.0264317 0.0895118 -0.227667 0 -0.0177293
1231188 186410 m2 0.0985022 -0.0464276 -0.512853 -0.02262 0
1231188 750947 m2 0.0192511 -0.194864 -0.0918591 0 0.00887395
1231188 790394 m2 0.0159031 0.114942 -0.0297598 0.040852 0
1231188 182135 m2 0.0655507 -0.176392 -0.404979 -0.0653191 0
1231188 410807 m2 0.0660352 -0.0466311 -0.39404 0 -0.0217258
1231188 345559 m2 0.0457709 -0.111272 -0.412649 -0.075866 0
1231188 784000 m2 0.0165198 0.00683044 -0.12875 0 -0.0116728
1231188 636724 m2 0.0288987 0.344789 -0.259482 0 -0.0571127
1231188 261659 m2 0.0861233 0.0335578 -0.501504 0.00503692 0
1231188 251888 m2 0.0448018 -0.194261 -0.398072 -0.0503287 0
1231188 737727 m2 0.0159912 -0.00386006 -0.0359827 0.0409211 0
1231188 683756 m2 0.0162996 -0.0335047 -0.0908122 0 -0.0104397
1231188 442482 m2 0.0512335 0.351587 -0.27346 0.0670057 0
1231188 772459 m2 0.0117621 -0.176431 -0.0228037 -0.00298369 0
1231188 308712 m2 0.0620705 -0.157691 -0.41627 0 0.018215
1231188 425352 m2 0.0886784 0.339199 -0.274959 0 -0.0362305
1231188 743654 m2 0.0101762 -0.187753 -0.0673809 0 -0.0120843
1231188 461813 m2 0.0696476 0.457701 -0.160504 0.0605424 0
1231188 746364 m2 0.0130837 -0.166689 -0.0576074 0 0.0652204
1231188 359253 m2 0.0361674 0.186639 -0.298797 0 -0.131205
1231188 280114 m2 0.0312335 -0.211063 -0.363424 -0.0216663 0
1231188 388319 m2 0.0231718 -0.216769 -0.250047 -0.0376475 0
1231188 371526 m2 0.0125991 -0.0884157 -0.228816 -0.0380288 0
1231188 414844 m2 0.0488987 -0.0454187 -0.343966 -0.0104585 0
1231188 216277 m2 0.0814537 0.0475434 -0.482625 0.0593099 0
1231188 824018 m2 0.0132159 0.110983 -0.0956659 0 0.0128113
1231188 259137 m2 0.100573 -0.0371959 -0.514838 0 -0.0503798
1231188 509845 m2 0.0465198 -0.170987 -0.335443 0 -0.0871569
1231188 398595 m2 0.0533921 -0.110335 -0.410467 0 -0.0565715
1231188 320518 m2 0.0269604 -0.22029 -0.328131 -0.0326685 0
1231188 678074 m2 0.0414978 0.02069 -0.191364 0 -0.0294882
1231188 766789 m2 0.0290308 0.269431 -0.224467 -0.00484282 0
1231188 499946 m2 0.0309251 0.147309 -0.248435 0.0172687 0
1231188 386189 m2 0.07163 0.269989 -0.382332 0.122079 0
1231188 751583 m2 0.0194273 -0.203606 -0.0278889 0 -0.0218212
1231188 526966 m2 0.0511013 0.417342 -0.166491 0.0177246 0
1231188 346769 m2 0.0242291 0.0637137 -0.18465 0.00757847 0
1231188 655383 m2 0.0151982 -0.0133987 -0.0834099 -0.0146233 0
1231188 620596 m2 0.0344053 0.00337186 -0.131504 0.0456391 0
1231188 331490 m2 0.065815 -0.175499 -0.406479 0 -0.011808
1231188 305244 m2 0.0353304 0.354145 -0.227393 -0.00743786 0
1231188 342496 m2 0.0230837 -0.213835 -0.250049 0 -0.0143075
1231188 372456 m2 0.0566079 -0.150422 -0.398655 0 -0.0630562
1231188 561290 m2 0.0264317 0.186161 -0.250679 0 -0.0335711
1231188 632719 m2 0.0296916 0.00321867 -0.132463 0 0.0211614
1231188 418040 m2 0.0329515 0.00311109 -0.131631 0 -0.0226794
1231188 616957 m2 0.0174449 -0.167165 -0.174292 0.0757347 0
1231188 688668 m2 0.0130396 0.259609 -0.216417 -0.0122271 0
1231188 831399 m2 0.0111894 -0.0524941 -0.0566602 -0.0293303 0
1231188 624455 m2 0.0448018 -0.220923 -0.11315 0 -0.075384
1231188 433401 m2 0.0210132 -0.209045 -0.243454 -0.017031 0
1231188 757483 m2 0.0475771 0.308635 -0.219951 -0.00484091 0
1231188 375260 m2 0.0360793 -0.0855986 -0.371738 0 -0.0409195
1231188 445556 m2 0.0611894 -0.0979471 -0.3812 -0.079073 0
1231188 371140 m2 0.0223789 -0.213013 -0.239494 0 -0.0558229
1231188 726675 m2 0.0295154 0.26977 -0.221874 -0.00397034 0
1231188 446152 m2 0.0265198 -0.101347 -0.332977 0.0017157 0
1231188 387448 m2 0.03163 0.160953 -0.255381 0.0225772 0
1231188 916909 m2 0.0138326 -0.0981807 -0.134689 -0.0501516 0
1231188 772773 m2 0.0138326 -0.0989183 -0.133811 -0.136122 0
1231188 840717 m2 0.0157269 0.26499 -0.220597 -0.0223608 0
1231188 369285 m2 0.0298678 0.195434 -0.281025 -0.0104998 0
1231188 907216 m2 0.0102643 -0.101945 -0.130815 0.00291419 0
1231188 810359 m2 0.016696 -0.200738 -0.0741933 -0.0158997 0
1231188 572979 m2 0.0198238 -0.158278 -0.235527 -0.00289722 0
1231188 404846 m2 0.0601322 0.345683 -0.322997 0 0.00134036
1231188 554841 m2 0.0277093 0.197155 -0.295768 0.016447 0
1231188 818169 m2 0.0118502 -0.179811 -0.0635953 -0.0325036 0
1231188 633332 m2 0.0506167 -0.136157 -0.216699 0.038632 0
1231188 424470 m2 0.0660352 -0.0466311 -0.39404 0 -0.0714815
1231188 616284 m2 0.0261233 -0.219055 -0.281248 -0.0252988 0
1231188 441541 m2 0.0819824 0.483511 -0.154897 0.0256927 0
1231188 482515 m2 0.10326 0.490264 -0.298217 0.0495295 0
1231188 867898 m2 0.0139207 -0.0982846 -0.135002 0.0540651 0
1231188 700090 m2 0.0248018 0.0890485 -0.210158 0.0813434 0
1231188 391060 m2 0.079207 0.0540361 -0.479466 0 -0.0606759
1231188 455858 m2 0.0544934 -0.0793137 -0.316195 0 -0.0354062
1231188 422901 m2 0.0509251 -0.192868 -0.399914 0 -0.00346015
1231188 488129 m2 0.047533 -0.114612 -0.376942 -0.0374423 0
1231188 519392 m2 0.0705286 0.0340268 -0.461081 0.026034 0
1231188 526637 m2 0.0472687 -0.0966062 -0.378737 -0.0581444 0
1231188 467184 m2 0.0888546 0.368434 -0.25391 0.0777389 0
1231188 464272 m2 0.0168722 -0.208737 -0.2324 0 -0.0197978
1231188 523113 m2 0.0511454 -0.0765244 -0.399984 0.0222778 0
1231188 681885 m2 0.026652 0.115759 -0.239054 0.0392879 0
1231188 640050 m2 0.0262555 0.190719 -0.299549 0 -0.0576709
1231188 482493 m2 0.0295154 -0.214287 -0.352375 -0.0434116 0
1231188 464592 m2 0.0199119 -0.208233 -0.231782 0 -0.0452404
1231188 871373 m2 0.0137885 -0.0982223 -0.13452 0.0559695 0
1231188 599707 m2 0.0329956 0.194151 -0.294496 0.0105098 0
1231188 438083 m2 0.0362996 0.187606 -0.299557 0 -0.0872021
1231188 414512 m2 0.0694273 0.023755 -0.475367 0 -0.0512031
1231188 437754 m2 0.0796035 0.0399952 -0.482047 0 -0.0681897
1231188 508832 m2 0.0109251 -0.180017 -0.220431 0.0335119 0
1231188 603421 m2 0.0391189 -0.000803646 -0.366014 0 -0.0330032
1231188 768329 m2 0.030793 0.00616996 -0.128913 0 -0.0100245
1231188 649778 m2 0.0125551 -0.183892 -0.0655199 0 0.00466299
1231188 720079 m2 0.0123789 -0.0543505 -0.0575442 0 -0.0147649
1231188 802583 m2 0.017489 -0.0860218 -0.289561 0 0.00217183
1231188 567148 m2 0.0102643 0.0811662 -0.191155 0 0.0351485
1231188 692905 m2 0.0121586 -0.133463 -0.203416 0 -0.00415729
1231188 853154 m2 0.0249339 0.00205932 -0.133047 0 0.0270441
1231188 534083 m2 0.0814978 0.286176 -0.397266 0.0138654 0
1231188 508475 m2 0.0180617 0.184271 -0.247944 0 0.0133702
1231188 830086 m2 0.0143172 0.115451 -0.230776 0.0172746 0
1231188 512899 m2 0.0732159 -0.147995 -0.449415 0.00850113 0
1231188 600936 m2 0.0201762 -0.207255 -0.229379 0 -0.0485649
1231188 508479 m2 0.0321586 0.244328 -0.24961 0 -0.0592481
1231188 686451 m2 0.0603965 0.349288 -0.319857 0 0.0210398
1231188 770844 m2 0.0205727 -0.0819738 -0.349348 0 -0.0412452
1231188 465265 m2 0.0359912 0.185322 -0.297741 -0.0172075 0
1231188 473067 m2 0.031674 0.194365 -0.29969 -0.00338802 0
1231188 472464 m2 0.0409692 -0.0896402 -0.357577 0 0.0479711
1231188 729762 m2 0.0306608 0.30887 -0.273693 0.0585442 0
1231188 665851 m2 0.0320264 -0.155372 -0.27453 0 0.0293141
1231188 616934 m2 0.0291189 0.311375 -0.275463 -0.00751956 0
1231188 838850 m2 0.0111894 -0.15234 -0.0755756 0.0355963 0
1231188 627468 m2 0.0396916 -0.0800724 -0.420377 0 -0.00388634
1231188 503359 m2 0.0357269 0.189391 -0.299704 0 -0.0349365
1231188 568088 m2 0.0226432 -0.211802 -0.244891 -0.0287178 0
1231188 518154 m2 0.0326872 -0.201969 -0.29295 -0.0690272 0
1231188 648754 m2 0.0247137 -0.0986708 -0.256937 0.0255259 0
1231188 628375 m2 0.0157269 -0.21265 -0.243496 -0.0155991 0
1231188 835476 m2 0.0128634 -0.0966299 -0.134464 0 0.0922105
1231188 534044 m2 0.0600881 -0.188618 -0.403645 0.0383812 0
1231188 786219 m2 0.01163 -0.0988743 -0.133158 0 0.0135976
1231188 503364 m2 0.0281498 0.217832 -0.293211 0 -0.0540496
1231188 596855 m2 0.0411894 0.120474 -0.305943 0 -0.0913167
1231188 659079 m2 0.020793 0.172167 -0.240211 0 -0.00844521
1231188 766764 m2 0.0146256 -0.222981 -0.249097 0 0.0503014
1231188 558720 m2 0.0199119 -0.208233 -0.231782 0 -0.0560651
1231188 565882 m2 0.0373128 0.391172 -0.139226 0.0473037 0
1231188 704637 m2 0.0280176 0.188202 -0.262905 0.109297 0
1231188 590835 m2 0.0300441 -0.196576 -0.29335 0 -0.0334098
1231188 561570 m2 0.0199559 -0.2095 -0.2344 0 -0.0156868
1231188 694821 m2 0.0160352 0.187419 -0.266165 -0.0148393 0
1231188 613157 m2 0.0337445 0.191256 -0.296079 0 0.0273374
1231188 573946 m2 0.0131718 -0.0986155 -0.131225 -0.0394079 0
1231188 714466 m2 0.0279736 0.186287 -0.250384 0 0.0676763
1231188 753328 m2 0.013304 -0.0950617 -0.360672 0.0145123 0
1231188 857282 m2 0.013304 -0.105962 -0.353374 0 0.0441086
1231188 730367 m2 0.0304405 -0.0315017 -0.342371 0.0238929 0
1231188 594960 m2 0.0395595 0.338828 -0.283494 -0.0421812 0
1231188 582462 m2 0.023304 -0.216807 -0.252308 -0.0779446 0
1231188 636053 m2 0.0442291 0.00612996 -0.342776 0.0248673 0
1231188 812229 m2 0.0192511 0.273378 -0.223046 0 -0.0188696
1231188 643691 m2 0.0211894 -0.209995 -0.240894 0 -0.0576658
1231188 683047 m2 0.0188546 -0.213482 -0.276853 0.000233817 0
1231188 784256 m2 0.0136564 -0.0968282 -0.339462 0.0784506 0
1231188 679287 m2 0.040837 -0.0886377 -0.356767 0 -0.0318705
1231188 687372 m2 0.0295154 -0.0838593 -0.300556 0.0545524 0
1231188 793224 m2 0.0382819 -0.0667054 -0.296681 0 0.0353834
1231188 889515 m2 0.0104405 -0.0420002 -0.179595 0 -0.0577189
1231188 859761 m2 0.0212775 -0.0918704 -0.357653 0.0746763 0
1231188 769877 m2 0.0145374 -0.0840352 -0.349645 0 -0.0835764
1231188 686762 m2 0.0139648 -0.126392 -0.239358 0 -0.01193
1231188 749945 m2 0.0176211 -0.227235 -0.287338 0 -0.0302409
1231188 714516 m2 0.0130396 -0.0982254 -0.132139 -0.00163723 0
1231188 700991 m2 0.0112335 0.1622 -0.283894 0.00362687 0
1231188 701293 m2 0.0204846 -0.167941 -0.393617 0 0.00044685
1231188 700985 m2 0.0437885 -0.0965546 -0.36545 0 -0.0110249
1231188 814404 m2 0.0240529 0.0565094 -0.178848 0 -0.0109102
1231188 800098 m2 0.0140529 -0.106791 -0.33761 0.0123081 0
1231188 724694 m2 0.0324229 0.15987 -0.255578 -0.00913143 0
1231188 818763 m2 0.0297797 0.193088 -0.273086 -0.00126049 0
1231188 747238 m2 0.0277533 0.184457 -0.24889 -0.0263063 0
1231188 747247 m2 0.0132599 -0.20365 -0.244385 0 -0.00122617
1231188 834832 m2 0.0175771 -0.103331 -0.363156 -0.0135278 0
1231188 787741 m2 0.0114097 -0.111635 -0.317933 0 0.0420432
1231188 848394 m2 0.0245374 -0.0913324 -0.359123 -0.0162856 0
1231188 894808 m2 0.0180176 -0.0843416 -0.227468 0 0.0039904
1231188 857563 m2 0.0107048 -0.213487 -0.241428 0 0.00734465
1231188 865348 m2 0.0207048 -0.100574 -0.356941 -0.0201044 0
1231188 864726 m2 0.0103084 -0.225921 -0.222157 0 -0.102821
