seed mutID muttype p cor_sal cor_temp mutSalEffect mutTempEffect
1231197 3949 m2 0.1576 0.133546 0.630088 0 0.0375864
1231197 409362 m2 0.0221 -0.310622 0.298703 -0.0632636 0
1231197 628553 m2 0.03805 -0.316933 0.332135 0 0.00504423
1231197 763587 m2 0.0101 0.295828 0.334812 0 0.03302
1231197 430506 m2 0.0363 -0.435454 0.231654 -0.0404694 0
1231197 81010 m2 0.0366 -0.212113 -0.0801527 -0.0324528 0
1231197 574032 m2 0.0352 0.0621208 -0.060495 0.0105057 0
1231197 450514 m2 0.0135 0.00482586 0.349574 -0.0549767 0
1231197 724709 m2 0.01475 -0.118841 0.351867 -0.000268525 0
1231197 85672 m2 0.13335 0.408147 0.555598 0 -0.0129267
1231197 29240 m2 0.15945 -0.176991 -0.140543 0 -0.00150269
1231197 766662 m2 0.02235 -0.255796 0.265388 0.0221166 0
1231197 732876 m2 0.01225 0.348041 0.374639 -0.0231363 0
1231197 363550 m2 0.02005 0.0177396 0.398212 0.0572016 0
1231197 497126 m2 0.0112 0.298025 0.217218 -0.00612963 0
1231197 250445 m2 0.0445 0.430913 0.479429 0.0238433 0
1231197 149903 m2 0.16425 -0.500407 0.0715121 -0.0657729 0
1231197 740515 m2 0.01125 -0.280848 0.22311 0 0.0590004
1231197 767966 m2 0.01155 -0.227454 0.340296 0 -0.0244105
1231197 743046 m2 0.0149 -0.0774079 0.349706 0 0.00261495
1231197 706720 m2 0.04345 0.236547 0.454503 0.0387764 0
1231197 206782 m2 0.04245 -0.229149 0.305107 0 0.0564634
1231197 293313 m2 0.01155 0.0822071 0.321167 0 0.101277
1231197 3387 m2 0.23415 -0.157979 0.407304 0 0.0276261
1231197 17215 m2 0.0296 0.413731 -0.324305 0 -0.0125463
1231197 710027 m2 0.0311 0.0474132 0.521176 -0.027243 0
1231197 546067 m2 0.03395 0.16627 0.162025 0 -0.00542938
1231197 356367 m2 0.0906 -0.250064 0.310412 -0.0656375 0
1231197 346725 m2 0.02945 0.365199 0.352144 0.043682 0
1231197 290232 m2 0.0189 0.00923232 0.419272 0 0.0529782
1231197 165 m2 0.0113 -0.0208256 0.415826 -0.0368213 0
1231197 707847 m2 0.01685 0.281612 0.456424 0.00405296 0
1231197 397575 m2 0.0169 0.440418 0.273244 0.0533588 0
1231197 700364 m2 0.02675 0.0963542 0.410605 0.0661516 0
1231197 562566 m2 0.01065 0.30949 0.237395 0.0581079 0
1231197 226569 m2 0.04695 -0.073827 0.181827 -0.0471407 0
1231197 137708 m2 0.41555 0.908762 0.133265 0.0812545 0
1231197 475667 m2 0.06455 0.368882 0.569189 0.0561956 0
1231197 261587 m2 0.0851 0.0873577 0.57611 0.0198088 0
1231197 692857 m2 0.02065 0.322935 0.359481 0.0411679 0
1231197 3372 m2 0.0565 0.18723 0.579029 0 0.0328836
1231197 381175 m2 0.11935 0.1381 -0.135366 0.000402296 0
1231197 672586 m2 0.05025 -0.116449 0.486956 -0.000995742 0
1231197 324819 m2 0.0342 0.331899 0.429636 0.0567106 0
1231197 124789 m2 0.0772 -0.0728849 0.448392 0 0.0509604
1231197 721605 m2 0.01345 0.311867 0.418941 -0.100566 0
1231197 578763 m2 0.02875 -0.310387 0.342127 -0.0283936 0
1231197 329897 m2 0.0178 -0.300897 0.308354 0 0.0464559
1231197 712502 m2 0.01475 -0.313206 -0.0773588 0.028529 0
1231197 366620 m2 0.0479 -0.0708895 0.457505 -0.00179978 0
1231197 644617 m2 0.02145 0.373802 0.397757 -0.00711922 0
1231197 789594 m2 0.01265 -0.0658687 0.266134 -0.0380988 0
1231197 71699 m2 0.0239 0.162304 0.502827 0 0.0325014
1231197 284432 m2 0.0681 -0.000863371 0.515203 0 0.0278699
1231197 567999 m2 0.0225 -0.31124 0.180973 -0.0633741 0
1231197 641893 m2 0.0553 -0.272664 0.399926 0 0.0312521
1231197 15592 m2 0.1201 0.293007 0.333001 0.0286161 0
1231197 320212 m2 0.0326 -0.255905 -0.481096 -0.0133997 0
1231197 1634 m2 0.02965 0.255 -0.0793356 0.033899 0
1231197 636873 m2 0.01635 0.196825 0.406822 0.0527918 0
1231197 798615 m2 0.01455 0.177684 0.38942 0 -0.0159316
1231197 659127 m2 0.0114 0.286674 0.275371 -0.0123796 0
1231197 629959 m2 0.03235 0.22046 0.450651 0 0.0302817
1231197 366618 m2 0.03775 -0.243826 0.370467 0 0.0877055
1231197 401947 m2 0.04075 0.117123 -0.143936 0.0443346 0
1231197 143723 m2 0.0302 -0.0628008 0.290553 0 -0.00707044
1231197 271256 m2 0.1288 0.058769 0.459647 0 0.0161358
1231197 769611 m2 0.01215 0.012229 0.321476 0.00496256 0
1231197 679747 m2 0.0305 -0.240371 0.378148 -0.0243159 0
1231197 199833 m2 0.05125 0.118186 0.605846 0.0245883 0
1231197 357972 m2 0.0413 0.00217563 -0.0585981 0 0.0197621
1231197 584615 m2 0.01875 -0.185559 0.291304 -0.0251833 0
1231197 509221 m2 0.0282 -0.325842 0.351083 -0.0695119 0
1231197 530777 m2 0.01665 0.376675 0.303066 0.0130102 0
1231197 767157 m2 0.02315 0.325212 0.410782 -0.0110896 0
1231197 52061 m2 0.05985 0.475334 -0.22629 0 -0.0283476
1231197 494936 m2 0.02025 -0.0838855 0.347166 0 0.00196207
1231197 787442 m2 0.01115 0.0779964 0.274379 0 0.0238733
1231197 114930 m2 0.013 -0.0535942 -0.172114 0.0570592 0
1231197 709442 m2 0.0107 0.125627 0.294928 0 0.0456686
1231197 161037 m2 0.10395 -0.0389576 0.460395 0 0.0223729
1231197 533943 m2 0.0143 -0.268596 0.0137599 -0.0860721 0
1231197 601794 m2 0.0204 -0.11419 0.410871 0 -0.0204662
1231197 123978 m2 0.04185 0.165532 0.409159 0 0.0133359
1231197 331543 m2 0.0682 0.523012 0.260179 0.0592464 0
1231197 521918 m2 0.01865 0.147422 -0.139492 0.0591157 0
1231197 509804 m2 0.0908 0.420029 0.172015 0.00912219 0
1231197 626330 m2 0.0145 -0.220454 0.283635 0 -0.0328515
1231197 644327 m2 0.0362 -0.213155 0.392491 0 0.0171487
1231197 209863 m2 0.0387 0.141801 0.101502 0.0662829 0
1231197 513414 m2 0.11815 0.390023 0.54058 0.048612 0
1231197 464389 m2 0.0203 -0.313755 0.313727 0 0.016018
1231197 253209 m2 0.03005 0.433517 0.0622116 0 -0.0125938
1231197 629660 m2 0.01205 -0.301324 0.298579 -0.0415402 0
1231197 718599 m2 0.0372 -0.286552 0.361659 0 0.0327996
1231197 555097 m2 0.0195 -0.145998 0.380898 0.0195567 0
1231197 662176 m2 0.02785 -0.265438 0.148157 0 -0.000402116
1231197 179741 m2 0.2298 0.201451 0.650932 0 0.0279611
1231197 590806 m2 0.0263 -0.258509 0.342729 0 0.0296575
1231197 561191 m2 0.04315 -0.317224 0.352211 -0.0226512 0
1231197 7471 m2 0.032 0.336857 0.00569487 -0.0277375 0
1231197 264616 m2 0.01735 0.446541 -0.137878 0.00109896 0
1231197 285789 m2 0.1281 -0.200046 0.473401 0 0.0595279
1231197 147646 m2 0.32415 0.153918 0.22225 0.0316183 0
1231197 392971 m2 0.0657 -0.103984 0.384971 0 0.0315481
1231197 523001 m2 0.07655 0.367242 -0.511043 -0.00562824 0
1231197 537753 m2 0.0193 -0.212481 0.0606642 0 0.0482514
1231197 735089 m2 0.01785 0.283085 0.105543 -0.0243984 0
1231197 379748 m2 0.058 0.0381006 -0.491377 0.00728867 0
1231197 12252 m2 0.0469 -0.277793 0.385765 -0.0200539 0
1231197 232642 m2 0.102 -0.190358 0.261596 -0.00666135 0
1231197 469002 m2 0.0194 0.209042 0.206584 0.0493106 0
1231197 40781 m2 0.2986 -0.224196 0.290876 0 0.0109304
1231197 697010 m2 0.01915 -0.0390126 0.383388 0 -0.0177323
1231197 780369 m2 0.0111 -0.188177 0.293358 0.0297714 0
1231197 692841 m2 0.01095 -0.0135162 0.268933 0 0.0159487
1231197 480888 m2 0.0493 0.131575 0.550917 0.0421019 0
1231197 124763 m2 0.1184 -0.0390155 0.493391 0 0.0198789
1231197 365800 m2 0.0751 -0.110664 0.300627 0 0.044703
1231197 67639 m2 0.0767 0.212537 -0.6444 0 -0.0315008
1231197 281443 m2 0.17085 0.307414 0.470939 0 0.0368711
1231197 637185 m2 0.04245 -0.16163 0.445525 0 0.0343531
1231197 325627 m2 0.06395 0.0894627 0.528871 0 0.0492859
1231197 331263 m2 0.025 0.383854 0.312864 0 0.0721847
1231197 604750 m2 0.01475 -0.263269 0.049228 0 0.00159978
1231197 57256 m2 0.09355 -0.371141 0.254751 0 -0.000778992
1231197 334281 m2 0.0317 -0.34712 0.303135 -0.0253785 0
1231197 392196 m2 0.0163 0.430695 0.122685 0.0939202 0
1231197 90019 m2 0.0983 0.265174 0.494352 0.0123902 0
1231197 108033 m2 0.02255 0.181214 0.469974 0 0.033829
1231197 564714 m2 0.024 -0.227917 0.220562 0 -0.00975294
1231197 26965 m2 0.0515 -0.28424 0.371502 -0.00837108 0
1231197 683401 m2 0.02365 -0.0608895 0.343009 -0.0385734 0
1231197 372240 m2 0.02655 -0.0352468 -0.253534 0 0.00458057
1231197 636007 m2 0.0121 0.337758 0.24518 0.00205244 0
1231197 358515 m2 0.02065 -0.238594 -0.247515 0.0342314 0
1231197 395928 m2 0.10925 -0.189611 0.422434 0 0.0341022
1231197 241426 m2 0.113 0.0822257 0.0225023 0.0151862 0
1231197 447220 m2 0.03695 -0.362201 0.271345 0 -0.0457529
1231197 660465 m2 0.0267 -0.153299 0.369084 0.0172013 0
1231197 511703 m2 0.04595 -0.0958618 -0.0382833 -0.0218926 0
1231197 442250 m2 0.0191 -0.206103 0.327999 0 0.05432
1231197 216427 m2 0.023 0.124568 0.394541 -0.0453999 0
1231197 400516 m2 0.04635 0.164133 0.380504 0 0.0268005
1231197 435178 m2 0.0143 0.280798 0.399555 0.00996142 0
1231197 106638 m2 0.0431 -0.353979 0.315756 -0.0415497 0
1231197 582304 m2 0.0428 0.00458342 -0.133798 0 -0.012999
1231197 619908 m2 0.0136 -0.250075 0.252391 0 -0.0117278
1231197 699553 m2 0.01485 0.332229 -0.0142448 -0.00644463 0
1231197 232872 m2 0.12185 0.0189657 0.35617 0.0169125 0
1231197 238377 m2 0.0589 -0.249545 0.395283 -0.00171281 0
1231197 279737 m2 0.0517 -0.264128 -0.0216508 0 -0.0106032
1231197 654187 m2 0.02105 -0.150459 0.377656 -0.0219832 0
1231197 213466 m2 0.06275 0.514343 0.369486 0.0736607 0
1231197 521609 m2 0.0534 -0.31287 0.288463 -0.0178938 0
1231197 302863 m2 0.06835 -0.00822071 0.427479 0 0.0550492
1231197 555645 m2 0.0341 -0.00907824 0.0151419 0 0.000307928
1231197 472553 m2 0.0224 -0.209973 0.288398 0.0473565 0
1231197 244598 m2 0.03145 -0.157776 0.206158 0 0.076992
1231197 497337 m2 0.10105 0.171771 0.554525 0.0161809 0
1231197 34945 m2 0.0278 -0.289512 0.323795 -0.0340502 0
1231197 690177 m2 0.0505 -0.0184076 0.531053 0 0.0282208
1231197 501398 m2 0.0543 0.135864 0.106592 0 0.027117
1231197 447460 m2 0.04315 0.346229 0.46697 0 0.0416871
1231197 588025 m2 0.01315 -0.177703 0.256853 0 0.0131802
1231197 199523 m2 0.07935 -0.101404 0.317638 0 0.0101059
1231197 435443 m2 0.02595 -0.126175 0.32653 0 0.01002
1231197 808107 m2 0.01125 -0.00679841 0.281026 0 -0.0268767
1231197 391640 m2 0.1311 -0.0584464 0.58218 0 0.0404648
1231197 667023 m2 0.01695 0.217985 -0.478065 0 -0.0313733
1231197 165180 m2 0.14365 0.306367 -0.173599 -0.000846078 0
1231197 396181 m2 0.0846 0.476893 0.322812 -0.0200109 0
1231197 341632 m2 0.0232 0.0770039 -0.521329 0 0.0161299
1231197 523792 m2 0.0845 0.476293 0.319456 0.0425712 0
1231197 20666 m2 0.0822 0.434941 -0.204303 0.0382803 0
1231197 241147 m2 0.03025 -0.339889 0.136276 -0.0082315 0
1231197 117886 m2 0.15225 0.416148 -0.501755 0 0.0030764
1231197 768748 m2 0.0154 -0.173731 0.355105 -0.012022 0
1231197 331512 m2 0.14995 0.00566659 -0.063469 0 0.0217241
1231197 669431 m2 0.0147 0.411441 0.102294 0.0394388 0
1231197 664299 m2 0.0159 -0.307051 0.289318 -0.0878546 0
1231197 288236 m2 0.06085 -0.293693 -0.189358 -0.028693 0
1231197 522139 m2 0.01615 -0.131546 0.346094 0 0.0105862
1231197 402733 m2 0.01695 -0.29026 0.224434 -0.0640524 0
1231197 205614 m2 0.04325 0.407992 0.39655 0 0.00604529
1231197 459446 m2 0.04865 -0.210289 -0.184263 -0.0295545 0
1231197 697556 m2 0.0272 0.406919 0.382632 0 -0.0073286
1231197 585334 m2 0.01285 0.0220099 0.225375 0.0143841 0
1231197 596695 m2 0.0118 0.142514 0.258728 -0.0279149 0
1231197 743844 m2 0.01315 0.0416476 0.207857 0.00376646 0
1231197 615978 m2 0.0196 -0.0831596 0.303223 -0.0178806 0
1231197 182800 m2 0.07175 0.420532 0.520202 0.0224647 0
1231197 714402 m2 0.02455 -0.342907 0.184354 0.0432549 0
1231197 479722 m2 0.03525 0.338714 0.177992 0 -0.00715861
1231197 580394 m2 0.0213 -0.176521 -0.103282 0 -0.00794004
1231197 308686 m2 0.05995 -0.309263 0.352662 -0.0177242 0
1231197 608790 m2 0.07685 -0.2765 0.332927 -0.0176276 0
1231197 148941 m2 0.10165 0.374037 -0.143735 0.0161526 0
1231197 758886 m2 0.0123 0.202459 0.296192 0.0324797 0
1231197 691764 m2 0.0146 0.244905 0.276338 0 0.0232285
1231197 692264 m2 0.02695 0.312951 0.279816 0.0329062 0
1231197 642146 m2 0.0242 0.346835 0.380689 0.0378794 0
1231197 312200 m2 0.0161 0.0757339 0.437306 0 0.07683
1231197 264576 m2 0.0435 -0.188525 -0.186386 -0.0487153 0
1231197 496494 m2 0.0119 0.318524 0.330384 0 0.00131002
1231197 262101 m2 0.0231 0.324772 -0.183201 -0.00608602 0
1231197 232068 m2 0.05995 0.33989 0.018825 0.0185333 0
1231197 550646 m2 0.02985 0.128922 0.338791 0 -0.0360315
1231197 703890 m2 0.0165 -0.218714 0.357673 0 0.0398658
1231197 697816 m2 0.0316 0.254925 0.44992 0 0.101139
1231197 648491 m2 0.0129 -0.314804 0.299682 0 -0.0232303
1231197 667785 m2 0.01575 -0.12008 -0.0173403 -0.0269946 0
1231197 588553 m2 0.01895 -0.148514 0.120193 -0.00981122 0
1231197 676456 m2 0.0113 0.122772 0.229443 0 -0.0590655
1231197 701739 m2 0.011 0.0442692 0.280833 0 0.0436283
1231197 251746 m2 0.05275 -0.394014 -0.112151 -0.0172847 0
1231197 685279 m2 0.02365 -0.0906636 0.280285 -0.00389007 0
1231197 637701 m2 0.02225 -0.346372 -0.261223 -0.0436612 0
1231197 193987 m2 0.05025 0.569424 -0.139273 0.0629326 0
1231197 418084 m2 0.02645 -0.249808 0.419855 0 0.0268685
1231197 480273 m2 0.02455 -0.0412566 -0.423344 0.0244389 0
1231197 724650 m2 0.0123 -0.227072 0.117407 0 0.0158973
1231197 209268 m2 0.06415 -0.103628 -0.439492 -0.041927 0
1231197 547927 m2 0.0228 0.381174 0.348311 0 0.000310327
1231197 356596 m2 0.0214 0.0148909 0.345687 -0.00535414 0
1231197 365221 m2 0.02125 0.278712 -0.38712 0.00519011 0
1231197 295449 m2 0.0967 0.201721 0.401787 0 0.0264648
1231197 82279 m2 0.0992 -0.507449 0.514413 -0.0892708 0
1231197 317478 m2 0.10115 0.569022 0.262624 0.0651 0
1231197 237260 m2 0.0483 0.289276 0.449378 0.0339659 0
1231197 117525 m2 0.05925 0.474636 -0.307431 0.0558772 0
1231197 336482 m2 0.0306 -0.222546 0.178027 -0.0300604 0
1231197 120888 m2 0.1979 -0.109399 0.378978 -0.0320446 0
1231197 722701 m2 0.01385 0.286551 0.310105 0.0285066 0
1231197 281647 m2 0.0162 -0.20298 0.254371 0 0.00870566
1231197 410937 m2 0.0859 -0.212065 0.430246 0.0215244 0
1231197 361240 m2 0.0145 0.373097 0.449625 0 0.0103445
1231197 519634 m2 0.01555 0.291016 0.301108 0 0.0660937
1231197 706946 m2 0.0134 0.311739 0.133687 0 0.0229366
1231197 290706 m2 0.12185 0.181399 0.586461 0 -0.00611449
1231197 355792 m2 0.02025 -0.339407 0.0484455 0.00503833 0
1231197 712441 m2 0.0106 -0.172349 0.292349 0 0.0087041
1231197 288488 m2 0.06405 -0.122609 0.513166 0 0.0262989
1231197 730553 m2 0.0184 -0.314423 0.20498 -0.0664967 0
1231197 484694 m2 0.0551 0.428049 0.388169 0 -0.00296206
1231197 245941 m2 0.0565 0.202852 -0.602955 0.0399402 0
1231197 152976 m2 0.0979 0.102976 0.235461 0 0.00582568
1231197 313280 m2 0.15135 -0.198881 0.502066 0 0.0692527
1231197 691228 m2 0.02465 0.394291 0.401862 0.0528698 0
1231197 749386 m2 0.012 -0.114786 0.295606 -0.0904222 0
1231197 617897 m2 0.03955 -0.316431 0.297639 -0.0139885 0
1231197 258691 m2 0.2298 0.201997 0.651006 0 0.0188315
1231197 128471 m2 0.0323 -0.313337 0.281518 -0.0361632 0
1231197 270919 m2 0.02465 0.155824 0.139007 0 0.0650254
1231197 322038 m2 0.1005 0.357111 0.277259 0 0.0464257
1231197 174255 m2 0.02475 0.0115906 0.175003 -0.0140136 0
1231197 484939 m2 0.0103 0.299497 0.341573 0.019357 0
1231197 645944 m2 0.02455 0.123245 0.206012 0.0375626 0
1231197 429005 m2 0.14205 0.343168 0.18095 0.030872 0
1231197 66021 m2 0.021 0.239397 -0.425037 0 -0.00139222
1231197 506334 m2 0.06025 0.417154 0.445287 0.0220915 0
1231197 738264 m2 0.0178 0.210661 0.290721 0 0.0428596
1231197 9894 m2 0.07335 0.51508 -0.113295 0.0568861 0
1231197 673302 m2 0.0231 -0.143862 0.0539244 0.0524008 0
1231197 565487 m2 0.0509 0.399842 0.412126 0 0.00681028
1231197 235550 m2 0.01055 -0.121321 -0.251432 0 0.0088446
1231197 126536 m2 0.0478 -0.296472 -0.351455 -0.0545102 0
1231197 496472 m2 0.0284 0.105979 0.378481 0 0.0317254
1231197 400191 m2 0.0249 -0.352154 0.186256 -0.0788389 0
1231197 532109 m2 0.0129 -0.115108 0.115562 0 0.00903459
1231197 639709 m2 0.0202 -0.275717 0.221956 0 0.0245506
1231197 475291 m2 0.02115 0.265846 -0.275623 0.019104 0
1231197 510869 m2 0.0649 0.0594113 0.481081 0 0.0442661
1231197 57745 m2 0.04125 0.169878 0.0282742 0.0457658 0
1231197 140325 m2 0.0211 0.262266 0.0399998 0.0378661 0
1231197 756161 m2 0.01285 -0.0251678 0.294282 0 0.0220491
1231197 433417 m2 0.01225 0.357578 -0.0216274 -0.0704336 0
1231197 362366 m2 0.03445 -0.0751848 0.445231 -0.0742485 0
1231197 78696 m2 0.049 0.210358 0.443247 -0.0127139 0
1231197 725956 m2 0.0152 0.0252613 0.187459 0 -0.00966219
1231197 661545 m2 0.01125 -0.271069 -0.191183 0 -0.00835207
1231197 55242 m2 0.2163 -0.031577 -0.624319 0 -0.03373
1231197 553613 m2 0.0125 -0.015569 -0.32363 -0.0149154 0
1231197 753722 m2 0.01065 -0.138934 0.264097 0 0.0214773
1231197 507801 m2 0.01705 -0.235341 -0.137827 -0.0175357 0
1231197 561963 m2 0.0134 0.264515 0.286911 -0.00261132 0
1231197 678344 m2 0.0115 -0.072613 0.357494 0 -0.0234299
1231197 656039 m2 0.03835 -0.0738339 -0.580751 -0.00643194 0
1231197 566039 m2 0.0738 -0.25351 0.411735 0 0.0410691
1231197 617351 m2 0.01145 -0.139618 0.263467 0 0.0407546
1231197 384095 m2 0.1094 0.074513 0.0768687 0 0.0107341
1231197 133369 m2 0.0711 -0.377073 -0.269632 -0.0498223 0
1231197 498695 m2 0.0235 -0.00557193 0.23083 0 0.0100301
1231197 415309 m2 0.0909 0.165644 0.504791 0 0.0501432
1231197 204468 m2 0.08475 -0.183737 -0.491037 -0.00640309 0
1231197 28836 m2 0.0667 -0.351468 0.328088 -0.107616 0
1231197 511128 m2 0.0176 0.0166586 -0.484611 0.0191661 0
1231197 509442 m2 0.01055 -0.280242 0.279667 0 0.0210238
1231197 748820 m2 0.01825 -0.101123 0.332618 -0.0220166 0
1231197 791146 m2 0.0127 -0.0605909 0.137376 -0.0515349 0
1231197 617608 m2 0.0559 -0.143198 0.553677 0 -0.031334
1231197 82509 m2 0.0626 -0.316112 -0.362548 -0.0188126 0
1231197 467545 m2 0.07735 0.082664 0.264363 0.0176745 0
1231197 386352 m2 0.05225 -0.106154 0.0505806 0.00454543 0
1231197 292948 m2 0.01315 -0.131279 -0.232896 0 -0.00759667
1231197 342400 m2 0.0724 0.390325 0.468887 -0.00252478 0
1231197 526834 m2 0.0245 0.259885 0.300883 0.0560891 0
1231197 400740 m2 0.0161 0.133352 -0.18293 0 0.0489957
1231197 417303 m2 0.0214 0.322518 0.210858 0.0341086 0
1231197 485493 m2 0.0304 -0.367522 -0.193628 -0.013855 0
1231197 404678 m2 0.0224 0.303265 0.0954598 0 0.0477497
1231197 381615 m2 0.01765 0.0111173 -0.0384194 0.023015 0
1231197 80896 m2 0.02025 -0.145925 -0.124693 -0.0423243 0
1231197 211447 m2 0.16605 0.137988 0.714194 0 0.0419868
1231197 471682 m2 0.055 -0.339708 0.249172 0.0412216 0
1231197 555303 m2 0.0169 0.0524478 0.0720358 0.0252732 0
1231197 732258 m2 0.0207 0.195896 0.383456 0 -0.0236867
1231197 513631 m2 0.03165 0.117226 0.468127 -0.00521872 0
1231197 742115 m2 0.0126 0.189461 0.427388 -0.0922952 0
1231197 780296 m2 0.01535 0.24741 0.195391 0.0297735 0
1231197 150315 m2 0.10825 -0.374684 0.324271 -0.015541 0
1231197 767881 m2 0.01035 -0.270628 -0.0402808 0 -0.0676583
1231197 44239 m2 0.116 -0.168733 0.500823 0 0.0179874
1231197 386626 m2 0.01765 -0.238076 0.272793 0 0.0474126
1231197 506040 m2 0.0875 -0.350616 0.208557 -0.06147 0
1231197 758849 m2 0.0122 0.243044 0.153876 0.0421812 0
1231197 335876 m2 0.0195 0.501006 0.0332365 -0.0356473 0
1231197 175852 m2 0.0295 -0.236676 -0.119153 -0.018931 0
1231197 285689 m2 0.0673 0.0215929 0.456265 -0.0212623 0
1231197 773645 m2 0.01685 -0.11684 0.269166 0 0.00619428
1231197 621488 m2 0.0273 -0.312933 0.317279 0 0.027502
1231197 348571 m2 0.028 -0.33028 -0.174818 -0.0648984 0
1231197 651180 m2 0.0141 0.195673 0.391574 0.0141589 0
1231197 207523 m2 0.01555 0.354158 0.296953 -0.00824111 0
1231197 579773 m2 0.02645 -0.231312 0.207847 0 0.0112666
1231197 697209 m2 0.01815 -0.12129 0.125088 0 -0.0440731
1231197 247573 m2 0.0896 -0.0128483 0.103577 0 0.0566641
1231197 736906 m2 0.0185 0.261895 0.452899 0 -0.018368
1231197 211151 m2 0.02875 0.248233 0.123114 0.0419755 0
1231197 52435 m2 0.0501 0.027499 -0.182406 0 -0.0285055
1231197 705231 m2 0.0166 0.460104 -0.171814 -0.022873 0
1231197 237222 m2 0.03365 0.285361 0.036422 0.0496826 0
1231197 650340 m2 0.0406 -0.273288 0.0729803 0 0.0297686
1231197 124404 m2 0.01775 -0.192466 -0.00532532 0.0651862 0
1231197 137588 m2 0.047 0.200596 0.6206 0 0.0418128
1231197 706053 m2 0.0147 0.301084 0.108683 0.0406251 0
1231197 751551 m2 0.01645 -0.163736 -0.0104866 0 0.00602397
1231197 618432 m2 0.01385 0.303061 -0.115279 0.0508244 0
1231197 236944 m2 0.0676 0.022676 0.199007 -0.0254088 0
1231197 500722 m2 0.05165 -0.0453583 -0.328727 -0.0120089 0
1231197 309702 m2 0.08535 0.206358 -0.427963 0.0278522 0
1231197 166202 m2 0.0625 -0.271572 0.370209 -0.0876841 0
1231197 412554 m2 0.01755 -0.349574 0.22254 -0.0384372 0
1231197 102911 m2 0.03025 0.364213 0.416531 0.0956581 0
1231197 599161 m2 0.05985 0.485012 -0.321456 0.0414342 0
1231197 722929 m2 0.0314 -0.0826868 0.277977 0 -0.00273214
1231197 146720 m2 0.1007 0.00770593 -0.138019 0 -0.00941791
1231197 139746 m2 0.0498 -0.291472 -0.405236 -0.0537403 0
1231197 774184 m2 0.0107 -0.239035 0.0758253 0 0.0384272
1231197 654657 m2 0.0102 -0.0132472 0.442548 0.0810125 0
1231197 647001 m2 0.01065 0.0685679 -0.165392 0.0182732 0
1231197 660960 m2 0.023 -0.274716 0.345067 0 0.0320604
1231197 360899 m2 0.03285 0.327219 0.471599 0 0.00754991
1231197 635626 m2 0.09075 0.551889 0.377762 0.0697813 0
1231197 268610 m2 0.1855 -0.342006 -0.0742972 -0.0464868 0
1231197 694690 m2 0.0171 0.400321 -0.120629 -0.0406337 0
1231197 658202 m2 0.01415 0.0164655 -0.353782 0 0.0267164
1231197 298683 m2 0.025 0.309423 -0.302283 0 -0.00506821
1231197 771998 m2 0.01945 -0.133011 -0.0267208 -0.0395173 0
1231197 335595 m2 0.0141 -0.103909 0.0940791 0.00856251 0
1231197 313506 m2 0.0794 0.478114 -0.194172 0.0349861 0
1231197 333866 m2 0.03805 0.252516 0.341684 -0.000345879 0
1231197 389037 m2 0.05225 -0.178016 -0.450444 0 -0.0182261
1231197 447910 m2 0.0409 -0.206111 0.346053 0.0205262 0
1231197 728084 m2 0.01375 0.433392 0.173791 0.0894594 0
1231197 109548 m2 0.0851 0.166275 0.0949518 0.0238942 0
1231197 494034 m2 0.0118 0.00884088 -0.297433 0.04145 0
1231197 228671 m2 0.16095 0.0759007 -0.452844 -0.0334289 0
1231197 644498 m2 0.0331 -0.0868728 -0.329453 0 0.0442597
1231197 64586 m2 0.04855 -0.105282 -0.484781 0 -0.0394131
1231197 551363 m2 0.0279 0.122155 -0.507301 0.0604409 0
1231197 399601 m2 0.04945 0.310074 -0.128469 0.0608701 0
1231197 425371 m2 0.07935 -0.327007 0.338402 0 0.0307431
1231197 563491 m2 0.0396 -0.119715 0.35337 0 0.0130726
1231197 645634 m2 0.01515 0.162368 -0.0319251 -0.0133223 0
1231197 453021 m2 0.03 0.162119 -0.420307 0.0105333 0
1231197 769490 m2 0.0147 -0.205812 -0.133225 0 -0.0261473
1231197 146709 m2 0.1292 -0.068686 0.639311 0 0.0375741
1231197 86874 m2 0.05035 -0.198992 -0.464697 -0.023192 0
1231197 434521 m2 0.04915 -0.227151 0.510233 -0.0444498 0
1231197 538226 m2 0.0356 0.240987 -0.479362 0 -0.0114585
1231197 191939 m2 0.0934 -0.290417 -0.204448 0 -0.0016665
1231197 347982 m2 0.03105 0.0397438 -0.187089 0 -0.010449
1231197 559160 m2 0.02035 -0.348836 -0.0293273 0 0.00318324
1231197 764035 m2 0.01125 -0.0278639 -0.133945 0.0539874 0
1231197 627328 m2 0.01775 0.0497549 0.433931 0 0.0240696
1231197 290907 m2 0.0352 -0.233101 0.324924 0 -0.00786929
1231197 356526 m2 0.0547 -0.172675 -0.346206 -0.040404 0
1231197 640718 m2 0.0375 -0.349808 -0.0541994 -0.000445509 0
1231197 712375 m2 0.01485 -0.181266 0.379115 0 0.00245193
1231197 658187 m2 0.0269 -0.10552 -0.0549606 0 -0.00939356
1231197 613940 m2 0.02955 -0.0810895 -0.441177 0 -0.0176256
1231197 548957 m2 0.035 0.165934 0.518793 -0.0672346 0
1231197 43900 m2 0.1499 0.0647003 -0.504671 -0.00618207 0
1231197 712658 m2 0.0127 -0.0713102 0.138059 -0.00235293 0
1231197 785133 m2 0.01015 0.383902 0.189195 -0.0169217 0
1231197 790045 m2 0.01835 0.321584 -0.027088 0 0.0501603
1231197 480769 m2 0.0886 -0.277127 -0.72902 -0.000888325 0
1231197 532051 m2 0.0551 0.114815 0.516605 0 0.016463
1231197 28196 m2 0.0945 0.54134 -0.397923 0.0826294 0
1231197 465615 m2 0.0105 -0.33646 0.0611048 -0.0699258 0
1231197 558286 m2 0.02505 0.236349 0.0503712 0.0428939 0
1231197 469376 m2 0.04395 -0.186572 0.0629094 0.0122854 0
1231197 355478 m2 0.0204 -0.18794 0.304543 0 -0.0113982
1231197 565432 m2 0.02475 -0.0256537 -0.325286 0 -0.0183049
1231197 747931 m2 0.0158 -0.0512636 0.0760277 0 0.0616367
1231197 311544 m2 0.0162 0.218344 0.470485 0.00975333 0
1231197 521790 m2 0.023 -0.0851154 -0.273763 0 -0.0378521
1231197 682781 m2 0.0313 -0.0730758 0.309422 0 0.0162571
1231197 73167 m2 0.122 0.46991 -0.20297 0.0434417 0
1231197 743469 m2 0.0286 0.444947 -0.0923181 0 -0.0123843
1231197 267494 m2 0.12835 0.498244 0.101941 0.0583975 0
1231197 429477 m2 0.05645 -0.147286 -0.609285 0 -0.00530657
1231197 62383 m2 0.0767 -0.329578 0.0412658 0 -0.011715
1231197 450866 m2 0.02235 0.414752 0.222842 0 0.0184702
1231197 298653 m2 0.3043 0.247732 0.751864 0 0.0557139
1231197 544043 m2 0.02165 0.30046 -0.201821 0.0392188 0
1231197 236605 m2 0.07835 -0.37296 -0.354944 -0.127748 0
1231197 465074 m2 0.067 -0.137148 0.43552 0 0.0475476
1231197 492352 m2 0.03845 -0.348087 0.265909 0 0.048183
1231197 114237 m2 0.01355 0.133971 0.315346 0 0.0311546
1231197 79990 m2 0.0108 -0.297908 0.266532 -0.0591978 0
1231197 574732 m2 0.0138 -0.0168769 -0.0492297 0 0.0206042
1231197 419848 m2 0.01355 0.373843 -0.0827063 0.078167 0
1231197 676615 m2 0.0146 -0.275445 0.113698 0 -0.0147577
1231197 295646 m2 0.06175 0.359108 -0.164923 0.0354404 0
1231197 754982 m2 0.02865 -0.231029 -0.0233617 -0.0020243 0
1231197 536479 m2 0.03775 0.266301 0.101114 0.0322846 0
1231197 710430 m2 0.0165 0.0325348 -0.331287 0 0.01848
1231197 333580 m2 0.0547 0.117897 -0.559754 0 -0.0254056
1231197 251396 m2 0.0888 -0.214191 -0.506169 -0.0655358 0
1231197 785931 m2 0.01305 0.251867 -0.0432317 0.122873 0
1231197 576660 m2 0.0262 0.284376 -0.163774 0.0124346 0
1231197 121622 m2 0.2113 -0.274041 0.359046 -0.0160074 0
1231197 717339 m2 0.0137 -0.342072 0.202993 -0.0376997 0
1231197 565420 m2 0.067 -0.362612 -0.342649 -0.0570635 0
1231197 563456 m2 0.107 -0.345883 0.0332356 0 -0.0111584
1231197 701087 m2 0.0209 0.0348068 0.0839394 0.0612581 0
1231197 181575 m2 0.1487 0.0734233 -0.634385 0 0.0203835
1231197 714575 m2 0.02115 -0.0635029 -0.418196 0 -0.0188046
1231197 194428 m2 0.0341 0.205648 -0.18163 0 -0.010061
1231197 789725 m2 0.0133 0.20876 -0.135665 0 -0.0716253
1231197 126209 m2 0.1817 -0.277501 0.365042 -0.0581945 0
1231197 625930 m2 0.0152 -0.1064 0.304548 -0.0179771 0
1231197 288133 m2 0.0324 -0.264307 0.155877 -0.0353527 0
1231197 460474 m2 0.01665 -0.275585 -0.27752 -0.0729335 0
1231197 106737 m2 0.01465 0.382917 -0.36564 0.0300388 0
1231197 195263 m2 0.18675 0.551372 -0.401354 0.036749 0
1231197 583339 m2 0.0153 0.186078 0.253524 -0.0447229 0
1231197 191080 m2 0.12325 -0.0112803 0.515437 -0.0115282 0
1231197 773049 m2 0.0112 0.298375 -0.233016 0.0661822 0
1231197 481030 m2 0.06625 0.248943 0.0973029 0.00432992 0
1231197 511060 m2 0.0468 0.102929 0.439855 0.0129927 0
1231197 612270 m2 0.0301 -0.204144 0.208987 -0.00718195 0
1231197 770601 m2 0.0138 -0.282652 0.0668285 0.0166616 0
1231197 192477 m2 0.01635 0.00801167 -0.399489 0 0.0139822
1231197 781331 m2 0.01565 0.204293 -0.176404 0 0.0344484
1231197 438294 m2 0.012 -0.227822 -0.253876 -0.00445314 0
1231197 673785 m2 0.0163 0.185885 -0.293488 0.000199583 0
1231197 754970 m2 0.0166 -0.385508 -0.124672 -0.0312099 0
1231197 711478 m2 0.0176 -0.275898 -0.14561 0.00687141 0
1231197 341790 m2 0.024 -0.279741 -0.353431 -0.0107456 0
1231197 507122 m2 0.0116 -0.0213781 -0.3248 0.0138971 0
1231197 722605 m2 0.0222 -0.384401 -0.0508405 -0.0322304 0
1231197 212774 m2 0.08185 -0.391676 0.19426 -0.0125601 0
1231197 293663 m2 0.1203 0.037492 -0.615898 0 -0.0230386
1231197 281834 m2 0.03705 -0.222046 0.197825 -0.0371916 0
1231197 292599 m2 0.02525 0.0814632 0.0253039 0 0.0300549
1231197 631205 m2 0.0161 0.291923 0.00544798 0 -0.0596267
1231197 603541 m2 0.0107 -0.000741574 0.263954 0 -0.0254897
1231197 739520 m2 0.0113 -0.0331282 0.0803401 -0.0241452 0
1231197 30378 m2 0.14415 0.0639783 0.0721323 -0.00202616 0
1231197 653237 m2 0.02455 0.338494 -0.504473 0 -0.0368848
1231197 711203 m2 0.013 0.0456947 -0.361318 0 -0.070243
1231197 143845 m2 0.1738 0.42625 -0.479544 0.0217357 0
1231197 637617 m2 0.01175 0.0397808 -0.299122 -1.44253e-06 0
1231197 219484 m2 0.0164 -0.212551 -0.316038 0 -0.0575476
1231197 497479 m2 0.02325 0.0604934 -0.166072 0 -0.0193645
1231197 397408 m2 0.0174 0.286525 0.326111 0.0615252 0
1231197 89303 m2 0.01135 -0.111632 -0.186594 -0.023344 0
1231197 749014 m2 0.01015 0.222053 -0.107794 -0.039697 0
1231197 649210 m2 0.02945 0.0495688 -0.337448 0.0360144 0
1231197 485125 m2 0.0243 0.0191403 -0.452016 0 -0.0596363
1231197 538440 m2 0.0149 -0.249856 -0.122157 -0.0120297 0
1231197 699426 m2 0.03215 0.438339 -0.0500504 0.00951589 0
1231197 630105 m2 0.01835 0.409003 0.194779 0 0.0250505
1231197 572541 m2 0.0211 -0.179469 -0.259843 -0.0628258 0
1231197 716743 m2 0.0206 -0.147668 -0.00648138 0.0211821 0
1231197 173056 m2 0.0153 0.313949 0.0748821 0 -0.0185919
1231197 67214 m2 0.1004 -0.255636 -0.41476 -0.0281419 0
1231197 631430 m2 0.0362 0.413952 0.293606 0.0734854 0
1231197 472742 m2 0.01275 0.204451 0.477009 0 0.0103319
1231197 514907 m2 0.0444 -0.063854 0.330457 -0.0189068 0
1231197 648070 m2 0.0234 0.418873 0.143204 0.0210386 0
1231197 735742 m2 0.0136 0.295027 -0.282123 0 -0.036919
1231197 102831 m2 0.11285 -0.0245683 -0.677261 0 -0.0347346
1231197 755506 m2 0.01125 -0.187053 -0.0919333 0 0.0177215
1231197 502346 m2 0.01815 0.33303 -0.355212 -0.00331035 0
1231197 298096 m2 0.0111 0.233013 -0.331771 0 0.00982324
1231197 489057 m2 0.03555 -0.30949 0.0452188 0 -0.0301052
1231197 225875 m2 0.0992 -0.155218 0.349497 -0.0103888 0
1231197 574974 m2 0.0168 0.109162 -0.369468 0 -0.00043137
1231197 379330 m2 0.1049 -0.300209 0.210647 -0.0440934 0
1231197 688992 m2 0.0196 0.0312973 0.145999 0 0.0391666
1231197 586037 m2 0.02535 -0.358923 0.115426 0 -0.00655096
1231197 608428 m2 0.02805 0.254784 -0.4453 -0.0261495 0
1231197 65061 m2 0.0145 -0.104026 0.143104 0.00361703 0
1231197 432743 m2 0.0112 -0.137471 -0.302365 0 -0.0530924
1231197 59758 m2 0.12885 -0.0305095 -0.208343 0 -0.0163398
1231197 266387 m2 0.04185 -0.143218 -0.370583 -0.0691578 0
1231197 644983 m2 0.0231 -0.328139 -0.23899 -0.0442816 0
1231197 660031 m2 0.0134 -0.205652 -0.369735 0.0525244 0
1231197 368337 m2 0.0535 0.448946 0.147358 0.031986 0
1231197 528125 m2 0.02385 0.213002 -0.29812 0 -0.00130649
1231197 714277 m2 0.01245 0.0403263 0.158212 0 0.00521651
1231197 336588 m2 0.0152 0.142156 -0.267234 0.00706028 0
1231197 473842 m2 0.0472 -0.123247 -0.102524 -0.0175521 0
1231197 491741 m2 0.03875 0.0620596 -0.54995 0 -0.0490056
1231197 331941 m2 0.02775 0.119042 0.393628 0 -0.00111057
1231197 720635 m2 0.0188 0.280461 -0.0709007 0 0.0112112
1231197 121052 m2 0.02085 0.3705 0.36577 0.0254699 0
1231197 592506 m2 0.0109 -0.154936 -0.258089 0 0.00742142
1231197 82116 m2 0.06085 0.273739 -0.543786 0 -0.0351846
1231197 66937 m2 0.1313 -0.0360649 0.596714 0 0.0497456
1231197 430805 m2 0.02165 0.116651 -0.372805 0.0285345 0
1231197 558535 m2 0.02785 0.106222 -0.490361 0 -0.0504585
1231197 403718 m2 0.02925 -0.288484 -0.30467 -0.107812 0
1231197 129159 m2 0.03995 0.339388 -0.464812 -0.00057923 0
1231197 271618 m2 0.07065 -0.349736 -0.350546 -0.0388929 0
1231197 346808 m2 0.02825 -0.0572536 0.134267 0 -0.00275326
1231197 189381 m2 0.0484 -0.19468 -0.355308 -0.0479699 0
1231197 748995 m2 0.018 -0.267837 0.258587 0.00351011 0
1231197 550773 m2 0.04605 0.269037 -0.528373 0.0277973 0
1231197 269417 m2 0.10045 -0.467716 0.0354598 -0.0766968 0
1231197 664661 m2 0.01595 0.10854 -0.369668 -0.0306932 0
1231197 240432 m2 0.0578 0.31003 0.451363 0.0228245 0
1231197 347921 m2 0.0604 -0.28747 -0.175292 -0.00591725 0
1231197 659219 m2 0.0149 -0.0430598 -0.138223 0 0.0318245
1231197 517825 m2 0.0131 -0.0251414 0.292549 0 -0.000193575
1231197 363018 m2 0.11945 0.218218 -0.70492 0 -0.0363612
1231197 648927 m2 0.01275 -0.0840177 -0.362714 0 0.0246439
1231197 145773 m2 0.02235 -0.0677732 0.0454293 -0.0302991 0
1231197 762541 m2 0.01665 -0.183988 -0.306308 0 -0.00955767
1231197 748988 m2 0.0144 -0.152912 -0.27903 0.0588399 0
1231197 621411 m2 0.02255 -0.219167 -0.348083 0 -0.026686
1231197 495328 m2 0.08295 -0.153339 0.0153828 0 -0.00600182
1231197 674317 m2 0.0236 -0.275043 0.284282 -0.0199737 0
1231197 179268 m2 0.2595 -0.369813 -0.181797 -0.0665193 0
1231197 701598 m2 0.02065 0.238829 -0.0660199 0.00327615 0
1231197 634720 m2 0.04075 0.256212 -0.461262 0.066463 0
1231197 716721 m2 0.011 -0.127132 -0.0408572 0 0.0444314
1231197 593084 m2 0.0217 0.127669 -0.257136 0.0639153 0
1231197 227180 m2 0.02965 -0.337846 -0.110233 0 -0.0114883
1231197 167493 m2 0.11815 -0.121973 -0.382025 -0.00821346 0
1231197 723410 m2 0.0215 -0.146761 -0.205714 -0.022841 0
1231197 661150 m2 0.0228 -0.161685 0.192083 -0.00566018 0
1231197 512663 m2 0.02685 -0.226485 -0.193167 0 -0.000606596
1231197 298075 m2 0.0321 -0.305947 0.00539001 -0.0916116 0
1231197 715350 m2 0.01565 -0.270565 -0.325205 -0.00105492 0
1231197 170286 m2 0.08255 -0.0530129 -0.566359 0 -0.0484092
1231197 182364 m2 0.13385 -0.327022 -0.601089 0 -0.0106936
1231197 700752 m2 0.01385 0.196498 -0.416429 0.0208535 0
1231197 735469 m2 0.0192 -0.234864 -0.0295413 0 0.0366297
1231197 147722 m2 0.04155 -0.227245 -0.466623 0 0.00941323
1231197 372359 m2 0.02085 -0.111295 -0.222519 0.0164036 0
1231197 383997 m2 0.01585 -0.0254829 -0.447874 -0.0209941 0
1231197 661146 m2 0.0157 0.274145 -0.331679 0.0240914 0
1231197 329955 m2 0.0259 -0.259684 0.237708 -0.00679762 0
1231197 690033 m2 0.01205 -0.11362 0.114956 0.009906 0
1231197 199630 m2 0.10195 -0.123166 -0.519258 0 -0.0218763
1231197 700750 m2 0.0141 0.385125 -0.0637514 0 0.0382166
1231197 106444 m2 0.1111 0.236375 -0.341159 0 -0.0131903
1231197 772194 m2 0.01535 0.270166 -0.430235 0.0065934 0
1231197 175448 m2 0.14735 0.358194 -0.669743 0 -0.0323595
1231197 458204 m2 0.01695 -0.0571445 0.241402 -0.00591781 0
1231197 673743 m2 0.0139 -0.0831295 -0.0912506 0.0204102 0
1231197 483368 m2 0.0116 -0.101571 -0.256314 0.0135729 0
1231197 290577 m2 0.03135 -0.244992 -0.42899 -0.0335851 0
1231197 732429 m2 0.03105 -0.106191 -0.362991 0.00817805 0
1231197 254090 m2 0.116 0.00873118 -0.176606 -0.0375583 0
1231197 405151 m2 0.11735 0.0965983 -0.607855 0.00641839 0
1231197 120183 m2 0.01065 -0.197057 -0.400284 0.0225398 0
1231197 349045 m2 0.02805 0.228707 0.513785 0 0.0228345
1231197 710109 m2 0.0135 0.215281 -0.318921 -0.017661 0
1231197 128021 m2 0.12055 0.447083 -0.394037 0.0405566 0
1231197 425796 m2 0.0496 -0.155938 -0.297169 0.00462729 0
1231197 252993 m2 0.1454 -0.238518 -0.00806657 0 0.00239014
1231197 465002 m2 0.0245 -0.196307 -0.483427 -0.0350727 0
1231197 192418 m2 0.0451 0.246956 -0.477679 0 0.00906947
1231197 777613 m2 0.011 -0.234413 -0.376161 -0.0154452 0
1231197 480978 m2 0.1584 -0.191192 -0.0898539 -0.0330527 0
1231197 192417 m2 0.1616 0.056534 -0.455781 0.0110326 0
1231197 404879 m2 0.0874 -0.181604 -0.413187 0 0.00180137
1231197 287557 m2 0.12255 -0.239235 -0.587561 0 -0.0233241
1231197 392528 m2 0.0183 0.17465 -0.507649 0 -0.0138767
1231197 330793 m2 0.0128 -0.0492834 -0.472317 0 -0.0154058
1231197 337640 m2 0.08655 -0.149417 -0.576419 0 -0.0105821
1231197 442329 m2 0.0146 -0.296595 -0.182718 0 0.0168675
1231197 151110 m2 0.0387 0.120138 -0.0946212 0.0122823 0
1231197 135959 m2 0.06305 0.388615 -0.211921 0.0643964 0
1231197 128048 m2 0.0682 -0.139202 -0.458653 0.0358212 0
1231197 682708 m2 0.0297 -0.0677556 -0.533214 0 -0.0405545
1231197 202352 m2 0.0564 -0.122256 0.414986 -0.00235322 0
1231197 680084 m2 0.0103 0.223105 -0.464901 0.0250735 0
1231197 557975 m2 0.0138 -0.251155 0.15776 0 -0.0104509
1231197 200391 m2 0.05205 -0.387113 0.0499165 -0.0506034 0
1231197 533762 m2 0.0128 -0.0685521 -0.118093 0.0553227 0
1231197 429409 m2 0.0672 0.249047 -0.486856 0.0451992 0
1231197 317057 m2 0.012 0.174321 -0.443321 0.0638507 0
1231197 382078 m2 0.032 -0.290601 -0.335678 0 -0.0468383
1231197 557727 m2 0.02305 -0.0780087 0.164577 0 0.0191102
1231197 342527 m2 0.11065 -0.525018 -0.155113 -0.0842765 0
1231197 734095 m2 0.01955 -0.238137 -0.421344 0 0.033392
1231197 665172 m2 0.04045 -0.1901 -0.457856 -0.0534879 0
1231197 311748 m2 0.0706 -0.0283951 -0.436288 0 -0.00484984
1231197 626145 m2 0.01245 0.193586 -0.296007 0 -0.0147707
1231197 582129 m2 0.03755 0.545615 -0.193923 0.0304212 0
1231197 630050 m2 0.0421 0.368183 0.082036 0.0160191 0
1231197 631138 m2 0.0409 0.303044 -0.581518 0 -0.0323997
1231197 614131 m2 0.0136 -0.204163 -0.369543 0 0.0375959
1231197 730114 m2 0.02075 0.297882 -0.456818 0 -0.00703129
1231197 607310 m2 0.02455 0.363371 -0.468104 0 -0.0154538
1231197 718937 m2 0.01435 -0.0451822 -0.45429 0 -0.0282524
1231197 469613 m2 0.014 0.325285 -0.48509 0.0891458 0
1231197 660288 m2 0.0267 0.178187 0.057019 0 -0.0109846
1231197 421450 m2 0.03605 -0.101256 -0.560209 0 -0.0888062
1231197 178917 m2 0.0323 0.26525 -0.298634 0 0.000481783
1231197 207400 m2 0.0551 0.11607 -0.633779 0 -0.017846
1231197 529190 m2 0.01165 0.288038 0.347897 -0.00450353 0
1231197 393088 m2 0.06505 0.271673 -0.493121 0.0423997 0
1231197 271818 m2 0.13695 -0.0882989 0.307773 -0.0221849 0
1231197 359678 m2 0.0795 0.355394 0.541457 0.0548137 0
1231197 263070 m2 0.0234 -0.20086 -0.390006 0.0368133 0
1231197 347057 m2 0.0894 -0.268741 -0.424308 -0.0683033 0
1231197 655608 m2 0.0114 -0.304353 -0.273596 -0.012224 0
1231197 311986 m2 0.01315 0.0804525 -0.444055 0 -0.0578472
1231197 578850 m2 0.0198 0.448916 -0.215237 0.0671224 0
1231197 313410 m2 0.06175 0.57863 -0.144905 0.0377169 0
1231197 288896 m2 0.01555 -0.264764 0.191144 -0.00133342 0
1231197 732952 m2 0.0108 -0.208131 -0.384427 0 0.0306414
1231197 689181 m2 0.0103 -0.245602 -0.270722 -0.0469745 0
1231197 635817 m2 0.01065 -0.0653377 0.252514 0 0.059803
1231197 340092 m2 0.1428 0.00800621 0.601877 0 0.0236744
1231197 694011 m2 0.03885 0.175527 -0.512241 0 -0.0671741
1231197 547681 m2 0.01915 -0.125064 -0.198244 0 0.00203086
1231197 325188 m2 0.05175 -0.331621 -0.254405 0 -0.0192096
1231197 331600 m2 0.05705 0.245681 -0.295225 0.00877331 0
1231197 729622 m2 0.0231 -0.0175997 -0.549517 0.0665709 0
1231197 230485 m2 0.0386 -0.290161 -0.384188 0 -0.0515454
1231197 638688 m2 0.023 -0.227819 -0.276651 0 -0.0320646
1231197 365315 m2 0.0151 -0.121778 -0.361244 0 -0.0461878
1231197 585439 m2 0.01775 0.0223939 -0.30058 0 -0.0271307
1231197 422603 m2 0.0413 -0.137138 0.0220705 0 0.00996401
1231197 352848 m2 0.1014 -0.0861788 0.388884 0 0.0320767
1231197 486551 m2 0.0141 0.302259 -0.363166 0.0508656 0
1231197 611608 m2 0.0328 -0.186086 -0.475199 0 -0.0224751
1231197 453448 m2 0.02655 -0.340636 0.191946 0 0.0484861
1231197 746189 m2 0.0136 -0.272216 -0.298752 -0.00575525 0
1231197 479231 m2 0.09205 -0.229565 -0.407275 0 -0.0147956
1231197 656195 m2 0.01045 0.259339 -0.135963 0.0620129 0
1231197 597118 m2 0.0444 0.141426 -0.115174 0 -0.00969105
1231197 723934 m2 0.01335 0.328043 -0.401817 0 -0.0068503
1231197 703105 m2 0.01875 0.0155143 -0.426364 -0.00811147 0
1231197 384213 m2 0.02835 0.314573 -0.452033 0 -0.0699828
1231197 314804 m2 0.02 -0.287212 -0.158928 0 -0.0275928
1231197 697636 m2 0.0149 0.0905426 -0.301402 0.00881407 0
1231197 489002 m2 0.03645 -0.381443 -0.309003 -0.0300128 0
1231197 525325 m2 0.0228 0.313775 -0.281279 0.0230097 0
1231197 637000 m2 0.0249 0.0317686 -0.113509 0 0.000937755
1231197 455079 m2 0.0234 -0.221799 -0.292107 0 -0.0975306
1231197 357473 m2 0.1359 -0.254219 -0.139804 -0.0430829 0
1231197 284459 m2 0.01925 -0.340592 0.176775 0 -0.0277458
1231197 559324 m2 0.01415 -0.279226 -0.352425 0 -0.00221055
1231197 312321 m2 0.0119 0.227809 -0.0990394 0.0858608 0
1231197 288883 m2 0.12555 -0.269949 -0.469972 0 -0.0173595
1231197 554891 m2 0.0157 -0.144245 0.29685 0 0.027807
1231197 475450 m2 0.02325 0.30118 0.062346 0.0595705 0
1231197 589220 m2 0.03235 0.32836 -0.39021 0.0163304 0
1231197 267925 m2 0.1087 -0.0325035 -0.789534 0 -0.0586262
1231197 677359 m2 0.012 -0.167797 -0.00688891 0.0187723 0
1231197 668730 m2 0.01045 -0.260822 -0.17211 0 -0.000211652
1231197 371492 m2 0.0867 -0.417643 -0.19221 -0.0437008 0
1231197 263333 m2 0.129 0.459315 -0.377755 0.0641476 0
1231197 692915 m2 0.0238 0.216148 -0.455268 0 0.0539348
1231197 596243 m2 0.0325 0.227596 -0.114482 -0.0207999 0
1231197 607530 m2 0.0157 -0.294762 -0.25317 -0.0563274 0
1231197 609701 m2 0.03685 0.246857 -0.555338 0 -0.023884
1231197 435523 m2 0.0612 0.437761 -0.381705 0.0285935 0
1231197 274618 m2 0.04365 0.245482 -0.511514 0 -0.0267322
1231197 361330 m2 0.2416 0.0168623 -0.803491 0 -0.0717996
1231197 636937 m2 0.02905 -0.0142169 -0.364057 0 0.00900843
1231197 355376 m2 0.04315 -0.0693015 -0.437112 0 -0.00982691
1231197 728489 m2 0.0146 0.391968 -0.0815318 0 -0.0030425
1231197 486486 m2 0.01415 -0.0529834 0.289396 0 -0.0155888
1231197 732662 m2 0.01595 0.0334889 -0.531857 -0.0421866 0
1231197 545831 m2 0.01295 0.297876 -0.0327286 0.0255849 0
1231197 303235 m2 0.02025 0.44605 0.284398 0.0562202 0
1231197 292492 m2 0.13435 0.260761 0.489921 0 0.00278878
1231197 286416 m2 0.0565 0.00870281 0.571216 0 0.0345866
1231197 268759 m2 0.1431 0.35712 -0.677554 0.0484026 0
1231197 510127 m2 0.0418 -0.404794 -0.470427 0 -0.0121736
1231197 316441 m2 0.05015 -0.349818 0.242946 -0.0474643 0
1231197 441230 m2 0.09805 -0.276997 -0.411555 -0.0411714 0
1231197 668403 m2 0.01215 0.266009 0.0775906 0.0138225 0
1231197 692356 m2 0.02335 0.268692 -0.404507 0 0.0122642
1231197 371436 m2 0.02595 -0.122327 -0.205569 -0.011346 0
1231197 554025 m2 0.0382 -0.306224 -0.19559 -0.0629561 0
1231197 411047 m2 0.0265 0.209194 -0.38158 0.0308778 0
1231197 589211 m2 0.0217 0.396793 0.293518 -0.0498901 0
1231197 797893 m2 0.01015 -0.269959 -0.192549 -0.0502857 0
1231197 373957 m2 0.0449 -0.0403852 -0.528236 0 -0.0630026
1231197 566451 m2 0.0131 0.157125 -0.316121 0 0.0523171
1231197 413253 m2 0.0626 -0.132815 -0.570727 0 -0.00616308
1231197 568574 m2 0.02385 -0.187257 -0.422092 -0.0254682 0
1231197 784496 m2 0.0113 0.128736 -0.416003 0 -0.0342222
1231197 549348 m2 0.04745 -0.0519029 -0.26652 0 0.00954991
1231197 362448 m2 0.03295 0.252164 -0.599444 0.0144093 0
1231197 644647 m2 0.01275 -0.248668 0.112991 0 0.0264406
1231197 513983 m2 0.05625 0.467924 -0.568707 0.0507185 0
1231197 564218 m2 0.04895 -0.311439 -0.39967 -0.0476162 0
1231197 543647 m2 0.04795 0.403551 -0.37932 0.00991094 0
1231197 383379 m2 0.07685 -0.162138 -0.460829 -0.0184118 0
1231197 414298 m2 0.0368 0.149807 -0.471914 -0.0229605 0
1231197 438201 m2 0.0239 -0.198479 -0.359817 -0.00545673 0
1231197 441252 m2 0.0799 0.202066 -0.668942 0.0573655 0
1231197 640356 m2 0.0366 -0.0841203 -0.388583 0.0411708 0
1231197 516211 m2 0.0189 0.211331 -0.313095 -0.00143393 0
1231197 522787 m2 0.04035 -0.151051 -0.373237 -0.0609534 0
1231197 512345 m2 0.06675 -0.206712 -0.500785 0 -0.021218
1231197 580702 m2 0.05805 -0.2075 -0.420772 0.0064877 0
1231197 389754 m2 0.0108 -0.137619 0.276418 -0.00921561 0
1231197 649116 m2 0.0121 -0.200932 -0.35571 0 -0.0770693
1231197 648577 m2 0.0311 -0.371435 -0.112204 -0.00635887 0
1231197 645498 m2 0.03345 0.289457 -0.556962 0 -0.0553727
1231197 510951 m2 0.0103 -0.21566 -0.25578 0.0152572 0
1231197 409937 m2 0.01885 0.186584 -0.46451 0 -0.0237774
1231197 451308 m2 0.02235 -0.108953 -0.244451 -0.0279009 0
1231197 764714 m2 0.0122 -0.289494 -0.257108 0 0.0350699
1231197 524413 m2 0.02375 -0.329404 -0.152941 0 0.014716
1231197 581789 m2 0.0144 -0.0930128 -0.148853 0.00645557 0
1231197 489553 m2 0.0458 0.00127912 -0.385138 0.015578 0
1231197 412946 m2 0.0153 0.108882 0.0863536 -0.0233132 0
1231197 697315 m2 0.01535 -0.274584 -0.350861 -0.0468607 0
1231197 636923 m2 0.0197 -0.0473275 -0.416413 -0.0451066 0
1231197 666542 m2 0.05 0.339317 -0.375136 -0.0011394 0
1231197 524131 m2 0.01675 -0.100255 -0.392815 0 -0.0872737
1231197 740864 m2 0.01705 -0.155337 -0.381351 0 0.0096985
1231197 683473 m2 0.0223 0.0788119 -0.256195 -0.0180337 0
1231197 661078 m2 0.01315 0.1489 -0.446033 0 -0.0609718
1231197 626641 m2 0.0633 -0.225947 -0.667998 -0.00407848 0
1231197 658065 m2 0.0386 0.497116 -0.146959 0.0142976 0
1231197 643544 m2 0.01015 -0.212978 -0.250881 -0.00241441 0
1231197 605865 m2 0.0315 -0.0774681 0.00405345 0 -0.0515337
1231197 622955 m2 0.0148 0.199772 -0.25439 0.0127127 0
1231197 711952 m2 0.01965 -0.300472 -0.324048 0 -0.0796808
1231197 636972 m2 0.031 0.342627 0.297721 0 0.0248258
1231197 731518 m2 0.01065 -0.187595 -0.180678 0 -0.0397456
1231197 752534 m2 0.01145 0.302368 -0.142793 -0.00859008 0
1231197 685343 m2 0.02985 -0.00462421 -0.238727 -0.00685177 0
1231197 752507 m2 0.01525 0.0318795 -0.381315 0.0459228 0
1231197 757911 m2 0.03225 0.0583406 -0.490729 0 -0.0368094
1231197 695920 m2 0.01045 0.17805 -0.393348 -0.0191935 0
1231197 723633 m2 0.0188 0.327631 -0.490103 0.0446904 0
1231197 757073 m2 0.02035 -0.272654 -0.318151 0 -0.0633652
1231197 711381 m2 0.04765 -0.219231 -0.445472 0.0136096 0
1231197 704230 m2 0.0128 0.0522195 -0.267144 0.0228115 0
1231197 769098 m2 0.01315 0.0188687 -0.409945 0 -0.0217674
1231197 720833 m2 0.02685 -0.327941 -0.128833 -0.0308192 0
1231197 757373 m2 0.0317 -0.0718377 -0.472531 0 -0.00578429
1231197 738863 m2 0.01635 -0.239877 -0.313576 0 -0.00815419
1231197 758400 m2 0.01685 0.312212 -0.401707 0.0481729 0
1231197 802503 m2 0.01135 -0.147941 -0.342959 0 0.0355895
