// Initial random seed:
2016289519930

// RunInitializeCallbacks():
initializeTreeSeq();
initializeMutationRate(1e-10);
initializeSex("A");
initializeMutationType(2, 0.5, "f", 0);
initializeGenomicElementType(1, m2, 1);
initializeGenomicElement(g1, 0, 550000);
initializeRecombinationRate(c(1e-06, 0.5, 1e-06, 0.5, 1e-06, 0.5, 1e-06, 0.5, 1e-06, 0.5, 1e-06, 0.5, 1e-06, 0.5, 1e-06, 0.5, 1e-06, 0.5, 1e-06, 0.5, 1e-06, 0.5, 1e-06, 0.5, 1e-06, 0.5, 1e-06, 0.5, 1e-06, 0.5, 1e-06, 0.5, 1e-06, 0.5, 1e-06, 0.5, 1e-06, 0.5, 1e-06), c(50000, 50001, 100000, 100001, 150000, 150001, 200000, 200001, 250000, 250001, 300000, 300001, 350000, 350001, 400000, 400001, 450000, 450001, 500000, 500001, 550000, 550001, 600000, 600001, 650000, 650001, 700000, 700001, 750000, 750001, 800000, 800001, 850000, 850001, 900000, 900001, 950000, 950001, 1000000));

QTL DFE means: 
0 0

QTL DFE variance-covariance matrix: 
     [,0] [,1]
[0,]  0.4    0
[1,]    0  0.4

// Starting run at generation <start>:
1 

100:0.999986 0.999986 3.21965e-15 -0.000631344 8.3655e-05 -0.0612751 0.0874468 NAN NAN
200:0.999943 0.999943 1.93179e-14 -0.00108063 0.00034285 -0.204001 0.106761 NAN NAN
300:0.999816 0.999816 1.11022e-15 0.00329256 0.000286483 0.364843 -0.141811 NAN NAN
400:0.999962 0.999962 -1.76525e-14 2.2945e-05 1.11996e-05 0.0730781 0.146249 NAN NAN
500:0.999942 0.999942 1.86517e-14 -0.00176732 0.000171759 -0.202664 -0.0570552 NAN NAN
600:0.999923 0.999923 3.33067e-14 0.000759154 -0.000254351 0.167449 0.0305593 NAN NAN
700:0.999974 0.999974 6.66134e-16 -0.000245258 9.24314e-05 0.0974489 0.0474045 NAN NAN
800:0.999938 0.999938 1.37668e-14 0.000203608 -1.48658e-05 -0.14217 0.0110647 NAN NAN
900:0.999682 0.999682 1.16573e-14 -0.00134613 0.000583097 -0.26196 -0.00479479 NAN NAN
1000:0.999945 0.999945 -4.996e-15 -0.000877365 -0.000121519 -0.179417 -0.087284 NAN NAN
1100:0.998804 0.998799 5.18627e-06 -0.00108343 0.000663869 -0.0164362 0.129752 0.00342693 0.00948659
1200:0.995029 0.995036 -7.77051e-06 -0.000557147 0.000193993 -0.145683 0.0857315 -0.058317 0.0326693
1300:0.988367 0.988249 0.000118309 -0.00167804 0.000562561 0.219308 0.102391 0.0656741 0.00407592
1400:0.977624 0.977602 2.20714e-05 -0.000214527 0.000304045 0.105813 0.0804679 0.0163397 0.0140291
1500:0.961763 0.961561 0.000201535 6.46401e-06 0.00255045 0.0832773 0.188585 0.0122429 0.0415817
1600:0.939114 0.938254 0.000859783 0.000128861 0.008965 0.146558 0.297875 0.0373464 0.111202
1700:0.910322 0.901098 0.0092248 -0.0126908 0.0421809 0.312485 0.639748 0.286978 0.242902
1800:0.900379 0.813441 0.0869374 0.0493774 0.131041 0.730487 0.75114 0.663124 0.413956
1900:0.886677 0.681151 0.205526 0.166531 0.21917 0.873409 0.819185 0.818856 0.498343
2000:0.903341 0.506811 0.396529 0.0404314 0.279172 0.984051 0.830524 0.927829 0.567545
2100:0.904925 0.502489 0.402436 0.0318937 0.286819 0.988415 0.839818 0.931617 0.563441
2200:0.902569 0.506551 0.396018 0.0279785 0.289871 0.984652 0.830509 0.931043 0.58003
2300:0.901797 0.506897 0.3949 0.0289095 0.272544 0.987923 0.832703 0.932537 0.563442
2400:0.906211 0.505874 0.400338 0.0161755 0.29433 0.987806 0.825604 0.931541 0.602765
2500:0.902646 0.500532 0.402114 0.0251446 0.288044 0.986209 0.847767 0.933501 0.568565
2600:0.905863 0.504513 0.40135 0.0250588 0.280578 0.989764 0.845754 0.933542 0.554914
2700:0.911634 0.50437 0.407264 0.0157584 0.286204 0.987932 0.821764 0.941024 0.576787
2800:0.917542 0.496937 0.420605 0.0154043 0.314719 0.99235 0.841252 0.944978 0.613967
2900:0.917251 0.493634 0.423617 -0.00643214 0.313789 0.991845 0.844369 0.945519 0.618565
3000:0.910311 0.496781 0.41353 0.0151333 0.29531 0.988074 0.84546 0.943279 0.589237
