// Initial random seed:
4068535132608

// RunInitializeCallbacks():
initializeTreeSeq();
initializeMutationRate(1e-10);
initializeSex("A");
initializeMutationType(2, 0.5, "f", 0);
initializeGenomicElementType(1, m2, 1);
initializeGenomicElement(g1, 0, 550000);
initializeRecombinationRate(c(1e-06, 0.5, 1e-06, 0.5, 1e-06, 0.5, 1e-06, 0.5, 1e-06, 0.5, 1e-06, 0.5, 1e-06, 0.5, 1e-06, 0.5, 1e-06, 0.5, 1e-06, 0.5, 1e-06, 0.5, 1e-06, 0.5, 1e-06, 0.5, 1e-06, 0.5, 1e-06, 0.5, 1e-06, 0.5, 1e-06, 0.5, 1e-06, 0.5, 1e-06, 0.5, 1e-06), c(50000, 50001, 100000, 100001, 150000, 150001, 200000, 200001, 250000, 250001, 300000, 300001, 350000, 350001, 400000, 400001, 450000, 450001, 500000, 500001, 550000, 550001, 600000, 600001, 650000, 650001, 700000, 700001, 750000, 750001, 800000, 800001, 850000, 850001, 900000, 900001, 950000, 950001, 1000000));

QTL DFE means: 
0 0

QTL DFE variance-covariance matrix: 
     [,0] [,1]
[0,]  0.4    0
[1,]    0  0.4

// Starting run at generation <start>:
1 

100:0.999984 0.999984 8.88178e-15 0.000674106 -3.34532e-05 0.261993 0.0885802 NAN NAN
200:0.999818 0.999818 1.95399e-14 -0.00277559 -0.00014772 -0.0997598 0.00203396 NAN NAN
300:0.999896 0.999896 1.43219e-14 -9.2179e-05 5.69616e-05 0.0380558 -0.0115539 NAN NAN
400:0.99987 0.99987 -1.67644e-14 0.00308562 9.40015e-07 -0.0908401 0.0552289 NAN NAN
500:0.999855 0.999855 2.16493e-14 0.00329543 -0.000180124 0.0121495 -0.07582 NAN NAN
600:0.999926 0.999926 -1.9984e-15 -0.000109019 0.00016453 -0.0516865 -0.236181 NAN NAN
700:0.999923 0.999923 -1.92069e-14 0.00124807 -5.99103e-05 -0.0215576 0.112419 NAN NAN
800:0.999936 0.999936 3.21965e-15 0.000722218 3.33259e-06 -0.228102 -0.163149 NAN NAN
900:0.999967 0.999967 7.77156e-16 -0.00214672 -3.17985e-05 -0.317406 0.0111552 NAN NAN
1000:0.99988 0.99988 4.03011e-14 -0.00366303 0.000234768 -0.156576 0.15689 NAN NAN
1100:0.995572 0.995558 1.44485e-05 -0.00233823 2.74681e-05 0.0456612 0.143601 0.0163256 0.0143384
1200:0.982826 0.982257 0.000569127 -0.00270494 0.00188329 0.126674 0.298914 0.0588922 0.136086
1300:0.962875 0.960269 0.00260584 -0.00127094 0.00646334 0.205536 0.35279 0.0636147 0.279512
1400:0.942989 0.929645 0.013344 0.000389144 0.0289457 0.291278 0.635457 0.117273 0.550542
1500:0.927267 0.876639 0.0506276 0.00918627 0.10292 0.445802 0.774596 0.216736 0.637779
1600:0.915611 0.790492 0.125119 0.050417 0.136605 0.610643 0.899492 0.432978 0.77175
1700:0.910129 0.68292 0.227209 0.11621 0.132599 0.857615 0.975482 0.652261 0.887147
1800:0.889691 0.604635 0.285056 0.140772 0.146238 0.907083 0.981886 0.739124 0.921698
1900:0.859757 0.503707 0.35605 0.10914 0.155649 0.833036 0.984426 0.706883 0.936275
2000:0.796225 0.369058 0.427168 0.126725 0.157331 0.869716 0.986052 0.756382 0.945293
2100:0.85767 0.360624 0.497046 0.0383457 0.162815 0.965412 0.988318 0.857661 0.950367
2200:0.881545 0.351436 0.530109 -0.00448495 0.163836 0.984876 0.98786 0.890857 0.952595
2300:0.898327 0.350217 0.54811 -0.00670179 0.164823 0.986628 0.987868 0.91389 0.95224
2400:0.915208 0.345118 0.57009 -0.00406892 0.165535 0.987891 0.98792 0.937827 0.95341
2500:0.925308 0.339449 0.585859 0.000724264 0.160141 0.990216 0.988818 0.953872 0.9523
2600:0.928237 0.342277 0.585961 -0.000776806 0.164735 0.993483 0.986848 0.956309 0.951662
2700:0.925769 0.340237 0.585532 0.000811545 0.162227 0.994852 0.988038 0.95389 0.952242
2800:0.934277 0.340385 0.593892 -0.000138472 0.171062 0.993659 0.987944 0.961799 0.954925
2900:0.933815 0.340292 0.593523 -0.00821783 0.164084 0.995062 0.987523 0.962188 0.953803
3000:0.93315 0.340651 0.592499 -0.00407979 0.168803 0.995297 0.988084 0.960315 0.954735
