seed mutID muttype p cor_sal cor_temp mutSalEffect mutTempEffect
1231112 1546 m2 0.4198 0.0104239 0.883517 0 0.394722
1231112 1608 m2 0.2033 -0.0078844 -0.709764 0 -0.598977
1231112 1895 m2 0.17335 -0.249105 0.694595 -0.19676 0
1231112 2109 m2 0.18675 0.437292 0.631883 0.473269 0
1231112 2482 m2 0.17345 0.00818784 -0.679447 0 0.17468
1231112 2248 m2 0.0135 -0.226934 0.107453 -0.570578 0
1231112 2117 m2 0.3208 0.563837 -0.557419 0.651937 0
1231112 2254 m2 0.3539 -0.00275564 -0.0269957 0 -0.191592
1231112 2284 m2 0.59895 0.000729516 -0.852803 -0.252127 0
