seed mutID muttype p cor_sal cor_temp mutSalEffect mutTempEffect
1231202 31552 m2 0.07895 -0.148142 0.612355 -0.0737208 0
1231202 521642 m2 0.0111 0.0221636 0.552747 0.0291478 0
1231202 520251 m2 0.0312 -0.117303 0.556199 -0.057535 0
1231202 377301 m2 0.19025 0.0153002 0.805976 0 -0.00923835
1231202 300700 m2 0.03665 -0.0586544 0.570434 0 0.0431228
1231202 315149 m2 0.1098 0.0113186 0.663615 0 0.0442919
1231202 372868 m2 0.01325 0.251785 0.303264 0.0587337 0
1231202 658223 m2 0.01795 -0.0329011 0.485352 0 0.0284567
1231202 478233 m2 0.1082 0.0486558 0.812957 0.0548326 0
1231202 779208 m2 0.01005 0.0157837 0.474517 0.0361033 0
1231202 593802 m2 0.0152 -0.0491094 0.51376 0 0.0223893
1231202 425621 m2 0.0103 -0.0156417 0.568316 0 0.0205194
1231202 335443 m2 0.0278 0.00992943 0.528182 -0.0249239 0
1231202 636448 m2 0.03775 0.118451 0.674677 0.0224989 0
1231202 458956 m2 0.0288 0.422127 0.550661 0.107586 0
1231202 188392 m2 0.04605 -0.0230999 0.678707 0 -0.0416145
1231202 645037 m2 0.01565 0.196577 0.60114 0.0484008 0
1231202 534405 m2 0.0386 -0.105195 0.50868 0 -0.0470072
1231202 514990 m2 0.0874 -0.00649656 0.749087 0 -0.0442424
1231202 266695 m2 0.13615 0.0163634 0.691008 0 0.0556957
1231202 251789 m2 0.17465 0.00289034 0.760789 0 0.181729
1231202 739699 m2 0.02035 -0.0180212 0.568863 -0.0529788 0
1231202 494053 m2 0.01065 -0.0155013 0.285822 0 0.0775224
1231202 610030 m2 0.02525 -0.0177527 0.531269 -0.00989678 0
1231202 348119 m2 0.0433 -0.126106 0.58692 -0.0147511 0
1231202 391076 m2 0.0778 -0.168926 0.649749 -0.0198263 0
1231202 459730 m2 0.07265 0.163919 0.671511 0.0605514 0
1231202 54529 m2 0.0893 -0.00765687 0.522925 0 0.0418296
1231202 58136 m2 0.034 0.167419 0.521487 0 0.0540618
1231202 299216 m2 0.106 -0.0859015 0.669955 -0.0445043 0
1231202 372861 m2 0.07235 -0.0733791 0.535592 -0.0135364 0
1231202 358413 m2 0.0114 0.203751 0.570801 0.0136509 0
1231202 717604 m2 0.05585 -0.00897452 0.734578 -0.0501552 0
1231202 348114 m2 0.0352 -0.0577161 0.583329 0 0.0150647
1231202 508610 m2 0.0488 -0.0123314 0.572604 0.00225302 0
1231202 246933 m2 0.0479 0.0418718 0.375762 0.0542496 0
1231202 432669 m2 0.0228 0.125862 0.621867 0.0505637 0
1231202 410105 m2 0.01155 0.181635 0.51028 0 0.00493498
1231202 215914 m2 0.06305 -0.0787076 0.376653 -0.0341246 0
1231202 274577 m2 0.0188 -0.0530617 0.603478 0 0.0332739
1231202 360815 m2 0.03885 0.0710115 0.596955 0 0.0125208
1231202 480987 m2 0.03225 0.0134476 0.382164 0 0.0589272
1231202 4671 m2 0.05155 0.0597069 0.655558 0 -0.0429009
1231202 278405 m2 0.0862 -0.00188002 0.783466 -0.0296325 0
1231202 764376 m2 0.0203 -0.0823709 0.54482 0 0.0506891
1231202 718719 m2 0.03545 0.146119 0.591689 0 -0.0564706
1231202 163771 m2 0.0356 0.12785 0.771635 0 0.0542866
1231202 682997 m2 0.01605 -0.139652 0.599551 0 -0.0221769
1231202 364947 m2 0.102 0.123115 0.758979 0.045681 0
1231202 507537 m2 0.0469 -0.0530108 0.54769 0 0.00470211
1231202 571825 m2 0.03775 -0.095061 0.733807 0.00612372 0
1231202 739140 m2 0.0135 0.0728454 0.534497 0 -0.00502758
1231202 751822 m2 0.01155 -0.0242977 0.428213 0.0586272 0
1231202 192198 m2 0.0204 -0.0865523 0.656136 -0.0239996 0
1231202 539043 m2 0.0136 -0.0573016 0.630915 -0.046965 0
1231202 734400 m2 0.0163 0.0939996 0.623217 0 -0.0269189
1231202 703893 m2 0.0136 0.0924759 0.470856 -0.038089 0
1231202 708777 m2 0.0226 0.227311 0.511754 0 0.00287556
1231202 607360 m2 0.0277 -0.127115 0.666747 0 -0.0200304
1231202 673356 m2 0.0273 -0.128832 0.47168 -0.0457311 0
1231202 678812 m2 0.01755 -0.0390207 0.625891 -0.0577523 0
1231202 533022 m2 0.0116 -0.158119 0.439781 -0.0860329 0
1231202 622166 m2 0.02005 -0.00726835 0.540796 0 -0.0459157
1231202 379295 m2 0.0164 0.148661 0.3162 -0.0312844 0
1231202 465018 m2 0.0217 0.218104 0.330201 0.132195 0
1231202 371553 m2 0.0265 -0.0982401 0.510068 -0.0108533 0
1231202 394033 m2 0.0645 0.254954 0.656821 0.0511081 0
1231202 737172 m2 0.03285 -0.111378 0.485048 0 -0.0142046
1231202 637863 m2 0.01405 -0.146446 0.450093 -0.0635851 0
1231202 36413 m2 0.06025 -0.133412 0.783378 -0.0401716 0
1231202 574789 m2 0.0239 0.0696548 0.556774 0 0.0365128
1231202 521622 m2 0.06325 -0.0698111 0.668065 0.0126345 0
1231202 117015 m2 0.01765 0.0259574 0.683364 0.0142064 0
1231202 352297 m2 0.01095 -0.0348884 0.356742 0 0.059211
1231202 431595 m2 0.07575 0.0177966 0.70729 0.0474406 0
1231202 508283 m2 0.01035 -0.0275222 0.189179 -0.0446953 0
1231202 362739 m2 0.0362 -0.0339585 0.600387 -0.059228 0
1231202 326109 m2 0.02685 0.0686719 0.562632 0 0.0737247
1231202 725792 m2 0.01055 0.107929 0.589569 0.00140647 0
1231202 534099 m2 0.03085 0.0571168 0.592352 0.0334101 0
1231202 233093 m2 0.1911 0.320387 0.748931 0.0811683 0
1231202 86925 m2 0.11745 -0.147662 0.513975 -0.0372925 0
1231202 792722 m2 0.0145 0.0995196 0.63048 0 -0.0723619
1231202 343389 m2 0.1536 -0.100039 0.583996 0 0.013842
1231202 501442 m2 0.03215 -0.107613 0.647782 0 -0.0523224
1231202 754278 m2 0.03145 0.0450281 0.596759 0 -0.0219493
1231202 233963 m2 0.09685 -0.0242831 0.695427 0 0.0426192
1231202 462521 m2 0.02975 0.0124964 0.671858 0 -0.017956
1231202 468859 m2 0.085 -0.0145606 -0.199517 0 -0.0314681
1231202 430027 m2 0.03495 -0.126989 0.173735 -0.0961995 0
1231202 16549 m2 0.0817 0.201272 -0.15181 0 -0.0106083
1231202 524892 m2 0.03105 -0.128537 0.502243 -0.0363614 0
1231202 595188 m2 0.0249 -0.0635128 0.664767 -0.0382017 0
1231202 527583 m2 0.0177 0.00757668 0.698065 0.0131933 0
1231202 769024 m2 0.0167 -0.0733735 0.498674 0 0.00305457
1231202 676882 m2 0.01355 0.147316 0.447487 -0.0158146 0
1231202 70632 m2 0.1781 0.0196625 0.809033 0 0.0242112
1231202 610010 m2 0.0447 -0.0142034 0.358015 0 -0.0251499
1231202 608955 m2 0.03775 -0.035132 0.704887 0 -0.00932705
1231202 449772 m2 0.04955 -0.140265 0.321744 -0.0862008 0
1231202 124140 m2 0.0252 0.0423662 0.318546 0 0.0656187
1231202 588555 m2 0.01115 -0.00694617 0.417101 0 -0.110594
1231202 125297 m2 0.33755 0.404642 0.676041 0.0820402 0
1231202 797229 m2 0.0104 0.0982572 0.502944 0 0.0175447
1231202 690674 m2 0.0472 0.0355205 0.356868 -0.0517889 0
1231202 521354 m2 0.055 -0.041038 0.653353 0 -0.0466305
1231202 579242 m2 0.0203 -0.0898743 0.405171 -0.0160217 0
1231202 41839 m2 0.1689 -0.217927 0.550973 -0.054534 0
1231202 682417 m2 0.01835 -0.121229 0.484132 0 -0.0659272
1231202 258446 m2 0.09785 0.283662 0.20279 0.0502904 0
1231202 604868 m2 0.0163 0.0529872 0.569016 0 -0.00219214
1231202 463052 m2 0.0707 0.074746 0.65429 0.0312916 0
1231202 171617 m2 0.08345 0.0157543 0.440972 -0.00715189 0
1231202 333129 m2 0.05115 -0.0112145 0.206226 0 -0.0202064
1231202 307117 m2 0.04585 -0.0278943 0.688678 0 0.0686769
1231202 459972 m2 0.08205 -0.0362846 0.696113 -0.0368787 0
1231202 342818 m2 0.03525 -0.152001 0.644732 -0.0416698 0
1231202 292088 m2 0.1061 0.00936717 0.633446 0 0.0419307
1231202 656838 m2 0.01255 0.138175 0.456955 0.0467437 0
1231202 586705 m2 0.01115 -0.0202576 0.469245 0.000588402 0
1231202 413669 m2 0.10405 -0.0620126 0.762728 -0.0284179 0
1231202 749610 m2 0.0119 -0.0476892 0.537682 0 -0.0134374
1231202 752880 m2 0.02265 0.0146664 0.424504 0 -0.0039613
1231202 38073 m2 0.0236 -0.140501 0.313368 0 -0.00152755
1231202 713762 m2 0.0311 0.110224 0.525649 0.0400254 0
1231202 502567 m2 0.0583 0.0010113 0.195856 0 -0.0225696
1231202 772365 m2 0.0184 0.0129594 0.532306 0 0.103065
1231202 408670 m2 0.04135 -0.134017 0.538384 -0.0877094 0
1231202 613105 m2 0.0109 -0.159411 0.4238 -0.0893804 0
1231202 752878 m2 0.02025 -0.0212577 0.412519 -0.051161 0
1231202 26933 m2 0.03245 -0.0715976 0.406796 0.00435038 0
1231202 789108 m2 0.0116 0.166122 0.467254 0 0.0473839
1231202 310138 m2 0.03305 0.00249348 0.466879 -0.0355316 0
1231202 670077 m2 0.0138 0.0546054 0.624377 0 -0.0914471
1231202 369033 m2 0.0169 -0.0245963 0.404235 -0.0114262 0
1231202 755389 m2 0.0145 0.135813 0.413219 0.0378873 0
1231202 750445 m2 0.0179 -0.0788295 0.607118 0 0.0929536
1231202 391058 m2 0.07095 -0.0583673 0.610401 -0.0466036 0
1231202 630 m2 0.05875 0.00576927 -0.64363 0 -0.0249342
1231202 761397 m2 0.0102 0.110358 0.502742 0 0.0696688
1231202 189160 m2 0.12295 0.0210215 0.363028 0 0.0303712
1231202 94413 m2 0.0141 0.0481345 0.295225 -0.0238891 0
1231202 27236 m2 0.0698 -0.0237642 0.521698 -0.0122398 0
1231202 342811 m2 0.11325 0.0473406 0.723807 0 0.0575153
1231202 322901 m2 0.0174 0.0649808 0.588814 0 0.0262772
1231202 223581 m2 0.031 -0.0449656 0.639449 0 -0.028642
1231202 656562 m2 0.0184 -0.0643315 0.451689 0 0.0398293
1231202 50676 m2 0.02 0.1195 0.629728 -0.0115944 0
1231202 118966 m2 0.12115 0.254019 0.742823 0.0601595 0
1231202 485268 m2 0.03495 -0.126989 0.173735 -0.014109 0
1231202 241642 m2 0.0621 0.0349743 0.381499 0 0.0138101
1231202 271522 m2 0.0574 0.142197 0.757055 0.0528334 0
1231202 367367 m2 0.02995 0.18884 0.659926 0 0.0707317
1231202 651362 m2 0.0141 0.0975509 0.604203 0.0255351 0
1231202 306286 m2 0.01285 0.0595191 0.431976 -0.0104526 0
1231202 249580 m2 0.1519 -0.0208567 0.839204 0 0.0868917
1231202 212018 m2 0.03945 -0.000522289 0.677827 0 0.0660692
1231202 527043 m2 0.02465 0.117189 0.687831 -0.0354249 0
1231202 38310 m2 0.02555 0.214768 0.195435 0 0.0579
1231202 243312 m2 0.08365 -0.0882903 0.628398 -0.0869968 0
1231202 536553 m2 0.0407 -0.07578 0.493742 -0.0350662 0
1231202 372568 m2 0.0623 0.00609323 0.590608 -0.0616019 0
1231202 706264 m2 0.0135 -0.107105 0.387578 -0.0437639 0
1231202 416512 m2 0.0874 0.2072 0.769618 0.0453575 0
1231202 597345 m2 0.0526 -0.000762568 0.721771 -0.00884293 0
1231202 780848 m2 0.01115 -0.180334 0.328473 -0.0548903 0
1231202 505862 m2 0.02785 0.149348 0.552074 -0.00555093 0
1231202 483030 m2 0.04855 0.0885035 0.612265 0 -0.0410042
1231202 567672 m2 0.0248 0.0786361 0.435028 0.0430134 0
1231202 558067 m2 0.0488 -0.112745 0.502655 -0.0388318 0
1231202 670895 m2 0.0144 -0.095529 0.434145 -0.0235227 0
1231202 269602 m2 0.0503 -0.0611653 0.495104 0 0.00473922
1231202 550406 m2 0.0101 -0.0249015 0.53022 0 -0.0136226
1231202 539015 m2 0.0175 0.0455782 0.432193 -0.0144973 0
1231202 285631 m2 0.02645 -0.0694603 0.489047 -0.00102644 0
1231202 72303 m2 0.0256 0.145857 0.539339 0 -0.060048
1231202 332849 m2 0.0291 -0.123175 0.4896 0 -0.029887
1231202 738273 m2 0.0233 0.198907 0.481863 0.0274215 0
1231202 142831 m2 0.15675 -0.017954 0.714143 -0.049198 0
1231202 588820 m2 0.01755 -0.0282631 0.692814 0 0.0618706
1231202 403513 m2 0.05305 0.105498 0.503356 -0.00468922 0
1231202 175438 m2 0.0802 0.277501 0.812348 0.0736441 0
1231202 216957 m2 0.02775 0.0876349 0.59967 0 0.0206565
1231202 640615 m2 0.01485 -0.150568 0.398737 0 0.0926838
1231202 610251 m2 0.01415 0.0574119 0.182599 0 0.0040286
1231202 581644 m2 0.02325 0.0957789 0.64593 0 0.0478978
1231202 653544 m2 0.023 0.0790384 0.588532 -0.00972315 0
1231202 99602 m2 0.0146 0.0179782 0.419491 0 0.0135818
1231202 475717 m2 0.02915 0.118913 0.352062 0 0.00463746
1231202 661281 m2 0.0216 -0.0931545 0.405635 0.0201451 0
1231202 428042 m2 0.0182 -0.0403161 0.119589 0 0.00388979
1231202 388287 m2 0.0171 -0.0329694 0.595484 0 0.00494351
1231202 20885 m2 0.04615 -0.141437 0.557288 0 -0.014305
1231202 536539 m2 0.06135 0.0913148 0.725769 0 0.0261916
1231202 530772 m2 0.03575 -0.244952 0.505402 -0.112983 0
1231202 326831 m2 0.0947 -0.00161366 0.799632 -0.0195833 0
1231202 299177 m2 0.0972 0.0290619 0.768934 0.0127105 0
1231202 434580 m2 0.1412 0.171488 0.837398 0.0662429 0
1231202 164839 m2 0.0532 0.142216 0.148292 0 -0.0542763
1231202 413921 m2 0.0223 0.00740721 0.614058 0 -0.0540905
1231202 43698 m2 0.0735 -0.0642445 0.717438 -0.0551223 0
1231202 478184 m2 0.0525 -0.000880642 0.57292 0.0573187 0
1231202 9256 m2 0.0711 0.0782515 0.20709 0.0480455 0
1231202 49229 m2 0.09265 -0.0374263 0.743634 -0.0158562 0
1231202 53939 m2 0.0203 -0.0472645 -0.521639 0 -0.0134708
1231202 300641 m2 0.0528 -0.11185 0.626894 -0.0405682 0
1231202 426114 m2 0.04115 0.0137893 0.233686 -0.0565527 0
1231202 315891 m2 0.02875 0.135626 0.64556 0.0313231 0
1231202 483549 m2 0.04515 0.0351421 0.299103 -0.0223044 0
1231202 400700 m2 0.13205 -0.149255 0.45481 -0.0947073 0
1231202 647953 m2 0.0217 0.0234176 0.303001 0.0204307 0
1231202 662922 m2 0.0172 -0.0463538 0.183966 0 0.0149984
1231202 718960 m2 0.02865 0.0209473 0.455455 0.00953569 0
1231202 521059 m2 0.0384 0.0761767 0.553494 -0.00674554 0
1231202 298371 m2 0.02005 -0.00229213 0.610749 0 0.0127987
1231202 210374 m2 0.0216 0.0602699 0.348126 0.00246285 0
1231202 731280 m2 0.0118 -0.185995 0.351812 0 0.0772727
1231202 714836 m2 0.01265 0.116957 0.296814 -0.0800285 0
1231202 101565 m2 0.0181 0.0310715 0.317679 0 0.0253931
1231202 113614 m2 0.05495 0.063242 -0.00499527 0 -0.00181675
1231202 570410 m2 0.0453 -0.138996 0.100068 0 -0.0156054
1231202 140659 m2 0.07535 0.132959 0.14919 0.0426627 0
1231202 66639 m2 0.01145 -0.216044 0.0975359 0.012042 0
1231202 562504 m2 0.01655 0.166856 0.554567 0 0.0139112
1231202 509654 m2 0.0546 0.10893 0.702376 0.0757483 0
1231202 521053 m2 0.11395 -0.0109402 0.740984 0.00613928 0
1231202 582477 m2 0.051 0.23748 0.750221 0.0370074 0
1231202 709006 m2 0.01255 0.0498588 0.181689 0.0222674 0
1231202 402443 m2 0.08745 -0.138738 0.518378 -0.0433043 0
1231202 715102 m2 0.01815 0.241578 0.53802 0 0.040653
1231202 142515 m2 0.0413 0.0537449 0.0639318 -0.00297218 0
1231202 776647 m2 0.02055 -0.0343732 0.282578 0 0.00548486
1231202 384936 m2 0.01735 -0.105771 0.13721 0.0128834 0
1231202 133824 m2 0.1318 -0.0120197 -0.112322 -0.0114343 0
1231202 615798 m2 0.01615 0.104865 0.348438 0.0438539 0
1231202 303707 m2 0.01905 0.119427 0.27193 0.0430798 0
1231202 413905 m2 0.08385 0.0202981 0.771631 0.0485241 0
1231202 664559 m2 0.0364 -0.0589141 0.383905 0 0.0836793
1231202 401280 m2 0.03155 -0.0278122 0.18045 0 -0.0206743
1231202 435679 m2 0.03935 -0.0568863 0.00395612 0 0.0287377
1231202 737669 m2 0.02685 0.0493238 0.513124 0 -0.0843198
1231202 583297 m2 0.07185 0.414765 0.227092 0.0788686 0
1231202 132410 m2 0.0811 -0.109843 0.0440309 -0.104081 0
1231202 323368 m2 0.2234 -0.314862 0.511974 -0.064168 0
1231202 491532 m2 0.0334 -0.129626 0.455892 0 -0.0268997
1231202 276145 m2 0.049 0.113975 0.713082 -0.00974846 0
1231202 340413 m2 0.0307 0.260436 0.579746 0.0136917 0
1231202 379486 m2 0.08545 0.0104499 0.282003 0.00557655 0
1231202 341735 m2 0.07125 0.076512 0.264257 0.028564 0
1231202 227066 m2 0.0561 0.0576557 0.0993875 0.068784 0
1231202 278341 m2 0.02275 -0.00203722 -0.00314844 0.0156536 0
1231202 512745 m2 0.0226 -0.150711 0.330951 -0.0837198 0
1231202 382471 m2 0.062 0.0188181 0.469488 0 -0.00926451
1231202 275843 m2 0.04795 0.07555 0.229276 0.0102201 0
1231202 613080 m2 0.0248 -0.0571137 0.33505 0 -0.00178084
1231202 307368 m2 0.0378 0.00490178 0.496387 0.00490162 0
1231202 134085 m2 0.0411 0.205307 0.427723 0 -0.00801619
1231202 25552 m2 0.0448 0.0678854 -0.0981444 0.00289563 0
1231202 453850 m2 0.02345 0.204701 -0.296843 0.0767533 0
1231202 733205 m2 0.04545 0.0403046 0.524124 0.0461505 0
1231202 134905 m2 0.06625 -0.071558 0.212312 0.000509489 0
1231202 753968 m2 0.02685 0.0364417 0.287556 0 0.0579619
1231202 329508 m2 0.04505 -0.00488183 0.384224 -0.0202748 0
1231202 673300 m2 0.03155 0.132744 0.366492 0.0381827 0
1231202 768687 m2 0.01695 -0.0539839 0.175305 -0.0611322 0
1231202 522425 m2 0.0452 -0.074266 0.568558 -0.0645694 0
1231202 162705 m2 0.09315 0.0913546 0.812478 0.0678749 0
1231202 674658 m2 0.01265 0.00429071 0.332909 0 -0.0241339
1231202 324467 m2 0.0178 0.0919558 0.0528919 0.00166989 0
1231202 308740 m2 0.03025 0.0924548 0.476012 0.0206127 0
1231202 720582 m2 0.0113 -0.0819792 0.384672 0.00976275 0
1231202 528045 m2 0.0199 -0.0368537 0.357264 0 0.0480505
1231202 581622 m2 0.0846 -0.032631 0.429019 0 0.00197951
1231202 330865 m2 0.0566 0.00782515 0.0578298 0.0141949 0
1231202 567066 m2 0.0113 0.0887061 0.15309 -0.020408 0
1231202 349198 m2 0.0267 0.0421413 0.197893 0 -0.00746107
1231202 720013 m2 0.0161 -0.0194795 0.252677 0 0.0119811
1231202 17011 m2 0.09025 -0.0842817 0.36537 -0.0406181 0
1231202 451923 m2 0.09055 0.330218 0.666225 0.0988034 0
1231202 198742 m2 0.016 -0.0332486 0.208757 0 0.0199027
1231202 486013 m2 0.01875 -0.000451465 0.39443 0 0.123895
1231202 729269 m2 0.0136 -0.00849806 0.434345 0 -0.0104351
1231202 434553 m2 0.0182 -0.017454 0.369836 0.0152973 0
1231202 716662 m2 0.0238 -0.0530929 0.171345 0 0.010245
1231202 15932 m2 0.0156 -0.10836 -0.188204 0 0.0031242
1231202 642477 m2 0.0238 -0.00143973 0.179967 0 0.00532807
1231202 185015 m2 0.0126 -0.0651376 0.49852 0 0.0623912
1231202 456138 m2 0.08445 0.0177502 0.558272 0 0.050765
1231202 483832 m2 0.02735 -0.13955 0.233143 -0.105535 0
1231202 391019 m2 0.05135 0.159854 0.790095 0.0602657 0
1231202 678473 m2 0.0145 -0.0656732 0.410561 -0.0026727 0
1231202 756156 m2 0.0265 -0.00786207 0.326633 0 0.0506711
1231202 423056 m2 0.0497 -0.0364939 -0.112395 -0.0257431 0
1231202 316986 m2 0.0393 -0.0201252 0.537999 0 -0.0211424
1231202 338119 m2 0.01545 -0.0819357 0.457491 -0.0985597 0
1231202 742417 m2 0.0223 -0.00214251 0.329641 0 0.028433
1231202 428007 m2 0.0788 0.234817 0.4577 0.0500522 0
1231202 241598 m2 0.06985 -0.0612028 0.44294 0.00839145 0
1231202 660122 m2 0.0248 -0.0688483 0.094631 0 0.0960735
1231202 434547 m2 0.0175 -0.0194268 0.333098 -0.0461729 0
1231202 458573 m2 0.11965 -0.047754 0.16783 -0.0362407 0
1231202 473225 m2 0.0151 0.000562863 0.446913 0 0.0242169
1231202 404786 m2 0.01835 -0.0982167 0.313596 -0.0416227 0
1231202 35749 m2 0.04375 -0.0140646 -0.0855081 -0.041123 0
1231202 139200 m2 0.07 -0.161126 0.423837 -0.0635726 0
1231202 528821 m2 0.0213 0.048646 0.351077 -0.00675578 0
1231202 640022 m2 0.03635 -0.00580088 0.351791 0.0382436 0
1231202 492067 m2 0.0808 0.0497475 0.358547 0 0.000284571
1231202 681818 m2 0.05385 0.0404373 0.20257 0 0.0418032
1231202 599257 m2 0.0189 0.0195034 0.331557 0.0293195 0
1231202 520438 m2 0.01185 -0.0341692 0.240686 0 0.0779083
1231202 421095 m2 0.02285 -0.0196698 0.178057 -0.0351725 0
1231202 303132 m2 0.17665 -0.000294809 0.828905 0 -0.011495
1231202 189097 m2 0.0482 0.127951 0.433295 0 0.10555
1231202 367033 m2 0.195 -0.0881858 0.361056 -0.0095895 0
1231202 358015 m2 0.0856 -0.0771368 0.272055 -0.0215308 0
1231202 464386 m2 0.09 -0.0456973 0.197708 0 -0.00473125
1231202 638601 m2 0.0401 0.00602739 0.318665 0 0.0357582
1231202 483227 m2 0.0288 -0.110329 0.420612 0 0.02948
1231202 47834 m2 0.13175 0.0825508 0.501711 -0.0099314 0
1231202 367902 m2 0.0519 -0.176202 0.104092 0 0.0751614
1231202 707025 m2 0.0109 0.106551 0.306425 0.045762 0
1231202 186375 m2 0.01805 0.105728 0.648208 0 -0.00176906
1231202 723426 m2 0.0137 0.151113 0.414359 0 0.0208159
1231202 774742 m2 0.0114 0.148901 0.0327855 0 -0.0180238
1231202 483513 m2 0.0609 0.0528074 0.487002 0.0331926 0
1231202 575560 m2 0.06315 0.151913 0.397347 0 0.0120186
1231202 692833 m2 0.01055 -0.12495 0.157871 -0.0111046 0
1231202 295312 m2 0.0571 -0.0649264 -0.154861 -0.0324746 0
1231202 130769 m2 0.1286 -0.0619471 0.227447 -0.0525266 0
1231202 429966 m2 0.0307 0.0755622 -0.746177 0.0153843 0
1231202 591273 m2 0.0399 0.0151666 0.501598 0 0.0540086
1231202 235538 m2 0.02705 0.0187813 0.348989 0 -0.0634203
1231202 732353 m2 0.03275 -0.00878653 0.105857 0.00646287 0
1231202 16686 m2 0.0401 -0.0175257 0.246133 0.0221723 0
1231202 171299 m2 0.02585 0.150619 0.642975 0 -0.0139379
1231202 490429 m2 0.0493 0.164916 0.147267 0.0271507 0
1231202 746550 m2 0.0275 -0.0363942 0.347958 0 0.0375198
1231202 485488 m2 0.02365 0.159685 0.300464 -0.0175564 0
1231202 240516 m2 0.0275 0.0396177 0.330404 0 -0.0376593
1231202 685915 m2 0.0209 0.0791946 0.256138 -0.0107853 0
1231202 115794 m2 0.0538 0.211401 0.550127 0.0563228 0
1231202 455844 m2 0.03085 0.0926957 0.21358 0 0.032412
1231202 237522 m2 0.0192 0.0740495 0.569978 0 0.07709
1231202 451345 m2 0.02355 0.0427291 -0.0391534 0 0.0309484
1231202 452167 m2 0.04555 0.0677931 -0.101772 0 -0.0225711
1231202 636641 m2 0.0347 -0.078716 0.180601 -0.0169085 0
1231202 408599 m2 0.0254 0.031079 0.352667 0 -0.044455
1231202 61823 m2 0.14365 0.151915 -0.510757 0 0.0436634
1231202 795302 m2 0.01065 0.118415 0.155954 0 0.00848395
1231202 226788 m2 0.0404 -0.059394 0.198647 0 -0.0320994
1231202 273083 m2 0.06455 0.226588 0.361582 0.0670643 0
1231202 98428 m2 0.15555 -0.181847 0.793228 -0.0155399 0
1231202 464074 m2 0.02795 0.0479957 -0.101114 0.0211111 0
1231202 696058 m2 0.02065 -0.153601 0.189716 -0.0152858 0
1231202 564339 m2 0.01645 -0.180007 0.0618188 0 0.0209267
1231202 13421 m2 0.19065 -0.0338341 0.0424691 0 -0.0130208
1231202 605674 m2 0.01435 -0.100537 0.0545772 0 0.0265959
1231202 517129 m2 0.09755 -0.228701 0.230077 -0.114764 0
1231202 329777 m2 0.0119 -0.0384012 0.322354 0.0506079 0
1231202 33586 m2 0.06555 -0.0971143 -0.296486 -0.0197506 0
1231202 436209 m2 0.0357 0.190991 0.453336 0.0377129 0
1231202 180650 m2 0.06895 -0.159892 0.360377 -0.0714156 0
1231202 159079 m2 0.1094 -0.138939 0.221732 -0.035924 0
1231202 702497 m2 0.01415 -0.0113929 0.114853 -0.0354003 0
1231202 414446 m2 0.03325 -0.0635199 -0.172941 0.0592137 0
1231202 15602 m2 0.2541 0.278285 -0.709328 0.088497 0
1231202 45254 m2 0.01155 0.231347 -0.239016 0.051566 0
1231202 499439 m2 0.0111 -0.0456856 0.171196 -0.031752 0
1231202 104015 m2 0.2384 0.0150815 -0.177079 -0.024947 0
1231202 249779 m2 0.1047 -0.0284147 -0.0906313 0 -0.0509094
1231202 403708 m2 0.01315 0.00158731 -0.290024 0 0.0384158
1231202 727369 m2 0.0162 -0.141689 0.302559 0 -0.0604185
1231202 60171 m2 0.1736 0.00155546 0.111327 0 0.0120073
1231202 737637 m2 0.01345 -0.0186755 -0.0577842 0 -0.0312584
1231202 688108 m2 0.0267 -0.0142406 0.547006 0.00260446 0
1231202 528277 m2 0.013 -0.0684664 0.294405 -0.0334087 0
1231202 732336 m2 0.0537 0.0409848 0.203254 -0.0106292 0
1231202 174556 m2 0.02005 0.000251758 0.316964 0.0393039 0
1231202 445499 m2 0.05 -0.12781 -0.0484692 -0.066979 0
1231202 225671 m2 0.1099 -0.0517248 0.683512 0 0.0530532
1231202 442382 m2 0.01465 0.232545 0.0373984 0.0702101 0
1231202 737389 m2 0.0214 0.0604365 0.232793 0 -0.0120118
1231202 540919 m2 0.0307 0.0873911 0.471912 0 0.0768799
1231202 648726 m2 0.0322 0.0212927 0.193743 -0.0170114 0
1231202 449426 m2 0.01695 0.056018 0.430864 0.0637908 0
1231202 734886 m2 0.0245 -0.0875297 0.297094 -0.019872 0
1231202 644681 m2 0.01195 -0.0571589 0.261898 0 0.0459871
1231202 519851 m2 0.08425 -0.0318745 0.0384101 -0.0707422 0
1231202 532922 m2 0.06575 -0.137655 0.0477977 -0.0495498 0
1231202 684532 m2 0.02945 -0.0294912 0.506867 0 0.0687681
1231202 313975 m2 0.0107 0.115849 0.147743 -0.0092021 0
1231202 102303 m2 0.1785 0.0107358 -0.401174 0 -0.0216977
1231202 682098 m2 0.0271 0.117393 0.356363 0 0.00949893
1231202 737946 m2 0.016 -0.0183857 0.0636428 0 0.0180332
1231202 500826 m2 0.05505 -0.192484 0.224904 -0.112966 0
1231202 469325 m2 0.0135 0.013901 0.0564463 -0.0175115 0
1231202 350856 m2 0.08915 0.0573584 -0.124612 0 0.0257797
1231202 282445 m2 0.02175 0.0739962 0.585108 0.0125725 0
1231202 139170 m2 0.0229 0.0988199 -0.0858526 0 -0.0110405
1231202 22479 m2 0.0833 0.246265 -0.0492171 0.0642833 0
1231202 615748 m2 0.0194 0.0681198 -0.0262301 0 0.0511469
1231202 30360 m2 0.0305 -0.00145624 -0.262123 0 0.0117842
1231202 426603 m2 0.0375 -0.105539 0.174278 0 0.0290482
1231202 718906 m2 0.011 -0.003364 0.190627 -0.0163335 0
1231202 550594 m2 0.0631 -0.131041 -0.176628 -0.0356025 0
1231202 82346 m2 0.0236 -0.0118335 -0.194715 0 0.0896514
1231202 236086 m2 0.07155 0.159646 0.151469 0.0461037 0
1231202 635206 m2 0.0234 0.0780665 0.0094406 0 -0.0994271
1231202 774981 m2 0.01965 -0.0367288 0.172901 0 0.00843123
1231202 705945 m2 0.0226 0.0291936 -0.0775633 -0.012514 0
1231202 116035 m2 0.0534 0.0123269 -0.490274 0 0.0468718
1231202 83191 m2 0.1333 -0.0881951 -0.836923 -0.0175546 0
1231202 789299 m2 0.0149 -0.152912 0.074096 0 -0.00993573
1231202 491748 m2 0.0527 0.0377843 -0.130807 0 0.0535708
1231202 703540 m2 0.0119 -0.185634 0.211271 -0.00690341 0
1231202 688917 m2 0.01545 0.0136949 0.179535 0 -0.0099994
1231202 11998 m2 0.06755 0.104105 -0.590265 0 -0.033701
1231202 457999 m2 0.01825 -0.017095 -0.300905 0 -0.0406076
1231202 219175 m2 0.0222 0.0887769 -0.641425 0 -0.0368476
1231202 327855 m2 0.15 0.127022 -0.672949 0.0485482 0
1231202 554705 m2 0.01045 0.178979 0.337341 0.0834793 0
1231202 748440 m2 0.01545 -0.0278976 0.40049 -0.0045661 0
1231202 430492 m2 0.01125 -0.0545065 0.430514 0 0.0107779
1231202 239679 m2 0.03125 -0.11169 0.447538 -0.0685674 0
1231202 110840 m2 0.066 0.292343 -0.207644 0.0467027 0
1231202 189320 m2 0.0998 -0.0415232 0.0740796 -0.0252233 0
1231202 649831 m2 0.0135 -0.166057 0.158605 0 -0.0336202
1231202 20472 m2 0.1304 -0.0100911 -0.627055 0 0.0435751
1231202 797136 m2 0.0121 -0.00697282 0.0522961 0 -0.0235528
1231202 616533 m2 0.0404 0.00616168 0.230252 0 0.00438741
1231202 299975 m2 0.01045 -0.107308 0.0835902 0.0372531 0
1231202 517630 m2 0.01155 -0.0171822 0.199971 0 -0.0521139
1231202 575239 m2 0.0318 0.147478 -0.249488 0 0.0280649
1231202 559684 m2 0.0235 0.0242934 -0.352255 0 0.0421964
1231202 608310 m2 0.019 -0.169722 -0.118384 -0.0597305 0
1231202 627571 m2 0.01215 0.0664432 0.0959066 0 0.00272709
1231202 191195 m2 0.15595 0.37173 0.408801 0.035658 0
1231202 543298 m2 0.02025 0.221997 -0.0674018 0.0271632 0
1231202 366989 m2 0.131 -0.149189 -0.203874 -0.055134 0
1231202 106465 m2 0.0546 0.0405013 0.222042 0 0.0166119
1231202 436389 m2 0.05355 -0.0264755 -0.277468 0 -0.00950127
1231202 40886 m2 0.15625 -0.00588877 -0.818027 -0.0189271 0
1231202 643495 m2 0.02075 -0.100882 -0.0890327 -0.060294 0
1231202 28156 m2 0.02945 -0.0537296 -0.50751 0 0.0252746
1231202 716340 m2 0.01785 0.206421 -0.019989 0 0.0280243
1231202 116024 m2 0.0247 0.0168838 -0.213766 0 0.0137937
1231202 63714 m2 0.2797 -0.00819304 -0.848791 0 -0.0797149
1231202 598963 m2 0.0136 -0.0318137 0.29808 0 0.0613171
1231202 780753 m2 0.01095 -0.00167092 0.262335 0 -0.083164
1231202 212481 m2 0.01425 0.270258 0.571002 0 0.0273124
1231202 663095 m2 0.03985 0.136755 0.0177798 0.0433651 0
1231202 77516 m2 0.06425 -0.127009 -0.127148 0 -0.056702
1231202 513206 m2 0.0123 0.0178757 0.0526055 0 -0.00818106
1231202 705669 m2 0.012 -0.123925 0.054108 0.00926447 0
1231202 714229 m2 0.0198 -0.02695 -0.160417 0 0.0161926
1231202 731194 m2 0.01365 0.0402986 0.0561214 -0.0180583 0
1231202 783059 m2 0.01205 0.0999642 -0.0641999 0.0880264 0
1231202 186870 m2 0.05125 0.114759 0.303247 0 0.0226107
1231202 613538 m2 0.02835 0.195377 0.432288 -0.0120849 0
1231202 274460 m2 0.0245 -0.0531675 0.0445382 0 0.0262336
1231202 623435 m2 0.01105 0.0589181 -0.231193 0.0334272 0
1231202 620646 m2 0.01815 0.179597 0.1828 0.00698335 0
1231202 40043 m2 0.02855 -0.194374 -0.602653 -0.0459994 0
1231202 458801 m2 0.088 0.0740655 -0.121913 0 -0.0347589
1231202 719686 m2 0.0201 0.254014 0.108306 0.0347595 0
1231202 390937 m2 0.0745 -0.0234707 0.677825 0 0.0320281
1231202 618473 m2 0.01805 -0.121682 0.0296927 -0.0102723 0
1231202 591234 m2 0.03325 0.0388189 0.103368 0.0600167 0
1231202 774451 m2 0.02225 0.106518 -0.0637224 0 0.0530959
1231202 660063 m2 0.01425 -0.00705908 0.523784 0 0.0158347
1231202 549451 m2 0.0256 -0.124564 -0.188246 -0.0179021 0
1231202 21570 m2 0.0889 0.0421434 -0.547987 0 -0.04239
1231202 455253 m2 0.0882 -0.0221333 -0.101397 -0.0395635 0
1231202 26499 m2 0.0542 -0.0650709 -0.339708 -0.0821431 0
1231202 478350 m2 0.07645 -0.14116 -0.685675 -0.033368 0
1231202 407225 m2 0.01335 0.0339152 -0.243305 0 -0.0116352
1231202 448029 m2 0.0267 0.0648834 -0.173345 0 0.0573501
1231202 709808 m2 0.01145 0.0658039 0.048329 0 -0.02894
1231202 584316 m2 0.05955 0.0280338 -0.815919 0.0131117 0
1231202 166220 m2 0.206 -0.0736573 0.76997 -0.0456235 0
1231202 368658 m2 0.01705 -0.0934059 -0.682123 0 -0.0337024
1231202 252178 m2 0.21415 0.0759566 -0.858156 0.0408432 0
1231202 35661 m2 0.0381 -0.0847509 -0.563792 0.0116899 0
1231202 526671 m2 0.036 0.203807 -0.539726 0.0552011 0
1231202 591767 m2 0.04005 -0.0108083 -0.161095 0 -0.0283484
1231202 730030 m2 0.0154 -0.079986 0.0554858 0 -0.015448
1231202 663393 m2 0.0205 0.128656 0.0589237 0.0354115 0
1231202 685334 m2 0.013 -0.133075 0.153855 -0.0172744 0
1231202 682064 m2 0.04285 0.0662609 0.210182 0 -0.00763716
1231202 683655 m2 0.0239 -0.164358 0.0478951 -0.0831909 0
1231202 500491 m2 0.04715 -0.116313 -0.0983026 -0.076187 0
1231202 654009 m2 0.01445 -0.0960133 -0.185152 0 0.0637939
1231202 631084 m2 0.0103 0.0273661 0.0246295 0.0378337 0
1231202 98077 m2 0.03995 -0.0533487 -0.642419 0 0.0197241
1231202 95943 m2 0.0641 0.0669784 0.169736 0 0.0208622
1231202 773887 m2 0.01375 -0.150317 -0.149592 0 -0.0708712
1231202 585472 m2 0.06875 0.0466601 -0.0358983 0 0.0367791
1231202 344628 m2 0.02455 0.191726 0.328385 0.0638283 0
1231202 173680 m2 0.0248 -0.0948661 -0.341466 0 0.0148635
1231202 476455 m2 0.1001 0.489926 -0.287207 0.0800866 0
1231202 425228 m2 0.0652 -0.0233183 0.222962 0 0.0202087
1231202 737578 m2 0.0394 0.039892 -0.345263 0 -0.0287502
1231202 446862 m2 0.0161 -0.0881267 -0.233151 0 0.0151104
1231202 144649 m2 0.0203 0.234915 -0.301696 0.0703282 0
1231202 634926 m2 0.0263 -0.113862 -0.184687 0 0.0023078
1231202 617318 m2 0.02965 -0.0573624 0.292481 -0.0292008 0
1231202 748692 m2 0.01535 -0.107366 0.0482787 0.0190112 0
1231202 406063 m2 0.0152 0.0955364 0.0547636 0.0905506 0
1231202 768595 m2 0.0144 -0.0393007 -0.471117 0 0.067655
1231202 669689 m2 0.0137 0.0718643 -0.263886 0.045482 0
1231202 287695 m2 0.0265 0.0337162 0.0262237 -0.0118787 0
1231202 464878 m2 0.01115 0.0803413 -0.0656174 0 0.0541466
1231202 668312 m2 0.0141 0.0502828 -0.0859977 0 -0.0320071
1231202 760447 m2 0.01575 0.142874 -0.656283 0 0.0106891
1231202 618158 m2 0.0196 -0.131076 -0.172677 -0.0891198 0
1231202 753866 m2 0.0206 0.188571 -0.200961 0.0366179 0
1231202 546344 m2 0.01245 -0.191505 -0.129017 -0.00188171 0
1231202 483156 m2 0.0364 -0.0595361 -0.234861 -0.0307815 0
1231202 148722 m2 0.08135 0.033203 -0.706324 0.00887785 0
1231202 107015 m2 0.16935 0.0757619 -0.704417 0 -0.0287837
1231202 444915 m2 0.0148 0.193261 0.0639247 0 0.0240047
1231202 366697 m2 0.0258 -0.0171424 -0.190771 -0.0698701 0
1231202 257489 m2 0.0258 0.0624171 -0.0282005 -0.0396183 0
1231202 554674 m2 0.05705 0.168505 -0.38732 0.0408627 0
1231202 381306 m2 0.0851 -0.0680635 -0.350338 -0.0795704 0
1231202 370558 m2 0.01635 -0.0172443 -0.483589 0 -0.0493065
1231202 316657 m2 0.0186 0.0290145 0.0755037 0 -0.0530421
1231202 728951 m2 0.0118 -0.0481939 0.0270678 0 -0.0941094
1231202 642117 m2 0.0123 0.242957 -0.411942 0 -0.0141212
1231202 518449 m2 0.01835 0.172823 -0.228615 0 0.00584937
1231202 129303 m2 0.1356 0.0251261 -0.709241 -0.0049022 0
1231202 471803 m2 0.01495 -0.0443297 -0.240848 0 0.00593831
1231202 721064 m2 0.02495 0.011149 0.0433257 0 0.0182717
1231202 94565 m2 0.1153 0.102419 -0.850608 0 -0.0323928
1231202 507086 m2 0.04845 0.0366596 -0.305413 0 -0.042318
1231202 177460 m2 0.19025 -0.0286499 0.304333 0 0.0267761
1231202 745935 m2 0.01875 -0.0645817 -0.061767 0 0.0306622
1231202 609629 m2 0.01965 -0.067654 0.053363 0 -0.0237559
1231202 650700 m2 0.0166 0.102236 0.0484648 0 0.0298099
1231202 543801 m2 0.03955 -0.0378746 -0.307597 0 0.0583356
1231202 266256 m2 0.07835 -0.103972 -0.724152 -0.0368905 0
1231202 751918 m2 0.02225 -0.0417182 -0.263292 -0.00606264 0
1231202 732818 m2 0.02665 0.0119087 -0.433355 0 0.0724512
1231202 797410 m2 0.0112 -0.0822214 0.0699416 0 0.0111645
1231202 303063 m2 0.2758 0.397158 0.675446 0.120567 0
1231202 664741 m2 0.01045 -0.00959735 -0.0111329 -0.0312813 0
1231202 266803 m2 0.02375 -0.177818 -0.0398536 -0.0319237 0
1231202 638265 m2 0.01595 -0.0499208 -0.230321 0 0.0485804
1231202 185786 m2 0.0105 0.0681583 -0.116642 -0.0456492 0
1231202 364793 m2 0.02655 0.0704154 -0.0909457 0.0490387 0
1231202 742631 m2 0.0522 0.0964168 -0.119203 0.057349 0
1231202 137758 m2 0.1747 0.115232 -0.315757 0.0247538 0
1231202 579918 m2 0.0132 0.0418639 -0.445219 0 -0.0114815
1231202 530649 m2 0.03275 -0.0942596 -0.189172 -0.008084 0
1231202 674278 m2 0.0239 0.100551 -0.46735 0.0152783 0
1231202 457137 m2 0.0337 0.0501116 -0.505351 0.0231452 0
1231202 679819 m2 0.0496 -0.0261564 -0.0237473 0 0.0424091
1231202 320223 m2 0.0301 -0.0596554 -0.173466 0 0.0478769
1231202 153487 m2 0.0104 0.0282661 -0.180196 0.0549085 0
1231202 592832 m2 0.04835 -0.0871717 -0.187084 -0.0542701 0
1231202 189583 m2 0.02025 -0.0922287 -0.278422 0 0.00499188
1231202 565010 m2 0.01365 0.014531 -0.374112 0 0.0364189
1231202 506540 m2 0.08275 -0.040713 -0.13637 -0.0328183 0
1231202 165567 m2 0.0741 0.0503789 0.113982 0 -0.00524442
1231202 199520 m2 0.01485 -0.0888184 -0.674718 -0.000117095 0
1231202 577422 m2 0.04105 0.0128678 -0.183536 0.0140015 0
1231202 764790 m2 0.01465 -0.125029 -0.167162 0 0.00780592
1231202 181985 m2 0.0151 0.0923219 0.209556 -0.00690386 0
1231202 713045 m2 0.01235 -0.0505094 -0.0637889 0 -0.046955
1231202 372700 m2 0.02155 -0.00841336 -0.181443 0 -0.0744761
1231202 261365 m2 0.0467 0.129497 -0.105742 0 0.000120284
1231202 287978 m2 0.04775 -0.0578252 -0.441926 -0.0214716 0
1231202 434454 m2 0.0278 0.0141234 -0.381332 0 -0.0111194
1231202 508433 m2 0.0202 -0.0679257 -0.292458 0 -0.0369649
1231202 502703 m2 0.04175 -0.00667637 -0.404413 0 0.0078582
1231202 372443 m2 0.0108 -0.167397 -0.30707 0 0.00749513
1231202 319616 m2 0.0226 -0.0448427 0.342868 0 -0.0408162
1231202 438991 m2 0.0557 -0.00484839 0.219794 0.0487046 0
1231202 763647 m2 0.0217 0.186309 -0.195788 0.0201375 0
1231202 379655 m2 0.1073 -0.0618266 -0.0284535 0.0145195 0
1231202 47674 m2 0.16555 -0.00675613 -0.816962 0 -0.0327564
1231202 537796 m2 0.03475 0.154209 -0.0777957 0.0779579 0
1231202 456616 m2 0.0166 -0.0365674 -0.247091 -0.012808 0
1231202 641352 m2 0.01655 -0.0853014 -0.101511 -0.0254985 0
1231202 483736 m2 0.05025 0.272437 -0.314776 0.0496418 0
1231202 808965 m2 0.0101 0.0780892 -0.125393 -0.0259681 0
1231202 362046 m2 0.015 -0.191137 -0.146551 -0.0667244 0
1231202 456615 m2 0.0166 0.00586836 -0.0199524 -0.00989105 0
1231202 762280 m2 0.02505 0.00155813 -0.365878 0.0222239 0
1231202 242354 m2 0.01305 0.0428948 -0.364216 0.03139 0
1231202 130926 m2 0.03565 0.157535 -0.195858 0.0304004 0
1231202 424067 m2 0.0669 0.0286423 -0.5648 0 0.0555458
1231202 57626 m2 0.02675 0.238108 -0.135189 0.0617385 0
1231202 729472 m2 0.01805 0.0911208 -0.0481285 0 -0.0229557
1231202 657817 m2 0.05215 0.0174332 -0.087166 0.00122199 0
1231202 212701 m2 0.0265 0.287523 -0.00548533 0.0820713 0
1231202 585447 m2 0.0491 0.120337 -0.269367 0 0.0319483
1231202 446842 m2 0.04535 -0.200218 -0.327257 -0.0521191 0
1231202 699660 m2 0.0127 -0.0501371 -0.0544223 0 0.00430027
1231202 693549 m2 0.01885 0.107561 -0.183812 0.00380269 0
1231202 370832 m2 0.0146 -0.0137942 0.482798 0.0322974 0
1231202 347422 m2 0.1309 0.0289432 0.101091 0 0.00654604
1231202 693545 m2 0.0121 0.0326395 -0.322825 0.0545927 0
1231202 527440 m2 0.0435 0.0825134 -0.131983 0.0339358 0
1231202 565830 m2 0.09825 0.0253077 0.0561453 0 -0.0166652
1231202 418025 m2 0.0235 0.123589 -0.689174 0.084378 0
1231202 336614 m2 0.09715 -0.0384291 -0.761871 0.0293261 0
1231202 586023 m2 0.052 0.00414049 0.0854249 0.0298921 0
1231202 518675 m2 0.04135 0.0164895 -0.0509127 0 0.00371482
1231202 777931 m2 0.0128 -0.0982409 -0.40904 0.053768 0
1231202 311120 m2 0.2136 -0.185481 -0.527712 -0.0818732 0
1231202 545780 m2 0.0234 -0.0710037 -0.291961 0 0.000944094
1231202 750314 m2 0.01355 -0.0500717 -0.0330982 0 0.0192463
1231202 681720 m2 0.0159 0.0444553 -0.325049 0 -0.0403512
1231202 525801 m2 0.0305 0.0976541 -0.597729 0.000636361 0
1231202 682035 m2 0.0142 -0.0498879 -0.255216 0 -0.0197926
1231202 83683 m2 0.0459 0.0212782 -0.510677 0.0108737 0
1231202 574623 m2 0.01485 -0.0670668 -0.40362 -0.0368177 0
1231202 626432 m2 0.02765 0.143332 -0.139409 0 -0.0405121
1231202 68408 m2 0.06485 -0.0561962 -0.715317 0 -0.00684987
1231202 60308 m2 0.04925 -0.10006 -0.565686 -0.0457843 0
1231202 296350 m2 0.04765 -0.124173 -0.25183 0 -0.0303985
1231202 304729 m2 0.01215 0.0123461 -0.164482 -0.0112007 0
1231202 680291 m2 0.0312 0.071121 -0.611535 0 -0.0614706
1231202 686703 m2 0.01275 0.0997853 0.1741 -0.0206759 0
1231202 246177 m2 0.1125 -0.0134228 -0.685611 0 -0.0474767
1231202 223435 m2 0.1117 0.0727117 -0.835142 0.0310163 0
1231202 478308 m2 0.03435 0.073308 -0.167238 0.0146448 0
1231202 554642 m2 0.02105 -0.131292 -0.296496 -0.0307955 0
1231202 342370 m2 0.01635 0.136043 -0.624592 0.0538913 0
1231202 648633 m2 0.01275 -0.0368798 -0.432699 0 0.0507825
1231202 638242 m2 0.0381 0.0877531 -0.517494 0.0146553 0
1231202 358226 m2 0.0256 0.00217685 -0.564167 0 -0.106993
1231202 590300 m2 0.011 0.0445391 -0.345479 0.0112626 0
1231202 681713 m2 0.0342 -0.0370314 -0.379984 0 -0.0834553
1231202 579644 m2 0.02915 0.0161333 -0.563181 0 0.0537753
1231202 278996 m2 0.0368 -0.0394473 -0.305259 -0.101508 0
1231202 411317 m2 0.02945 0.0911728 -0.341219 0.00148041 0
1231202 703488 m2 0.0251 -0.0462185 -0.0291906 0 0.0237178
1231202 244269 m2 0.03515 0.0801503 -0.655913 0 0.0110376
1231202 390329 m2 0.01815 -0.137219 -0.159583 -0.0709347 0
1231202 301617 m2 0.05645 0.00464476 -0.513446 0 -0.0338026
1231202 595039 m2 0.03325 0.0402278 -0.196204 0 -0.0476011
1231202 234079 m2 0.04905 0.091603 0.41596 0.0489622 0
1231202 642355 m2 0.0211 0.189287 -0.478333 0 -0.0190879
1231202 755786 m2 0.0129 0.10926 -0.159149 0.0177923 0
1231202 235720 m2 0.05695 0.0911753 -0.728995 0 -0.0574396
1231202 764764 m2 0.0122 0.173568 -0.084095 0.0607615 0
1231202 427907 m2 0.04755 -0.0575539 -0.171918 0 -0.0267576
1231202 550784 m2 0.0181 0.0501201 -0.454302 0 -0.0327663
1231202 762567 m2 0.01025 0.0875057 -0.0555377 0 0.0103112
1231202 524983 m2 0.0481 0.0349713 -0.391577 0 0.0874841
1231202 481828 m2 0.01045 -0.000819781 -0.285011 0.00905557 0
1231202 699646 m2 0.01695 0.0880047 0.065678 0 -0.0214449
1231202 746765 m2 0.0178 -0.0839925 -0.0766431 0 0.0160589
1231202 575451 m2 0.0138 -0.0148764 -0.316508 0.0144866 0
1231202 429042 m2 0.01905 -0.0382701 -0.537032 0.0479721 0
1231202 339446 m2 0.0137 0.173338 -0.324219 0.0926374 0
1231202 601329 m2 0.01835 -0.0294537 0.0326963 -0.0494097 0
1231202 297930 m2 0.23565 0.0158931 -0.602804 0 0.00737696
1231202 769405 m2 0.01025 -0.0195844 -0.169639 -0.0263198 0
1231202 73220 m2 0.23 0.0407824 -0.780188 0 -0.0156795
1231202 116537 m2 0.10815 0.0764256 -0.565311 0 -0.0470215
1231202 381521 m2 0.235 0.318925 0.021833 0.0835495 0
1231202 673702 m2 0.0373 0.0199116 -0.35562 0 -0.0502211
1231202 169967 m2 0.15755 0.369512 -0.78312 0.122043 0
1231202 612115 m2 0.05045 -0.0671305 -0.337912 0 -0.0322478
1231202 142092 m2 0.0478 0.209856 -0.57219 0.0215646 0
1231202 767805 m2 0.0117 0.11446 -0.349634 0 0.0196379
1231202 475569 m2 0.04665 -0.108079 -0.420848 -0.0636993 0
1231202 639348 m2 0.0457 0.125928 -0.367582 0.0700399 0
1231202 515352 m2 0.0229 0.0335825 -0.0601869 0 0.0528093
1231202 485118 m2 0.0477 -0.166051 -0.187151 0 0.0131067
1231202 218508 m2 0.01465 0.0361447 -0.136577 0 0.015202
1231202 719370 m2 0.01495 0.0395326 -0.249339 -0.0386767 0
1231202 201161 m2 0.0269 -0.0931354 0.183405 -0.0551109 0
1231202 719093 m2 0.03625 -0.129334 -0.176738 0 -0.0131286
1231202 104146 m2 0.23845 0.0106317 -0.847343 0 -0.0014452
1231202 131417 m2 0.0836 -0.062144 0.0929759 -0.0523243 0
1231202 368334 m2 0.03025 0.0334477 -0.00420041 0.0317976 0
1231202 542751 m2 0.0189 -0.0504399 -0.0243931 0.0038652 0
1231202 554913 m2 0.02585 0.0311541 -0.0398394 0.0348545 0
1231202 438431 m2 0.1228 0.0400385 -0.456335 0.0256791 0
1231202 92817 m2 0.0551 -0.0254192 -0.716086 0.0309107 0
1231202 496070 m2 0.0161 -0.192409 -0.136257 -0.0423301 0
1231202 786499 m2 0.0105 0.00982432 -0.466041 -0.0223883 0
1231202 400536 m2 0.05815 0.0610086 -0.670641 0.00207229 0
1231202 739514 m2 0.0182 0.0302602 -0.180585 -0.0176195 0
1231202 236262 m2 0.05975 -0.153198 -0.601969 -0.0637751 0
1231202 656658 m2 0.01615 -0.0315592 -0.293771 -0.0371287 0
1231202 354333 m2 0.1066 0.0063559 -0.838087 0 -0.0910235
1231202 545750 m2 0.0235 -0.0604659 -0.280581 0 -0.0247381
1231202 642617 m2 0.01305 0.0850638 -0.555171 0 0.00834394
1231202 536100 m2 0.04015 -0.0473282 -0.0485988 0.0219564 0
1231202 580947 m2 0.0181 0.206655 -0.608287 0.0977057 0
1231202 685567 m2 0.0283 -0.0764624 -0.0396764 -0.0405678 0
1231202 443444 m2 0.0162 0.187249 -0.290905 0 -0.0321239
1231202 411015 m2 0.01665 -0.0798404 -0.164455 -0.0623456 0
1231202 660536 m2 0.01035 0.284868 -0.547463 0 -0.00733638
1231202 441993 m2 0.026 0.0138571 -0.635406 0.029167 0
1231202 376823 m2 0.067 0.00412216 -0.0558486 0 -0.0315883
1231202 740623 m2 0.0127 -0.0140744 -0.18036 0 -0.0685059
1231202 645333 m2 0.0172 0.295536 -0.335061 0.0551838 0
1231202 142902 m2 0.012 0.0148255 -0.631144 -0.0355959 0
1231202 622261 m2 0.0138 0.0513217 -0.588953 0 -0.0545748
1231202 156771 m2 0.16505 -0.229783 -0.546932 -0.0284367 0
1231202 581480 m2 0.02485 -0.112341 -0.428722 -0.0349283 0
1231202 668800 m2 0.0252 0.0746317 -0.296202 0 0.0223535
1231202 359042 m2 0.06535 -0.0583847 -0.511428 -0.0381463 0
1231202 737840 m2 0.0133 -0.175059 -0.194243 -0.0304186 0
1231202 634073 m2 0.0378 0.0889665 -0.568303 0.0358656 0
1231202 555152 m2 0.1196 -0.0384949 -0.755843 -0.00513973 0
1231202 473074 m2 0.0316 0.145429 -0.720997 0 -0.0234548
1231202 456296 m2 0.0133 0.0140875 -0.308919 0 -0.0558748
1231202 165209 m2 0.03845 0.107978 -0.673563 0 -0.0120153
1231202 581734 m2 0.0406 0.19246 -0.484156 0 0.010637
1231202 509503 m2 0.0727 0.0795522 -0.239246 0.00612491 0
1231202 506787 m2 0.0747 -0.170811 -0.33182 -0.121979 0
1231202 172485 m2 0.13425 0.0282855 -0.749408 0 -0.0285456
1231202 580683 m2 0.021 0.116022 -0.525663 -0.0071479 0
1231202 565512 m2 0.02355 -0.0517328 -0.411723 -0.0387479 0
1231202 579070 m2 0.0834 -0.0506928 -0.538801 0 -0.0142093
1231202 475008 m2 0.04655 0.0894898 -0.628527 0.0290338 0
1231202 240386 m2 0.15905 0.0551174 -0.761347 0.0464955 0
1231202 656895 m2 0.02395 -0.0289244 -0.657989 0 0.0459664
1231202 301033 m2 0.06875 0.11295 -0.743881 0.0160671 0
1231202 744209 m2 0.0106 0.0841198 -0.283574 0 0.054434
1231202 259936 m2 0.01595 -0.165323 -0.24374 -0.0775878 0
1231202 162193 m2 0.0877 -0.0529672 -0.592405 -0.0365568 0
1231202 572983 m2 0.02635 0.242757 -0.390043 0 -0.0673805
1231202 777645 m2 0.01345 -0.15017 -0.145833 -0.0707102 0
1231202 318423 m2 0.01985 -0.108583 -0.279454 -0.0903238 0
1231202 564468 m2 0.02755 0.107013 -0.355642 0 0.0305703
1231202 500733 m2 0.013 0.0345195 -0.329086 0.0362277 0
1231202 560403 m2 0.0757 0.0281203 -0.423606 0.0290723 0
1231202 638796 m2 0.01265 -0.00260653 -0.291221 0 0.00313697
1231202 427872 m2 0.0218 -0.120509 -0.265364 -0.107816 0
1231202 242567 m2 0.0945 -0.095616 -0.494188 -0.0131371 0
1231202 566682 m2 0.04665 0.00335018 -0.510633 0.00119781 0
1231202 326136 m2 0.08285 0.0362777 -0.349289 0.0360702 0
1231202 775677 m2 0.0116 0.172474 -0.411729 0.038285 0
1231202 560137 m2 0.02575 -0.0206377 -0.652304 0 -0.0521
1231202 430099 m2 0.06155 0.00357501 -0.633994 -0.00119313 0
1231202 363651 m2 0.03455 -0.0708467 -0.632409 0 -0.0901162
1231202 595284 m2 0.06465 0.0551435 -0.575217 -0.0107739 0
1231202 396387 m2 0.09135 -0.000817355 -0.682011 -0.0128661 0
1231202 176308 m2 0.10415 0.0452799 -0.756742 0 -0.0292046
1231202 153354 m2 0.09535 -0.0696867 -0.702699 0 -0.0727004
1231202 274860 m2 0.0233 -0.0734039 -0.688529 0.0153717 0
1231202 510617 m2 0.0278 0.0130843 -0.725797 0 -0.0279966
1231202 207455 m2 0.03665 -0.136278 -0.32373 -0.0201985 0
1231202 768037 m2 0.0209 0.0886686 -0.479814 0 -0.0590913
1231202 671242 m2 0.0259 -0.130713 -0.387353 -0.0493062 0
1231202 277910 m2 0.0715 -0.123026 -0.588351 -0.0763993 0
1231202 669617 m2 0.0134 -0.127286 -0.37758 0 0.023702
1231202 488648 m2 0.1618 -0.0201464 -0.739905 0 -0.087755
1231202 772397 m2 0.01775 0.0931941 -0.545391 -0.0367897 0
1231202 594732 m2 0.0213 0.0327033 -0.45205 0 -0.0960752
1231202 209370 m2 0.0839 0.0808814 -0.725562 0.0412159 0
1231202 349913 m2 0.0567 0.00555175 -0.754864 0 0.00670932
1231202 238723 m2 0.0595 -0.032819 -0.594932 0 0.0129278
1231202 524394 m2 0.06705 -0.0749395 -0.660819 -0.0425472 0
1231202 299838 m2 0.01965 -0.171073 -0.359671 -0.0387949 0
1231202 602127 m2 0.0413 0.0230252 -0.441692 0 -0.0541418
1231202 189474 m2 0.0638 -0.0375624 -0.748055 -0.0360732 0
1231202 700967 m2 0.01515 -0.0252757 -0.404155 -0.013705 0
1231202 477718 m2 0.02275 -0.0255878 0.373793 0 -0.0334462
1231202 215428 m2 0.0398 -0.0621986 -0.337939 0 0.0578649
1231202 729947 m2 0.0116 0.0206648 -0.495956 0 -0.0277547
1231202 800329 m2 0.01115 -0.0763182 -0.402889 0 0.0209656
1231202 314915 m2 0.0358 0.139749 -0.725429 0 -0.0177259
1231202 410717 m2 0.0571 -0.11975 -0.404417 -0.131826 0
1231202 752685 m2 0.02835 -0.0784025 -0.424022 0 -0.0364164
1231202 497973 m2 0.05195 -0.140976 -0.366235 -0.13323 0
1231202 432973 m2 0.05545 0.00797692 -0.652968 -0.0218429 0
1231202 604408 m2 0.0484 -0.0403961 -0.630764 -0.00654545 0
1231202 654766 m2 0.0219 -0.107109 -0.656042 -0.0376974 0
1231202 392691 m2 0.0545 -0.0189696 -0.60615 0 0.02738
1231202 430624 m2 0.0531 0.076465 -0.724406 0.00790093 0
1231202 363582 m2 0.03965 -0.0105898 -0.569797 -0.0190966 0
1231202 657475 m2 0.0747 0.208291 -0.773314 0.0748522 0
1231202 373718 m2 0.0173 0.145651 -0.291757 0.0669151 0
1231202 331533 m2 0.1597 0.0357219 -0.853366 0 -0.0854914
1231202 202720 m2 0.02165 -0.0294444 -0.536325 0.0072195 0
1231202 233150 m2 0.1087 -0.0245831 -0.65832 -0.0109821 0
1231202 644556 m2 0.04925 -0.0512994 -0.447674 -0.0615877 0
1231202 301291 m2 0.0889 0.0126306 -0.693651 -0.000650556 0
1231202 318958 m2 0.03895 -0.0974985 -0.493555 -0.0449015 0
1231202 642899 m2 0.03425 -0.12585 -0.619114 0 -0.0527743
1231202 603535 m2 0.02655 0.0929197 -0.180242 0.0287374 0
1231202 743646 m2 0.02655 -0.0859426 -0.346818 0 -0.0585126
1231202 675858 m2 0.03705 -0.0942362 -0.508568 0 0.101907
1231202 344281 m2 0.0468 0.246046 -0.79218 0.0578384 0
1231202 588634 m2 0.03185 -0.033586 -0.675039 0 -0.0024353
1231202 766339 m2 0.01265 -0.0364934 -0.449589 -0.0101299 0
1231202 669602 m2 0.01145 0.193573 -0.541147 0 -0.0309551
1231202 572466 m2 0.01625 -0.0310788 -0.496477 0 0.00329114
1231202 520010 m2 0.02075 0.112695 -0.504334 0.0997433 0
1231202 702878 m2 0.02355 -0.0890914 -0.520794 0.000661814 0
1231202 372621 m2 0.0919 -0.153989 -0.735173 -0.0105307 0
1231202 259910 m2 0.06295 0.0773391 -0.802678 0 0.019706
1231202 747513 m2 0.01585 0.0711386 -0.654931 -0.017257 0
1231202 501519 m2 0.05075 0.0671183 -0.700511 0.0511297 0
1231202 731941 m2 0.0101 0.137867 -0.512809 0.0543032 0
1231202 252677 m2 0.0197 0.274333 -0.4763 0.0421178 0
1231202 547378 m2 0.0448 -0.0503411 -0.457633 -0.0224262 0
1231202 480202 m2 0.02375 0.20637 -0.603431 0.0875408 0
1231202 720686 m2 0.0235 -0.165089 -0.400622 0.00773114 0
1231202 273785 m2 0.07915 0.108907 -0.765349 0 -0.0184009
1231202 417406 m2 0.0209 0.0116121 -0.550829 -0.0235047 0
1231202 329603 m2 0.0403 0.152653 -0.711924 0 -0.0438519
1231202 425916 m2 0.05965 -0.065964 -0.556575 0 -0.0210629
1231202 304662 m2 0.053 0.00667935 -0.560648 0 -0.000211523
1231202 299540 m2 0.01275 0.0213221 -0.0544898 0.00583217 0
1231202 622804 m2 0.03855 -0.134919 -0.262573 -0.0816164 0
1231202 728815 m2 0.02465 -0.102756 -0.543462 0.0337653 0
1231202 709135 m2 0.01735 0.136921 -0.61925 -0.0264708 0
1231202 446520 m2 0.03955 0.0203837 -0.720995 -0.0100994 0
1231202 350452 m2 0.0763 0.259174 -0.687331 0.0698025 0
1231202 660808 m2 0.01915 0.140499 -0.718297 0.00277406 0
1231202 391096 m2 0.0725 0.121709 -0.741756 0 -0.00295196
1231202 623880 m2 0.01145 0.121115 -0.467273 0 -0.0202361
1231202 437342 m2 0.0839 -0.0730077 -0.766188 -0.0555122 0
1231202 282304 m2 0.0361 -0.121791 -0.540607 -0.053184 0
1231202 447927 m2 0.02485 -0.0802594 -0.509149 -0.0640697 0
1231202 460295 m2 0.06295 -0.0994587 -0.495368 -0.122801 0
1231202 476359 m2 0.0654 0.055203 -0.727559 0 -0.0355824
1231202 386397 m2 0.0746 -0.00936803 -0.742732 0 -0.0320103
1231202 339950 m2 0.08145 -0.0241341 -0.728335 0 -0.0802769
1231202 439760 m2 0.0137 -0.0589848 -0.281345 0.0180649 0
1231202 497429 m2 0.0306 0.00615885 -0.526196 0 -0.0602142
1231202 507822 m2 0.03035 0.0433388 -0.58945 -0.00923539 0
1231202 398844 m2 0.1116 0.317369 -0.731688 0.063248 0
1231202 439722 m2 0.04925 -0.0258821 -0.537406 -0.0549246 0
1231202 622218 m2 0.0163 0.0444132 -0.440131 0.0129695 0
1231202 672296 m2 0.0382 -0.0989661 -0.426497 0 -0.00409213
1231202 759279 m2 0.02265 -0.0350626 -0.590903 -0.0660428 0
1231202 318386 m2 0.058 0.0735842 -0.71344 -0.0126398 0
1231202 293215 m2 0.04045 -0.00269605 -0.549762 0 0.0251105
1231202 488655 m2 0.08455 -0.0075746 -0.700681 0.00539247 0
1231202 333474 m2 0.01125 -0.083359 -0.2933 -0.0433262 0
1231202 614792 m2 0.0103 -0.0713242 -0.389041 0.00508941 0
1231202 751060 m2 0.01285 -0.0907402 -0.359016 -0.0676444 0
1231202 689378 m2 0.02415 -0.0620729 -0.634734 0.0166004 0
1231202 361685 m2 0.0496 -0.0481399 -0.334293 0 0.0766301
1231202 536617 m2 0.01655 0.0768967 -0.626288 0.0620054 0
1231202 367443 m2 0.06365 0.132621 -0.708525 0.0591472 0
1231202 491076 m2 0.0353 -0.0718427 -0.422913 -0.0148822 0
1231202 437051 m2 0.0196 -0.0268781 -0.0595401 0 -0.0259362
1231202 333175 m2 0.05455 0.0668801 -0.678017 0.0126602 0
1231202 779506 m2 0.0162 0.0713836 -0.50357 0 0.0318931
1231202 743631 m2 0.01105 0.127762 -0.581159 0 0.00547676
1231202 483654 m2 0.01945 0.229511 -0.456833 0.00190179 0
1231202 772916 m2 0.0138 0.0933326 -0.496706 0.0208733 0
1231202 426208 m2 0.02515 -0.0288217 -0.471666 -0.0494613 0
1231202 650616 m2 0.0196 0.0111387 -0.503716 -0.0187271 0
1231202 617216 m2 0.01435 0.0740312 -0.668604 0 -0.00872553
1231202 661083 m2 0.02555 0.158207 -0.505001 0.0184467 0
1231202 755994 m2 0.0164 0.19548 -0.458436 0 -0.00146396
1231202 403545 m2 0.0316 0.145429 -0.720997 0 -0.0998889
1231202 466417 m2 0.08865 -0.248171 -0.711659 -0.0953249 0
1231202 699567 m2 0.0192 0.111901 -0.562736 -0.0200107 0
1231202 684365 m2 0.0164 -0.00920703 -0.519135 -0.0675115 0
1231202 521400 m2 0.02775 -0.062235 -0.452892 -0.0156961 0
1231202 569080 m2 0.0252 0.237788 -0.568488 0.071807 0
1231202 387820 m2 0.0102 -0.11284 -0.372937 -0.0520335 0
1231202 478808 m2 0.06465 0.0607814 -0.723932 -0.043485 0
1231202 667948 m2 0.0174 0.031116 -0.523713 0 0.0101632
1231202 423725 m2 0.0321 -0.115238 -0.556884 -0.0324976 0
1231202 557349 m2 0.0146 0.0981528 -0.593164 -0.0217668 0
1231202 577331 m2 0.0478 0.0668037 -0.624071 0 -0.000506057
1231202 660458 m2 0.0123 -0.0101432 -0.60322 0 -0.00992919
1231202 737226 m2 0.0141 0.0367778 -0.457516 0.0370404 0
1231202 672287 m2 0.0211 0.0706736 -0.518037 0 -0.0117492
1231202 563323 m2 0.02265 -0.127006 -0.472185 0 -0.0611715
1231202 712426 m2 0.0327 0.00608891 -0.453526 0 -0.099074
1231202 618886 m2 0.0408 -0.00799105 -0.565878 0.0436054 0
1231202 567446 m2 0.02735 0.0146888 -0.563932 -0.0553335 0
1231202 568284 m2 0.01345 0.0379629 -0.510676 0.0288209 0
1231202 631529 m2 0.0149 0.0516647 -0.400979 0.00951784 0
1231202 545144 m2 0.0487 -0.0650976 -0.653365 -0.0120965 0
1231202 755979 m2 0.03165 -0.0294045 -0.538188 0 0.0304455
1231202 545691 m2 0.0297 -0.0817798 -0.697674 0 0.00122277
1231202 656089 m2 0.03425 -0.114454 -0.625999 0 0.0151425
1231202 701758 m2 0.0162 -0.144295 -0.467026 0 -0.0221182
1231202 603509 m2 0.0236 -0.110637 -0.5877 0 0.0170285
1231202 611460 m2 0.0205 0.0510304 -0.674095 0 -0.0346463
1231202 638170 m2 0.0105 0.145051 -0.490818 -0.00015348 0
1231202 740266 m2 0.0112 0.212471 -0.45115 0.0396856 0
1231202 744950 m2 0.01135 -0.0518489 -0.564545 0 -0.0274881
1231202 652478 m2 0.0277 -0.0221525 -0.644463 0 -0.0364653
1231202 650572 m2 0.0177 -0.114378 -0.551759 -0.0170258 0
1231202 750214 m2 0.01115 -0.0630155 -0.390395 -0.0185841 0
1231202 678557 m2 0.03795 0.00778651 -0.590611 0 0.0418517
1231202 779511 m2 0.01215 -0.0550155 -0.411027 0 0.0275263
1231202 674753 m2 0.0191 0.129413 -0.464927 0.0548412 0
1231202 755700 m2 0.0125 -0.0331696 -0.509812 0 -0.0357333
1231202 754039 m2 0.0101 0.0165104 -0.496413 -0.00693818 0
1231202 724986 m2 0.02065 0.107357 -0.605408 0.0835697 0
1231202 755432 m2 0.01725 -0.116606 -0.480825 0 -0.0116667
1231202 724168 m2 0.01305 0.0312652 -0.284837 0 -0.00426298
1231202 714378 m2 0.01465 -0.0960679 -0.491905 0 -0.0321498
