seed mutID muttype p cor_sal cor_temp mutSalEffect mutTempEffect
1231146 1464 m2 0.0977 0.404045 0.42151 0.420977 0.424689
1231146 1849 m2 0.0543 0.337106 0.138384 0.230481 0.0173221
1231146 1529 m2 0.2454 0.536792 -0.592292 0.242582 -0.113957
1231146 1586 m2 0.0219 0.324449 -0.3344 0.43658 -0.435633
1231146 1548 m2 0.3841 0.0851183 0.60863 0.152763 0.154101
1231146 1549 m2 0.1318 -0.543556 0.407372 -0.645988 0.294385
1231146 1689 m2 0.31575 -0.450092 -0.717677 -0.14754 -0.188009
1231146 2087 m2 0.3364 -0.240479 0.459834 -0.102793 0.156567
1231146 2626 m2 0.0294 -0.326515 -0.370586 -0.502796 -0.354899
