// Initial random seed:
1703739167637

// RunInitializeCallbacks():
initializeTreeSeq();
initializeMutationRate(1e-10);
initializeSex("A");
initializeMutationType(2, 0.5, "f", 0);
initializeGenomicElementType(1, m2, 1);
initializeGenomicElement(g1, 0, 550000);
initializeRecombinationRate(c(1e-06, 0.5, 1e-06, 0.5, 1e-06, 0.5, 1e-06, 0.5, 1e-06, 0.5, 1e-06, 0.5, 1e-06, 0.5, 1e-06, 0.5, 1e-06, 0.5, 1e-06, 0.5, 1e-06, 0.5, 1e-06, 0.5, 1e-06, 0.5, 1e-06, 0.5, 1e-06, 0.5, 1e-06, 0.5, 1e-06, 0.5, 1e-06, 0.5, 1e-06, 0.5, 1e-06), c(50000, 50001, 100000, 100001, 150000, 150001, 200000, 200001, 250000, 250001, 300000, 300001, 350000, 350001, 400000, 400001, 450000, 450001, 500000, 500001, 550000, 550001, 600000, 600001, 650000, 650001, 700000, 700001, 750000, 750001, 800000, 800001, 850000, 850001, 900000, 900001, 950000, 950001, 1000000));

QTL DFE means: 
0 0

QTL DFE variance-covariance matrix: 
     [,0] [,1]
[0,]  0.4    0
[1,]    0  0.4

// Starting run at generation <start>:
1 

100:0.999886 0.999886 -6.66134e-16 -0.000725188 0.000953518 0.00940899 -0.0165711 NAN NAN
200:0.999929 0.999929 -2.75335e-14 0.000492058 -0.000309202 -0.133806 -0.0533328 NAN NAN
300:0.999806 0.999806 2.17604e-14 -0.00065317 0.000114885 -0.00106276 0.0415346 NAN NAN
400:0.999923 0.999923 -4.21885e-15 2.28692e-05 -3.64066e-05 0.065957 0.0509054 NAN NAN
500:0.999981 0.999981 -2.22045e-16 -0.000321159 -0.000120739 -0.178234 0.137084 NAN NAN
600:0.999909 0.999909 -6.55032e-15 1.23118e-05 0.000640909 -0.226348 0.0170897 NAN NAN
700:0.999939 0.999939 -2.55351e-15 0.000410892 -0.000421329 -0.199474 0.156077 NAN NAN
800:0.999962 0.999962 -1.29896e-14 -9.63376e-05 -0.000179385 -0.148449 -0.171293 NAN NAN
900:0.999896 0.999896 1.88738e-14 -6.99988e-05 0.000656794 0.0542357 0.104551 NAN NAN
1000:0.999938 0.999938 -1.88738e-15 -0.000183761 0.000387185 -0.0838553 0.0167487 NAN NAN
1100:0.998919 0.998916 3.29845e-06 0.000224829 7.68734e-05 0.0711025 0.110724 0.00860286 0.0143913
1200:0.995444 0.995452 -8.0225e-06 0.000751217 -0.000770357 -0.0526548 -0.0083157 -0.0134293 -0.00215581
1300:0.989271 0.989206 6.49472e-05 0.00109772 -0.0019032 0.0634858 0.22546 0.012064 0.045037
1400:0.979666 0.97965 1.62128e-05 0.000838728 -0.000878412 -0.118268 0.204286 -0.0221907 0.0503465
1500:0.965625 0.965584 4.12925e-05 0.000547006 -0.000639675 0.070979 0.153009 0.0105818 0.0227653
1600:0.948095 0.942753 0.0053418 0.0287254 -0.0296371 0.301493 0.602236 0.138121 0.284895
1700:0.928542 0.905476 0.0230653 0.0936263 -0.0848768 0.391203 0.744121 0.266645 0.517262
1800:0.916813 0.839809 0.0770032 0.247016 -0.0298351 0.923597 0.823986 0.559978 0.641204
1900:0.88749 0.756724 0.130766 0.314744 -0.00132712 0.961818 0.789698 0.683874 0.675399
2000:0.831173 0.614211 0.216961 0.307869 -0.000945298 0.928543 0.805267 0.731417 0.695613
2100:0.842156 0.596798 0.245357 0.286144 -0.000664784 0.951286 0.883969 0.744849 0.778565
2200:0.848731 0.583175 0.265556 0.258098 0.0116212 0.960916 0.885519 0.761109 0.780533
2300:0.848786 0.576489 0.272297 0.26318 0.0125111 0.967902 0.897106 0.763892 0.793208
2400:0.856322 0.563752 0.29257 0.231995 -0.0025238 0.987868 0.914443 0.784969 0.80658
2500:0.86089 0.563627 0.297263 0.230957 -0.0148032 0.986571 0.929354 0.790746 0.824223
2600:0.866235 0.564953 0.301281 0.225373 0.0142416 0.990252 0.942188 0.794232 0.850177
2700:0.866523 0.565851 0.300673 0.213075 -0.000454206 0.984707 0.939908 0.792442 0.858287
2800:0.866848 0.559627 0.307221 0.217878 0.0115945 0.985516 0.944128 0.79895 0.857729
2900:0.868105 0.558981 0.309124 0.207996 0.0091249 0.986748 0.944868 0.798965 0.864614
3000:0.866513 0.56339 0.303123 0.225474 0.0309661 0.99146 0.950661 0.793925 0.860202
