// Initial random seed:
3595571910110

// RunInitializeCallbacks():
initializeTreeSeq();
initializeMutationRate(2.5e-08);
initializeSex("A");
initializeMutationType(2, 0.5, "f", 0);
initializeGenomicElementType(1, m2, 1);
initializeGenomicElement(g1, 0, 500000);
initializeRecombinationRate(c(1e-06, 0.5, 1e-06, 0.5, 1e-06, 0.5, 1e-06, 0.5, 1e-06, 0.5, 1e-06, 0.5, 1e-06, 0.5, 1e-06, 0.5, 1e-06, 0.5, 1e-06, 0.5, 1e-06, 0.5, 1e-06, 0.5, 1e-06, 0.5, 1e-06, 0.5, 1e-06, 0.5, 1e-06, 0.5, 1e-06, 0.5, 1e-06, 0.5, 1e-06, 0.5, 1e-06), c(50000, 50001, 100000, 100001, 150000, 150001, 200000, 200001, 250000, 250001, 300000, 300001, 350000, 350001, 400000, 400001, 450000, 450001, 500000, 500001, 550000, 550001, 600000, 600001, 650000, 650001, 700000, 700001, 750000, 750001, 800000, 800001, 850000, 850001, 900000, 900001, 950000, 950001, 1000000));

QTL DFE means: 
0 0

QTL DFE variance-covariance matrix: 
      [,0]  [,1]
[0,] 0.002     0
[1,]     0 0.002

// Starting run at generation <start>:
1 

100:0.998403 0.998403 -9.32587e-15 0.00508934 0.00436425 -0.16543 0.107177 NAN NAN
200:0.996507 0.996507 -4.44089e-16 0.0167492 0.0223741 0.0493817 0.282694 NAN NAN
300:0.995365 0.995365 1.55431e-15 0.0230612 0.0092658 -0.00379646 0.153731 NAN NAN
400:0.994541 0.994541 1.36557e-14 0.014913 -0.00647234 -0.276834 0.13289 NAN NAN
500:0.993262 0.993262 1.9984e-14 0.0248441 0.00432718 -0.170294 0.17203 NAN NAN
600:0.992774 0.992774 -6.88338e-15 0.039834 0.0285227 -0.1796 0.147519 NAN NAN
700:0.992781 0.992781 1.88738e-15 0.03882 0.0219646 -0.219703 0.000984637 NAN NAN
800:0.99138 0.99138 -6.4948e-14 0.0599783 0.0340693 -0.275597 0.0802722 NAN NAN
900:0.987508 0.987508 2.06501e-14 0.0736893 0.0394249 -0.179253 0.165 NAN NAN
1000:0.988154 0.988154 -3.94129e-14 0.0511451 0.0549381 -0.127322 0.0985297 NAN NAN
1100:0.987819 0.988157 -0.000337327 0.0515486 0.0701755 -0.147509 0.00332208 -0.137653 -0.0484651
1200:0.98553 0.984826 0.000703994 0.0318879 0.0669388 -0.00364774 0.154038 -0.0282917 0.0400983
1300:0.984926 0.977673 0.00725272 0.0595095 0.0573597 0.405941 0.495645 0.293138 0.273891
1400:0.980998 0.965303 0.0156955 0.0562992 0.0531076 0.638119 0.5436 0.531414 0.377699
1500:0.976375 0.946775 0.0296 0.040238 0.0495497 0.70688 0.725491 0.603578 0.592094
1600:0.973099 0.918488 0.0546105 0.0336204 0.0417827 0.832461 0.797009 0.743631 0.695489
1700:0.966869 0.872585 0.0942842 0.0271831 0.0301593 0.855157 0.868002 0.780763 0.797799
1800:0.95493 0.809861 0.145069 0.0387756 0.0327423 0.882093 0.857928 0.830227 0.797307
1900:0.943184 0.715208 0.227976 0.0134439 5.34417e-05 0.913033 0.875591 0.880001 0.816639
2000:0.905317 0.568016 0.337301 0.0192717 0.0122846 0.921379 0.819762 0.903897 0.796351
2100:0.925871 0.562557 0.363314 0.0253589 0.0289786 0.947072 0.897318 0.917797 0.855727
2200:0.930673 0.557997 0.372677 0.000464487 -0.00218201 0.951883 0.906898 0.922092 0.865178
2300:0.928718 0.554468 0.37425 -0.0170401 -0.0257247 0.945605 0.928896 0.920677 0.902306
2400:0.937046 0.555058 0.381989 -0.00929891 -0.00595826 0.955087 0.943109 0.925829 0.907952
2500:0.931341 0.552473 0.378869 -0.0145062 -0.0106884 0.949289 0.938258 0.925396 0.917455
2600:0.927568 0.556388 0.37118 -0.014128 -0.0593899 0.943634 0.940168 0.9188 0.918969
2700:0.924659 0.5539 0.370758 -0.0177165 -0.0495934 0.9377 0.943124 0.916132 0.91804
2800:0.93298 0.554688 0.378292 -0.00422422 -0.0396363 0.949852 0.964325 0.922564 0.936561
2900:0.940884 0.544895 0.395989 -0.00842535 -0.0768464 0.960983 0.969439 0.927101 0.938723
3000:0.933268 0.543771 0.389497 -0.00986385 -0.0657758 0.94806 0.963027 0.918692 0.941896
