seed mutID muttype p cor_sal cor_temp mutSalEffect mutTempEffect
1231094 63406 m2 0.0136952 0.105778 0.566112 0 0.000433734
1231094 354470 m2 0.0397908 0.0102113 -0.541143 0 0.0159471
1231094 309977 m2 0.156076 -0.0450737 0.889354 0 0.0165636
1231094 619031 m2 0.0184263 0.102166 0.606285 0 0.00480719
1231094 450696 m2 0.0255478 0.0107233 -0.0881976 0 0.0491541
1231094 688644 m2 0.0230578 0.0971582 0.400734 0 -0.00195854
1231094 393917 m2 0.137301 0.0578365 0.892353 0 -0.000490732
1231094 674382 m2 0.013745 0.0772353 0.434301 0 0.00749796
1231094 703495 m2 0.0138944 0.134447 0.575467 0 0.0348831
1231094 595709 m2 0.0170817 0.0382943 0.59244 0 -0.020185
1231094 325240 m2 0.169821 0.0123638 0.862307 0 0.0433761
1231094 290095 m2 0.063247 0.127569 -0.810841 0 0.0225952
1231094 500532 m2 0.109213 -0.071476 0.821603 0 -0.0059308
1231094 495042 m2 0.0215637 -0.0802994 0.278891 0 -0.0112603
1231094 668237 m2 0.0121514 0.0452177 0.530009 0 -0.00830307
1231094 664797 m2 0.0116036 -0.243881 0.432929 0 0.0474758
1231094 426463 m2 0.0418825 0.140329 0.67373 0 0.0895779
1231094 687153 m2 0.0336155 -0.114447 0.666334 0 -0.00383323
1231094 290092 m2 0.162998 0.0846883 0.852569 0 0.0250238
1231094 494033 m2 0.0912849 0.195626 0.523445 0 0.0370486
1231094 604204 m2 0.0298307 -0.15169 0.469518 0 -0.00274789
1231094 488208 m2 0.0613546 -0.0507195 0.816831 0 0.0139483
1231094 280507 m2 0.0195219 0.0758425 0.358196 0 0.0217464
1231094 324231 m2 0.0353088 -0.110384 0.0557556 0 0.0371328
1231094 588646 m2 0.0257968 0.192422 0.447534 0 -0.00206362
1231094 581650 m2 0.0470618 -0.0740164 0.487004 0 0.00850145
1231094 637640 m2 0.0102092 -0.117794 0.484372 0 0.0185732
1231094 633361 m2 0.0114044 0.190282 0.380115 0 -0.0149116
1231094 267824 m2 0.302839 0.0749908 0.858293 0 0.0236031
1231094 659040 m2 0.039492 -0.0168055 0.648995 0 0.0158187
1231094 57426 m2 0.0260956 -0.00335516 -0.327858 0 0.00462841
1231094 591935 m2 0.0317231 0.231258 0.152863 0 0.0259367
1231094 367792 m2 0.0531375 0.0886436 0.714834 0 0.0924286
1231094 559284 m2 0.0146912 -0.00628009 0.11255 0 0.0413689
1231094 101018 m2 0.0583665 0.208701 -0.105817 0 0.0148922
1231094 80787 m2 0.10508 -0.0079734 0.668775 0 -0.00262634
1231094 443871 m2 0.104831 -0.00451732 -0.188475 0 -0.0195192
1231094 496054 m2 0.0139442 0.193751 0.197119 0 -0.0165122
1231094 687395 m2 0.0330677 0.385572 0.410185 0 -0.0465627
1231094 482341 m2 0.0445717 0.0750808 0.666961 0 0.08851
1231094 694590 m2 0.0168327 0.1317 0.427691 0 -0.000454548
1231094 614166 m2 0.0171813 0.0600903 0.225007 0 -0.0192298
1231094 612261 m2 0.105428 -0.0305995 0.791374 0 -0.00114147
1231094 194674 m2 0.1126 0.104928 0.861257 0 0.0376141
1231094 495535 m2 0.0223108 -0.136586 0.16264 0 -0.0202947
1231094 583875 m2 0.010757 0.155076 0.196953 0 -0.0284265
1231094 702400 m2 0.0175299 -0.161401 0.401451 0 0.051785
1231094 667944 m2 0.0294323 -0.122898 0.624541 0 0.0245202
1231094 725871 m2 0.0238546 0.375865 0.525629 0 -0.0158839
1231094 264216 m2 0.0585159 0.0605498 0.804413 0 0.0722134
1231094 704743 m2 0.0244522 -0.134377 0.252887 0 0.0252343
1231094 309210 m2 0.0786355 -0.222421 0.2599 0 0.00669992
1231094 496768 m2 0.0184263 0.152519 0.636566 0 -0.00470662
1231094 692820 m2 0.0219622 0.186865 0.480026 0 -0.0104094
1231094 523717 m2 0.0709163 0.0547242 0.302161 0 -0.00499325
1231094 385350 m2 0.0924303 0.143241 0.663767 0 -0.00163597
1231094 547720 m2 0.0285857 0.0995743 -0.290706 0 -0.0146283
1231094 633615 m2 0.0166833 0.174601 0.588423 0 -0.00852319
1231094 564498 m2 0.0381474 0.1151 0.490759 0 -0.0095989
1231094 675641 m2 0.0219622 0.00682132 0.316358 0 -0.04866
1231094 38778 m2 0.0551295 0.106973 0.0520184 0 0.0182572
1231094 46798 m2 0.0413845 -0.282678 -0.436939 0 0.00578037
1231094 513575 m2 0.102341 0.0981124 0.789868 0 0.0180504
1231094 637123 m2 0.011006 0.0223709 0.383285 0 -0.00682042
1231094 269024 m2 0.0184263 -0.134767 0.499374 0 0.0109727
1231094 543229 m2 0.036255 0.238757 0.768778 0 0.00177153
1231094 378975 m2 0.025498 -0.0625407 -0.318703 0 0.00623206
1231094 451423 m2 0.0191235 0.04719 0.612756 0 0.0154244
1231094 555525 m2 0.0682271 0.0681011 0.484653 0 0.00439288
1231094 500964 m2 0.0432271 -0.00903479 0.715489 0 -0.0477376
1231094 335077 m2 0.0229084 -0.0993173 0.395457 0 0.0325214
1231094 706234 m2 0.0408865 0.124479 0.583927 0 0.000678086
1231094 189447 m2 0.106275 -0.00393049 0.713043 0 0.032911
1231094 340357 m2 0.0893426 -0.027181 -0.783301 0 -0.0113708
1231094 695841 m2 0.0450697 0.0281714 0.409932 0 -0.0254599
1231094 298186 m2 0.106076 0.0170131 0.805161 0 0.0411912
1231094 666256 m2 0.0890438 0.0016603 0.778076 0 0.0391641
1231094 692802 m2 0.0260458 -0.0339558 0.493494 0 0.043551
1231094 658447 m2 0.0174801 -0.0906509 0.358418 0 0.0442773
1231094 110932 m2 0.0439243 0.208193 0.643351 0 -0.0373749
1231094 674868 m2 0.0105578 0.0970063 0.302861 0 0.0047179
1231094 554536 m2 0.0146414 0.0348479 0.472385 0 0.0253509
1231094 422733 m2 0.0226096 -0.0271583 0.268956 0 -0.0194505
1231094 5007 m2 0.0919323 -0.0361432 -0.642472 0 -0.000487032
1231094 255730 m2 0.0322709 -0.0945079 0.430213 0 0.0251321
1231094 664250 m2 0.0202191 0.00104755 0.430311 0 -0.0268616
1231094 504839 m2 0.0167331 -0.137693 0.0583337 0 0.0153502
1231094 339864 m2 0.182769 0.0434706 0.924942 0 0.0149963
1231094 48003 m2 0.153685 -0.25333 0.515018 0 0.0143418
1231094 652953 m2 0.0265936 -0.152139 0.432523 0 -0.0271326
1231094 369250 m2 0.014243 0.0522837 0.136976 0 0.0347835
1231094 509458 m2 0.0689741 0.1788 0.659477 0 -0.0608251
1231094 628026 m2 0.0157869 0.236872 0.372546 0 -0.00444954
1231094 48583 m2 0.086255 0.218824 0.541506 0 -0.00842329
1231094 697397 m2 0.0195717 0.00388603 0.571835 0 -0.0148946
1231094 190404 m2 0.0725598 -0.171439 0.197831 0 0.0054532
1231094 618729 m2 0.0310757 0.00609909 0.261319 0 -0.014564
1231094 693317 m2 0.0103586 0.0482922 0.167751 0 -0.00709971
1231094 384044 m2 0.1001 0.00788613 0.824609 0 0.0122766
1231094 634570 m2 0.025996 0.208707 0.460565 0 0.0255967
1231094 697667 m2 0.0130976 -0.141928 -0.125121 0 0.00295498
1231094 435917 m2 0.012251 0.00393336 0.21287 0 0.0471457
1231094 309176 m2 0.108715 -0.00864014 0.821944 0 0.0313213
1231094 617476 m2 0.0483068 -0.203591 0.49006 0 0.0123118
1231094 49053 m2 0.0198207 -0.22387 0.241869 0 -0.0107617
1231094 55314 m2 0.0419323 -0.0100323 -0.346757 0 0.00676387
1231094 379192 m2 0.124502 -0.0396573 0.60078 0 0.00280165
1231094 668699 m2 0.0132968 0.021778 0.427535 0 0.0326953
1231094 610024 m2 0.0619024 -0.125718 0.74777 0 0.00183083
1231094 607233 m2 0.0185757 -0.045299 0.0732751 0 0.0179981
1231094 102445 m2 0.037251 -0.101074 0.0146604 0 -0.000181338
1231094 112179 m2 0.169671 -0.0113059 0.222316 0 0.00286731
1231094 521178 m2 0.0332171 0.119767 0.45306 0 0.00983896
1231094 471692 m2 0.0709163 0.0377513 0.800512 0 -0.00613256
1231094 622246 m2 0.0162849 0.220579 0.495741 0 0.000676616
1231094 564229 m2 0.0192231 -0.117239 -0.388038 0 0.00174848
1231094 87359 m2 0.0305777 -0.0197114 0.090135 0 0.0122242
1231094 293378 m2 0.0530378 0.124734 -0.653292 0 0.00154594
1231094 552777 m2 0.0280876 0.00530763 0.259865 0 9.40893e-06
1231094 464365 m2 0.0293327 0.0893597 0.698198 0 0.0236695
1231094 163442 m2 0.147809 0.000815588 -0.0628337 0 -0.0160827
1231094 379940 m2 0.0794821 -0.300885 0.33425 0 0.0262383
1231094 662189 m2 0.012749 -0.0734003 0.0683031 0 -0.00100481
1231094 569491 m2 0.0140438 -0.0146424 0.348948 0 0.0018059
1231094 303116 m2 0.107321 -0.102961 -0.363213 0 0.00420913
1231094 518633 m2 0.0768426 0.0457486 0.0267277 0 -0.0280705
1231094 601373 m2 0.010259 -0.0758609 0.0598751 0 -0.0170599
1231094 210056 m2 0.386803 0.0365213 0.944613 0 0.0521341
1231094 728328 m2 0.013496 -0.0352378 0.165746 0 -0.0179888
1231094 623734 m2 0.0106076 0.073099 0.31425 0 -0.01646
1231094 618204 m2 0.0456673 0.0156508 -0.392294 0 -0.00706853
1231094 321637 m2 0.0858566 0.0506411 0.0276683 0 0.013533
1231094 568166 m2 0.0106574 -0.101493 -0.0103621 0 -0.0521578
1231094 85394 m2 0.0673805 0.0833987 -0.0594081 0 0.00141023
1231094 110648 m2 0.0290837 0.0840597 0.664743 0 0.0266786
1231094 31549 m2 0.104831 0.111582 -0.802792 0 -0.00659121
1231094 542195 m2 0.0246016 -0.11772 0.538432 0 0.0174994
1231094 516260 m2 0.0187251 -0.0243772 0.0730552 0 -0.00931493
1231094 649663 m2 0.0148904 0.0806893 0.23663 0 -0.0030625
1231094 284453 m2 0.371165 -0.0343002 -0.950921 0 -0.0150924
1231094 664213 m2 0.0243526 0.0615986 -0.0573986 0 0.0113721
1231094 443535 m2 0.0177789 -0.0396267 0.0553657 0 -0.0252031
1231094 653866 m2 0.0361554 0.0360694 0.136898 0 0.0184973
1231094 605893 m2 0.0144422 -0.0726491 0.0255124 0 0.0124131
1231094 82635 m2 0.059512 -0.184389 0.265668 0 0.0193292
1231094 723816 m2 0.0208167 -0.0757811 0.0470164 0 -0.0189635
1231094 643299 m2 0.01001 0.0834266 0.140635 0 0.050165
1231094 573025 m2 0.0784861 0.0268765 0.083381 0 0.0151978
1231094 615139 m2 0.0163845 0.0429125 0.146955 0 -0.017615
1231094 641038 m2 0.0123008 -0.131784 0.206991 0 0.0134317
1231094 714047 m2 0.0119522 -0.0518039 0.10719 0 0.0372063
1231094 547373 m2 0.0609562 -0.00339264 0.111945 0 0.0157663
1231094 676775 m2 0.0146912 -0.0375003 0.0394078 0 -0.0136885
1231094 623466 m2 0.0267928 -0.0295704 -0.0457675 0 -0.00206772
1231094 455306 m2 0.0103088 0.0298128 0.041311 0 0.0105488
1231094 298611 m2 0.0539343 0.138847 0.107586 0 0.0225264
1231094 356121 m2 0.211952 0.00774218 0.916538 0 0.0114208
1231094 496681 m2 0.0126494 0.00131088 0.181142 0 -0.0246866
1231094 685030 m2 0.0110558 -0.125244 -0.199953 0 -0.0314671
1231094 182677 m2 0.0629482 -0.20896 0.461821 0 -0.00391628
1231094 582038 m2 0.0660857 -0.031079 -0.737786 0 -0.0364714
1231094 419434 m2 0.0105578 0.243871 -0.180605 0 -0.00534971
1231094 514717 m2 0.0101096 0.122538 -0.226108 0 -0.0263855
1231094 69561 m2 0.090239 -0.0380056 -0.120458 0 -0.0223164
1231094 144724 m2 0.200249 -0.015074 -0.871919 0 0.00799514
1231094 396021 m2 0.0276394 -0.0567247 -0.0884268 0 0.0218463
1231094 102629 m2 0.233217 -0.00636085 0.859532 0 0.0181107
1231094 589022 m2 0.0152888 -0.0624571 -0.0142909 0 -0.051076
1231094 316483 m2 0.0199701 0.0975041 -0.14534 0 -0.0106511
1231094 697039 m2 0.0133466 -0.0296696 0.271815 0 0.0106759
1231094 632248 m2 0.0171813 -0.0322718 0.0645882 0 0.000208558
1231094 493195 m2 0.0156873 0.103413 0.571727 0 -0.0122474
1231094 6092 m2 0.385508 -0.0128978 -0.964182 0 -0.0252456
1231094 537977 m2 0.0161853 0.234167 -0.388874 0 -0.0319593
1231094 327919 m2 0.0129482 0.298749 -0.564702 0 0.00812661
1231094 431790 m2 0.051245 -0.0191392 0.0800958 0 -0.00759423
1231094 302359 m2 0.0682271 0.209781 0.324862 0 0.00700377
1231094 459192 m2 0.0241036 0.0708382 -0.077092 0 -0.00989263
1231094 249300 m2 0.114193 0.108619 -0.64224 0 0.00778735
1231094 610419 m2 0.013496 -0.131452 -0.136499 0 -0.0122956
1231094 664962 m2 0.0225598 0.247097 -0.635412 0 0.0106405
1231094 270441 m2 0.0247012 -0.0892099 -0.300173 0 -0.0158894
1231094 416604 m2 0.0736056 -0.0197853 -0.256426 0 -0.00426442
1231094 204508 m2 0.186006 -0.0730829 -0.7179 0 -0.016775
1231094 520320 m2 0.0338645 -0.0318091 -0.325324 0 0.000366059
1231094 191993 m2 0.187699 0.00587417 0.906244 0 0.0418109
1231094 199066 m2 0.123456 0.00715672 -0.882915 0 -0.0196981
1231094 717454 m2 0.0175797 -0.0628122 0.0739169 0 0.0642559
1231094 521338 m2 0.0161853 0.0983751 -0.653005 0 -0.0987753
1231094 675734 m2 0.0379482 -0.0892254 -0.0765505 0 -0.0160149
1231094 563898 m2 0.0437749 0.0826122 -0.136649 0 0.0388126
1231094 646805 m2 0.011504 -0.182956 0.195654 0 0.0338156
1231094 599768 m2 0.0561255 0.128039 0.161785 0 0.00628865
1231094 650597 m2 0.0109562 0.0869175 0.0969758 0 -0.0226609
1231094 527488 m2 0.0201693 0.130395 0.541733 0 0.059355
1231094 396766 m2 0.012998 0.10891 -0.108013 0 -0.0467886
1231094 586935 m2 0.0866036 -0.0565824 -0.277317 0 -0.0346325
1231094 522594 m2 0.0943227 -0.0528271 -0.549955 0 0.0273845
1231094 490382 m2 0.0381474 0.0733175 0.5221 0 -0.0241524
1231094 638950 m2 0.0105578 0.245612 -0.482791 0 0.0188343
1231094 629645 m2 0.0171813 -0.104759 -0.333637 0 -0.0403069
1231094 713531 m2 0.013994 -0.0846543 -0.0589829 0 -0.0454696
1231094 584000 m2 0.0109562 -0.138443 -0.0628306 0 0.0293401
1231094 722264 m2 0.0163845 -0.0895571 -0.0612726 0 0.0192382
1231094 381129 m2 0.140588 -0.0728956 -0.859638 0 -0.0171669
1231094 503934 m2 0.0453685 -0.0499648 -0.283448 0 0.0162178
1231094 115278 m2 0.16001 -0.0710105 -0.865481 0 -0.00747628
1231094 373870 m2 0.122261 -0.0810107 -0.844723 0 -0.0270779
1231094 725244 m2 0.0148904 0.192542 0.0281073 0 -0.00786376
1231094 14155 m2 0.163197 -0.00481012 -0.670278 0 -0.000499297
1231094 632980 m2 0.0135956 0.0200613 -0.497246 0 -0.0071165
1231094 616848 m2 0.0833167 0.00102829 0.563942 0 0.0126307
1231094 603566 m2 0.0412849 -0.132068 0.0579968 0 0.0209834
1231094 209676 m2 0.0283865 0.201736 0.395888 0 0.0230863
1231094 663088 m2 0.0704681 0.177118 -0.694731 0 -0.00407656
1231094 597759 m2 0.0166833 0.0152071 0.00313455 0 -0.0267711
1231094 112810 m2 0.221315 -0.0942377 -0.689038 0 0.0114493
1231094 572973 m2 0.0200697 -0.0560977 0.217062 0 0.0303706
1231094 216176 m2 0.0329681 0.239319 0.414174 0 -0.00681009
1231094 655555 m2 0.035259 0.0697411 -0.312193 0 -0.00463024
1231094 576158 m2 0.0683267 0.0807134 -0.733711 0 -0.000587952
1231094 571657 m2 0.0313745 0.180341 0.030183 0 0.0211608
1231094 349714 m2 0.0806275 0.217737 -0.0391519 0 -0.00795521
1231094 636968 m2 0.012998 -0.0819536 -0.281892 0 0.0196191
1231094 679149 m2 0.0294821 0.104735 -0.272522 0 0.0113547
1231094 666117 m2 0.0103586 -0.0550014 -0.105445 0 -0.0612421
1231094 667755 m2 0.0140936 -0.0636598 -0.134855 0 0.0179394
1231094 447284 m2 0.0340637 -0.00722994 -0.398026 0 0.00493385
1231094 590512 m2 0.0155378 -0.0355616 -0.0395618 0 0.0275239
1231094 64932 m2 0.0687251 0.039575 -0.530089 0 -0.00288026
1231094 629879 m2 0.0143426 0.0247204 -0.0252254 0 0.00295979
1231094 667754 m2 0.0188247 0.0524687 -0.00956987 0 -0.00633347
1231094 51901 m2 0.208765 0.0388295 -0.869989 0 -0.069441
1231094 268886 m2 0.0169323 0.261516 -0.386246 0 -0.0195421
1231094 701014 m2 0.0331673 -0.0717394 -0.023587 0 0.0162894
1231094 173998 m2 0.0633466 -0.132181 -0.640397 0 -0.0182417
1231094 264569 m2 0.0814741 0.0140321 -0.144857 0 -0.0265218
1231094 563076 m2 0.015239 0.131797 0.0245275 0 0.00100539
1231094 264834 m2 0.0142928 -0.142555 0.0107759 0 0.0213968
1231094 566800 m2 0.0129482 0.111218 -0.107981 0 0.0518493
1231094 684737 m2 0.0122012 -0.156988 0.0588832 0 0.0192502
1231094 603311 m2 0.0569223 0.0813528 0.33414 0 -0.0233232
1231094 332902 m2 0.0424801 0.102357 0.0557823 0 0.0207657
1231094 695409 m2 0.0160359 -0.130775 -0.118487 0 -0.0208724
1231094 614510 m2 0.0590139 -0.067144 -0.479415 0 0.0188715
1231094 720988 m2 0.0102092 -0.211209 0.037833 0 0.0137247
1231094 669541 m2 0.0131972 -0.00978494 -0.0351134 0 0.0205151
1231094 695171 m2 0.0103586 -0.0500805 0.140142 0 0.0097982
1231094 728951 m2 0.015488 -0.0835422 -0.169525 0 -0.00745482
1231094 603308 m2 0.0100598 -0.0651506 0.0217659 0 0.00539298
1231094 51343 m2 0.133367 -0.0559212 -0.862982 0 -0.0202013
1231094 720984 m2 0.0135458 -0.0307687 -0.066997 0 0.0172141
1231094 597249 m2 0.065239 0.127683 -0.449521 0 -0.0208323
1231094 419342 m2 0.0520916 -0.170369 0.0993017 0 -0.00575941
1231094 603012 m2 0.0276892 0.0975966 -0.631749 0 9.1762e-05
1231094 566570 m2 0.0468127 0.021726 -0.316986 0 -0.039869
1231094 613067 m2 0.010508 -0.015253 0.0835011 0 -0.0201651
1231094 378762 m2 0.0198705 0.0279986 -0.611469 0 -0.0108677
1231094 704579 m2 0.014243 0.117564 -0.352752 0 -0.0292939
1231094 215374 m2 0.0823207 0.141411 0.564896 0 0.00311453
1231094 713003 m2 0.0198207 0.115319 -0.341357 0 -0.0196339
1231094 531684 m2 0.0464143 -0.0531446 -0.594573 0 -0.0288158
1231094 409715 m2 0.013745 0.0258852 0.329377 0 -0.0137978
1231094 507230 m2 0.146414 0.0450127 -0.624316 0 -0.0144737
1231094 69450 m2 0.148008 0.24989 -0.439647 0 -0.0388097
1231094 441771 m2 0.0219622 0.0915661 0.172557 0 -7.63839e-05
1231094 690921 m2 0.035757 -0.147639 -0.219527 0 -0.0272181
1231094 193148 m2 0.155926 -0.00213902 -0.85869 0 -0.0558921
1231094 629379 m2 0.0164343 -0.0596101 -0.306002 0 -0.0290436
1231094 637677 m2 0.0391434 0.172231 -0.398796 0 0.0138646
1231094 512313 m2 0.0961653 0.0820403 0.676851 0 -0.0141617
1231094 422311 m2 0.0234064 0.0469815 0.0167373 0 -0.0205462
1231094 713711 m2 0.010508 -0.0991652 -0.135344 0 -0.0143173
1231094 547751 m2 0.0957669 -0.0521477 -0.637906 0 -0.0170987
1231094 160243 m2 0.110956 -0.10076 -0.643567 0 -0.0251356
1231094 104828 m2 0.0726594 0.0262576 -0.676971 0 -0.00207399
1231094 294197 m2 0.0385956 -0.0434689 -0.739095 0 -0.0187547
1231094 482891 m2 0.040239 0.172726 0.163888 0 0.0250435
1231094 140628 m2 0.023506 -0.207438 0.135645 0 -0.00459262
1231094 576932 m2 0.0208665 -0.13108 -0.22974 0 -0.035144
1231094 665572 m2 0.0210159 0.0722915 -0.33263 0 0.0298149
1231094 508281 m2 0.0625 0.0512017 -0.254099 0 0.0179908
1231094 237532 m2 0.0661355 -0.00389365 -0.481398 0 -0.0349657
1231094 242603 m2 0.187699 -0.014406 -0.870951 0 -0.0546884
1231094 171485 m2 0.0214641 0.0530258 -0.205866 0 -0.0135868
1231094 696425 m2 0.0177291 -0.00254282 -0.179485 0 -0.0238376
1231094 295216 m2 0.198157 0.0630967 -0.86065 0 -1.80935e-05
1231094 254778 m2 0.210408 -0.0927456 -0.684912 0 -0.00412446
1231094 250943 m2 0.136205 0.0392295 -0.866341 0 -0.0260168
1231094 341221 m2 0.130129 0.00451543 -0.82782 0 -0.0642871
1231094 299761 m2 0.0526394 0.0160036 0.26559 0 -0.00727536
1231094 310955 m2 0.063247 -0.0225544 0.0598116 0 0.0245572
1231094 294967 m2 0.218875 0.0102066 -0.856209 0 -0.00318588
1231094 160226 m2 0.0903884 0.0321566 -0.756126 0 0.00351033
1231094 491524 m2 0.277938 -0.114246 -0.571532 0 0.0102945
1231094 295482 m2 0.102291 -0.0683189 -0.233002 0 -0.0290461
1231094 567495 m2 0.0192729 -0.161182 -0.524499 0 -0.0125121
1231094 326028 m2 0.0366036 -0.061882 0.0130282 0 -0.00953553
1231094 507693 m2 0.0325697 -0.158993 -0.483644 0 -0.0458368
1231094 351958 m2 0.19009 0.0157938 -0.802911 0 0.0246047
1231094 324739 m2 0.0523904 0.0643235 -0.776023 0 -0.0288946
1231094 726183 m2 0.0157371 -0.0541271 -0.0729273 0 0.0160673
1231094 579634 m2 0.013745 0.0245806 -0.342968 0 -0.0651191
1231094 652775 m2 0.0248506 -0.0771918 -0.181846 0 -0.00609765
1231094 620586 m2 0.0218625 0.0482972 0.271039 0 -0.0315114
1231094 224419 m2 0.0213645 0.214292 0.101869 0 -0.013265
1231094 661500 m2 0.0372012 0.158685 -0.624803 0 -0.0236627
1231094 539556 m2 0.141384 -0.21877 -0.83105 0 -0.0208358
1231094 613274 m2 0.0288347 -0.0745784 -0.130953 0 -0.0157697
1231094 703542 m2 0.0109562 -0.0466166 -0.619094 0 -0.00011875
1231094 289609 m2 0.172659 -0.0481389 -0.72725 0 0.0104417
1231094 290351 m2 0.281773 -0.0206602 -0.945374 0 -0.0316462
1231094 654012 m2 0.0167331 -0.139597 0.00560954 0 0.00550716
1231094 667975 m2 0.0186753 0.00458509 -0.539185 0 -0.0343715
1231094 434943 m2 0.0157869 0.131474 -0.333304 0 0.00185245
1231094 527098 m2 0.0143426 0.185092 -0.545782 0 0.0505588
1231094 413452 m2 0.0756972 0.0143891 -0.840137 0 -0.0522471
1231094 374807 m2 0.0279382 -0.101669 -0.143978 0 -0.0179838
1231094 543749 m2 0.0668327 0.193249 -0.548872 0 0.0367025
1231094 699500 m2 0.0106574 0.119823 -0.459715 0 -0.0214551
1231094 690896 m2 0.0159861 -0.17978 -0.341879 0 0.0323362
1231094 467935 m2 0.0773904 -0.094284 -0.776563 0 -0.00861293
1231094 539829 m2 0.0206673 -0.0675207 -0.265501 0 -0.00475613
1231094 676405 m2 0.0303287 -0.143357 -0.448605 0 -0.0309329
1231094 644121 m2 0.0341633 -0.159837 -0.251279 0 0.0221279
1231094 328547 m2 0.0321215 -0.074416 -0.620546 0 -0.021502
1231094 362305 m2 0.140488 0.148812 -0.831139 0 -0.0214749
1231094 664830 m2 0.0305279 0.171522 0.457993 0 0.00196384
1231094 609106 m2 0.0200697 0.0382739 -0.320468 0 -0.0140328
1231094 541332 m2 0.0264442 0.23032 -0.536135 0 -0.00850609
1231094 427515 m2 0.0112052 0.16787 -0.0850647 0 -0.0368187
1231094 654249 m2 0.0165837 -0.0680964 -0.39257 0 0.0140359
1231094 390629 m2 0.0362052 -0.000352381 -0.721956 0 -0.035289
1231094 566013 m2 0.0648406 -0.0652491 -0.172465 0 0.0137209
1231094 488712 m2 0.0131972 0.06816 -0.171519 0 -0.0353617
1231094 553079 m2 0.0140438 0.142811 -0.473375 0 0.0332676
1231094 378226 m2 0.0331175 0.140948 -0.686772 0 -0.0178838
1231094 737884 m2 0.010757 0.170255 -0.575358 0 -0.0234018
1231094 595733 m2 0.014243 0.270177 -0.561814 0 0.00326507
1231094 678109 m2 0.0221614 0.199271 -0.646289 0 0.00989627
1231094 607034 m2 0.0568725 -0.0155383 -0.695326 0 0.00724371
1231094 469941 m2 0.0546315 0.104247 -0.540487 0 -0.0208517
1231094 536853 m2 0.0575697 0.0120301 -0.74651 0 -0.0318992
1231094 555583 m2 0.0941235 -0.0691709 -0.859029 0 0.0272733
1231094 601211 m2 0.0569721 0.0121758 -0.772469 0 -0.0112016
1231094 534857 m2 0.111056 0.106074 0.679848 0 0.027321
1231094 575326 m2 0.014741 -0.164167 0.0525825 0 0.0114633
1231094 655975 m2 0.0676793 -0.0381567 -0.785211 0 -0.0134976
1231094 663527 m2 0.0219622 0.0804785 -0.748701 0 -0.0256322
1231094 724891 m2 0.0113546 -0.0954697 -0.383751 0 0.0123737
1231094 717578 m2 0.0100598 -0.0910087 -0.390081 0 0.0373315
1231094 721656 m2 0.0135956 -0.0628522 -0.392878 0 0.0266511
