seed mutID muttype p cor_sal cor_temp mutSalEffect mutTempEffect
1231114 2322 m2 0.284562 -0.71447 0.091263 -0.25236 0
1231114 1702 m2 0.0589641 -0.0373119 -0.694722 0 -0.330876
1231114 1958 m2 0.145966 0.668517 -0.348781 0.343874 0
1231114 1647 m2 0.363496 -0.00677903 0.925439 0 0.161488
1231114 1666 m2 0.327092 0.034868 -0.905919 0 -0.233861
1231114 1734 m2 0.335608 0.84336 0.25415 0.111795 0
1231114 1764 m2 0.038247 -0.606917 -0.149985 -0.61994 0
1231114 1963 m2 0.0291335 0.400442 0.392666 0.339697 0
1231114 2342 m2 0.165289 -0.0965121 0.824978 0 0.20293
