seed mutID muttype p cor_sal cor_temp mutSalEffect mutTempEffect
1231204 599721 m2 0.0537849 0.164538 0.307004 0 0.0504658
1231204 571017 m2 0.0107072 0.0991619 0.30065 0.0459849 0
1231204 566988 m2 0.0146912 0.379075 0.185779 0.0470692 0
1231204 200133 m2 0.0927789 -0.243232 -0.475696 0 -0.0104585
1231204 324016 m2 0.10498 0.419507 -0.503412 0 -0.0405733
1231204 674826 m2 0.0200697 0.17743 0.467561 0 0.055097
1231204 132327 m2 0.131723 0.515164 -0.459889 0 -0.0784971
1231204 707442 m2 0.010757 0.16274 0.383089 0.0307881 0
1231204 378616 m2 0.0176295 -0.181485 0.0617944 0.0324239 0
1231204 633534 m2 0.0232072 0.151795 0.238557 -0.048597 0
1231204 625443 m2 0.0148904 0.298179 0.352725 0 0.0163276
1231204 2010 m2 0.126892 0.144098 0.559969 0.0242984 0
1231204 316920 m2 0.171215 0.438613 0.657432 0 0.108977
1231204 581663 m2 0.0134462 -0.105043 -0.299711 0 -0.0118529
1231204 492369 m2 0.0391434 -0.181906 0.457701 0 0.0611854
1231204 305815 m2 0.0354582 -0.253973 0.264871 0 0.0291785
1231204 447615 m2 0.0266932 -0.153519 -0.0779941 -0.0261843 0
1231204 542100 m2 0.0186753 0.232988 0.285393 0 0.0110015
1231204 317897 m2 0.0326693 0.252801 0.0386403 0.0112758 0
1231204 241770 m2 0.013496 -0.030968 0.440906 0 -0.0224944
1231204 356669 m2 0.0645418 -0.0526117 -0.238771 0 0.0519463
1231204 679477 m2 0.0149402 0.341068 0.33242 0 -0.0056985
1231204 233258 m2 0.333566 0.553694 0.705969 0.0922985 0
1231204 622373 m2 0.0359064 0.279322 0.460739 0.0290758 0
1231204 202590 m2 0.140239 0.663882 -0.153089 0.017546 0
1231204 480557 m2 0.0224602 0.216721 0.305842 0.0217986 0
1231204 495895 m2 0.0221614 0.409586 0.280508 0.0635059 0
1231204 620066 m2 0.0338147 0.285883 0.436166 0 -0.0656115
1231204 456520 m2 0.074502 0.329427 0.389627 0 0.00504102
1231204 63307 m2 0.0154382 0.271959 -0.184492 0 0.0360138
1231204 446326 m2 0.0256972 -0.364171 0.218838 -0.00233403 0
1231204 596396 m2 0.0125996 -0.263763 -0.0141645 0 -0.0657924
1231204 385821 m2 0.0182271 0.259795 0.0808183 -0.0322866 0
1231204 213438 m2 0.165637 0.645182 -0.431573 0.0801726 0
1231204 662434 m2 0.0213147 -0.405804 0.118178 0.066985 0
1231204 131805 m2 0.0516434 0.183188 0.00893067 0 -0.0190247
1231204 165397 m2 0.0912351 0.306095 0.480346 0 -0.0023025
1231204 222641 m2 0.111355 0.0295867 0.443444 0 0.0604581
1231204 151225 m2 0.025249 -0.389946 0.224731 -0.0141351 0
1231204 721313 m2 0.0116534 0.107597 0.400519 0 0.051656
1231204 208375 m2 0.0979084 0.192544 0.499305 0 0.0243088
1231204 182159 m2 0.227291 0.319593 0.722416 0 0.118766
1231204 662432 m2 0.0180777 0.269812 0.455202 -0.0266158 0
1231204 110918 m2 0.0164343 -0.372606 0.091003 -0.0539261 0
1231204 686927 m2 0.0109064 -0.0862864 0.305923 0 0.0292385
1231204 707933 m2 0.0158367 0.189675 0.361071 0.0465577 0
1231204 681879 m2 0.0117032 0.0704075 0.413824 0 -0.0270221
1231204 524785 m2 0.0614542 0.511147 0.406427 0 -0.0709423
1231204 577372 m2 0.0277888 -0.0276608 0.289863 0 0.00423271
1231204 180871 m2 0.130578 -0.1136 0.381305 0 -0.00485403
1231204 666905 m2 0.0190239 -0.0879049 0.216571 0.0188638 0
1231204 249049 m2 0.216833 -0.466457 0.0351942 0 0.0291884
1231204 166407 m2 0.105528 -0.0147233 -0.461612 0 -0.00289153
1231204 690105 m2 0.0104582 -0.349188 0.182649 0 0.0673138
1231204 736565 m2 0.0109562 -0.130409 0.405221 0.00305128 0
1231204 628516 m2 0.0255478 -0.0446975 0.503362 -0.0631601 0
1231204 401769 m2 0.0590139 0.222645 -0.070203 0.0305023 0
1231204 318692 m2 0.0162351 -0.0856011 -0.335434 0 -0.0161619
1231204 683372 m2 0.0198705 0.0737946 0.498077 -0.0313967 0
1231204 642428 m2 0.0278884 -0.0789675 0.330421 0 0.022235
1231204 388576 m2 0.0308267 0.406124 -0.396366 0 0.0149411
1231204 306047 m2 0.0498008 -0.177868 0.267225 0 0.0287263
1231204 679233 m2 0.0146414 -0.166879 0.268403 0 0.0131312
1231204 362037 m2 0.0179781 -0.0954921 -0.401049 0 -0.0158739
1231204 179126 m2 0.01499 -0.158067 -0.154094 0 -0.0666245
1231204 230770 m2 0.050249 -0.0470087 -0.355892 0 -0.0376347
1231204 560499 m2 0.011504 0.081591 0.198261 0 -0.0219639
1231204 678534 m2 0.0130976 0.157017 0.350874 0.0224138 0
1231204 506390 m2 0.0537849 -0.423077 0.349373 0 -0.0337549
1231204 637257 m2 0.0114044 0.292498 0.201594 -0.0248981 0
1231204 167405 m2 0.0697709 -0.1502 -0.484542 0 -0.0403214
1231204 534016 m2 0.0342131 -0.295289 0.404322 0 -0.00341308
1231204 84328 m2 0.111504 -0.305685 0.451964 0 0.042506
1231204 397898 m2 0.0302291 -0.360488 -0.389774 0.0127964 0
1231204 314217 m2 0.0208665 0.0777155 0.26743 0 -0.0272978
1231204 653820 m2 0.0121016 0.335533 0.219686 0 -0.0219236
1231204 152242 m2 0.0176295 -0.431722 -0.0182424 0 -0.0585088
1231204 507695 m2 0.0687749 -0.656417 -0.00612733 -0.0444993 0
1231204 657898 m2 0.0108566 0.018093 0.283325 0 -0.0343229
1231204 565266 m2 0.0135458 0.199805 0.132395 0 -0.026411
1231204 153494 m2 0.124353 0.65522 0.3626 0 0.0745002
1231204 633021 m2 0.023008 0.120369 0.523978 0 -0.0242992
1231204 586191 m2 0.108167 -0.461985 0.573299 0.0136397 0
1231204 256968 m2 0.0613048 -0.342003 0.41694 0 0.111392
1231204 506903 m2 0.0176793 0.241709 0.198264 0.00132858 0
1231204 200127 m2 0.06499 -0.475063 -0.439621 0 -0.0851326
1231204 655564 m2 0.0152888 0.0264695 0.367372 0.0628361 0
1231204 537347 m2 0.0248506 0.0705845 0.217088 0 -0.0419179
1231204 670181 m2 0.0244522 0.136801 0.2588 0 0.0282731
1231204 659107 m2 0.0200199 -0.241966 0.394751 -0.0146081 0
1231204 655836 m2 0.0448705 0.189392 0.468381 0 -0.00813072
1231204 675075 m2 0.0107072 0.201409 0.245525 -0.0102375 0
1231204 185225 m2 0.119821 0.0250882 0.643649 -0.0394805 0
1231204 508202 m2 0.0314243 -0.161209 0.409827 -0.00419187 0
1231204 528101 m2 0.0105578 0.23006 0.0737684 0 -0.0238607
1231204 584703 m2 0.0140438 0.0316147 0.254694 0 0.00109177
1231204 578137 m2 0.0259462 0.319411 0.160754 0.0376695 0
1231204 47014 m2 0.0835657 0.63219 -0.0229083 0 -0.027547
1231204 620821 m2 0.0135956 0.375065 0.29542 0.0306493 0
1231204 720062 m2 0.0121514 -0.194943 0.380012 0.0387403 0
1231204 642425 m2 0.0159861 0.333044 0.245212 0 0.0823212
1231204 340595 m2 0.0438745 -0.49153 0.399318 0 0.0704992
1231204 318955 m2 0.0200697 0.0362815 -0.0983018 0 0.0353205
1231204 388841 m2 0.103038 -0.566703 0.416152 -0.0256528 0
1231204 492616 m2 0.0581673 0.411425 0.345698 -0.0205609 0
1231204 125889 m2 0.0665339 0.339839 -0.206649 0.0498456 0
1231204 556849 m2 0.0154382 0.221015 0.218874 0 0.0624403
1231204 126165 m2 0.0553287 -0.0559963 -0.334154 0 -0.0767602
1231204 109863 m2 0.0574203 -0.334609 -0.497139 -0.000452516 0
1231204 665669 m2 0.012749 0.142376 0.199479 0 0.00705036
1231204 5946 m2 0.213645 -0.100764 0.395316 0 0.0395096
1231204 620575 m2 0.0372012 0.254297 0.295775 0 0.0355743
1231204 686395 m2 0.0221116 0.0122849 0.308642 0 -0.0312892
1231204 310611 m2 0.0143426 -0.272259 0.254608 0 -0.00349837
1231204 280179 m2 0.0793327 -0.486729 0.53131 -0.0645469 0
1231204 479245 m2 0.0184761 -0.368983 -0.119988 -0.0311641 0
1231204 431112 m2 0.10508 0.41639 0.460878 0 0.0138707
1231204 720560 m2 0.0105578 0.343319 0.287579 0 0.0250372
1231204 397660 m2 0.013496 -0.272555 -0.195968 -0.0111857 0
1231204 592280 m2 0.0228088 -0.093323 0.231366 0 0.0514253
1231204 704340 m2 0.0129482 0.0680829 0.0251746 0 0.0216156
1231204 616963 m2 0.0226096 -0.436686 0.37051 -0.0387212 0
1231204 595628 m2 0.0140438 0.0316147 0.254694 0 0.0254532
1231204 371326 m2 0.154283 0.524374 -0.132773 0 -0.0234956
1231204 237049 m2 0.128934 -0.0809881 -0.478585 0 -0.0559217
1231204 541065 m2 0.0204183 -0.352404 0.295408 0 0.0501626
1231204 282930 m2 0.0415339 0.477885 0.370268 0.083096 0
1231204 320280 m2 0.052241 0.118856 -0.144784 0 0.00772373
1231204 300257 m2 0.118277 -0.652964 0.305424 -0.0860327 0
1231204 508899 m2 0.0284363 0.0105444 -0.278086 0 -0.0111812
1231204 482542 m2 0.0251992 -0.44834 0.292936 -0.0455648 0
1231204 485364 m2 0.0684263 -0.329075 0.0889438 -0.034195 0
1231204 362485 m2 0.0500996 0.011697 0.349994 -0.0205616 0
1231204 9923 m2 0.241335 0.488366 0.729745 0 0.0215752
1231204 95039 m2 0.0680777 0.338019 -0.0501683 0 -0.0158283
1231204 397879 m2 0.0425797 0.100835 0.372072 0 0.0285591
1231204 376369 m2 0.0303785 0.20311 -0.281788 0 0.00270736
1231204 609162 m2 0.0608068 -0.519995 0.348208 0 0.00439658
1231204 266901 m2 0.0143426 -0.213061 0.0690607 0.0182549 0
1231204 695438 m2 0.0177291 0.0788948 0.398571 -0.0232063 0
1231204 126423 m2 0.0148904 -0.265886 0.134054 0 -0.0336562
1231204 490327 m2 0.0209661 0.235511 0.171294 0.00136417 0
1231204 657605 m2 0.011006 0.12097 0.0405379 0 -0.0660366
1231204 477190 m2 0.0305777 0.101079 0.396921 0.0259947 0
1231204 271476 m2 0.175697 0.0855681 0.565112 0 0.055703
1231204 587630 m2 0.0164343 0.33997 -0.132025 0 -0.0979048
1231204 638004 m2 0.0192729 0.132415 0.171997 0.0350287 0
1231204 253006 m2 0.0506474 -0.219994 -0.173387 0 0.0212997
1231204 667953 m2 0.022261 0.50116 0.0550596 0.0192825 0
1231204 420472 m2 0.0994522 0.538875 -0.474661 0 0.0605774
1231204 644728 m2 0.0133964 -0.0964145 0.0808338 0 -0.00834662
1231204 547881 m2 0.0177291 -0.148095 0.299598 0.0550199 0
1231204 707154 m2 0.0103586 -0.255539 0.312198 0 0.0652801
1231204 566236 m2 0.0226096 0.0136312 0.464597 0 -0.0151055
1231204 680662 m2 0.0192231 -0.246618 0.384684 0 0.00462857
1231204 450320 m2 0.0141932 0.19269 -0.0802156 -0.0376105 0
1231204 523186 m2 0.115637 -0.558767 -0.114021 0 0.012987
1231204 566951 m2 0.0101096 -0.0637737 0.047562 -0.0551352 0
1231204 324236 m2 0.0623506 -0.373891 -0.550245 -0.0808486 0
1231204 427865 m2 0.0674303 -0.281473 0.396537 0 0.07887
1231204 681846 m2 0.0135458 0.213565 0.027953 0 0.00866588
1231204 131761 m2 0.107171 0.466563 -0.290487 0 -0.0140904
1231204 560998 m2 0.0462649 -0.127896 -0.546225 0 0.0236809
1231204 310849 m2 0.0671813 0.460529 0.142563 0 0.0139577
1231204 253241 m2 0.254283 0.495695 0.730073 0 0.0501804
1231204 302997 m2 0.0675299 0.154483 0.669018 0 0.00179429
1231204 297985 m2 0.106275 -0.626167 0.199684 -0.0492121 0
1231204 364986 m2 0.0693725 -0.611704 0.17171 -0.00724998 0
1231204 244750 m2 0.0911853 0.402939 0.477513 0 0.0296154
1231204 424813 m2 0.0319223 0.101215 0.254448 0 0.0266518
1231204 248999 m2 0.0944223 0.0628477 -0.125378 0.0172512 0
1231204 336266 m2 0.178536 0.254839 -0.336326 0 -0.04097
1231204 270449 m2 0.0696713 -0.207062 -0.350725 -0.0111501 0
1231204 187679 m2 0.0852092 -0.209041 0.486155 -0.0293613 0
1231204 476181 m2 0.0177789 -0.15227 0.382731 0.0235518 0
1231204 505120 m2 0.0162351 0.139564 0.347716 0 0.0627939
1231204 120744 m2 0.106922 -0.612779 0.363185 -0.0450712 0
1231204 454760 m2 0.0303785 0.347899 -0.235431 0.00510917 0
1231204 602425 m2 0.0138944 -0.00304463 0.390236 0.00198082 0
1231204 154615 m2 0.0923307 0.527071 0.225915 -0.0109403 0
1231204 533743 m2 0.0168327 -0.19898 0.37348 0 0.0261902
1231204 443053 m2 0.0118028 0.331025 0.26311 0 0.00795643
1231204 537315 m2 0.0423307 0.527555 0.355123 0 -0.0348159
1231204 274120 m2 0.0407869 0.341198 0.195555 0 -0.0369698
1231204 557079 m2 0.0125996 -0.152059 -0.0192293 0 -0.0214021
1231204 141438 m2 0.103287 0.257217 0.461461 0 -0.00648316
1231204 330759 m2 0.025 0.320044 0.262779 0 -0.0390518
1231204 190007 m2 0.112102 0.418665 0.314 0 -0.00294016
1231204 450557 m2 0.0393426 0.398902 -0.0148955 0.0453367 0
1231204 534503 m2 0.0124502 0.240125 0.162429 0 0.0444185
1231204 632981 m2 0.0131972 -0.0857754 0.276233 0.0278527 0
1231204 599217 m2 0.0222112 0.101319 -0.148822 0 0.0481251
1231204 280399 m2 0.0185259 0.017594 0.379763 0 0.112082
1231204 181624 m2 0.0872012 0.502451 0.469589 0 0.0408133
1231204 666392 m2 0.013247 0.204051 -0.0213815 0.00991038 0
1231204 424562 m2 0.0216135 -0.00852835 -0.142591 0.043464 0
1231204 606880 m2 0.0192729 -0.200753 0.0197399 0 0.0771742
1231204 363965 m2 0.0898406 0.504747 -0.15974 0 0.0061021
1231204 563043 m2 0.0216633 0.0600348 0.111145 0.013587 0
1231204 656561 m2 0.010508 0.310361 0.212101 0.053355 0
1231204 558349 m2 0.0159861 0.382596 0.206334 0.0568339 0
1231204 243492 m2 0.0290339 -0.280397 0.341313 0 -0.00949443
1231204 393815 m2 0.0450697 0.57949 0.22333 0.00861846 0
1231204 95495 m2 0.0961155 -0.446144 -0.246643 -0.0192835 0
1231204 333059 m2 0.0834661 -0.529664 -0.0430248 -0.0516482 0
1231204 695155 m2 0.0161355 -0.213721 0.183784 0 -0.0701644
1231204 388059 m2 0.181673 0.67846 -0.105947 -0.0038127 0
1231204 694887 m2 0.0131474 0.00467758 0.140013 0 -0.0100081
1231204 680861 m2 0.0144422 0.295218 -0.283717 -0.0231196 0
1231204 471012 m2 0.0304283 -0.170013 0.117515 0 -0.00437656
1231204 366978 m2 0.212002 0.484145 -0.0272019 0.00181956 0
1231204 413904 m2 0.06001 0.431568 0.532741 0 0.0770425
1231204 612632 m2 0.0412849 0.493874 0.419045 -0.0400004 0
1231204 433800 m2 0.0537849 0.435952 -0.490496 -0.0101341 0
1231204 655788 m2 0.024502 -0.526596 0.262041 0 0.0404403
1231204 556343 m2 0.0241036 0.0577969 0.387178 -0.018401 0
1231204 563039 m2 0.0275896 0.058657 0.251991 -0.0241457 0
1231204 41364 m2 0.476444 0.700293 0.178634 0 -0.00719559
1231204 230958 m2 0.18003 -0.525726 -0.00439646 -0.0432912 0
1231204 689050 m2 0.0143924 0.307384 0.144692 -0.00687817 0
1231204 473836 m2 0.0141434 0.342793 -0.400207 0 -0.0755331
1231204 76768 m2 0.11748 -0.464076 0.00287835 -0.0393439 0
1231204 65588 m2 0.0903884 -0.491048 -0.0798381 0 0.0141656
1231204 633993 m2 0.013496 0.0577952 0.110947 0 0.00372703
1231204 597759 m2 0.0194223 -0.165904 0.449558 0 0.0815067
1231204 369229 m2 0.0708665 -0.441015 0.388992 -0.0133644 0
1231204 95733 m2 0.0176793 -0.0553392 -0.344419 -0.0299702 0
1231204 640387 m2 0.0113048 -0.197225 0.167088 0 -0.0309506
1231204 415180 m2 0.0181773 0.32963 0.0349668 0.0129822 0
1231204 131732 m2 0.188845 0.521141 -0.322723 0.0537647 0
1231204 165556 m2 0.0826693 -0.297898 -0.17672 0 -0.00398081
1231204 663872 m2 0.0119024 0.23915 0.11372 0 0.101061
1231204 155872 m2 0.0171813 -0.0473799 0.0832214 0 0.00444935
1231204 681323 m2 0.0218625 0.125979 0.243626 0.0292707 0
1231204 686867 m2 0.0103586 -0.282826 -0.0861426 0 -0.00237622
1231204 193137 m2 0.131873 0.068443 0.189632 0 -0.0268121
1231204 603891 m2 0.0167331 -0.311346 0.100823 0 -0.0290144
1231204 621527 m2 0.0175299 0.00357807 0.171783 -0.00605173 0
1231204 422222 m2 0.0674303 -0.281473 0.396537 -0.0144674 0
1231204 218585 m2 0.192231 0.825633 -0.239874 0.0567821 0
1231204 170822 m2 0.0393426 0.23873 -0.324883 -0.00670689 0
1231204 654449 m2 0.0361554 -0.441022 0.377142 0 -0.00628748
1231204 359510 m2 0.0323705 -0.0551457 -0.443637 0 0.00461787
1231204 371003 m2 0.0658367 -0.315173 0.458743 0.0119734 0
1231204 591004 m2 0.0212649 0.460588 0.0436904 0.0561166 0
1231204 151142 m2 0.0324701 0.0667424 -0.367546 0 -0.0137091
1231204 571714 m2 0.0140936 0.27761 -0.00349082 0.0517619 0
1231204 529505 m2 0.0396912 -0.0525786 -0.514391 0 -0.0879907
1231204 275800 m2 0.132122 0.675023 0.413309 0.042648 0
1231204 249212 m2 0.0118028 0.275329 -0.0608671 0.0660373 0
1231204 652237 m2 0.0146912 -0.257042 -0.0692611 0 -0.0187879
1231204 563273 m2 0.0167331 0.249715 0.0266026 0.0384349 0
1231204 271671 m2 0.146813 -0.652035 -0.496619 -0.024547 0
1231204 731413 m2 0.0103088 0.200024 0.0325192 0 0.0138384
1231204 4816 m2 0.232122 -0.752022 -0.223772 0.0217627 0
1231204 488531 m2 0.0104582 -0.318077 0.0412745 0 -0.00862513
1231204 439261 m2 0.0176793 0.29047 0.36244 0.0255256 0
1231204 662626 m2 0.0205677 -0.221358 -0.0362898 -0.0188254 0
1231204 655758 m2 0.0141434 -0.305117 0.36477 0.00163542 0
1231204 598705 m2 0.0455179 0.409325 -0.174484 0 -0.0032374
1231204 112056 m2 0.0781873 -0.0653832 -0.44278 0 -0.0154819
1231204 458935 m2 0.0581175 -0.231293 0.484252 0 0.0502148
1231204 676274 m2 0.0104084 -0.25883 0.253282 0.0435663 0
1231204 326164 m2 0.0428287 0.236548 0.0945162 -0.0203442 0
1231204 525965 m2 0.027241 0.13057 0.2152 0 -0.00807793
1231204 424268 m2 0.0622012 0.552867 -0.360455 0.118274 0
1231204 654215 m2 0.0127988 0.109194 0.0653953 -0.0182961 0
1231204 545751 m2 0.026494 -0.0637683 0.422083 0 0.00486293
1231204 547022 m2 0.0225598 -0.264777 -0.194647 0 0.00252486
1231204 639866 m2 0.013994 -0.095473 0.0699578 -0.0327697 0
1231204 612330 m2 0.0199701 0.112344 0.139888 -0.0435283 0
1231204 150352 m2 0.132072 -0.225174 -0.468012 0 -0.0283779
1231204 711931 m2 0.0151394 -0.376271 0.236289 -0.0144442 0
1231204 618091 m2 0.0569223 0.529946 0.102917 0.0126682 0
1231204 522891 m2 0.0245518 0.366468 -0.163573 0.0566639 0
1231204 270152 m2 0.037749 0.0531826 -0.279927 0.00649866 0
1231204 674216 m2 0.0138944 -0.366534 0.159304 0 -0.0170205
1231204 621495 m2 0.0103586 0.130409 0.173936 0 0.0170845
1231204 279860 m2 0.157022 0.498375 0.511882 0.0173306 0
1231204 657286 m2 0.0113048 0.196386 0.125111 -0.0205492 0
1231204 525686 m2 0.0129482 -0.130524 0.115853 -0.0194937 0
1231204 317574 m2 0.0605578 -0.137148 -0.234105 0.0125968 0
1231204 66085 m2 0.0907869 0.239565 -0.00805863 -0.0407627 0
1231204 174526 m2 0.051494 0.434736 -0.313965 0 -0.0245229
1231204 374767 m2 0.0945219 -0.371439 0.0210965 0.00932397 0
1231204 7477 m2 0.170667 -0.238642 0.672481 -0.0172565 0
1231204 475584 m2 0.0188247 0.149393 -0.0473125 0.00890986 0
1231204 29578 m2 0.133516 -0.447625 0.525314 0 0.0462531
1231204 708833 m2 0.0174801 -0.44514 0.208456 0 0.0229125
1231204 12629 m2 0.144323 0.706768 0.151815 0.03536 0
1231204 547554 m2 0.0518924 0.039318 0.445738 -0.00513701 0
1231204 221528 m2 0.088994 -0.558399 0.0177624 0.0324234 0
1231204 714385 m2 0.0104582 0.0342545 0.274277 0 0.0361359
1231204 335953 m2 0.0655378 0.296632 0.3984 0 0.025997
1231204 657511 m2 0.0218625 -0.429334 0.343453 0 -0.0572199
1231204 642067 m2 0.013745 -0.28685 0.126215 0.0159059 0
1231204 464879 m2 0.0140936 -0.00533273 -0.186633 0.0226651 0
1231204 631389 m2 0.0101096 0.00099268 -0.103962 0.0215698 0
1231204 144169 m2 0.120468 0.570487 0.453859 0.011807 0
1231204 122656 m2 0.0712151 -0.0579194 0.28896 -0.0217846 0
1231204 688286 m2 0.0134462 -0.202377 0.306057 -0.00689785 0
1231204 639152 m2 0.0219622 -0.22198 0.430532 0.0593166 0
1231204 582540 m2 0.0156873 0.450595 -0.211646 -0.0307335 0
1231204 539500 m2 0.0396414 -0.0713955 0.461547 -0.00764169 0
1231204 549289 m2 0.0136952 0.124438 0.292964 0.047719 0
1231204 624072 m2 0.0251992 0.126887 -0.221128 0.0127124 0
1231204 500745 m2 0.0837649 0.179076 0.530097 0 -0.0229963
1231204 698413 m2 0.0150896 -0.138728 0.418929 -0.0256169 0
1231204 125266 m2 0.0178287 0.322094 0.0282394 0 -0.104532
1231204 591449 m2 0.0124004 -0.0200713 0.284295 0 0.071055
1231204 521602 m2 0.0458167 -0.236392 -0.209254 0 -0.0151251
1231204 685547 m2 0.0217131 -0.220241 -0.187023 -0.0143628 0
1231204 18252 m2 0.0449701 0.32686 -0.0250012 0 0.0518766
1231204 311265 m2 0.0200199 0.33973 0.146631 0.00851165 0
1231204 172981 m2 0.049253 0.0318306 -0.269712 0 -0.0383905
1231204 171497 m2 0.0343625 0.30227 0.371114 0.0112801 0
1231204 613083 m2 0.0231574 0.0572513 -0.0996419 -0.00308063 0
1231204 492239 m2 0.0702191 -0.0986603 -0.621001 0 0.0564869
1231204 364646 m2 0.0496016 0.563057 0.491609 -0.00227212 0
1231204 649651 m2 0.0312749 -0.44915 -0.0263437 0.0602701 0
1231204 613340 m2 0.0218127 -0.316496 -0.215919 -0.028678 0
1231204 507579 m2 0.0125996 0.150987 0.2935 0 -0.0369949
1231204 187592 m2 0.0116534 -0.00602974 -0.15325 0 -0.0350342
1231204 124829 m2 0.0401394 0.0206354 0.411182 0 0.0348892
1231204 237147 m2 0.165837 -0.149185 -0.75762 0 -0.110661
1231204 587292 m2 0.0360558 0.268575 0.193269 0 -0.0931894
1231204 715839 m2 0.0178287 0.164331 0.0217303 0.0040107 0
1231204 631156 m2 0.0141932 0.0626383 -0.150367 -0.00999734 0
1231204 610070 m2 0.0175797 -0.254486 0.326135 0.025665 0
1231204 684035 m2 0.023008 0.439822 0.0238692 0.0327662 0
1231204 487483 m2 0.0164343 0.211061 -0.228803 0 -0.0171467
1231204 412058 m2 0.0178785 0.414813 -0.258422 0.0407961 0
1231204 269899 m2 0.0952191 -0.469303 -0.300298 -0.0128944 0
1231204 12832 m2 0.14253 -0.210138 -0.414988 0 0.0271604
1231204 540943 m2 0.0481076 -0.362411 -0.121254 -0.0258182 0
1231204 637129 m2 0.0107072 0.180583 -0.23471 -0.0622878 0
1231204 127548 m2 0.0300299 -0.389815 0.392002 0 0.0183652
1231204 582753 m2 0.0155876 -0.0633326 -0.0440937 0 0.0149344
1231204 221005 m2 0.0394422 -0.320854 -0.184756 0 0.0165832
1231204 670578 m2 0.0246514 0.100666 0.268338 -0.0198273 0
1231204 447985 m2 0.0136952 -0.50929 -0.276565 0 -0.00826323
1231204 664775 m2 0.0175299 0.178402 0.190641 0 -0.0446014
1231204 597681 m2 0.0143426 0.437697 -0.268911 0.0162225 0
1231204 683038 m2 0.0112052 -0.294272 0.250804 0 0.00606037
1231204 200208 m2 0.133865 0.233313 -0.367595 0 -0.00159484
1231204 351064 m2 0.0591633 -0.29846 0.500015 0 0.00219821
1231204 159515 m2 0.169622 0.106586 0.504281 0 -0.0656912
1231204 406053 m2 0.0521414 -0.19474 0.277185 -0.0211362 0
1231204 500240 m2 0.0120518 -0.305959 -0.0697284 0 0.0468793
1231204 686050 m2 0.0119024 -0.13029 0.00611584 0 -0.0399987
1231204 403853 m2 0.0623008 0.0482605 0.370523 0 0.0505079
1231204 27726 m2 0.061504 -0.378413 -0.459026 -0.0351322 0
1231204 203436 m2 0.101046 0.245094 0.536599 0 0.0206255
1231204 639353 m2 0.0162849 -0.0242111 -0.309762 0.0101354 0
1231204 678663 m2 0.0122012 -0.196653 -0.139586 0 0.0371297
1231204 187071 m2 0.166434 0.638585 -0.448787 0.048177 0
1231204 683524 m2 0.01001 0.0830991 -0.06781 -0.0184364 0
1231204 542918 m2 0.0573207 -0.522372 0.209606 0 0.00440308
1231204 179453 m2 0.0130976 0.0478643 0.194657 0 -0.0100633
1231204 674676 m2 0.0125498 -0.13021 -0.0423767 0.0170825 0
1231204 551572 m2 0.0202191 0.130419 -0.0785262 0 0.00601081
1231204 362907 m2 0.0477092 -0.252569 0.0294992 0 0.0219207
1231204 633115 m2 0.0141932 -0.0298596 0.404804 -0.000661009 0
1231204 696564 m2 0.0160359 -0.204735 -0.245104 0 0.027175
1231204 617807 m2 0.0165339 0.261095 0.278139 -0.0553075 0
1231204 379717 m2 0.061753 -0.46104 -0.456293 -0.0446044 0
1231204 132709 m2 0.0330677 0.290513 0.265221 -0.0375499 0
1231204 558761 m2 0.0133466 -0.313537 0.0295334 -0.0956132 0
1231204 620178 m2 0.0175299 -0.0688743 0.379413 0 0.0550864
1231204 636583 m2 0.0168327 0.399272 -0.311845 0.0741142 0
1231204 664509 m2 0.0204183 0.488238 0.0634969 0.0290673 0
1231204 633907 m2 0.0181773 -0.436548 0.0489084 0 0.00337841
1231204 328635 m2 0.0753486 -0.608096 -0.345319 -0.0606129 0
1231204 616312 m2 0.0140936 0.00599469 -0.259755 -0.0418684 0
1231204 106421 m2 0.0367032 -0.175591 -0.353187 0 -0.0470875
1231204 193584 m2 0.0961155 0.0171763 0.483145 -0.0027394 0
1231204 554044 m2 0.0114044 0.226063 -0.0859538 0.0448348 0
1231204 224729 m2 0.0351096 -0.496966 0.300277 -0.126305 0
1231204 470176 m2 0.0180777 -0.122843 -0.174714 0.00392347 0
1231204 542166 m2 0.0215139 0.171862 -0.418729 0 -0.029646
1231204 140798 m2 0.0943227 -0.156252 -0.403092 0.00800025 0
1231204 293885 m2 0.0145418 0.235802 -0.0399507 0 -0.00721216
1231204 425406 m2 0.0430279 0.404735 0.281095 0 -0.0283103
1231204 314290 m2 0.034512 -0.154188 0.0621091 0 -0.0287706
1231204 597655 m2 0.0658367 -0.395774 -0.50621 0.0413294 0
1231204 579519 m2 0.012998 -0.249989 -0.023481 0 -0.0199628
1231204 646858 m2 0.0110558 -0.343576 -0.0301581 0 -0.00459033
1231204 523357 m2 0.0508964 0.212323 -0.599568 0 0.0402107
1231204 78413 m2 0.0155378 -0.214036 -0.364847 0 0.0259182
1231204 587011 m2 0.0171813 -0.342687 -0.0681789 -0.0348886 0
1231204 529919 m2 0.0139442 -0.0740339 -0.201115 0 -0.000758263
1231204 107885 m2 0.0384462 0.196529 0.0134712 0 0.0137843
1231204 493762 m2 0.0362052 0.135562 -0.337907 0 0.00850645
1231204 138120 m2 0.0883964 -0.188457 0.478191 0.000492581 0
1231204 420838 m2 0.201145 -0.23841 0.316671 0 0.0352822
1231204 632602 m2 0.0120518 -0.172785 0.211896 0.015285 0
1231204 265967 m2 0.134462 -0.357969 0.517427 -0.043418 0
1231204 500213 m2 0.0290339 0.0647875 -0.372865 -0.0117811 0
1231204 357291 m2 0.0932271 0.139933 0.310849 0 -0.0158815
1231204 558460 m2 0.051992 0.463101 -0.492376 0 -0.0736608
1231204 604260 m2 0.014243 0.319318 -0.0295729 0 0.032344
1231204 587726 m2 0.0324203 0.401617 -0.220945 -0.034758 0
1231204 49328 m2 0.0636952 0.410069 0.197248 0 0.0278347
1231204 697309 m2 0.011255 -0.39492 0.0664105 -0.000862547 0
1231204 604524 m2 0.013496 -0.277877 -0.138778 0 -0.00782978
1231204 605989 m2 0.0177291 0.110328 -0.166391 0.0338991 0
1231204 249121 m2 0.0233068 0.356349 0.400564 0.041928 0
1231204 342959 m2 0.0286355 0.303776 -0.400307 0.00936866 0
1231204 395787 m2 0.0257968 -0.17696 0.289098 -0.0251806 0
1231204 521016 m2 0.0135458 -0.227917 0.264221 0.0161666 0
1231204 412504 m2 0.0157371 -0.25565 0.085993 -0.0514321 0
1231204 60094 m2 0.106474 0.588499 -0.426486 0.0100255 0
1231204 191129 m2 0.0197709 0.305066 -0.30925 0 -0.062221
1231204 163058 m2 0.249751 -0.630653 0.239692 -0.0444338 0
1231204 426150 m2 0.0221116 0.39868 -0.0660787 0 0.0177165
1231204 348750 m2 0.0322709 0.0674428 0.294359 0 -0.00147546
1231204 287789 m2 0.0148406 0.103094 0.209335 -0.0585208 0
1231204 672027 m2 0.0121514 -0.395854 -0.158588 0.0197546 0
1231204 692220 m2 0.0217629 0.239226 0.0802934 0.00386824 0
1231204 173185 m2 0.463845 0.855674 -0.177683 0.0502208 0
1231204 76364 m2 0.0314741 0.141004 -0.33692 -0.0285359 0
1231204 207133 m2 0.0775398 0.538955 0.221579 0 -0.0195532
1231204 533793 m2 0.010757 -0.111114 0.0629822 0 -0.021566
1231204 553782 m2 0.0542829 -0.464647 0.480792 -0.0874608 0
1231204 720612 m2 0.0108068 0.371236 -0.341057 0 -0.0315546
1231204 652591 m2 0.0429283 -0.0338281 -0.486278 -0.0118159 0
1231204 700871 m2 0.0157371 -0.32663 0.0991414 -0.0328352 0
1231204 607464 m2 0.050249 0.480033 -0.433098 0 -0.0145266
1231204 554009 m2 0.0214641 0.342397 0.171185 0 5.5896e-05
1231204 409015 m2 0.0182769 0.222067 0.252632 0 0.00929498
1231204 636830 m2 0.0178287 -0.374476 0.00468124 -0.00123493 0
1231204 415776 m2 0.0844622 -0.501578 -0.505743 0.0121317 0
1231204 670775 m2 0.0151394 0.377578 -0.350652 0.0109464 0
1231204 489438 m2 0.0260956 -0.011231 -0.391822 0.00450908 0
1231204 65962 m2 0.0115538 0.190988 -0.093391 0 -0.0034482
1231204 76352 m2 0.117629 0.584337 -0.480583 0 -0.0290126
1231204 534600 m2 0.0244024 -0.360375 0.404094 0.0541727 0
1231204 592907 m2 0.0239542 -0.119104 0.0698411 0.017146 0
1231204 600266 m2 0.0284363 0.404871 0.147962 0.0509477 0
1231204 89076 m2 0.0408865 -0.294101 -0.078952 -0.040706 0
1231204 541912 m2 0.0344124 0.381363 -0.0132091 0 0.0010849
1231204 591359 m2 0.0123506 -0.214486 -0.0487014 -0.0242623 0
1231204 675680 m2 0.0157869 0.16832 -0.277646 0 -0.0190125
1231204 102332 m2 0.0214641 0.126886 -0.31304 0 -0.0277394
1231204 651124 m2 0.0369522 -0.393742 -0.278739 0.0232702 0
1231204 375937 m2 0.0142928 0.277462 0.0652223 0 -0.0682516
1231204 103762 m2 0.0368526 -0.0655408 -0.203811 0 0.0418019
1231204 239035 m2 0.106076 -0.608566 0.187434 0 -0.0261862
1231204 607015 m2 0.010508 0.0857725 0.0316334 0.00941943 0
1231204 260609 m2 0.0248008 -0.323425 0.269099 0 0.0452049
1231204 443133 m2 0.259612 -0.0912034 -0.816279 0 -0.022482
1231204 636049 m2 0.0170817 0.336344 -0.0659968 0 -0.0368269
1231204 575313 m2 0.035508 0.548311 -0.281441 0 0.0227959
1231204 615291 m2 0.0120518 0.0422813 -0.325882 0.0338242 0
1231204 411719 m2 0.03999 -0.531215 -0.240792 -0.0199687 0
1231204 99568 m2 0.0349602 -0.380838 0.00667624 0.0197612 0
1231204 686432 m2 0.0229084 0.120249 -0.378508 0.0634075 0
1231204 658664 m2 0.0333665 0.559723 -0.200724 0 0.051083
1231204 107393 m2 0.0244522 -0.21646 -0.32501 0 -0.0123377
1231204 362091 m2 0.025747 0.221718 -0.27192 -0.0764544 0
1231204 421844 m2 0.0377988 0.231575 0.201832 0 -0.0253589
1231204 653360 m2 0.013247 -0.206365 -0.266847 0 -0.0249186
1231204 122542 m2 0.12993 -0.171631 -0.116689 -5.5179e-05 0
1231204 445077 m2 0.011006 -0.11966 -0.26815 0 0.0417133
1231204 547383 m2 0.0635458 -0.513839 -0.440163 -0.0522388 0
1231204 306880 m2 0.0558267 -0.436347 -0.401211 0 -0.0242187
1231204 118768 m2 0.0361554 -0.134329 -0.271337 0.0214328 0
1231204 397465 m2 0.113596 -0.120699 -0.524089 -0.0462649 0
1231204 602993 m2 0.0149402 -0.396337 -0.0682532 -0.0129224 0
1231204 479582 m2 0.0625 0.527474 0.393948 0 0.0986763
1231204 332108 m2 0.074004 0.425497 -0.467883 0.0376794 0
1231204 491382 m2 0.0167331 -0.290066 0.181354 0.063838 0
1231204 128458 m2 0.0651892 -0.411332 0.550135 0 0.150684
1231204 682425 m2 0.01499 0.397885 -0.32788 -0.00590623 0
1231204 149460 m2 0.047012 0.236914 -0.505636 -0.00812536 0
1231204 323765 m2 0.0221614 -0.365865 -0.00372043 0 -0.0174809
1231204 586204 m2 0.048506 -0.277261 -0.0356134 0.0176573 0
1231204 126462 m2 0.0299801 0.297725 -0.324977 -0.00778434 0
1231204 382636 m2 0.0267928 0.275775 0.0134776 0 -0.0386295
1231204 157650 m2 0.231325 -0.863221 0.0152091 0 -0.0492683
1231204 722939 m2 0.0115538 -0.355541 -0.103475 0 0.00523635
1231204 700104 m2 0.0187749 -0.35853 0.0678643 0 0.00120648
1231204 383125 m2 0.0416335 0.2442 -0.218255 0 -0.0293575
1231204 460277 m2 0.0169821 -0.230698 -0.0545872 0 0.00396436
1231204 223894 m2 0.157321 -0.499252 -0.25516 -0.020245 0
1231204 174383 m2 0.0635956 -0.132208 -0.52502 0.00221495 0
1231204 359614 m2 0.0207171 0.315394 0.399795 0 -0.0525101
1231204 630509 m2 0.0131972 0.0839553 0.0126062 0 -0.0341458
1231204 436339 m2 0.0655876 0.281155 -0.484205 0 -0.0106413
1231204 582435 m2 0.0100598 6.13483e-05 -0.315587 0 0.0181373
1231204 206124 m2 0.181574 -0.467206 0.0772528 -0.00675079 0
1231204 186982 m2 0.194422 -0.573853 -0.497213 -0.0527706 0
1231204 588902 m2 0.0137948 -0.162059 -0.188637 0 -0.0340443
1231204 583973 m2 0.0209163 -0.13677 -0.408306 0 0.0532357
1231204 279985 m2 0.0584163 0.449462 0.269919 -0.00274783 0
1231204 668533 m2 0.0268924 0.340456 -0.462226 -0.0498877 0
1231204 175945 m2 0.0452689 -0.0435197 -0.408775 0.0307784 0
1231204 685980 m2 0.0119522 -0.10767 -0.167231 -0.0246732 0
1231204 489412 m2 0.0692729 -0.478532 -0.203098 0 0.0460154
1231204 303577 m2 0.0928785 0.421079 -0.592074 0 -0.0745276
1231204 689855 m2 0.0114542 -0.184757 -0.269332 0.0647299 0
1231204 435883 m2 0.0339641 0.283939 -0.24257 0 -0.0378635
1231204 193753 m2 0.0315737 -0.0500939 0.489541 -0.0528706 0
1231204 547419 m2 0.0194721 0.305205 0.116603 0 0.0474492
1231204 478299 m2 0.0303287 0.240505 -0.3255 0 0.0191464
1231204 306066 m2 0.161106 -0.377062 -0.649225 0 -0.0740084
1231204 410944 m2 0.113446 -0.381924 -0.619267 0 -0.0174544
1231204 629758 m2 0.0108068 -0.0524763 -0.125521 -0.0703689 0
1231204 282729 m2 0.0823705 0.459055 0.157188 0 -0.00698337
1231204 288465 m2 0.0536853 -0.0802379 -0.408004 0.000404936 0
1231204 322779 m2 0.0856574 -0.0711853 -0.432881 -0.0414248 0
1231204 269065 m2 0.267231 -0.784251 0.0775607 -0.0151975 0
1231204 565530 m2 0.0534363 -0.0868903 -0.501833 0 0.0127605
1231204 308070 m2 0.0412351 0.480694 0.237169 0.068395 0
1231204 666185 m2 0.0317729 -0.407153 -0.383608 0 0.00474524
1231204 599270 m2 0.0185757 0.069025 -0.239136 0 0.00927896
1231204 446603 m2 0.0296813 0.0767482 -0.188543 0 0.00362638
1231204 488624 m2 0.0387948 -0.19835 0.0307462 0 0.0210366
1231204 195811 m2 0.061255 -0.573705 -0.0443175 -0.0731721 0
1231204 386108 m2 0.0443227 0.301916 -0.320282 0.0291015 0
1231204 477770 m2 0.060508 -0.371647 -0.471576 0 -0.0963042
1231204 636018 m2 0.0158865 0.0859899 -0.339044 0.0687322 0
1231204 539628 m2 0.0130976 -0.272318 -0.149119 0 -0.0420429
1231204 570283 m2 0.0130478 -0.258436 -0.193656 0 0.0480061
1231204 266952 m2 0.177739 0.736904 0.04408 0 -0.059532
1231204 697222 m2 0.0159861 -0.370247 -0.331145 0.0115745 0
1231204 671458 m2 0.010757 -0.296492 -0.331803 -0.0184487 0
1231204 413741 m2 0.0399402 -0.290556 -0.30112 0 -0.0578865
1231204 526823 m2 0.0278386 0.155525 -0.246302 -0.00738826 0
1231204 648833 m2 0.0127988 0.182701 0.049117 0.0215564 0
1231204 586431 m2 0.0421813 0.283614 -0.342963 -0.0577 0
1231204 584993 m2 0.0124004 0.339538 0.367401 0.0710854 0
1231204 512971 m2 0.0345618 -0.0178443 -0.413134 0 0.000512414
1231204 508464 m2 0.0809263 -0.511282 -0.514363 0 -0.0792892
1231204 593364 m2 0.0172809 -0.279489 -0.3852 -0.0512598 0
1231204 680696 m2 0.0110558 -0.113966 -0.392194 -0.0144146 0
1231204 644530 m2 0.0377988 -0.361813 -0.0187823 0 -0.0143569
1231204 313996 m2 0.026245 0.354544 0.409551 -0.0515714 0
1231204 261322 m2 0.115637 -0.0884466 -0.617224 -0.0190944 0
1231204 366810 m2 0.0178785 -0.285679 -0.348827 -0.0395243 0
1231204 240777 m2 0.074751 0.102862 0.372366 0.00669472 0
1231204 650547 m2 0.0166335 0.220675 -0.366117 0 0.0215932
1231204 370588 m2 0.0767928 0.584899 -0.416267 0.0663803 0
1231204 237546 m2 0.0266434 0.0351576 0.214541 0 0.121598
1231204 239715 m2 0.0102092 -0.00904251 -0.253943 0.00798874 0
1231204 546117 m2 0.010508 0.0597598 -0.304483 0.102083 0
1231204 393371 m2 0.0482072 0.525914 -0.0681173 0 -0.0393748
1231204 252300 m2 0.209014 0.241391 -0.632994 0 -0.0622617
1231204 663938 m2 0.0316235 -0.4493 -0.418777 0.0381264 0
1231204 331362 m2 0.0988048 -0.546706 -0.0110856 0 0.0246611
1231204 270760 m2 0.0598606 0.200598 -0.478199 0 -0.0691651
1231204 380400 m2 0.0768924 -0.298859 -0.323391 -0.00986076 0
1231204 557934 m2 0.0282371 -0.0246354 -0.109989 -0.00646393 0
1231204 548891 m2 0.0109562 0.00575807 -0.186187 0 -0.0731986
1231204 405232 m2 0.0358566 0.0514647 -0.19147 0.00292781 0
1231204 285989 m2 0.0291335 -0.411761 -0.0297142 -0.0204238 0
1231204 643222 m2 0.012749 0.0958855 -0.374349 0 0.0471193
1231204 527605 m2 0.0440239 -0.0891317 -0.350993 0 -0.0328569
1231204 375630 m2 0.023257 0.00772337 0.0357219 -0.0221202 0
1231204 371645 m2 0.0171315 0.130562 -0.069038 0.0225925 0
1231204 305823 m2 0.0289343 -0.335912 0.117907 -0.00784377 0
1231204 470601 m2 0.0174801 -0.268586 0.0949065 0 -0.0260286
1231204 611172 m2 0.0811255 0.622754 -0.184978 0 -0.0594035
1231204 562861 m2 0.0362052 0.369946 -0.341446 0 0.0388924
1231204 391615 m2 0.0242032 -0.201842 0.44936 0 0.0646894
1231204 639509 m2 0.024253 0.00477646 -0.279378 -0.00441829 0
1231204 527356 m2 0.0115538 0.304063 -0.0974347 0 -0.0662205
1231204 343388 m2 0.0353586 0.388284 -0.446595 0 -0.0543204
1231204 553694 m2 0.0187749 0.0163536 0.00863772 0.0870854 0
1231204 503137 m2 0.0375996 -0.418656 -0.404734 0 -0.0912257
1231204 551728 m2 0.0275398 0.157465 0.400164 0.0493502 0
1231204 701795 m2 0.0118526 -0.339132 -0.383709 0 -0.0519681
1231204 327028 m2 0.0775398 -0.149187 -0.47866 -0.0242215 0
1231204 646547 m2 0.024751 0.239876 -0.450881 -0.0627985 0
1231204 571550 m2 0.0849104 -0.598828 -0.419866 0 0.0412905
1231204 633595 m2 0.022012 0.215021 -0.266547 0 0.0294822
1231204 595939 m2 0.0275896 -0.234478 0.0225758 0 0.0473725
1231204 649527 m2 0.0335159 0.211634 0.0545994 0 -0.0116758
1231204 461731 m2 0.0101096 0.0390082 -0.120449 0 0.0144192
1231204 359037 m2 0.101843 0.668291 0.268325 0.00315297 0
1231204 688621 m2 0.0144422 -0.239857 -0.0842056 0 -0.0134852
1231204 629520 m2 0.0152888 0.109912 -0.279755 0.0130102 0
1231204 497116 m2 0.0199701 0.274392 -0.353851 0 -0.0413638
1231204 337626 m2 0.118675 0.612139 -0.398649 0 -0.102316
1231204 482084 m2 0.0282869 0.428548 -0.482561 0 -0.00862738
1231204 422571 m2 0.0207669 -0.0890634 -0.242544 0 -0.065468
1231204 551192 m2 0.0122012 -0.354118 -0.113067 0 -0.0154583
1231204 374870 m2 0.115538 -0.628491 -0.372408 -0.0534387 0
1231204 341864 m2 0.160657 0.697151 0.267833 0.0261392 0
1231204 564079 m2 0.0662849 -0.429426 -0.505318 -0.0264126 0
1231204 456018 m2 0.101594 -0.529564 -0.440434 -0.0619877 0
1231204 629025 m2 0.013994 -0.34558 -0.117293 0.044949 0
1231204 361538 m2 0.0933765 -0.243165 -0.475279 0 -0.00178347
1231204 431594 m2 0.0682271 0.182211 -0.229503 0 0.0266326
1231204 657642 m2 0.013247 -0.221931 -0.42569 0.0111536 0
1231204 585477 m2 0.0131972 0.09394 -0.0660874 0.0812485 0
1231204 720072 m2 0.0124502 -0.336027 -0.34278 0.000555588 0
1231204 647324 m2 0.0375498 -0.349591 -0.264633 0 -0.00245572
1231204 654300 m2 0.0317231 -0.350116 -0.434329 0 -0.0451454
1231204 663451 m2 0.0203187 -0.314419 -0.210149 0.0154189 0
1231204 647322 m2 0.0434761 -0.104988 -0.439808 0.0188875 0
1231204 621326 m2 0.0207669 -0.0738523 -0.306643 0 -0.0261857
1231204 633574 m2 0.011753 0.335809 -0.170033 0.0358635 0
1231204 673762 m2 0.0157869 0.162517 -0.0495642 -0.0122837 0
1231204 663448 m2 0.0580677 -0.529359 -0.275256 0 -0.0129724
1231204 610938 m2 0.022759 0.103659 0.302943 0 0.0130621
1231204 632006 m2 0.0176793 0.177925 -0.379931 0 0.0655195
1231204 620082 m2 0.0273406 -0.439932 -0.181069 0 -0.0408308
1231204 676347 m2 0.0281375 -0.372798 -0.406782 -0.0524026 0
1231204 653829 m2 0.0166833 -0.371839 -0.323815 -0.0152402 0
1231204 661972 m2 0.0193725 -0.23517 -0.235492 0 -0.0220914
1231204 685198 m2 0.0159861 0.0665765 -0.356232 0.0242991 0
1231204 719580 m2 0.010757 0.0163961 -0.230307 0 0.0153379
