seed mutID muttype p cor_sal cor_temp mutSalEffect mutTempEffect
1231223 51036 m2 0.0788247 0.326149 0.425089 -0.0142939 0.00337739
1231223 98624 m2 0.0507528 0.198025 0.453797 0.0407339 0.0491648
1231223 138123 m2 0.0358426 0.207687 0.184141 0.0267217 0.00599381
1231223 39200 m2 0.30578 0.101916 0.641192 0.00617096 0.028486
1231223 449479 m2 0.0660515 0.193678 0.498537 -0.0328819 0.0318041
1231223 475075 m2 0.0201554 0.105183 0.354606 0.0381061 -0.0312741
1231223 718029 m2 0.010442 0.138593 0.341869 -0.0186287 0.0309049
1231223 394003 m2 0.161438 0.414818 0.557538 0.0613371 0.0511655
1231223 511532 m2 0.053424 0.0824016 0.434471 -0.0542287 0.0117825
1231223 522537 m2 0.0148616 0.0966184 0.320706 0.0432318 0.0134902
1231223 298458 m2 0.0432249 0.206251 0.420791 -0.032733 0.124891
1231223 687934 m2 0.0229723 0.126709 0.371567 0.0508428 -0.0627539
1231223 591801 m2 0.0353084 0.149188 0.410121 -0.00255682 0.0205218
1231223 66496 m2 0.0474017 0.341805 0.280141 0.0109304 -0.0380011
1231223 564651 m2 0.0810588 0.263745 0.467334 -0.0233849 -0.0327151
1231223 478414 m2 0.0352113 0.120463 0.363479 -0.0402938 0.0306326
1231223 647178 m2 0.0373482 0.115003 0.375059 -0.0153066 -0.00132063
1231223 749978 m2 0.0156387 0.0885107 0.341407 -0.00172409 -0.00812383
1231223 174508 m2 0.106508 0.397204 0.319271 0.0660359 0.0524782
1231223 524361 m2 0.042982 0.173687 0.448369 -0.0628255 -0.0148879
1231223 742191 m2 0.014473 0.0526734 0.304539 -0.0160668 0.0262797
1231223 687930 m2 0.0244779 0.0957088 0.353979 -0.01499 0.0138389
1231223 736271 m2 0.0179699 0.102512 0.343221 0.037362 0.00828833
1231223 688414 m2 0.0158815 0.0834399 0.369865 -0.0279404 0.00551873
1231223 396321 m2 0.035357 0.121396 0.364357 -0.0438903 0.0742974
1231223 711798 m2 0.0261778 0.133036 0.361224 0.0617638 -0.0166238
1231223 193488 m2 0.0277319 0.0857352 0.410899 0.0138546 -0.040459
1231223 256389 m2 0.0219524 -0.170983 0.283886 0.010675 0.00834936
1231223 542163 m2 0.011559 -0.0724222 0.188348 -0.0132931 0.0271557
1231223 197086 m2 0.0137931 -0.221564 0.280099 0.060979 0.0670668
1231223 188398 m2 0.0331714 -0.259122 0.330406 -0.0765569 0.00417414
1231223 490543 m2 0.0202525 -0.248763 0.317611 0.0102271 0.0150148
1231223 390303 m2 0.0413307 0.194036 0.238862 0.0611304 0.0402846
1231223 518473 m2 0.0124818 -0.184512 0.304962 0.0239132 0.0195365
1231223 122570 m2 0.011899 -0.116073 0.229409 -0.051472 0.0190918
1231223 323186 m2 0.107965 -0.0398366 0.360113 0.043723 0.0465266
1231223 301257 m2 0.106654 -0.18233 0.498013 -0.00754453 0.0456383
1231223 97355 m2 0.0300631 -0.255774 0.358901 -0.0265233 0.0460235
1231223 599549 m2 0.0115104 -0.0671606 0.184211 0.0479422 0.0661625
1231223 671063 m2 0.0125304 -0.212662 0.272718 0.00914034 -0.0149066
1231223 300744 m2 0.0440505 0.202365 0.422221 0.0111995 -0.0180883
1231223 467580 m2 0.0470617 0.341922 0.280136 0.0512354 -0.0122357
1231223 112777 m2 0.0123847 0.177761 0.153938 0.0324713 -0.0167921
1231223 628871 m2 0.0149102 -0.222974 0.282647 0.0121188 0.0261319
1231223 348451 m2 0.0457504 0.299602 0.234779 -0.00365079 0.0199351
1231223 353621 m2 0.0651287 0.322549 0.301999 -0.00188177 -0.0044037
1231223 732820 m2 0.0149587 0.0255805 0.241142 0.0141663 -0.00858497
1231223 42519 m2 0.0162215 -0.091198 0.207266 0.00411999 -0.0541219
1231223 491014 m2 0.0140845 0.287513 0.240401 -0.0677343 0.0187076
1231223 123889 m2 0.0438562 0.213768 0.280519 0.0123551 0.0143188
1231223 383905 m2 0.0452647 -0.261221 0.372358 -0.0461067 0.067617
1231223 722130 m2 0.0149102 0.124099 0.396969 0.0969335 0.00146629
1231223 298166 m2 0.0660515 0.334387 0.405876 0.030886 -0.00664282
1231223 539552 m2 0.0706654 0.333676 0.245674 -0.02615 -0.0221963
1231223 412352 m2 0.0618261 0.244956 0.269634 -0.00462506 0.0357985
1231223 71838 m2 0.0711996 0.186331 0.495066 0.0424787 -0.00507511
1231223 609451 m2 0.0374454 -0.261864 0.341651 -0.0145634 -0.0651291
1231223 32120 m2 0.118601 0.334393 0.534605 -0.00114924 -0.00340854
1231223 710188 m2 0.0170471 0.280916 0.217101 -0.030433 -0.0240825
1231223 694800 m2 0.0124332 -0.175427 0.233602 -0.0480208 0.0603236
1231223 694040 m2 0.0120447 0.194707 0.18044 -0.0290375 0.0158895
1231223 10841 m2 0.203254 -0.18369 0.481669 -0.0450928 0.0209533
1231223 228450 m2 0.0232637 0.00561603 0.208833 -0.0268837 0.0200151
1231223 508139 m2 0.0219038 0.228512 0.109487 0.042495 0.00328091
1231223 429444 m2 0.0341428 0.0595741 0.396783 0.0538424 0.0276407
1231223 271454 m2 0.160029 0.501538 0.363726 0.0405191 0.0196256
1231223 635469 m2 0.0108305 0.237332 0.155788 -0.0395297 -0.029286
1231223 464229 m2 0.0279262 -0.261235 0.342988 0.0369706 -0.0128584
1231223 520278 m2 0.076542 0.213934 0.482482 -0.0212783 -0.0301557
1231223 280786 m2 0.118456 0.552851 0.232297 0.0442312 -0.0233159
1231223 306461 m2 0.0419136 0.305309 0.212235 0.0575021 0.0407776
1231223 390544 m2 0.064983 0.404533 0.271961 0.000145929 0.0608239
1231223 510180 m2 0.0127732 -0.0570973 0.164295 0.0228301 0.012115
1231223 327419 m2 0.209616 -0.0102161 0.693121 -0.0611002 0.0178
1231223 176235 m2 0.0819815 0.327733 0.351312 -0.0228398 0.0408643
1231223 586470 m2 0.0347256 -0.0546476 0.442826 0.0341374 0.0455509
1231223 413083 m2 0.0220981 0.19177 0.176157 0.0355787 0.0318644
1231223 178792 m2 0.277271 0.145205 0.723796 0.0214407 0.0493282
1231223 690398 m2 0.0229723 0.237063 0.120214 0.0513231 -0.0209682
1231223 124130 m2 0.0233123 0.355142 0.150955 0.0534856 -0.0155694
1231223 594561 m2 0.0209811 0.185378 0.169043 0.0164285 0.0286211
1231223 630662 m2 0.0106362 0.278513 0.196486 0.0244193 0.033259
1231223 542934 m2 0.0203983 0.228108 0.0826592 -0.0296122 0.0524234
1231223 723403 m2 0.0176299 0.181029 0.276306 0.0649035 0.0155069
1231223 157292 m2 0.0581836 0.106583 0.421363 0.00224528 0.0690762
1231223 703520 m2 0.0106362 0.245175 0.242718 -0.0365351 0.0189723
1231223 534243 m2 0.0425935 0.0442514 0.390084 -0.0550421 0.0652346
1231223 720331 m2 0.0224866 0.192827 0.167402 0.0495981 -0.00514939
1231223 445546 m2 0.0928606 0.403674 0.346917 -0.00155656 -0.0457973
1231223 351824 m2 0.0420593 0.252027 0.182813 0.0239093 0.0183937
1231223 714628 m2 0.0116561 0.240149 0.169871 0.0552406 0.0729561
1231223 545711 m2 0.0147159 -0.0907872 0.31667 -0.0118209 0.011552
1231223 304371 m2 0.0232637 0.00561603 0.208833 0.00749795 0.0087031
1231223 581351 m2 0.0865954 -0.0299166 0.267721 -0.0181285 -0.019458
1231223 572101 m2 0.0306459 0.188274 0.296006 0.0140646 0.0238904
1231223 451409 m2 0.0319087 0.325716 0.174304 -0.00533777 0.0123525
1231223 426761 m2 0.100194 -0.177109 0.570004 0.0359778 0.0360519
1231223 542928 m2 0.0625061 0.353329 0.247456 0.0275046 0.0436101
1231223 577804 m2 0.0472559 0.182038 0.232211 -0.0495135 0.0456632
1231223 516627 m2 0.0472074 0.370393 0.325732 0.0457456 0.0412049
1231223 30602 m2 0.0374454 -0.262046 0.341788 -0.0614014 0.0121747
1231223 547510 m2 0.185187 0.547443 0.0754298 0.000164659 -0.0290604
1231223 287948 m2 0.170908 -0.605221 0.417059 -0.00679162 -0.0153115
1231223 705762 m2 0.0293346 0.259645 0.12604 0.0085415 0.0406943
1231223 683713 m2 0.0189412 -0.140284 0.19073 0.0362874 0.063124
1231223 574637 m2 0.0311316 -0.258412 0.324192 -0.0294483 -0.0248896
1231223 673801 m2 0.0155901 -0.169302 0.00433237 0.0429578 -0.0553189
1231223 189869 m2 0.0245265 0.343236 0.171157 0.0176397 0.0198085
1231223 587216 m2 0.0432249 -0.0154284 0.270483 0.000998677 0.00301123
1231223 653021 m2 0.0250121 0.00152058 0.264684 0.0769342 0.0129873
1231223 663773 m2 0.118407 -0.547653 0.179842 -0.00260489 -0.0395739
1231223 225890 m2 0.166974 -0.608369 0.410335 0.0685133 0.0338978
1231223 654379 m2 0.0129189 -0.127717 0.180161 -0.0211576 0.0318516
1231223 356633 m2 0.0320058 0.261584 0.00566467 0.0267686 0.00372734
1231223 104938 m2 0.028169 0.251072 0.0116257 -0.00922608 -0.00992476
1231223 677299 m2 0.0928606 -0.506267 0.187213 -0.00113989 0.0398876
1231223 175709 m2 0.117484 -0.589851 0.31039 0.00773402 -0.0054839
1231223 742665 m2 0.0171928 0.212024 0.0833143 -0.0742381 0.0638358
1231223 495611 m2 0.0240408 0.319001 0.122563 0.0455838 0.0253039
1231223 733782 m2 0.0173871 0.213208 0.0833151 -0.022735 0.0107953
1231223 701749 m2 0.0223409 0.0801107 0.387362 0.0517171 0.0184601
1231223 757087 m2 0.0165614 0.208898 0.0786014 0.0675458 -0.0785707
1231223 336902 m2 0.109908 -0.539943 0.174582 0.0701523 -0.0151565
1231223 404034 m2 0.107479 -0.537847 0.175597 0.0259053 0.00436729
1231223 94926 m2 0.0995143 0.487946 -0.0428117 -0.0384392 -0.00778651
1231223 298610 m2 0.0795532 -0.0634867 0.574836 -0.0681839 0.0294299
1231223 643489 m2 0.0944633 -0.0497514 0.331287 -0.00118475 -0.0700652
1231223 287197 m2 0.0425935 -0.000854602 0.320968 -0.10378 0.019863
1231223 270388 m2 0.0605634 -0.289356 0.391014 -0.0283468 0.0387529
1231223 205737 m2 0.0369111 0.236981 -0.230201 0.0305484 0.00434377
1231223 638896 m2 0.0587178 -0.0039401 0.226577 0.0574425 -0.0465418
1231223 180296 m2 0.0500243 -0.256195 0.364667 0.0334341 0.0307997
1231223 135387 m2 0.0261292 0.301638 -0.0509631 0.0249406 0.0151312
1231223 435589 m2 0.0604662 -0.219672 0.0432009 0.00963327 0.038866
1231223 554052 m2 0.114133 -0.0940822 0.302289 -0.00798791 0.00903867
1231223 645812 m2 0.102525 -0.528144 0.166853 -0.0460038 -0.0960472
1231223 444703 m2 0.175134 0.0796712 0.583781 0.033995 -0.000263899
1231223 724612 m2 0.0596406 -0.0375127 0.261202 0.0668677 0.0141884
1231223 678073 m2 0.0239437 0.244713 0.0856779 -0.0433254 -0.00895375
1231223 626447 m2 0.108888 -0.0815861 0.309855 -0.0413794 0.0593773
1231223 283019 m2 0.0126275 0.256028 -0.0568467 0.00495645 0.0112144
1231223 699666 m2 0.126226 -0.591769 0.146973 0.00299321 0.0606169
1231223 602506 m2 0.163817 -0.584588 0.219607 -0.001519 -0.0175177
1231223 336133 m2 0.0726566 0.304917 0.521552 0.0141574 -0.00868158
1231223 634409 m2 0.013696 0.210305 -0.00583157 0.0897207 -0.00569008
1231223 724337 m2 0.0310345 0.267788 0.134331 0.0204142 -0.00926126
1231223 564849 m2 0.0201068 -0.1096 0.150344 0.0269115 -0.00271186
1231223 748890 m2 0.0289461 -0.0257065 0.209826 -0.0189796 0.0193368
1231223 111687 m2 0.284264 0.281593 0.330971 0.0798397 0.0340433
1231223 469858 m2 0.121564 0.501634 0.311806 -0.0243351 0.00777369
1231223 725897 m2 0.0155415 -0.090281 0.134997 -0.00163864 -0.136504
1231223 717148 m2 0.0288975 0.27418 0.133897 0.0409776 -0.0495681
1231223 404762 m2 0.0215639 0.196458 0.0208177 0.0719392 0.00377744
1231223 659237 m2 0.013356 -0.197682 0.257597 0.0272392 0.0474036
1231223 47058 m2 0.314764 0.410547 -0.0655095 -0.0616516 -0.0119807
1231223 457744 m2 0.124769 -0.0233 0.451179 -0.0415065 -0.0475841
1231223 474730 m2 0.0339971 0.301036 0.226261 0.0900355 0.00319395
1231223 724085 m2 0.0127732 -0.112815 0.161258 0.0430085 -0.0242891
1231223 726705 m2 0.0289947 -0.106093 0.153157 -0.00672634 0.002767
1231223 206928 m2 0.0589121 0.356342 -0.02487 0.0453007 0.0256712
1231223 519998 m2 0.0297717 0.319805 0.270726 0.00195282 0.0704238
1231223 739331 m2 0.0136474 -0.183525 0.0997371 0.0445377 0.0248341
1231223 410766 m2 0.0150559 0.0626655 0.315537 0.0855244 0.0375371
1231223 521951 m2 0.103108 -0.534436 0.161415 -0.116054 0.0171743
1231223 690906 m2 0.108791 -0.535722 0.160848 -0.00672793 0.00652468
1231223 649160 m2 0.10578 -0.529476 0.161411 -0.0863897 -0.0194596
1231223 581314 m2 0.0944148 0.380095 -0.182198 0.00185069 0.0213536
1231223 651958 m2 0.0208839 -0.11329 0.159468 -0.0439059 0.0287631
1231223 496159 m2 0.144536 -0.218151 0.418547 -0.0457469 0.0275516
1231223 660517 m2 0.108548 -0.53076 0.159659 0.0704724 0.0971686
1231223 22938 m2 0.0203497 -0.383508 -0.23883 -0.024042 -0.0298064
1231223 419746 m2 0.0986887 -0.515783 0.182096 -0.0458823 0.0637591
1231223 175167 m2 0.106119 -0.534821 0.18842 -0.0198274 -0.0193192
1231223 649430 m2 0.105391 -0.528562 0.165507 -0.0324175 0.0166232
1231223 446557 m2 0.169743 -0.629605 0.339334 0.000780178 0.0175017
1231223 359686 m2 0.108402 -0.54013 0.189803 0.0218169 0.0234771
1231223 674988 m2 0.0126761 0.233354 -0.0313415 0.0554828 0.0102866
1231223 572057 m2 0.012239 0.199338 0.17732 -0.0181851 -0.0337037
1231223 512253 m2 0.136668 -0.588964 0.246726 -0.0499516 -0.0328974
1231223 248563 m2 0.0183584 -0.136553 -0.0791738 -0.044856 -0.0356498
1231223 635162 m2 0.119913 -0.0536754 0.340123 0.0395189 0.0199281
1231223 386837 m2 0.0751821 0.277079 -0.206541 -0.0021825 -0.0402291
1231223 669637 m2 0.0316173 0.296097 0.00906988 -0.0246377 0.0236875
1231223 611444 m2 0.0983001 -0.52146 0.178144 0.0625462 0.0458802
1231223 500034 m2 0.141962 -0.574485 0.274087 -0.0184648 -0.0312758
1231223 606868 m2 0.0138902 -0.172532 0.00650048 0.00754809 0.0185734
1231223 692663 m2 0.024575 0.146451 -0.066515 0.0307314 0.0476285
1231223 567401 m2 0.122001 -0.0692495 0.284102 0.0494385 -0.0157301
1231223 83343 m2 0.0854784 -0.340073 -0.0645762 -0.015305 0.0301655
1231223 190847 m2 0.131714 -0.199911 0.441022 -0.0560346 -0.00406078
1231223 702476 m2 0.0341914 0.227588 -0.0575886 -0.0383796 0.0106948
1231223 510115 m2 0.0187955 0.278586 0.00678469 0.0577791 0.0630893
1231223 736640 m2 0.0174842 0.194989 -0.116596 0.0815343 -0.103795
1231223 360194 m2 0.0921807 -0.522117 0.194032 0.0292889 0.062101
1231223 544607 m2 0.17052 0.182232 0.0397515 -0.0286543 0.0120119
1231223 471871 m2 0.0316659 -0.0791964 -0.0489919 -0.00636689 0.00291547
1231223 710880 m2 0.014813 -0.142201 -0.0442643 0.0282804 -0.021037
1231223 306893 m2 0.0822729 -0.159989 -0.0697005 -0.048574 -0.0220991
1231223 34588 m2 0.230646 0.436459 -0.156787 -0.0184176 -0.0615749
1231223 97261 m2 0.0195726 0.243639 -0.0249168 0.0205906 0.0307814
1231223 220861 m2 0.0360855 0.300659 -0.148145 0.0836889 -0.00361654
1231223 418152 m2 0.0351627 0.27032 -0.18286 0.0312406 -0.0131045
1231223 39326 m2 0.151287 -0.614416 0.209817 0.0549829 0.015666
1231223 758887 m2 0.0118018 -0.140495 -0.00627987 0.0297416 -0.0300856
1231223 324120 m2 0.0128218 0.269349 -0.0841491 0.0550637 -0.0677802
1231223 478066 m2 0.259786 0.219985 0.22663 0.0133556 0.000985497
1231223 352284 m2 0.26542 0.244544 -0.0667647 -0.0446718 -0.0429063
1231223 742624 m2 0.0208354 -0.153225 -0.017837 -0.0699973 0.0397889
1231223 193123 m2 0.0112676 0.174904 -0.0167916 -0.041859 0.0117402
1231223 188285 m2 0.0269063 -0.258188 0.340367 -0.0187723 -0.00281741
1231223 730507 m2 0.0118504 0.272163 -0.0507992 -0.0102371 0.0177254
1231223 666587 m2 0.0295775 0.263279 -0.0396111 -0.0207159 0.0257943
1231223 653808 m2 0.0295289 -0.0936449 0.143627 0.0362618 -0.00173197
1231223 723574 m2 0.0143273 0.236667 -0.0118717 -0.0211545 -0.074004
1231223 487669 m2 0.0117533 0.0372989 -0.127514 -0.0316608 -0.0107996
1231223 176400 m2 0.122972 -0.183645 0.0295802 -0.0031956 0.027361
1231223 118546 m2 0.0831957 0.232466 0.486001 0.0424162 0.0105878
1231223 283211 m2 0.0951918 0.415556 0.042176 0.0558491 0.000832441
1231223 39817 m2 0.160709 0.527767 -0.0761412 0.0670572 -0.0242144
1231223 172785 m2 0.209762 0.323216 0.0837077 -0.00127723 -0.0126871
1231223 286615 m2 0.0673628 0.409275 0.0647047 0.110447 0.0167348
1231223 710367 m2 0.0255949 -0.183814 0.0339643 0.0352379 -0.0222158
1231223 475191 m2 0.0647402 0.278228 -0.162425 -0.0469525 0.012971
1231223 349949 m2 0.0427392 0.344756 -0.0880321 0.0622852 0.0115497
1231223 360424 m2 0.0926178 -0.304851 -0.210208 -0.0696443 0.0770769
1231223 291043 m2 0.131714 -0.199911 0.441022 0.0272371 0.047074
1231223 33584 m2 0.0274891 0.218417 -0.138009 -0.0977717 0.0193681
1231223 709838 m2 0.0222438 -0.172678 0.0131395 -0.0155451 0.0387744
1231223 723570 m2 0.0153958 0.284141 -0.0339011 -0.0637884 0.011486
1231223 171517 m2 0.171928 0.227495 0.161063 -0.0687869 -0.0360699
1231223 741286 m2 0.0136474 -0.196866 0.00444158 0.0113294 -0.0500696
1231223 627992 m2 0.0316659 0.301617 -0.0148297 0.023947 0.0481838
1231223 744450 m2 0.0184556 0.153199 -0.098967 -0.0637273 0.0568364
1231223 292353 m2 0.146382 -0.567889 0.212518 -0.0723942 -0.0162973
1231223 734507 m2 0.0483244 0.22878 -0.117668 -0.0197377 0.0706003
1231223 741812 m2 0.0110733 -0.130948 -0.0239405 0.0308002 -0.050969
1231223 621914 m2 0.0644002 0.251208 -0.16574 0.0390996 0.0311707
1231223 628255 m2 0.0473531 0.215299 -0.0219466 -0.00511174 -0.0460469
1231223 761894 m2 0.0103934 -0.478487 0.105119 -0.0611264 -0.0287094
1231223 158947 m2 0.0327343 0.24249 0.0211378 -0.0521746 -0.0043287
1231223 573052 m2 0.0961632 -0.11525 -0.00802355 -0.00512203 -0.019172
1231223 408373 m2 0.0188441 -0.437821 -0.24061 -0.0548717 -0.00499166
1231223 477010 m2 0.124915 -0.201941 -0.126651 0.0124048 -0.0325091
1231223 667577 m2 0.0124332 0.189 -0.0174231 0.0281962 -0.0859193
1231223 401842 m2 0.142982 0.408672 -0.193911 -0.00115045 0.0369799
1231223 112918 m2 0.132977 -0.57895 0.301945 -0.0378057 0.0612897
1231223 276285 m2 0.238611 -0.290526 -0.199273 0.0158314 -0.00614969
1231223 79178 m2 0.268431 0.36634 0.00951998 0.068711 -0.0533393
1231223 392752 m2 0.0190384 0.00443646 -0.104646 0.0371401 0.00256503
1231223 122430 m2 0.141768 0.410635 -0.182147 0.0647584 0.0346707
1231223 663210 m2 0.0101506 0.250993 -0.153398 -0.00215085 -0.0305526
1231223 483392 m2 0.0105391 -0.109246 -0.0900813 0.0146935 0.00831912
1231223 711413 m2 0.0108791 0.0958595 0.0212259 -0.0671807 -0.0100782
1231223 529187 m2 0.0268091 0.304058 -0.185618 0.0690138 -0.0523911
1231223 645289 m2 0.0508985 -0.0981987 -0.0594124 -0.051515 -0.0500313
1231223 123228 m2 0.195046 0.376405 -0.192326 0.00421086 -0.0285778
1231223 644433 m2 0.0199126 0.216267 -0.131271 0.0155813 0.0200825
1231223 41087 m2 0.205537 -0.542813 0.148859 0.0129295 0.0298367
1231223 445193 m2 0.0210782 0.315507 -0.0355118 0.0295617 0.0145733
1231223 737708 m2 0.0108305 -0.159656 -0.0029661 0.0253031 -0.0626294
1231223 660473 m2 0.0322001 -0.0375833 -0.0554792 -0.0385848 0.0555485
1231223 458461 m2 0.0215153 0.201112 -0.141461 0.0478913 0.00757657
1231223 486403 m2 0.113502 0.3213 -0.13131 -0.0438471 -0.0356097
1231223 369881 m2 0.042205 0.320066 -0.0635917 0.0237798 -0.012964
1231223 754958 m2 0.011899 -0.0335636 -0.0139388 0.0781795 -0.0147985
1231223 422999 m2 0.0600777 -0.116764 -0.132463 0.0141931 -0.0205935
1231223 675952 m2 0.0247693 0.180599 -0.0957777 0.0197595 -0.0716534
1231223 545633 m2 0.0262749 0.2081 0.115395 0.0572631 0.0139915
1231223 701682 m2 0.0152016 0.221423 -0.0948211 -0.0347198 0.0400973
1231223 736362 m2 0.0325886 -0.103399 -0.0606533 -0.0184613 0.0198682
1231223 754955 m2 0.0116561 -0.150146 -0.0149411 0.0574906 0.00624255
1231223 186138 m2 0.308645 0.348099 -0.0497077 0.0359172 0.0256474
1231223 110833 m2 0.194269 -0.645145 0.347594 -0.0585625 -0.0484887
1231223 451566 m2 0.0128218 0.210672 -0.0260874 0.0231998 0.0474672
1231223 518075 m2 0.0246236 0.189299 -0.136944 -0.00778335 -0.00521367
1231223 254966 m2 0.0133074 0.261486 0.0115269 0.00961549 -0.0444937
1231223 691908 m2 0.0328315 -0.0233134 -0.138841 -0.0387622 -0.0456396
1231223 434717 m2 0.0127732 0.236869 -0.0891424 0.0253971 0.0126104
1231223 591895 m2 0.0344342 -0.140938 -0.0846107 -0.0253966 0.0343075
1231223 694951 m2 0.0257407 0.242935 -0.0863807 0.0388285 -0.0462662
1231223 512677 m2 0.0207382 0.263288 -0.0222469 0.00764749 -0.0105335
1231223 443847 m2 0.119864 -0.0662733 0.180324 0.024403 -0.00278974
1231223 734234 m2 0.0166586 -0.174086 -0.00747566 -0.054919 0.0370341
1231223 543356 m2 0.0105877 0.252724 -0.110901 0.0445134 -0.0470329
1231223 571998 m2 0.0661486 0.285635 -0.171384 0.0594592 1.85808e-05
1231223 160460 m2 0.224429 -0.714245 -0.182065 -0.0746646 -0.0640439
1231223 675188 m2 0.0119961 0.170171 -0.0594151 0.00951425 0.0253148
1231223 698565 m2 0.0271491 0.274999 0.00115583 0.0128484 0.00269113
1231223 662640 m2 0.0338514 -0.0448006 -0.0577804 0.0548373 -0.00114222
1231223 110051 m2 0.190481 0.143477 -0.681791 -0.0101169 -0.0258264
1231223 685233 m2 0.0229723 -0.151423 -0.0093516 0.0358801 0.0501605
1231223 721530 m2 0.0232152 0.273611 -0.170906 -0.000728629 -0.00994869
1231223 560212 m2 0.0597863 0.258979 -0.159745 0.00901796 -0.0331335
1231223 637222 m2 0.0167557 -0.108619 -0.0652556 -0.0189801 0.00537952
1231223 626387 m2 0.0986887 -0.12177 -0.0133679 -0.0367784 0.0415197
1231223 469265 m2 0.0360855 -0.027595 -0.0560816 0.052603 0.0374946
1231223 283160 m2 0.0226323 -0.208849 -0.234601 0.00148962 -0.0846579
1231223 352964 m2 0.109519 -0.546172 0.171263 -0.0751063 -0.00719552
1231223 519670 m2 0.0390481 -0.0246209 -0.0629601 -0.0429207 0.0217275
1231223 608321 m2 0.0766391 0.328394 -0.152285 0.0177998 0.012161
1231223 670367 m2 0.0247693 0.00564714 -0.117341 0.0579192 0.0520285
1231223 622937 m2 0.0288004 -0.0286336 -0.114293 -0.0304115 0.0324954
1231223 712171 m2 0.0238465 0.00989859 -0.126064 0.0264016 -0.016169
1231223 513227 m2 0.111996 -0.197204 0.000398547 -0.0246492 -0.0276174
1231223 699127 m2 0.0266634 -0.0289582 -0.0241537 -0.0761207 0.0057733
1231223 654531 m2 0.0111219 -0.33968 -0.15388 -0.0624406 -0.0580257
1231223 492405 m2 0.0816416 0.318768 -0.133299 -0.00776664 0.0781554
1231223 547175 m2 0.0589121 0.378011 -0.113036 0.0200155 -0.0330081
1231223 200718 m2 0.290918 -0.174354 -0.801044 -0.109109 0.0200081
1231223 312735 m2 0.157795 -0.637319 0.0737905 -0.0362751 -0.0119786
1231223 670926 m2 0.0538611 -0.0352187 -0.0692092 0.0130431 -0.0205448
1231223 589835 m2 0.0530355 -0.373046 -0.218277 -0.0487815 -0.0611414
1231223 747253 m2 0.0295289 0.251202 -0.166014 0.0161787 -0.020762
1231223 645472 m2 0.0158329 -0.32234 -0.161223 -0.0266617 -0.00773184
1231223 636127 m2 0.0410393 -0.375406 -0.268321 0.0356452 -0.0404259
1231223 477257 m2 0.0157844 -0.214386 0.275948 -0.0404714 0.0203954
1231223 82730 m2 0.386401 -0.479311 -0.560709 0.0123089 0.0449982
1231223 716282 m2 0.0213696 0.245449 -0.168245 0.031384 -0.0180967
1231223 499936 m2 0.041865 -0.278911 -0.270033 -0.0659632 0.0589197
1231223 720719 m2 0.022778 -0.291383 -0.190426 -0.0589481 0.0365785
1231223 356042 m2 0.210442 -0.6902 -0.0500546 -0.0845507 -0.0215895
1231223 77999 m2 0.0955318 0.300258 -0.467568 -0.023063 0.0183609
1231223 56202 m2 0.0206897 -0.425944 -0.246126 0.00448702 -0.0543593
1231223 146771 m2 0.342933 -0.426613 -0.512915 0.0278891 -0.00564021
1231223 731428 m2 0.0104905 -0.12247 -0.070979 0.0223086 0.0734584
1231223 745951 m2 0.0105391 -0.186906 -0.133326 -0.0788808 0.00912325
1231223 225232 m2 0.0156387 -0.142253 -0.176251 -0.0530495 -0.0353719
1231223 551222 m2 0.0320544 0.310726 -0.0468745 -0.0316077 0.072916
1231223 750335 m2 0.0208354 0.252978 -0.174707 -0.011554 0.0077638
1231223 647249 m2 0.0123361 -0.32815 -0.148562 -0.0077478 0.0192354
1231223 725570 m2 0.0109276 -0.092032 -0.0695111 -0.00134799 -0.000605268
1231223 741490 m2 0.027829 -0.364161 -0.153433 -0.0481814 0.0216252
1231223 184434 m2 0.0231666 -0.231263 -0.211874 -0.0382441 -0.0288024
1231223 196627 m2 0.0915979 0.300236 -0.455756 0.0370458 0.0246891
1231223 392692 m2 0.139 0.166277 -0.52628 0.0189881 -0.0734091
1231223 252863 m2 0.048033 -0.385771 -0.296779 0.0345744 -0.0647594
1231223 752351 m2 0.0185041 0.222737 -0.166541 0.0574905 -0.00934496
1231223 543571 m2 0.0329772 -0.374554 -0.212753 0.00253291 0.0398278
1231223 594641 m2 0.0159301 0.0346308 -0.110105 0.00996754 -0.0323877
1231223 290385 m2 0.0887324 0.298023 -0.44994 0.0844958 -0.149497
1231223 709762 m2 0.0484701 -0.134471 -0.408969 -0.0785438 -0.067003
1231223 324511 m2 0.137445 0.336263 -0.556827 0.01562 0.00977366
1231223 394838 m2 0.206071 0.0797497 -0.674408 0.0215118 -0.0205501
1231223 306774 m2 0.0926178 -0.504945 0.186118 -0.0089189 -0.0195232
1231223 450995 m2 0.0251578 0.292767 -0.448813 -0.0157177 0.0081705
1231223 531445 m2 0.0406022 -0.131947 -0.406018 -0.0551438 0.0110394
1231223 143200 m2 0.267217 -0.0686205 -0.78521 0.019223 -0.0528751
1231223 608277 m2 0.104274 -0.168103 -0.397213 0.0349998 -0.00725083
1231223 700603 m2 0.0318601 -0.383894 -0.215312 0.0225012 0.0543905
1231223 165789 m2 0.256338 -0.10658 -0.749041 -0.00424501 -0.0216531
1231223 162465 m2 0.21355 0.046975 -0.724414 0.00867197 -0.0345003
1231223 362135 m2 0.0969888 0.267339 -0.504689 -0.0502635 -0.0104269
1231223 300519 m2 0.0236523 -0.217401 -0.200403 -0.0119262 -0.111138
1231223 179113 m2 0.241185 -0.0824307 -0.743484 -0.0289879 -0.0216176
1231223 737899 m2 0.0172899 -0.294088 -0.19904 -0.0492139 -0.00780235
1231223 247667 m2 0.276299 -0.0836874 -0.770509 -0.0164776 -0.00271208
1231223 732635 m2 0.0203011 0.293267 -0.307527 0.0289336 0.0524564
1231223 531669 m2 0.0129189 -0.284406 -0.239226 -0.0127417 -0.072226
1231223 357515 m2 0.202574 0.0436425 -0.703554 0.0362186 0.01912
1231223 361632 m2 0.0999029 -0.533017 0.174273 0.0352787 0.00105869
1231223 485532 m2 0.114813 0.200399 -0.506476 -0.0227668 0.016693
1231223 658305 m2 0.0309859 0.28027 -0.436423 0.00789028 0.0570116
1231223 644363 m2 0.037931 0.275134 -0.449576 -0.0740215 -0.0401207
1231223 623396 m2 0.0147159 -0.230169 -0.205551 0.00150787 0.0111545
1231223 240042 m2 0.0347742 -0.338478 -0.265135 -0.0656851 -0.022344
1231223 343613 m2 0.0331229 -0.27513 -0.261754 -0.10346 -0.00152113
1231223 535091 m2 0.0937834 -0.153116 -0.442229 -0.0151364 0.0300207
1231223 616635 m2 0.142448 -0.298477 -0.534928 -0.0217391 -0.0612742
1231223 343126 m2 0.0639631 0.303628 -0.44716 -0.0164828 -0.0143692
1231223 449505 m2 0.143273 0.197421 -0.610754 0.000173871 -0.0385473
1231223 739200 m2 0.0336571 -0.195424 -0.382584 -0.0214533 -0.0417572
1231223 422120 m2 0.142496 0.0693623 -0.526855 0.0421997 -0.0686081
1231223 383706 m2 0.225546 0.0163543 -0.715466 0.0171727 -0.0921145
1231223 690770 m2 0.0254492 -0.12878 -0.371241 -0.00892234 0.0111106
1231223 509758 m2 0.117096 -0.194832 -0.43783 -0.00662796 -0.0747492
1231223 242094 m2 0.321515 -0.088256 -0.777808 0.0439807 -0.0351711
1231223 497761 m2 0.0932492 0.305757 -0.459019 0.056608 -0.0590863
1231223 704834 m2 0.0231666 0.283183 -0.337769 0.0136966 -0.0427484
1231223 548622 m2 0.021661 -0.207002 -0.23261 0.0480603 -0.0204248
1231223 497511 m2 0.0892181 0.298495 -0.449621 -0.0536505 -0.00179718
1231223 343108 m2 0.0129675 -0.24404 -0.21296 -0.030305 -0.0212105
1231223 751004 m2 0.0222924 0.228507 -0.420899 0.0124888 -0.00990585
1231223 597699 m2 0.057795 0.289572 -0.504008 0.0239812 0.0350689
1231223 737045 m2 0.0259835 0.29084 -0.360616 0.00897225 -0.00814088
1231223 614642 m2 0.0313259 -0.327202 -0.229805 -0.0387431 0.00860977
1231223 348767 m2 0.144196 -0.342493 -0.496322 -0.0019276 -0.0264116
1231223 517470 m2 0.0806702 -0.412107 -0.450098 0.0435566 -1.76772e-06
1231223 472506 m2 0.0233123 -0.217884 -0.20066 -0.0267883 0.0303367
1231223 553128 m2 0.0813016 0.29302 -0.452059 -0.0462179 -0.00487187
1231223 607750 m2 0.0308888 -0.149979 -0.369345 0.00848417 -0.0318103
1231223 429009 m2 0.148567 -0.609061 0.0874675 -0.0149255 -0.0112195
1231223 469159 m2 0.0415736 -0.336768 -0.273714 -0.0302172 -0.0219245
1231223 415722 m2 0.189752 0.154099 -0.674545 0.0374292 -0.0152397
1231223 599874 m2 0.0327343 -0.410487 -0.25224 0.0323494 0.0246633
1231223 759329 m2 0.0223895 -0.102842 -0.358621 -0.0172688 -0.0143911
1231223 403299 m2 0.0236037 -0.234071 -0.215752 -0.0224622 -0.0208742
1231223 600884 m2 0.167023 -0.343807 -0.544426 -0.0490769 0.0377186
1231223 437977 m2 0.0111705 -0.301733 -0.0840635 0.0282409 0.0267462
1231223 392902 m2 0.17188 -0.478448 0.390051 -0.0448598 0.0284842
1231223 544733 m2 0.0917921 0.300216 -0.454848 0.0797611 0.00593824
1231223 662574 m2 0.0834386 0.306024 -0.456598 0.0104784 -0.039288
1231223 486040 m2 0.133414 0.171444 -0.523453 0.0197601 0.0735828
1231223 623401 m2 0.0327829 -0.247185 -0.25506 0.000335621 -0.0728185
1231223 737063 m2 0.0142302 -0.114634 -0.343286 0.000482458 0.0129977
1231223 590860 m2 0.0563866 -0.443709 -0.182114 -0.00344392 -0.0355152
1231223 752814 m2 0.0107334 0.269372 -0.39148 0.0214064 0.0380543
1231223 716188 m2 0.0720253 0.271824 -0.463952 -0.053235 -0.00266675
1231223 640211 m2 0.0241379 -0.221775 -0.20656 -0.0577476 -0.00296519
1231223 748225 m2 0.0138902 0.196688 -0.396232 -0.00625442 0.0155687
1231223 634997 m2 0.0390481 -0.149286 -0.374811 0.0643016 -0.101396
1231223 569033 m2 0.0286061 -0.27325 -0.217917 -0.0105454 -0.075819
1231223 720937 m2 0.0135017 0.207279 -0.377864 -0.0347942 -0.0535414
1231223 513123 m2 0.0123847 -0.143591 -0.178361 0.0128182 0.0142707
1231223 630476 m2 0.126032 -0.20675 -0.406465 0.0245878 0.0540549
1231223 623408 m2 0.0109276 -0.0270322 -0.252822 0.0611764 0.0370744
1231223 745642 m2 0.0125789 -0.184124 -0.211257 -0.116097 0.0958856
1231223 691005 m2 0.0229237 -0.215089 -0.197997 0.00220432 -0.0112802
1231223 663095 m2 0.0611462 0.323624 -0.441246 -0.00447015 0.0361759
1231223 694103 m2 0.0279747 -0.374962 -0.153458 -0.0432953 0.055522
1231223 711025 m2 0.0170957 0.253895 -0.414561 0.0004885 0.0335144
1231223 673630 m2 0.0260321 -0.243782 -0.21316 0.0510525 0.00406062
