seed mutID muttype p cor_sal cor_temp mutSalEffect mutTempEffect
1231220 310891 m2 0.143 0.517455 0.532083 0.0507489 0.0292757
1231220 709070 m2 0.0107 0.329417 0.363874 0.00750023 -0.00189547
1231220 176874 m2 0.0137 0.318287 -0.447931 0.0221133 0.000391768
1231220 698668 m2 0.0101 0.305959 0.287334 -0.00239413 -0.0258204
1231220 660391 m2 0.0158 0.33275 0.411195 -0.0152439 -0.0247337
1231220 22478 m2 0.03345 -0.436524 0.315055 -0.00228755 0.0157083
1231220 297207 m2 0.01905 0.0794229 0.44993 -0.00392301 0.0199696
1231220 354976 m2 0.01015 0.328763 0.0781403 0.0207998 0.0362426
1231220 130528 m2 0.03885 0.34515 0.235477 0.0246776 0.0110701
1231220 584478 m2 0.02525 0.186642 0.47112 0.0276048 0.0161439
1231220 292576 m2 0.016 0.309767 0.375672 0.031151 0.0331729
1231220 545768 m2 0.0233 0.379639 0.376717 0.00716505 0.0745275
1231220 626751 m2 0.01555 0.299684 0.0889065 -0.0406499 0.0358586
1231220 488807 m2 0.02785 0.370456 0.211218 0.00304444 0.0234325
1231220 496390 m2 0.04925 0.229378 0.381146 0.00642362 0.0627726
1231220 614410 m2 0.01385 0.393413 0.105185 -0.0695633 -0.0127674
1231220 294781 m2 0.02485 -0.359977 0.369293 -0.00712133 0.0265606
1231220 585974 m2 0.0294 0.302818 0.292293 -0.0907631 -0.0522094
1231220 413893 m2 0.026 0.222606 0.304334 -0.016688 -0.0204178
1231220 681365 m2 0.0242 0.210222 0.471934 0.0593439 0.00536334
1231220 112379 m2 0.1415 -0.357282 0.0340541 -0.0564716 0.0146819
1231220 355448 m2 0.0824 0.458204 0.486283 0.0361588 0.0340728
1231220 209913 m2 0.11815 -0.59427 0.388923 -0.0209126 0.0120496
1231220 268399 m2 0.01565 -0.425617 0.420617 -0.00521746 0.0854488
1231220 368350 m2 0.0213 0.0325771 0.526713 0.0189202 0.0127401
1231220 513825 m2 0.0125 0.275382 0.378594 0.0213433 0.0105246
1231220 355445 m2 0.02125 -0.41315 0.36549 -0.0302337 0.0444391
1231220 660379 m2 0.0143 0.316102 0.279628 0.0775604 -0.0020217
1231220 454180 m2 0.0106 0.0238798 0.368628 -0.0232119 0.100113
1231220 640271 m2 0.0143 0.402401 0.352043 -0.0324679 0.00990631
1231220 562993 m2 0.0409 0.386024 0.473211 0.0141904 0.0408695
1231220 263319 m2 0.12725 -0.398039 0.532152 -0.0113552 0.0133132
1231220 430600 m2 0.05595 0.0715011 0.499393 -0.028326 -0.0156716
1231220 265332 m2 0.0823 0.456671 -0.585481 0.0399524 -0.0235603
1231220 226829 m2 0.0242 0.042024 0.342885 0.0440425 0.0858698
1231220 297930 m2 0.05085 0.00105677 0.537698 0.00773885 0.0477119
1231220 694213 m2 0.0111 0.205826 0.428338 0.0705877 0.0584307
1231220 684608 m2 0.0109 -0.29744 0.423361 0.00185787 0.0450242
1231220 536516 m2 0.0311 0.135189 0.543645 0.00408899 0.0122065
1231220 619364 m2 0.0246 0.048299 0.423163 -0.00563065 -0.00618739
1231220 570577 m2 0.0234 -0.162303 0.443491 -0.0614305 -0.0363364
1231220 279674 m2 0.0279 -0.211141 0.511549 -0.0505963 0.026909
1231220 537966 m2 0.0202 0.227558 0.372709 0.0204937 0.0378377
1231220 606819 m2 0.01305 0.276801 0.394226 0.0267698 0.0346343
1231220 551142 m2 0.01585 -0.214206 0.350641 -0.00700504 0.0653478
1231220 426992 m2 0.0281 0.0369368 0.453153 0.00414688 0.0456378
1231220 680819 m2 0.01165 -0.333486 0.11496 0.0354203 -0.0082443
1231220 733682 m2 0.01115 0.00542678 0.223912 -0.0325334 -0.0493994
1231220 411669 m2 0.01425 0.289724 0.342568 0.0184452 0.0154222
1231220 715598 m2 0.0167 0.0668161 0.37171 0.0634746 0.0275463
1231220 397016 m2 0.06005 -0.560966 0.323759 -0.0073076 -0.016697
1231220 663813 m2 0.01935 0.0298809 0.43468 0.0205686 0.0756848
1231220 481168 m2 0.07375 0.0161518 0.710915 0.00718615 -0.00335721
1231220 600078 m2 0.04335 -0.166204 0.430237 -0.0214269 -0.0333224
1231220 679318 m2 0.0133 0.239968 0.260659 0.0548782 0.0337571
1231220 681805 m2 0.01165 -0.333486 0.11496 0.0327092 0.00138789
1231220 224006 m2 0.0621 -0.385255 0.500849 -0.0120755 0.0534606
1231220 560003 m2 0.0131 0.0206464 0.414049 0.00707807 -0.00608361
1231220 482354 m2 0.01445 -0.430998 0.326096 0.00179964 0.0563836
1231220 579918 m2 0.01115 -0.078625 0.286934 0.0481974 0.0583918
1231220 587949 m2 0.02105 -0.290932 0.301992 0.0433527 -0.00500797
1231220 601078 m2 0.02255 -0.00452194 0.496769 0.0248299 0.0843251
1231220 296430 m2 0.04245 0.171569 0.436024 0.0207091 0.0651065
1231220 609318 m2 0.0117 -0.382626 0.388866 -0.0336499 -0.0193772
1231220 528684 m2 0.03585 -0.0635088 0.465754 -0.0011126 -0.0354967
1231220 360901 m2 0.0269 0.181064 0.201173 0.045639 0.0208569
1231220 373554 m2 0.0625 0.00203531 0.60699 -0.00178728 0.0810988
1231220 661351 m2 0.0155 -0.060885 0.379529 0.00373044 0.00481426
1231220 618851 m2 0.0233 -0.279776 0.0908311 -0.0582261 0.00356441
1231220 684087 m2 0.01795 -0.373651 0.360966 0.0109239 -0.0868408
1231220 653144 m2 0.01225 -0.3006 0.183179 0.0768717 -0.008059
1231220 219280 m2 0.0503 -0.150588 0.336417 -0.0168442 0.0531603
1231220 416174 m2 0.05645 -0.39723 0.459315 0.0326744 -0.0615794
1231220 217596 m2 0.01465 0.30063 0.517891 0.0222874 -0.0088386
1231220 592381 m2 0.0143 0.204243 0.294731 0.0122355 -0.0204272
1231220 755 m2 0.0248 0.125351 -0.27984 0.0581513 0.0134476
1231220 620112 m2 0.0366 0.0472537 0.510391 -0.00445373 -0.0202897
1231220 601331 m2 0.01675 -0.367755 0.315304 0.0217992 0.0409376
1231220 704128 m2 0.01605 -0.39414 0.39247 -0.0212391 0.063134
1231220 214879 m2 0.09085 0.588941 0.393367 0.0676886 0.0589199
1231220 378118 m2 0.0377 0.38906 0.493095 0.018867 -0.0107097
1231220 406231 m2 0.04845 -0.345432 0.519143 -0.0243987 0.0403504
1231220 570069 m2 0.0183 0.315793 0.312104 0.00347589 0.0395937
1231220 315373 m2 0.0111 0.343439 0.413648 0.0212158 0.0423196
1231220 382055 m2 0.01525 0.313847 0.402073 0.0123007 0.0175545
1231220 510279 m2 0.0149 -0.278372 0.434805 0.00384872 0.0569575
1231220 254021 m2 0.09765 -0.180284 0.674371 -0.00414507 0.0160167
1231220 490489 m2 0.02165 0.335225 0.209289 0.0298446 0.0352028
1231220 559984 m2 0.01445 -0.0525677 0.346889 -0.0290606 -0.0127331
1231220 437246 m2 0.02 0.40002 0.347774 -0.00473008 0.028775
1231220 398024 m2 0.01495 -0.417016 0.212288 -0.0211014 -0.00753734
1231220 548698 m2 0.0347 -0.408981 0.485941 0.01981 0.0136704
1231220 310598 m2 0.02285 -0.235733 0.457776 -0.0219652 0.01001
1231220 613151 m2 0.04025 -0.202912 0.471488 -0.00896319 0.0232385
1231220 455390 m2 0.02155 0.270405 0.121602 -0.00771734 0.0442435
1231220 680045 m2 0.0111 0.124595 0.221007 0.0247739 0.0260609
1231220 573993 m2 0.0116 0.0911581 0.327643 -0.0572219 0.0337354
1231220 141721 m2 0.0873 0.38913 0.511784 0.0513226 0.0131047
1231220 279398 m2 0.03085 -0.423062 0.426711 -0.00165679 0.0251182
1231220 418864 m2 0.0111 0.208115 0.245095 0.0323861 0.0701433
1231220 486057 m2 0.02445 -0.4518 0.0484232 -0.0372519 0.0532301
1231220 621090 m2 0.0111 0.208115 0.245095 -0.0166312 0.0612315
1231220 718359 m2 0.01145 0.283944 0.389281 0.0399505 0.0630945
1231220 569102 m2 0.0351 -0.164271 0.433474 -0.00503125 0.01783
1231220 115836 m2 0.1361 0.0150466 0.559868 -0.01948 0.0320278
1231220 510269 m2 0.09025 0.354343 0.536469 0.0314973 0.00944849
1231220 568383 m2 0.01885 0.244808 0.458955 0.00849228 0.063818
1231220 108320 m2 0.0459 -0.228314 0.256881 0.0052267 0.020566
1231220 667601 m2 0.0124 0.388339 0.392509 -0.00441512 -0.0116125
1231220 675341 m2 0.02235 0.437198 0.295202 0.0117768 0.0264507
1231220 284987 m2 0.03165 -0.425514 0.487037 -0.0111922 0.0399969
1231220 229993 m2 0.01715 -0.0984977 -0.0237184 0.0261931 0.0368316
1231220 330408 m2 0.0341 0.234962 0.105818 0.0551834 0.0726247
1231220 604243 m2 0.025 0.415163 0.307773 -0.0166461 0.0480097
1231220 49736 m2 0.0714 0.179553 0.703069 -0.000618336 0.00779978
1231220 637244 m2 0.013 0.277594 -0.0189441 -0.00939561 0.0807702
1231220 270621 m2 0.16145 -0.277916 0.696297 -0.0160299 0.0357567
1231220 429778 m2 0.0242 -0.392004 0.446791 0.00506522 0.0417387
1231220 160362 m2 0.0972 0.588468 0.306699 0.0250202 -0.017046
1231220 282487 m2 0.02165 -0.27761 0.393292 -0.00794474 0.0722528
1231220 630766 m2 0.04265 0.46648 0.191856 0.00418954 0.037362
1231220 165269 m2 0.02115 -0.366125 0.088377 0.0207087 -0.0318156
1231220 405491 m2 0.1426 0.529649 0.537191 0.0199352 0.0183065
1231220 545934 m2 0.02505 0.239324 0.445023 0.0158649 0.00172397
1231220 300040 m2 0.02155 -0.338276 0.327298 -0.0488773 0.0148316
1231220 378323 m2 0.06785 -0.383751 0.480125 0.00648433 0.0607136
1231220 670547 m2 0.0132 0.304267 0.027948 0.0323593 -0.0162778
1231220 539208 m2 0.03375 0.376146 0.455962 0.0334728 -0.0364576
1231220 611055 m2 0.01195 -0.214279 0.429392 0.0494153 -0.0336495
1231220 344422 m2 0.0737 0.0744937 0.637697 0.0340898 0.0398704
1231220 543751 m2 0.019 0.110682 -0.0788837 -0.0208877 -0.0327823
1231220 587165 m2 0.0361 0.570536 0.224658 -0.0116708 0.00633537
1231220 437206 m2 0.0117 0.150973 0.3482 -0.0502599 0.0101318
1231220 481604 m2 0.01715 0.198733 0.334159 0.0510059 0.0682499
1231220 541544 m2 0.04165 0.2881 0.465798 0.00362995 -0.00419755
1231220 205824 m2 0.03115 0.0182041 -0.010113 0.0559266 -0.00421917
1231220 194026 m2 0.0514 0.162085 0.616797 -0.03022 0.0221359
1231220 283966 m2 0.05045 -0.0493651 0.342946 -0.0038115 0.0592502
1231220 548113 m2 0.0279 -0.359488 0.307724 -0.0514209 -0.0138082
1231220 25155 m2 0.10995 -0.0064849 0.666174 -0.0341994 0.0504598
1231220 331834 m2 0.0266 0.453771 0.444677 -0.00576317 0.0217006
1231220 152390 m2 0.06355 -0.585818 0.294403 -0.0286161 0.0099228
1231220 617617 m2 0.01345 -0.180644 0.422347 -0.0502368 0.000480378
1231220 143139 m2 0.0183 -0.461042 0.171272 -0.0701108 0.0230169
1231220 433246 m2 0.0908 0.302829 0.577437 -0.00714938 0.0227209
1231220 660322 m2 0.0104 -0.261691 0.156191 0.0386832 -0.0331807
1231220 227732 m2 0.0322 -0.3342 0.321139 -0.0833847 0.034562
1231220 393725 m2 0.02935 0.446753 0.34093 0.062128 0.00353158
1231220 692362 m2 0.02475 -0.333112 0.432297 0.00847503 -0.00541012
1231220 627938 m2 0.02145 0.184313 -0.010822 0.0462872 -0.0319472
1231220 692138 m2 0.0148 0.121216 0.28034 -0.00126 0.0196846
1231220 225990 m2 0.03015 -0.261049 0.440896 -0.0522992 0.0373246
1231220 674298 m2 0.01135 -0.327965 0.336116 0.0070511 -0.0665258
1231220 530075 m2 0.03395 0.278737 0.455985 -0.0152837 0.0344507
1231220 149933 m2 0.0486 -0.437206 0.411195 -0.0259978 -0.000518549
1231220 3469 m2 0.0585 -0.157596 -0.280264 0.0304461 -0.00753303
1231220 637675 m2 0.03035 0.357606 0.324329 0.0849362 0.0489895
1231220 312320 m2 0.04655 0.167045 0.430768 -0.0129523 0.0137201
1231220 154992 m2 0.1105 0.434748 0.499451 0.00715209 -0.00754677
1231220 416368 m2 0.01025 -0.353042 -0.326217 0.0281886 -0.0431482
1231220 235963 m2 0.16885 0.0525747 0.663029 0.0104432 0.0460808
1231220 715522 m2 0.01205 0.30557 0.295632 0.0311409 -0.00342754
1231220 621588 m2 0.01385 0.315592 0.330772 0.0201883 0.0521871
1231220 487503 m2 0.01475 0.406852 0.183474 0.0234793 -0.0258771
1231220 4952 m2 0.213 0.224212 0.758808 0.00863022 0.041352
1231220 309253 m2 0.0431 -0.424286 0.288342 -0.036974 0.0522032
1231220 404964 m2 0.0346 0.238627 0.014679 0.0262214 0.0146212
1231220 447200 m2 0.01105 -0.361274 0.204515 -0.0702692 -0.0050507
1231220 664527 m2 0.0162 -0.0276208 0.128328 -0.0109619 0.0127873
1231220 736349 m2 0.01105 0.275904 0.213274 0.0352508 0.020805
1231220 274386 m2 0.0807 0.53883 0.0881706 0.0309432 0.0202276
1231220 584891 m2 0.0244 0.311562 0.435772 -0.00262815 0.0454102
1231220 260251 m2 0.1456 -0.558455 0.399992 -0.106471 0.0417599
1231220 584636 m2 0.01735 0.342637 0.435169 0.00920314 0.0371277
1231220 13300 m2 0.016 -0.00114455 0.368686 -0.037091 0.0232511
1231220 594574 m2 0.046 -0.123373 0.48852 -0.0161443 0.0338175
1231220 643661 m2 0.0243 -0.324822 0.397125 -0.0198146 0.039109
1231220 556639 m2 0.01145 0.277213 0.368155 0.0183762 -0.00539077
1231220 502947 m2 0.01435 0.415341 0.0851478 0.0153916 0.0515461
1231220 653075 m2 0.01455 0.070818 0.385361 0.0157263 0.00626917
1231220 461725 m2 0.01295 0.266769 0.399992 0.0517494 -0.0257488
1231220 551865 m2 0.0388 0.0580425 0.511945 0.0358589 0.0602547
1231220 698049 m2 0.0135 0.0564848 0.164258 0.00625395 -0.0442926
1231220 405909 m2 0.0406 -0.12926 0.4443 -0.0137761 0.0327073
1231220 620038 m2 0.0665 -0.0921493 0.544679 0.00188373 -0.00189884
1231220 389638 m2 0.06525 -0.228758 0.556441 -0.046198 0.030695
1231220 583402 m2 0.0108 -0.317892 0.279049 0.014063 0.00735444
1231220 484298 m2 0.0494 -0.412958 0.392817 -0.0500209 0.0379598
1231220 473523 m2 0.0146 0.405709 0.035329 0.00267388 -0.00867655
1231220 163025 m2 0.1378 -0.589787 0.486901 -0.0348159 0.0175013
1231220 376044 m2 0.01305 0.481528 -0.1444 0.0752731 0.00200063
1231220 653350 m2 0.0143 0.181572 0.112186 0.00598487 -0.0150332
1231220 181293 m2 0.02365 -0.509377 -0.172296 0.0725484 -0.0262208
1231220 400618 m2 0.07535 0.384579 0.609103 0.0121174 0.0561927
1231220 272593 m2 0.01295 0.343824 0.398933 -0.0287654 0.0331411
1231220 472205 m2 0.011 0.321281 0.34221 0.0496732 0.0264595
1231220 405677 m2 0.0515 0.255768 0.555525 0.00524339 0.00758862
1231220 597692 m2 0.01255 0.0691066 0.371262 0.00494817 0.00182321
1231220 606944 m2 0.01005 0.346278 -0.0372144 0.0408314 -0.0400784
1231220 419510 m2 0.0779 0.485839 0.460031 0.0270917 0.00478577
1231220 44355 m2 0.2046 -0.596319 0.471204 -0.0247632 0.0428616
1231220 224441 m2 0.029 -0.127966 0.433248 -0.00399515 -0.0139946
1231220 259717 m2 0.04225 -0.509712 0.140247 -0.0144116 -0.00276126
1231220 686773 m2 0.0217 0.341234 0.205444 0.0487742 0.0432347
1231220 177491 m2 0.0248 -0.211759 0.452311 0.0101084 0.0553014
1231220 565266 m2 0.01565 0.134047 0.455399 0.0266787 0.0339845
1231220 91062 m2 0.37905 0.308344 0.0229716 0.0298239 0.0259857
1231220 542972 m2 0.025 -0.28281 0.510519 0.00553992 0.0170471
1231220 19570 m2 0.1352 -0.0916714 0.655324 -0.020875 0.0264712
1231220 201950 m2 0.01735 0.289366 0.0869222 0.0320697 -0.00757505
1231220 338224 m2 0.03475 -0.389008 0.376001 -0.0754886 -0.0174208
1231220 607754 m2 0.0109 0.0764873 -0.025079 -0.0181156 -0.0160977
1231220 202713 m2 0.01135 0.431327 0.228018 0.0941732 -0.0149585
1231220 691276 m2 0.01255 0.306805 -0.0354843 0.00180554 -0.0589735
1231220 360309 m2 0.01645 -0.192304 0.0518426 -0.0878486 0.0259894
1231220 607475 m2 0.02925 -0.310898 0.490965 -0.0296995 0.00754994
1231220 523338 m2 0.01555 -0.169699 0.507319 0.00341898 0.0101715
1231220 604184 m2 0.01675 0.343692 0.426961 -0.00380514 -0.0288801
1231220 500621 m2 0.01355 -0.185665 0.0658738 0.0299044 0.0306139
1231220 564190 m2 0.0111 -0.301345 0.31938 0.0407987 0.0600587
1231220 554577 m2 0.0196 0.354324 0.181378 0.0095855 -0.0490554
1231220 421030 m2 0.05855 0.438005 0.453297 0.0185197 0.0320953
1231220 554576 m2 0.02945 0.302853 0.292823 0.0161533 0.0426526
1231220 266972 m2 0.01225 -0.300137 0.24441 -0.068283 0.0316984
1231220 594067 m2 0.01995 0.42613 0.31091 0.022529 0.0165786
1231220 310499 m2 0.0753 -0.413515 0.494625 -0.0646641 0.0385126
1231220 710452 m2 0.01155 -0.205757 0.32383 -0.061151 -0.0214004
1231220 101192 m2 0.0219 -0.361906 -0.187717 0.020543 -0.0204826
1231220 585588 m2 0.01075 0.197909 0.389011 0.00907698 0.0269157
1231220 560149 m2 0.02825 -0.252284 0.50054 -0.0521377 0.025603
1231220 597944 m2 0.01915 -0.363983 0.0446858 -0.0112899 0.00489356
1231220 594829 m2 0.0634 -0.278095 0.303209 0.0044422 0.0110693
1231220 644609 m2 0.0233 -0.0367924 0.44962 0.0194839 0.0484987
1231220 587312 m2 0.0113 0.167218 0.37746 -0.0123693 -0.00424822
1231220 377002 m2 0.04155 -0.150636 0.401229 0.0256592 0.056577
1231220 420276 m2 0.04885 -0.467276 0.272885 0.00537224 0.0214537
1231220 525292 m2 0.01445 -0.334276 0.36508 -0.0121663 0.00186094
1231220 523322 m2 0.0182 0.196246 0.419576 0.0308578 -0.0123026
1231220 620986 m2 0.04305 -0.299963 0.166411 -0.0232055 0.0588517
1231220 376271 m2 0.01815 0.276516 0.18216 -0.0117236 -0.021075
1231220 601466 m2 0.01665 -0.101075 -0.0753728 -0.0446623 -0.00643263
1231220 533358 m2 0.0197 0.464975 0.177252 0.021584 0.0583691
1231220 445393 m2 0.01115 -0.0875155 -0.0643041 0.0196929 -0.0305855
1231220 536396 m2 0.03655 -0.303652 0.182057 -0.00479907 0.0277428
1231220 544415 m2 0.032 0.33436 0.382763 0.0425755 0.024882
1231220 530527 m2 0.0148 -0.104389 0.307545 -0.0294418 0.0186449
1231220 521316 m2 0.0166 0.270076 0.434444 -0.024041 -0.012553
1231220 109174 m2 0.15985 0.710823 -0.425362 0.122079 0.0334004
1231220 650480 m2 0.02555 0.031895 0.444245 0.0746326 -0.00122791
1231220 343835 m2 0.02965 -0.424052 -0.292319 0.0132813 0.0117512
1231220 666256 m2 0.01215 -0.450566 -0.017737 0.0494362 -0.0461306
1231220 21969 m2 0.12755 -0.479945 0.31075 -0.0731303 0.0064993
1231220 672704 m2 0.02225 0.44908 0.252825 -0.0101054 -0.0565368
1231220 708707 m2 0.0114 -0.25773 0.173337 0.0078985 0.00597388
1231220 376473 m2 0.07695 0.260101 0.603546 -0.0204665 0.0143326
1231220 623620 m2 0.01945 0.367879 0.261942 0.0557534 0.0316587
1231220 22232 m2 0.03965 0.393852 0.375483 -0.01723 -0.015726
1231220 154923 m2 0.267 0.115605 0.798112 0.0262251 0.0400442
1231220 440895 m2 0.039 0.144158 0.180392 0.0332749 0.00500692
1231220 641604 m2 0.02185 -0.305247 0.415497 -0.0234825 0.0397107
1231220 356036 m2 0.02955 0.300444 0.490654 -0.0104643 0.0208548
1231220 93044 m2 0.0983 0.406365 0.556957 0.045891 0.0251809
1231220 377748 m2 0.21035 0.796191 -0.208853 0.0521915 0.00982842
1231220 94826 m2 0.05785 0.38611 0.46619 0.0356398 0.0148463
1231220 327352 m2 0.01155 -0.187658 0.306606 0.00235373 0.0187391
1231220 249884 m2 0.06975 -0.1674 0.564262 0.0127522 0.0237272
1231220 563612 m2 0.026 -0.157354 0.401069 0.0442294 0.0149325
1231220 629403 m2 0.0212 -0.0646558 0.436945 -0.0213363 -0.0027187
1231220 558368 m2 0.01575 0.127811 0.226365 0.0358674 -0.0188937
1231220 647074 m2 0.0182 0.142445 -0.212185 -0.0154079 -0.0195512
1231220 550535 m2 0.02665 0.115525 0.346211 0.0366458 0.0409022
1231220 284877 m2 0.0447 -0.173108 0.489338 0.0196393 -0.0280906
1231220 473466 m2 0.1006 -0.499775 -0.593209 -0.0230361 -0.00153517
1231220 641110 m2 0.01605 0.0976327 0.338391 0.015394 0.0264971
1231220 599156 m2 0.01235 -0.395612 0.265247 -0.019704 0.0162338
1231220 575970 m2 0.01315 0.194915 0.344244 -0.0034142 -0.0491804
1231220 481031 m2 0.0215 -0.368927 0.403905 -0.0192385 -0.00345124
1231220 271009 m2 0.06335 -0.308739 -0.488667 -0.0131446 -0.0678033
1231220 468657 m2 0.0139 -0.189282 0.3632 -0.0471415 0.0299092
1231220 432690 m2 0.0464 -0.30213 -0.268021 -0.0138813 -0.010931
1231220 321420 m2 0.076 0.0904399 0.66082 0.0121619 0.0248728
1231220 433680 m2 0.014 -0.444981 0.19676 -0.000139658 0.0134692
1231220 656498 m2 0.01135 0.0586232 0.0165176 0.0429286 0.0517155
1231220 630660 m2 0.0121 0.204125 0.0370582 -0.0240516 0.0237651
1231220 464711 m2 0.01655 0.162663 0.361161 0.0362513 -0.00844435
1231220 320165 m2 0.0748 -0.530887 -0.191413 0.0232666 0.00146708
1231220 571950 m2 0.015 0.269549 0.080791 -0.00140433 0.00435056
1231220 668726 m2 0.02415 0.471879 0.0933446 -0.0164886 0.0516072
1231220 390605 m2 0.0169 0.329885 0.456741 0.0367373 0.0395784
1231220 681234 m2 0.0108 -0.220297 0.182216 0.0115795 -0.00859813
1231220 35082 m2 0.01335 -0.30349 0.323802 0.00236603 -0.0119228
1231220 549295 m2 0.01425 0.194856 0.334183 0.0262463 0.00378014
1231220 637146 m2 0.03085 -0.24763 0.349844 -0.0346342 0.00896928
1231220 679693 m2 0.0127 0.28496 0.00790684 0.00689488 -0.00439378
1231220 163444 m2 0.1543 -0.199763 0.682632 -0.013174 0.03069
1231220 90040 m2 0.0245 0.433058 0.0711942 0.0143416 0.0404496
1231220 493895 m2 0.0694 -0.402876 0.415982 -0.0241398 0.0214251
1231220 49812 m2 0.168 0.644484 0.0162654 0.0550859 0.00889205
1231220 169705 m2 0.05285 -0.155157 0.0179336 -0.00449916 -0.00956806
1231220 216501 m2 0.01705 0.0117493 0.242499 -0.00965302 -0.0287919
1231220 521278 m2 0.01195 0.402914 0.041421 -0.0082659 0.00816586
1231220 164672 m2 0.1223 -0.644841 -0.425075 -0.0598645 -0.000125458
1231220 691774 m2 0.02675 0.394744 0.20405 0.0309345 0.00306555
1231220 635630 m2 0.0118 -0.321939 0.165296 0.00207358 -0.0342657
1231220 515656 m2 0.04455 -0.453707 0.285249 -0.007205 0.0514116
1231220 693543 m2 0.01095 -0.0593039 -0.00549614 0.00897649 -0.0154629
1231220 628344 m2 0.0374 -0.268316 0.442185 0.00362647 0.00179716
1231220 666967 m2 0.0129 0.105323 -0.0654316 -0.010659 -0.0413647
1231220 568024 m2 0.0282 -0.498758 0.278115 -0.0409523 -0.0221966
1231220 491685 m2 0.03165 -0.102537 0.0611415 0.0289888 -0.0116441
1231220 603128 m2 0.0269 -0.405567 0.299907 -0.0682393 0.0576034
1231220 657206 m2 0.0132 0.0629678 0.42225 0.0585829 0.0425349
1231220 348555 m2 0.01755 0.388481 0.415122 0.0247733 0.0391275
1231220 156211 m2 0.0289 -0.158907 0.423898 -0.0103839 0.0360774
1231220 395556 m2 0.03815 0.00827343 0.269854 -0.0132066 -0.0453345
1231220 605117 m2 0.0171 -0.0614938 0.40129 -0.00806913 -0.0153948
1231220 497026 m2 0.03575 0.37802 0.347294 0.0316333 -0.018689
1231220 580734 m2 0.02705 0.168199 0.423387 -0.0305246 -0.0291197
1231220 473200 m2 0.05265 -0.468881 0.454689 -0.00651305 0.0217773
1231220 115431 m2 0.03895 -0.508901 0.438647 -0.0219746 -0.0106985
1231220 292633 m2 0.02515 -0.417884 0.262529 -0.0392322 0.0235487
1231220 515169 m2 0.0105 0.302289 -0.0179926 0.038777 -0.00854235
1231220 107700 m2 0.25105 -0.262617 -0.285973 -0.0342547 -0.0478143
1231220 570189 m2 0.0154 0.422734 -0.0637562 0.00381899 -0.0323551
1231220 190325 m2 0.13635 -0.2216 0.696527 -0.0264575 0.0412994
1231220 256364 m2 0.0248 -0.0457014 0.394722 0.00791076 0.000504534
1231220 578454 m2 0.01105 0.245539 -0.282167 0.0214943 0.00155238
1231220 426104 m2 0.0327 0.0045384 0.201484 -0.0241589 -0.000953168
1231220 498281 m2 0.0264 -0.164002 0.0224288 0.00513308 0.0240471
1231220 467668 m2 0.01845 -0.408952 0.160982 0.00182021 0.0389732
1231220 659961 m2 0.01395 -0.363408 0.133814 -0.0279287 -0.0330513
1231220 652273 m2 0.01295 0.438212 0.124699 -0.0121156 -0.00287906
1231220 416518 m2 0.0169 -0.365015 0.226508 -0.0470069 0.00127595
1231220 612750 m2 0.0201 0.416189 0.19402 -0.0478048 -0.00122874
1231220 551244 m2 0.03025 0.294278 -0.0455019 0.00488965 0.0290122
1231220 353521 m2 0.069 -0.422254 0.465196 -0.019611 0.0278697
1231220 384642 m2 0.0149 0.30078 0.0514562 -0.0222833 0.00188902
1231220 550018 m2 0.0175 0.155492 0.22985 -0.0198597 0.0188964
1231220 673910 m2 0.0272 -0.351069 -0.125494 -0.00480341 0.0333529
1231220 714679 m2 0.01095 -0.0694778 0.0891188 0.0185524 0.0154611
1231220 538308 m2 0.01505 -0.44492 0.173133 -0.0184124 0.00294232
1231220 685680 m2 0.01365 0.124049 0.184197 0.0160148 0.0151182
1231220 131781 m2 0.0957 0.707071 0.0621144 0.0204538 0.0248822
1231220 684707 m2 0.01215 -0.054932 0.175273 0.0174304 -0.0364669
1231220 561076 m2 0.0362 -0.466278 0.0791684 -0.0210623 -0.0246775
1231220 473920 m2 0.03815 0.304003 -0.089778 0.00589888 -0.054059
1231220 717749 m2 0.0163 -0.0131205 -0.00376378 0.00964918 -0.0355545
1231220 157916 m2 0.03105 -0.363069 0.356267 -0.0415952 0.0128339
1231220 390582 m2 0.033 0.392676 0.162581 0.0231883 0.0397065
1231220 451529 m2 0.04105 0.48166 -0.174682 0.0182331 -0.0376815
1231220 649971 m2 0.03475 0.079357 0.263309 -0.0186106 -0.00365771
1231220 512392 m2 0.0304 0.355689 0.32621 -0.00929195 0.0255274
1231220 70136 m2 0.0285 0.42465 0.425202 0.0265013 0.00644115
1231220 68638 m2 0.05155 0.137509 0.5087 -0.00719908 -0.0211625
1231220 701043 m2 0.01135 0.323094 0.0331909 0.0682644 0.0208399
1231220 426334 m2 0.01975 0.0791434 -0.164993 0.00823715 -0.0370012
1231220 174623 m2 0.0127 -0.38785 0.18237 -0.0316266 0.0486575
1231220 562795 m2 0.03715 -0.573771 -0.109666 -0.0443391 -0.0184086
1231220 614453 m2 0.0143 0.321277 0.0404255 0.0249406 -0.0461949
1231220 425095 m2 0.0284 -0.322681 0.372777 -0.0552842 -0.00813533
1231220 69129 m2 0.0503 0.044208 0.58657 0.0512377 0.0125397
1231220 731789 m2 0.0118 0.213517 0.0563098 0.0201186 -0.00157959
1231220 708401 m2 0.01015 -0.274633 0.0190076 -0.0658955 0.00405031
1231220 444345 m2 0.0274 0.44988 -0.456282 0.0334958 -0.0267888
1231220 664140 m2 0.0168 0.381912 0.129572 -0.0356371 0.0114162
1231220 427822 m2 0.0342 -0.464121 -0.288169 -0.0864233 -0.0492779
1231220 566998 m2 0.02835 -0.434362 -0.111513 0.00213783 0.0360549
1231220 128267 m2 0.10505 -0.652563 -0.0279763 -0.0344721 0.00531536
1231220 115929 m2 0.0158 -0.393598 0.412828 -0.0305381 0.0476422
1231220 181159 m2 0.04135 -0.130893 0.31815 0.0208284 0.038571
1231220 165135 m2 0.2589 -0.0251133 -0.766733 -0.0190019 0.00668646
1231220 183030 m2 0.14565 0.185385 0.690854 0.00137267 0.0426259
1231220 704498 m2 0.012 -0.257969 -0.0429656 -0.0520729 0.00509712
1231220 93504 m2 0.15955 -0.564644 0.426711 -0.0365201 0.00370857
1231220 113646 m2 0.04655 0.215116 0.31289 -0.0109625 0.0293768
1231220 173093 m2 0.01825 -0.135966 -0.505186 -0.100286 -0.0463213
1231220 91729 m2 0.0235 0.128542 0.150124 0.0184939 0.0451091
1231220 571413 m2 0.0247 -0.309307 -0.0814608 -0.0766854 -0.0101752
1231220 639582 m2 0.0108 -0.365243 -0.0384257 0.0167619 -0.0213317
1231220 119013 m2 0.0374 0.410894 0.429581 0.0168383 0.0175927
1231220 523527 m2 0.01165 0.261037 0.342894 -0.0204621 0.0337224
1231220 127999 m2 0.0151 -0.185241 0.0456656 0.00409763 -0.0233716
1231220 181674 m2 0.0423 -0.0215353 0.296814 0.0222041 0.00762263
1231220 175836 m2 0.0709 -0.510825 -0.224404 -0.023936 -0.031711
1231220 115904 m2 0.16605 -0.292439 -0.549052 0.0103786 -0.0291759
1231220 520238 m2 0.01205 -0.134611 0.483429 0.0546181 -0.0491547
1231220 614716 m2 0.01955 -0.380355 0.248014 -0.0194826 0.0520582
1231220 677918 m2 0.01745 0.358134 -0.0694327 0.0126349 0.0189786
1231220 506860 m2 0.05735 -0.557687 0.182674 -0.0635367 -0.00309959
1231220 526266 m2 0.0113 0.24912 0.229207 0.00377566 0.0694782
1231220 586779 m2 0.0126 0.171396 0.207614 0.0439247 0.0326353
1231220 193118 m2 0.0877 0.517557 -0.545612 -0.01622 -0.0761853
1231220 519957 m2 0.0275 0.304613 -0.252871 0.0456418 -0.0355484
1231220 443807 m2 0.0358 0.46215 -0.486861 -0.0192837 -0.0724912
1231220 682674 m2 0.026 0.371716 0.137661 -0.0907026 0.022193
1231220 561806 m2 0.02795 -0.28499 -0.279162 0.039683 0.0363377
1231220 237592 m2 0.0347 0.431935 0.390704 0.0140436 -0.0105501
1231220 644541 m2 0.01095 -0.122766 0.314915 0.00723948 0.044825
1231220 356721 m2 0.11595 0.408466 -0.72166 -0.00576775 -0.0610703
1231220 672889 m2 0.0182 -0.0266463 0.0452542 -0.0231177 0.000337686
1231220 466403 m2 0.01965 0.124899 -0.415651 0.000752387 -0.056247
1231220 414419 m2 0.19475 0.0637281 -0.798453 0.00694265 0.0140434
1231220 558561 m2 0.01555 -0.401614 -0.118814 -0.037813 -0.0265819
1231220 239583 m2 0.12195 0.254143 -0.760525 0.00342603 -0.0202363
1231220 459419 m2 0.02095 -0.163282 0.144999 -0.0165663 0.00881115
1231220 308347 m2 0.1388 0.693195 -0.415498 0.0619344 -0.0499744
1231220 274725 m2 0.02965 0.2815 0.144552 0.00947857 0.00472166
1231220 623035 m2 0.0124 -0.348587 -0.0697089 0.0244604 0.0443759
1231220 489824 m2 0.05755 -0.497321 0.0695694 -0.0501691 0.00102289
1231220 390020 m2 0.0286 0.395862 0.226323 0.00632891 0.00523865
1231220 344515 m2 0.04285 0.235422 -0.378641 0.0514514 -0.025834
1231220 165357 m2 0.032 -0.501201 0.181533 -0.0357757 0.0343043
1231220 197579 m2 0.1002 -0.612979 0.318095 -0.0498445 -0.00829507
1231220 258530 m2 0.0822 0.288899 0.520277 0.0167696 0.0154161
1231220 232092 m2 0.0957 0.105836 -0.626909 0.0407322 0.0162426
1231220 512101 m2 0.0327 -0.335166 -0.287008 -0.0122591 -0.019481
1231220 653519 m2 0.01555 0.386083 -0.0419014 0.0621901 -0.0373412
1231220 304421 m2 0.07985 0.442427 0.524396 0.0139206 0.0399902
1231220 390773 m2 0.042 0.485162 0.286297 0.0309203 -0.0167103
1231220 347506 m2 0.1688 -0.179102 -0.792459 0.0111347 0.0219636
1231220 179657 m2 0.05235 0.188524 -0.66264 -0.0757377 -0.0132077
1231220 405794 m2 0.11295 -0.243512 -0.31415 0.0189548 -0.00467879
1231220 524941 m2 0.0241 -0.444009 -0.174683 -0.0183047 -0.0587728
1231220 501564 m2 0.0125 0.324154 0.12109 0.0130286 0.047705
1231220 617692 m2 0.0241 -0.441025 -0.317692 -0.00215975 -0.0241529
1231220 541847 m2 0.02575 0.263544 -0.165618 0.00685736 0.0854729
1231220 559787 m2 0.0203 0.0431853 0.0493642 0.00222476 -0.0344641
1231220 684137 m2 0.01855 -0.151431 -0.44769 -0.0401517 0.0174421
1231220 272726 m2 0.13175 -0.188175 -0.799801 -0.0133874 -0.0653116
1231220 606331 m2 0.0124 -0.369428 -0.325151 -0.0362783 0.0479422
1231220 549702 m2 0.01355 -0.202896 0.394554 -0.0102271 0.00152948
1231220 501295 m2 0.069 0.372776 0.223133 0.00652225 -0.0261453
1231220 443256 m2 0.0495 0.377134 0.0415507 0.0278583 0.00549508
1231220 512848 m2 0.0102 -0.143449 -0.416789 -0.0101883 0.0347535
1231220 432364 m2 0.0165 -0.378981 -0.315846 -0.0601168 -0.0807258
1231220 350968 m2 0.0214 0.103115 0.128076 0.0122273 -0.00025966
1231220 335354 m2 0.04825 -0.294256 0.24404 -0.0141186 0.0293304
1231220 486371 m2 0.0193 0.433034 0.12132 0.0425886 -0.0500099
1231220 398087 m2 0.1002 -0.548118 -0.414491 -0.049884 0.00757816
1231220 343759 m2 0.03915 -0.467169 -0.402134 -0.0416259 -0.0129216
1231220 600620 m2 0.0141 -0.182567 0.319812 0.00260127 0.0376311
1231220 504629 m2 0.0726 0.162232 -0.190695 -0.0126574 0.0764785
1231220 262362 m2 0.047 0.444852 -0.59559 0.0326979 -0.0800598
1231220 298170 m2 0.09985 -0.591238 -0.538616 -0.00986491 -0.0595704
1231220 336330 m2 0.01375 -0.371655 -0.217071 0.027892 -0.0724258
1231220 507328 m2 0.0879 0.198901 -0.75849 0.00563613 -0.0697307
1231220 288391 m2 0.06395 -0.590423 -0.202441 -0.106743 -0.00938037
1231220 648006 m2 0.03455 0.379199 0.191016 0.00340706 -0.0347937
1231220 334863 m2 0.01685 0.215262 0.297241 0.0380674 -0.00782873
1231220 356938 m2 0.08895 0.500511 -0.549619 0.0130882 -0.0065212
1231220 550218 m2 0.02535 0.268366 -0.42194 -0.0102008 0.0253846
1231220 666896 m2 0.0177 0.443508 -0.185751 -0.0963084 0.014938
1231220 436547 m2 0.05465 -0.221175 0.559879 -0.0165194 0.0349918
1231220 671584 m2 0.01765 0.351518 -0.0628722 -0.0320677 0.0197949
1231220 675620 m2 0.0115 -0.0505464 -0.0561019 -0.00652676 0.0330633
1231220 403782 m2 0.0553 0.38352 -0.322336 -0.0206644 0.0369678
1231220 384840 m2 0.1174 0.549734 -0.427165 0.0301241 -0.00588859
1231220 369899 m2 0.06035 -0.300645 0.245799 -0.0361466 -0.00848877
1231220 647240 m2 0.0146 -0.373928 -0.268565 -0.0506015 0.00771409
1231220 448017 m2 0.0436 0.243207 -0.449273 0.0545111 -0.0320747
1231220 476960 m2 0.02935 0.281222 -0.192027 -0.0680145 -0.0128818
1231220 680625 m2 0.01295 -0.390928 0.175029 0.0160854 -0.00165037
1231220 501532 m2 0.0497 -0.225284 0.156438 -0.00265175 0.0252108
1231220 636068 m2 0.02865 0.157403 -0.276151 -0.0558464 -0.0189595
1231220 376905 m2 0.12585 0.039221 -0.55299 0.0234547 -0.0160272
1231220 609850 m2 0.01165 0.070242 -0.143565 -0.0191935 -0.026089
1231220 516082 m2 0.02575 0.0217158 -0.489141 -0.0554527 -0.00936068
1231220 372359 m2 0.16695 -0.15796 0.123654 0.0260745 0.0244201
1231220 621962 m2 0.02155 -0.122526 0.276496 -0.00794487 0.0306212
1231220 714874 m2 0.0107 0.356871 -0.336434 0.0686938 0.0281365
1231220 457187 m2 0.01205 -0.134611 0.483429 -0.0316087 0.0931595
1231220 701254 m2 0.0106 -0.339215 0.184198 -0.0183104 0.0189169
1231220 629570 m2 0.0103 -0.273106 -0.0740307 -0.00422439 0.0268505
1231220 517104 m2 0.0276 0.198661 0.14634 -0.00930401 0.0237551
1231220 694740 m2 0.0121 -0.182661 -0.377796 0.00353376 0.0025702
1231220 637775 m2 0.02035 0.115988 -0.243144 0.0500384 -0.00754003
1231220 608910 m2 0.01325 -0.46436 -0.0906246 0.0184476 -0.0186432
1231220 635805 m2 0.0163 0.366501 -0.0656026 0.0823407 0.0588444
1231220 590507 m2 0.07145 0.524422 -0.550206 -0.000297693 0.0146756
1231220 570612 m2 0.02645 -0.283321 -0.260172 -0.0686982 0.0359215
1231220 669960 m2 0.0252 -0.456287 0.172618 0.0125217 0.0186352
1231220 654542 m2 0.0173 0.390348 -0.0924064 0.0244592 -0.0428152
1231220 630832 m2 0.0234 0.476139 -0.271275 0.071602 -0.0514492
