seed mutID muttype p cor_sal cor_temp mutSalEffect mutTempEffect
1231173 114642 m2 0.0863728 0.387965 0.395606 0 -0.02249
1231173 408568 m2 0.0631712 0.35194 0.293817 0 0.0445611
1231173 699875 m2 0.0196555 0.333783 0.257515 0 0.0411442
1231173 285253 m2 0.0537487 0.108929 0.215249 0 -0.0137007
1231173 300414 m2 0.145542 0.353327 0.424998 0 0.0803588
1231173 430466 m2 0.0516717 0.317301 0.259183 0 0.064479
1231173 395435 m2 0.0675279 0.0990546 0.238527 0 0.0575774
1231173 204288 m2 0.116109 0.375896 0.419757 0 0.0229284
1231173 286706 m2 0.0848531 0.3746 0.384382 0 0.0144809
1231173 695441 m2 0.0101317 0.316936 0.244383 0 0.0051742
1231173 309818 m2 0.0604863 0.384135 0.356966 0 0.0208608
1231173 208484 m2 0.106839 0.413365 0.4223 0 0.0284682
1231173 176701 m2 0.102584 0.377751 0.407998 0 0.0579842
1231173 661926 m2 0.0354103 0.320541 0.321096 0 -0.025593
1231173 689757 m2 0.0266464 0.267088 0.305921 0 0.00387476
1231173 421875 m2 0.0632725 0.377204 0.377901 0 0.00495947
1231173 701798 m2 0.0119048 0.31938 0.246171 0 -0.0495741
1231173 126455 m2 0.0539514 0.107897 0.215485 0 -0.0396088
1231173 414900 m2 0.0248734 0.0280361 0.348282 0 -0.0386875
1231173 230720 m2 0.0415907 -0.127499 0.452645 0 0.143445
1231173 517868 m2 0.0142857 0.0794201 0.269941 0 0.00975873
1231173 78243 m2 0.0597771 0.136035 0.269639 0 0.0119636
1231173 670430 m2 0.0254813 0.357407 0.268452 0 -0.0301786
1231173 344005 m2 0.0132219 0.164303 0.238262 0 0.0276965
1231173 664188 m2 0.0485816 0.329658 0.335254 0 -0.00127263
1231173 668696 m2 0.0211753 0.252559 0.284952 0 0.00492098
1231173 78012 m2 0.0142351 0.0796993 0.269949 0 -0.0586235
1231173 592298 m2 0.0366261 0.215055 0.246118 0 -0.0590228
1231173 556946 m2 0.041692 0.316839 0.326721 0 -0.00974901
1231173 424808 m2 0.0170213 0.288048 0.307484 0 -0.00374652
1231173 108222 m2 0.0676292 -0.00723737 0.533688 0 0.00762928
1231173 188095 m2 0.0116008 -0.194709 0.324592 0 0.0285351
1231173 130013 m2 0.0765451 0.370361 0.348912 0 0.0251046
1231173 511659 m2 0.0764944 0.393264 0.344587 0 0.00645539
1231173 640668 m2 0.0140324 -0.157459 0.157459 0 -0.00710031
1231173 280581 m2 0.0367781 0.308937 0.241183 0 0.0475514
1231173 58760 m2 0.0234549 0.0511128 0.306996 0 -0.0692273
1231173 221542 m2 0.0282675 0.144334 0.320142 0 0.0399361
1231173 342046 m2 0.01231 0.159409 0.234519 0 0.0208828
1231173 486965 m2 0.0507599 0.350025 0.318071 0 0.0224094
1231173 6424 m2 0.0419959 -0.12578 0.453895 0 0.0415518
1231173 476420 m2 0.01231 0.0712201 0.259898 0 0.0191345
1231173 614540 m2 0.0273556 0.293351 0.319755 0 -0.00578678
1231173 48718 m2 0.0284195 -0.179259 0.406662 0 0.0350803
1231173 710658 m2 0.0120567 0.266123 0.219412 0 -0.0440811
1231173 563481 m2 0.0178318 -0.213412 0.32145 0 -0.000238819
1231173 141151 m2 0.0415907 -0.127499 0.452645 0 -0.0599343
1231173 31312 m2 0.0178318 -0.213412 0.32145 0 -0.0293211
1231173 8146 m2 0.0423506 -0.0197909 0.459829 0 0.010307
1231173 442177 m2 0.0235056 0.0513428 0.307259 0 0.0342642
1231173 405280 m2 0.0146403 -0.133763 0.373219 0 0.010752
1231173 486010 m2 0.0140324 -0.157459 0.157459 0 0.0552281
1231173 349553 m2 0.016768 -0.215847 0.280142 0 0.0739601
1231173 29806 m2 0.0178825 -0.213509 0.322263 0 0.0603988
1231173 318835 m2 0.0178318 -0.213412 0.32145 0 0.021234
1231173 445578 m2 0.0178318 -0.213412 0.32145 0 0.0150003
1231173 248010 m2 0.060537 -0.0198502 0.517832 0 0.0506537
1231173 320546 m2 0.0271023 -0.186793 0.400271 0 0.125909
1231173 370271 m2 0.0701114 0.243657 0.451712 0 0.0199145
1231173 189270 m2 0.0135258 -0.157459 0.157459 0 0.0885767
1231173 449140 m2 0.0774569 0.372455 0.323627 0 0.0251571
1231173 270841 m2 0.131966 0.365622 0.477614 0 0.0608879
1231173 524506 m2 0.0129179 -0.157459 0.157459 0 -0.0446743
1231173 225540 m2 0.0104357 -0.154866 0.342576 0 0.0208731
1231173 212443 m2 0.0168693 -0.216082 0.282019 0 -0.0427116
1231173 357833 m2 0.0261398 0.133097 0.318628 0 0.0919961
1231173 414419 m2 0.018541 -0.214272 0.332051 0 0.00799559
1231173 387679 m2 0.0178318 -0.213412 0.32145 0 -0.00303092
1231173 459393 m2 0.0132725 0.164642 0.23845 0 0.0214447
1231173 522317 m2 0.0144883 -0.157459 0.157459 0 -0.046905
1231173 437727 m2 0.0233029 0.0499454 0.305253 0 0.0578524
1231173 681500 m2 0.0122594 -0.157459 0.157459 0 -0.0104115
1231173 379057 m2 0.0100811 0.012067 0.242647 0 0.068441
1231173 533111 m2 0.0178318 -0.213412 0.32145 0 0.0289822
1231173 166514 m2 0.0476697 0.07864 0.278733 0 0.0556069
1231173 64358 m2 0.0258865 -0.192041 0.391758 0 -0.0102635
1231173 506541 m2 0.0124113 -0.138189 0.361299 0 0.0585336
1231173 420384 m2 0.0128166 0.105905 0.138861 0 -0.00933166
1231173 355866 m2 0.014691 -0.157459 0.157459 0 0.0195908
1231173 428197 m2 0.0159574 0.0659887 0.253455 0 0.0434104
1231173 642338 m2 0.0113982 0.0117772 0.248039 0 -0.0436555
1231173 399612 m2 0.052229 0.049954 0.287183 0 0.011106
1231173 184398 m2 0.014539 -0.157459 0.157459 0 0.00804834
1231173 251437 m2 0.0442756 0.0898791 0.26634 0 -0.0036044
1231173 445340 m2 0.0380446 0.0605674 0.280035 0 -0.0450981
1231173 404803 m2 0.0349544 0.0294028 0.253712 0 0.0750776
1231173 565641 m2 0.0145897 0.0783026 0.269997 0 0.0677476
1231173 487880 m2 0.0134752 -0.157459 0.157459 0 -0.0464787
1231173 362007 m2 0.0129179 -0.157459 0.157459 0 0.0342276
1231173 460137 m2 0.0134245 -0.133995 0.369947 0 -0.01505
1231173 178370 m2 0.0291793 -0.21496 0.215805 0 0.00751529
1231173 362986 m2 0.0173252 0.135973 0.163366 0 0.0513281
1231173 88254 m2 0.0357143 -0.221555 0.239975 0 -0.0153482
1231173 542787 m2 0.0135258 -0.157459 0.157459 0 0.0331757
1231173 173954 m2 0.0301925 0.0113996 0.174107 0 0.0426017
1231173 559133 m2 0.0133232 -0.0520817 0.127321 0 0.0169609
1231173 403303 m2 0.0342958 -0.221112 0.238037 0 -0.00270646
1231173 519857 m2 0.0325228 0.068215 0.250428 0 -0.00289913
1231173 279124 m2 0.0444276 0.01422 0.265796 0 0.0838923
1231173 519078 m2 0.0471631 0.0825994 0.285762 0 0.0023207
1231173 77503 m2 0.037234 0.0172932 0.255381 0 0.0205768
1231173 228022 m2 0.0311044 -0.218429 0.224607 0 0.0595154
1231173 510915 m2 0.0171226 -0.0384928 0.189732 0 -0.0203847
1231173 311447 m2 0.0341439 0.0625653 0.248111 0 -0.0203295
1231173 562562 m2 0.0131712 -0.149516 0.176695 0 -0.0059996
1231173 166260 m2 0.0327254 -0.217433 0.238579 0 0.0143245
1231173 60891 m2 0.0275583 0.015802 0.172287 0 0.0287604
1231173 304530 m2 0.0444276 0.01422 0.265796 0 0.0627777
1231173 692896 m2 0.0211246 0.0344062 0.222273 0 -0.0438234
1231173 649670 m2 0.0240628 0.0363251 0.221541 0 -0.0468937
1231173 645731 m2 0.0140324 -0.157459 0.157459 0 0.0184078
1231173 252443 m2 0.0178825 -0.0419482 0.164817 0 -0.0151821
1231173 636123 m2 0.020922 0.0426246 0.231238 0 -0.0834039
1231173 340463 m2 0.0329281 0.0299782 0.246887 0 0.0687158
1231173 256467 m2 0.0293313 0.0123322 0.174264 0 0.042836
1231173 251666 m2 0.0122087 0.0917172 0.12584 0 0.0185165
1231173 267382 m2 0.0110942 -0.173336 0.140521 0 -0.0264024
1231173 189717 m2 0.0290274 -0.214633 0.215055 0 -0.0556949
1231173 666931 m2 0.0117021 -0.0299325 0.211063 0 -0.0171501
1231173 271546 m2 0.0337386 -0.22109 0.234401 0 0.0843081
1231173 683205 m2 0.0126646 0.14839 0.175279 0 -0.0386965
1231173 495144 m2 0.0134752 -0.0520866 0.127265 0 -0.0268385
1231173 177879 m2 0.0334347 -0.220904 0.233408 0 -0.00609637
1231173 582874 m2 0.0109929 -0.172349 0.139329 0 -0.00303171
1231173 560777 m2 0.0100304 -0.162057 0.12762 0 0.0634452
1231173 616491 m2 0.012462 0.156591 0.17833 0 0.0217846
1231173 468167 m2 0.049696 0.0582522 0.286787 0 0.0172344
1231173 444091 m2 0.0190983 -0.149543 0.175311 0 0.0580028
1231173 3345 m2 0.0210233 -0.172871 0.136284 0 0.0146033
1231173 457795 m2 0.0263931 0.0362155 0.222124 0 0.126442
1231173 354160 m2 0.0292806 -0.215175 0.216301 0 0.0515878
1231173 372434 m2 0.0291793 -0.21496 0.215805 0 0.040916
1231173 115834 m2 0.0613475 0.0867936 0.311334 0 -0.0255954
1231173 80492 m2 0.0747214 -0.126587 0.353384 0 0.0401372
1231173 126406 m2 0.0268997 -0.221517 0.171928 0 0.0654758
1231173 10765 m2 0.0268997 -0.221517 0.171928 0 0.0300444
1231173 27059 m2 0.0207194 -0.174692 0.136174 0 -0.0231527
1231173 91736 m2 0.0346505 -0.221461 0.237162 0 -0.0226112
1231173 14743 m2 0.0430598 0.177347 0.1419 0 -0.0233198
1231173 584160 m2 0.0278116 -0.213195 0.217848 0 0.00134587
1231173 309780 m2 0.0158055 -0.0467686 0.14946 0 0.0522972
1231173 540248 m2 0.0165653 -0.149284 0.174783 0 -0.0381971
1231173 574935 m2 0.0153495 0.0311063 0.214141 0 -0.0411023
1231173 419864 m2 0.0296859 -0.215997 0.218249 0 -0.0335544
1231173 52108 m2 0.0268997 -0.221517 0.171928 0 0.0274512
1231173 128146 m2 0.0301925 -0.160076 0.221391 0 -0.0394834
1231173 552964 m2 0.0181358 -0.14989 0.176672 0 0.0354475
1231173 171945 m2 0.0298886 -0.216387 0.219202 0 0.0502746
1231173 717526 m2 0.0170213 -0.222184 0.22969 0 -0.00217194
1231173 667190 m2 0.0133232 0.0576068 0.248031 0 0.0238395
1231173 571469 m2 0.0277102 -0.00799457 0.252003 0 0.0029044
1231173 710134 m2 0.0130699 0.0272769 0.220018 0 0.0102789
1231173 288116 m2 0.0442756 0.0989563 0.272239 0 0.0227954
1231173 606122 m2 0.0294833 -0.207909 0.236481 0 -0.0393523
1231173 548046 m2 0.0119048 -0.180501 0.149593 0 0.0693101
1231173 632734 m2 0.0100304 -0.162057 0.12762 0 0.0196853
1231173 634013 m2 0.0258865 0.0236285 0.257692 0 0.0180605
1231173 434499 m2 0.0512158 0.0156494 0.171461 0 0.0483796
1231173 193940 m2 0.0275583 -0.22134 0.172964 0 0.0490869
1231173 274507 m2 0.0110942 -0.173336 0.140521 0 0.0317369
1231173 522765 m2 0.054458 0.105095 0.215955 0 0.0524654
1231173 686144 m2 0.0217832 0.0373849 0.225611 0 -0.0351561
1231173 647958 m2 0.0151469 0.160889 0.184389 0 0.000157721
1231173 544450 m2 0.0112462 0.153697 0.158741 0 -0.0273371
1231173 263718 m2 0.0613475 0.0867936 0.311334 0 0.0288049
1231173 684434 m2 0.0174772 0.0325863 0.224049 0 0.00441086
1231173 447554 m2 0.0191489 -0.216594 0.201231 0 0.0207182
1231173 546180 m2 0.0306484 0.118103 0.27785 0 -0.0228663
1231173 450832 m2 0.0227964 0.0111928 0.173708 0 -0.0451814
1231173 371707 m2 0.0746201 -0.129037 0.350351 0 0.00341631
1231173 620663 m2 0.0171226 0.00724098 0.174788 0 -0.0433242
1231173 193934 m2 0.0126646 0.0545443 0.0596142 0 0.0284375
1231173 510668 m2 0.0252786 0.00198595 0.171765 0 -0.0341306
1231173 592807 m2 0.0238095 -0.191045 0.207645 0 0.00664429
1231173 564654 m2 0.0475684 0.0162325 0.170726 0 0.0218833
1231173 119291 m2 0.0278116 -0.221238 0.173332 0 -0.0153392
1231173 597946 m2 0.0280648 0.0420616 0.22892 0 0.0384688
1231173 414375 m2 0.0478723 0.0179122 0.171324 0 0.00456399
1231173 157444 m2 0.0274569 -0.221376 0.172812 0 0.0321332
1231173 124120 m2 0.0282168 0.216855 0.11761 0 0.0128438
1231173 302345 m2 0.0415907 0.195986 0.145972 0 -0.00988645
1231173 333453 m2 0.0281155 -0.221092 0.173751 0 -0.00634625
1231173 634248 m2 0.0296859 -0.215997 0.218249 0 -0.0472039
1231173 156662 m2 0.0267477 -0.221539 0.171673 0 -0.0258235
1231173 516826 m2 0.0257852 0.0146474 0.173013 0 0.0006904
1231173 187805 m2 0.0489362 0.214649 0.0387899 0 -0.0192275
1231173 347110 m2 0.0296859 -0.215997 0.218249 0 0.0179545
1231173 696855 m2 0.0133232 0.000962118 0.170372 0 0.00142844
1231173 122393 m2 0.041388 0.186782 0.141239 0 0.0356543
1231173 423265 m2 0.0392097 0.121941 0.210676 0 0.0337683
1231173 5061 m2 0.0649949 -0.130558 0.0508622 0 0.00871267
1231173 453311 m2 0.0291793 -0.21496 0.215805 0 0.0475277
1231173 461134 m2 0.0181358 -0.14989 0.176672 0 0.0722555
1231173 714478 m2 0.012462 0.00276475 0.168376 0 0.0131337
1231173 261997 m2 0.028926 -0.159888 0.139257 0 0.0387082
1231173 530629 m2 0.0267477 -0.221539 0.171673 0 -0.00486363
1231173 467906 m2 0.01692 0.193426 0.121274 0 0.00296048
1231173 45395 m2 0.102533 0.0476705 0.0397688 0 0.0132279
1231173 679964 m2 0.0264438 0.020176 0.169492 0 0.073855
1231173 139579 m2 0.0275076 -0.221358 0.172889 0 0.0365991
1231173 117085 m2 0.0418946 0.17502 0.140252 0 0.0141373
1231173 377801 m2 0.037386 0.203597 0.129239 0 -0.00374823
1231173 33670 m2 0.0417933 0.207612 0.141081 0 -0.0103525
1231173 555652 m2 0.010385 0.187943 0.0964208 0 0.00883892
1231173 77251 m2 0.0273556 -0.221408 0.172658 0 -0.07302
1231173 181863 m2 0.0611955 -0.162257 0.342909 0 0.00612308
1231173 355561 m2 0.0266464 -0.22155 0.171499 0 0.0303266
1231173 694874 m2 0.0162614 -0.14925 0.176503 0 -0.0220058
1231173 582850 m2 0.0267984 -0.221533 0.171758 0 0.00808902
1231173 613967 m2 0.0119554 -0.150703 0.177056 0 0.00827448
1231173 565602 m2 0.0290274 -0.154587 0.214041 0 0.0417569
1231173 400314 m2 0.0270517 -0.221487 0.172177 0 0.0997942
1231173 565601 m2 0.0159068 -0.159625 0.183966 0 0.0162718
1231173 205445 m2 0.0131712 -0.199681 0.119808 0 0.0109128
1231173 589854 m2 0.0211246 -0.222936 0.171343 0 0.016711
1231173 592795 m2 0.0116515 0.00508837 0.167114 0 -0.0142154
1231173 560268 m2 0.0277102 -0.221281 0.173187 0 -0.0526735
1231173 210894 m2 0.0121581 -0.142134 0.1066 0 0.00278909
1231173 14716 m2 0.101165 -0.00157134 0.0580233 0 -0.00248947
1231173 525668 m2 0.0267477 -0.221539 0.171673 0 0.0590095
1231173 322707 m2 0.0267984 -0.221533 0.171758 0 0.0100369
1231173 602600 m2 0.0425532 0.121295 0.212796 0 -0.030499
1231173 409688 m2 0.0156028 0.134294 0.115711 0 0.0693845
1231173 259823 m2 0.0197568 -0.186321 0.129658 0 0.0162536
1231173 113533 m2 0.0742148 0.27796 0.0136202 0 0.0301278
1231173 451568 m2 0.0173759 -0.149773 0.176441 0 0.0232635
1231173 460846 m2 0.0208207 -0.121866 0.118075 0 0.0174951
1231173 38716 m2 0.0104863 0.182628 0.0362318 0 0.0430298
1231173 673044 m2 0.0105876 0.0206579 0.169016 0 -0.00056414
1231173 132912 m2 0.0234549 -0.166897 0.138742 0 -0.0260865
1231173 660157 m2 0.0125633 0.0545567 0.0596687 0 -0.01698
1231173 172182 m2 0.0275583 -0.22134 0.172964 0 -0.0288343
1231173 440883 m2 0.0185917 -0.128024 0.116398 0 -0.0187485
1231173 361481 m2 0.0183891 0.225509 0.110842 0 0.0166768
1231173 358734 m2 0.028926 0.237583 0.121538 0 0.00374258
1231173 473142 m2 0.0496454 0.212033 0.038481 0 -0.00271761
1231173 31940 m2 0.0117528 0.15261 -0.0253156 0 -0.00952658
1231173 551250 m2 0.0147923 0.212645 0.0993238 0 0.0170427
1231173 122373 m2 0.0983283 0.0767636 0.00501554 0 0.00431382
1231173 29457 m2 0.101165 -0.00157134 0.0580233 0 0.0483832
1231173 407773 m2 0.0275076 -0.221358 0.172889 0 0.0218047
1231173 468132 m2 0.0121581 -0.142134 0.1066 0 0.0667186
1231173 642987 m2 0.0336879 0.0118154 0.174331 0 -0.0588539
1231173 79431 m2 0.11003 0.037407 0.0529176 0 -0.00729929
1231173 140319 m2 0.0197062 0.230216 0.0321661 0 0.00304658
1231173 328823 m2 0.0629179 -0.155221 0.0484092 0 0.0464421
1231173 223395 m2 0.0170719 0.141902 -0.0294645 0 -0.0211018
1231173 647444 m2 0.0126646 -0.215502 0.171081 0 0.00964039
1231173 581601 m2 0.014539 0.045068 0.0736105 0 0.0201658
1231173 524941 m2 0.0428065 0.178405 0.14104 0 0.0215267
1231173 15716 m2 0.0395137 -0.214297 -0.0306138 0 0.0121362
1231173 356537 m2 0.027001 -0.221498 0.172095 0 -0.00339743
1231173 142839 m2 0.130952 -0.0438191 -0.0564516 0 0.00274214
1231173 564630 m2 0.0135258 0.0415355 0.0719914 0 -0.00971652
1231173 687070 m2 0.0163627 0.211011 0.0363466 0 0.00274559
1231173 321441 m2 0.0266971 -0.15963 0.141391 0 0.0183194
1231173 422574 m2 0.0109929 0.00693182 0.0806545 0 -0.0102642
1231173 460835 m2 0.0641844 -0.152253 0.0494503 0 0.00501095
1231173 368286 m2 0.0121581 -0.142134 0.1066 0 0.0299011
1231173 632240 m2 0.0200101 -0.200273 0.167164 0 -0.0124477
1231173 25272 m2 0.058308 0.220668 -0.0340995 0 0.00648409
1231173 395573 m2 0.0719352 -0.109034 0.0534756 0 -0.0159536
1231173 674250 m2 0.0127153 0.216253 0.0310343 0 -0.0152068
1231173 339167 m2 0.0200101 0.221364 0.109826 0 0.041453
1231173 64529 m2 0.0320669 0.267932 0.0246895 0 0.0107789
1231173 465140 m2 0.0200608 0.22687 0.111192 0 0.0118604
1231173 401538 m2 0.0518744 0.343819 -0.0250384 0 0.0346607
1231173 230631 m2 0.101165 -0.00157134 0.0580233 0 0.0116849
1231173 644950 m2 0.0210233 -0.192245 0.164707 0 0.0242417
1231173 461104 m2 0.0270517 -0.221487 0.172177 0 0.00693432
1231173 486429 m2 0.0104863 0.187175 -0.0193312 0 0.0186454
1231173 349991 m2 0.0131712 -0.199681 0.119808 0 0.00460742
1231173 95368 m2 0.0820162 0.0218124 0.0516456 0 -0.00769717
1231173 566105 m2 0.0267984 -0.221533 0.171758 0 0.0533099
1231173 382167 m2 0.0288247 0.237485 0.121425 0 0.0481223
1231173 624490 m2 0.0152989 -0.225765 0.168161 0 0.01826
1231173 262980 m2 0.037386 0.226022 0.035167 0 0.0357189
1231173 461097 m2 0.0352077 0.213466 0.130405 0 0.01092
1231173 609778 m2 0.0100304 0.21816 0.0376897 0 0.0154146
1231173 507488 m2 0.0223911 -0.118185 0.122824 0 0.022955
1231173 629263 m2 0.0340932 -0.0690493 0.0435125 0 -0.0152811
1231173 564619 m2 0.0293313 0.263497 0.0264418 0 -0.00560433
1231173 607093 m2 0.0261398 -0.221558 0.170588 0 -0.0658885
1231173 52715 m2 0.0596251 -0.203445 -0.119659 0 0.0106807
1231173 223378 m2 0.0781662 -0.150471 -0.0471831 0 -0.0202068
1231173 45610 m2 0.0733536 0.235624 -0.0713113 0 0.0401976
1231173 624981 m2 0.0128166 -0.199782 0.167638 0 0.0154007
1231173 136518 m2 0.0470618 0.152655 -0.0325005 0 -0.0292049
1231173 36188 m2 0.119757 0.0304043 -0.054113 0 0.0168121
1231173 670090 m2 0.0210233 -0.0788664 0.036019 0 -0.00908283
1231173 151615 m2 0.0198075 0.0918071 -0.0865906 0 -0.0166904
1231173 525149 m2 0.0829281 0.112047 0.0514481 0 -0.0434993
1231173 214839 m2 0.0843465 -0.154656 -0.0475061 0 0.00815319
1231173 434695 m2 0.0585613 0.265713 0.0250962 0 0.0333055
1231173 72705 m2 0.0145897 0.153785 -0.0244161 0 0.0185765
1231173 563192 m2 0.0166667 0.0471267 0.074256 0 0.0347842
1231173 50766 m2 0.0597771 -0.202763 -0.119704 0 0.00452362
1231173 377519 m2 0.0414387 -0.073728 -0.037218 0 -0.00294459
1231173 9461 m2 0.0452888 -0.155669 -0.102336 0 0.00708161
1231173 54187 m2 0.0327254 -0.21327 -0.0280077 0 0.0180737
1231173 690150 m2 0.0132725 0.206926 0.0980351 0 -0.0205352
1231173 291230 m2 0.0654002 -0.0345105 0.0475582 0 0.00857693
1231173 89441 m2 0.0908308 -0.141936 -0.0482615 0 -0.0559322
1231173 106113 m2 0.0546606 0.158333 -0.0303063 0 0.0359702
1231173 34879 m2 0.0304458 -0.202493 -0.0255816 0 -0.0212299
1231173 507939 m2 0.0111955 0.251495 0.000546331 0 -0.0280839
1231173 517270 m2 0.0594225 0.263004 0.0272192 0 -0.0311729
1231173 614945 m2 0.0115502 0.221774 0.0304812 0 -0.0253996
1231173 656225 m2 0.0155522 0.0260137 0.0883674 0 -0.018639
1231173 41719 m2 0.071074 -0.179663 -0.0446429 0 0.0108374
1231173 446486 m2 0.0902736 -0.0345641 0.0574432 0 0.00320405
1231173 101224 m2 0.0938703 0.0926636 0.053023 0 -0.00165994
1231173 610480 m2 0.0382979 -0.0786582 0.0355204 0 -0.0538818
1231173 690896 m2 0.0202128 0.195328 0.0377716 0 -0.0428689
1231173 409643 m2 0.0111955 0.273217 -0.0883925 0 -0.066323
1231173 164634 m2 0.0448835 0.209125 -0.0334592 0 -0.0120332
1231173 179046 m2 0.101621 0.00140365 0.057831 0 -0.0491998
1231173 167415 m2 0.0336373 0.0859732 -0.10115 0 0.0195462
1231173 278802 m2 0.0409321 -0.0643957 -0.0367522 0 0.0107892
1231173 721744 m2 0.0100811 -0.0540639 0.0311669 0 0.070812
1231173 9442 m2 0.0266464 -0.20429 -0.130979 0 -0.00472193
1231173 354304 m2 0.0342452 -0.217087 -0.0291534 0 0.0235447
1231173 293298 m2 0.0642351 0.197315 -0.034394 0 -0.0170602
1231173 472644 m2 0.0118541 0.243561 0.0327158 0 0.0062847
1231173 635614 m2 0.0222391 -0.0298518 0.0469966 0 -0.0196323
1231173 627765 m2 0.025228 -0.0819006 0.035943 0 0.0128855
1231173 39893 m2 0.0165147 0.0935055 -0.0610304 0 -0.0202329
1231173 277792 m2 0.0181358 -0.199678 -0.0248534 0 -0.025143
1231173 319220 m2 0.0455927 0.177707 -0.0311438 0 0.0102456
1231173 409164 m2 0.0105876 0.164223 -0.0276938 0 -0.00408265
1231173 172893 m2 0.0513678 0.326277 -0.0917875 0 -0.0405203
1231173 356497 m2 0.0121581 0.170317 -0.0532907 0 0.0213989
1231173 386376 m2 0.0234043 0.0920642 -0.0243606 0 0.00793328
1231173 47046 m2 0.054002 0.309042 -0.21892 0 -0.0514752
1231173 539437 m2 0.0190983 -0.175587 0.0398069 0 -0.00343969
1231173 66252 m2 0.0755826 0.0601421 -0.0437887 0 -0.00366991
1231173 248619 m2 0.0622087 0.0352694 -0.0409609 0 -0.0390775
1231173 340113 m2 0.0104863 0.254912 -0.0731677 0 0.00180172
1231173 574339 m2 0.022999 0.144306 -0.0276101 0 -0.0346721
1231173 428353 m2 0.0132725 0.190409 0.0391007 0 0.0350008
1231173 307793 m2 0.0596758 0.154512 -0.0306609 0 0.0492667
1231173 709572 m2 0.0116515 -0.0506853 -0.025378 0 -0.0208788
1231173 206627 m2 0.0149443 0.15215 -0.0254301 0 0.00890438
1231173 32119 m2 0.11155 -0.0500545 -0.276739 0 -0.017484
1231173 255067 m2 0.0289767 -0.200821 -0.0252775 0 0.0451047
1231173 568276 m2 0.0269504 0.210948 -0.0329243 0 -0.0112993
1231173 569201 m2 0.0165653 0.171254 -0.0279517 0 0.0299113
1231173 372362 m2 0.0277609 0.173998 -0.0325139 0 -0.0483913
1231173 688195 m2 0.0264438 -0.0443507 -0.0281385 0 0.00315195
1231173 210372 m2 0.0737589 -0.177244 -0.0455329 0 -0.00491775
1231173 353549 m2 0.0395137 -0.214297 -0.0306138 0 -0.0222299
1231173 629695 m2 0.0336373 -0.0255989 -0.032164 0 0.0643386
1231173 144852 m2 0.0113475 0.145374 -0.0219836 0 0.0067654
1231173 420538 m2 0.0111955 0.273217 -0.0883925 0 0.0550658
1231173 109085 m2 0.0361702 0.15706 -0.0304731 0 -0.0130778
1231173 523169 m2 0.0601824 -0.07965 0.046919 0 -0.0176032
1231173 145547 m2 0.0594225 -0.204215 -0.119607 0 -0.0289335
1231173 393065 m2 0.0344478 -0.217404 -0.0292779 0 0.00243672
1231173 275657 m2 0.100507 -0.00143059 0.0579937 0 0.0321074
1231173 32107 m2 0.0420466 -0.217213 -0.158066 0 -0.0532713
1231173 49745 m2 0.0679838 -0.193608 -0.205587 0 0.00377579
1231173 381370 m2 0.0702128 -0.175615 -0.0440961 0 -0.0262511
1231173 60764 m2 0.02077 -0.0542644 -0.0974098 0 -0.0173935
1231173 455779 m2 0.0655522 0.289658 -0.0751139 0 -0.021506
1231173 141533 m2 0.0404762 0.36051 -0.257809 0 0.0135592
1231173 295704 m2 0.0129686 0.153654 -0.0255094 0 -0.000426869
1231173 215325 m2 0.0530902 0.168791 -0.0321819 0 0.0170716
1231173 261715 m2 0.0674772 -0.172282 -0.0438145 0 0.0333721
1231173 634898 m2 0.0360689 -0.211612 -0.0306271 0 0.0400053
1231173 264588 m2 0.0738095 -0.169596 -0.0455807 0 -0.00863139
1231173 438120 m2 0.0430091 -0.109907 0.0386834 0 0.00652325
1231173 272189 m2 0.0414387 -0.0599445 -0.0368405 0 -0.00517761
1231173 387815 m2 0.0668186 -0.0302405 -0.0436673 0 0.0248661
1231173 450517 m2 0.0185917 0.0886289 -0.0231178 0 -0.00860515
1231173 396067 m2 0.0532421 -0.118737 -0.0422079 0 0.0334881
1231173 321664 m2 0.0238095 0.222081 -0.0282828 0 -0.0326362
1231173 368244 m2 0.0427558 -0.0495395 -0.037691 0 -0.0130468
1231173 328034 m2 0.0306991 -0.0301581 -0.0307705 0 -0.0446397
1231173 508380 m2 0.0178318 0.0951135 -0.0674459 0 -0.0137975
1231173 439338 m2 0.0257345 0.210156 -0.0321938 0 -0.0384419
1231173 77613 m2 0.0311044 0.215195 -0.236875 0 0.0361913
1231173 514756 m2 0.0393617 0.147481 -0.028641 0 -0.0453671
1231173 233099 m2 0.0166667 0.0436358 -0.0819955 0 -0.049199
1231173 644660 m2 0.010233 -0.0275527 0.0314616 0 0.0427197
1231173 310645 m2 0.0230496 0.0768541 -0.0886969 0 -0.00298288
1231173 559278 m2 0.0347011 -0.0239306 -0.0326096 0 0.0103685
1231173 601337 m2 0.0395643 -0.124143 0.0388768 0 0.0448082
1231173 290469 m2 0.0380952 -0.0524916 -0.0358028 0 0.102546
1231173 94125 m2 0.109473 -0.10201 -0.0531174 0 0.00342556
1231173 347039 m2 0.0404255 0.16477 -0.0297151 0 -0.0260931
1231173 321906 m2 0.0497974 0.0706555 -0.107035 0 -0.0317587
1231173 575372 m2 0.0201114 0.216869 -0.0304124 0 -0.00716004
1231173 678416 m2 0.0196555 -0.0779643 0.0360933 0 -0.0330596
1231173 482200 m2 0.0395137 -0.214297 -0.0306138 0 0.0215899
1231173 291697 m2 0.0807497 -0.144 -0.0475498 0 -0.0186265
1231173 496739 m2 0.0287234 -0.200344 -0.0250744 0 0.0107314
1231173 662811 m2 0.0176292 0.169451 -0.0277529 0 0.000923565
1231173 419772 m2 0.0241135 0.0892418 -0.0959924 0 -0.00221512
1231173 57373 m2 0.105117 -0.0950539 -0.25153 0 0.00181121
1231173 574839 m2 0.0230496 0.0864138 -0.029178 0 -9.21808e-05
1231173 268010 m2 0.0200608 0.0154428 -0.0881608 0 0.0147907
1231173 673485 m2 0.0106383 0.191768 -0.0220602 0 0.00442249
1231173 539932 m2 0.0156535 0.222053 0.0374996 0 0.0206187
1231173 293268 m2 0.0458967 0.0884386 -0.098727 0 -0.0149785
1231173 484902 m2 0.0343972 -0.0244554 -0.0324802 0 -0.0334416
1231173 20104 m2 0.022999 0.206996 -0.223701 0 -0.0200976
1231173 369917 m2 0.0702128 -0.175615 -0.0440961 0 -0.0529428
1231173 648593 m2 0.0195035 -0.157163 0.0344495 0 0.0152487
1231173 487777 m2 0.0110436 0.270654 -0.0868623 0 0.0361234
1231173 400708 m2 0.0553191 -0.214106 -0.107957 0 0.00573092
1231173 575098 m2 0.0548126 -0.0235206 -0.0394953 0 0.0241233
1231173 532022 m2 0.0269504 0.269777 -0.0911194 0 -0.0335125
1231173 686826 m2 0.0129179 0.143305 -0.0291178 0 0.0221251
1231173 28801 m2 0.0179838 -0.18921 -0.200571 0 -0.00118703
1231173 623452 m2 0.012462 0.0634569 -0.0191774 0 -0.0166999
1231173 701431 m2 0.0173759 -0.0479149 -0.0262818 0 -0.023212
1231173 313826 m2 0.0450861 0.0907258 -0.0947201 0 -0.0251412
1231173 201907 m2 0.0785714 0.394465 -0.235023 0 -0.0552646
1231173 487023 m2 0.0173252 -0.0544808 -0.0988982 0 -0.0206827
1231173 488944 m2 0.0409321 -0.047325 -0.0377148 0 -0.0243083
1231173 206348 m2 0.0602837 -0.199681 -0.119808 0 -0.0438709
1231173 639811 m2 0.0367275 -0.0191833 -0.0335771 0 0.0103869
1231173 196223 m2 0.060233 0.041573 -0.196003 0 -0.0503114
1231173 93582 m2 0.020618 0.177572 -0.173131 0 -0.0433873
1231173 39106 m2 0.0104863 0.216922 -0.139367 0 0.00915227
1231173 495293 m2 0.0407801 -0.0284079 -0.0357712 0 0.0461074
1231173 579333 m2 0.0109422 0.207811 -0.0334976 0 0.0162946
1231173 483887 m2 0.0652482 -0.165166 -0.0439523 0 -0.0555578
1231173 69355 m2 0.0106383 -0.198946 -0.174078 0 -0.0497262
1231173 463564 m2 0.0266464 0.0992311 -0.0844493 0 -0.0465352
1231173 70637 m2 0.0777102 -0.186332 -0.21542 0 -0.0804844
1231173 276559 m2 0.0334347 -0.215659 -0.114345 0 -0.0223879
1231173 355738 m2 0.0395137 -0.214297 -0.0306138 0 -0.0139748
1231173 50936 m2 0.0153495 -0.0904725 -0.169149 0 0.00676272
1231173 528849 m2 0.0187943 0.10154 -0.0817983 0 0.04738
1231173 30857 m2 0.0484802 -0.0303486 -0.442953 0 0.0238595
1231173 163298 m2 0.0277609 0.0178014 -0.137967 0 -0.0877014
1231173 415775 m2 0.0405268 -0.19809 -0.104862 0 0.00849039
1231173 708609 m2 0.020618 -0.0491199 -0.0260838 0 -0.0246147
1231173 363074 m2 0.0227457 0.0870996 -0.12527 0 0.0337985
1231173 628726 m2 0.0132219 0.0528245 -0.0175633 0 -0.0462748
1231173 381102 m2 0.0157042 0.00776685 -0.0844447 0 0.0205586
1231173 277295 m2 0.0105876 0.0406394 -0.0970742 0 -0.0233613
1231173 559964 m2 0.0300405 -0.202583 -0.0255914 0 0.0508629
1231173 396762 m2 0.0296353 -0.0438261 -0.141347 0 0.0486309
1231173 29076 m2 0.0218338 0.152456 -0.186774 0 0.0116789
1231173 118373 m2 0.0147416 -0.0525482 -0.122894 0 0.000922759
1231173 660811 m2 0.0239615 -0.199101 -0.0248677 0 -0.0261475
1231173 580087 m2 0.0298886 -0.198946 -0.0248682 0 -0.0307076
1231173 526631 m2 0.035309 -0.21822 -0.0301405 0 0.00606621
1231173 633390 m2 0.0146403 0.188283 -0.0447771 0 0.00260923
1231173 145057 m2 0.0597771 -0.202763 -0.119704 0 0.012584
1231173 25668 m2 0.0203141 -0.198611 -0.21634 0 0.0113214
1231173 577341 m2 0.0232523 0.287355 -0.0775173 0 -0.036445
1231173 29070 m2 0.0204154 -0.198819 -0.216785 0 -0.0398768
1231173 247353 m2 0.016616 0.0449031 -0.12573 0 -0.0244748
1231173 113211 m2 0.0572442 -0.213272 -0.115377 0 -0.0104553
1231173 237632 m2 0.0495441 0.0719818 -0.107014 0 -0.00732959
1231173 116453 m2 0.029078 -0.126894 -0.104389 0 -0.0121826
1231173 414761 m2 0.03769 0.0853965 -0.0910243 0 -0.011357
1231173 329207 m2 0.0600811 -0.200942 -0.119792 0 -0.0538276
1231173 334103 m2 0.0186424 0.0541928 -0.12276 0 -0.0332478
1231173 157851 m2 0.0491388 -0.142756 -0.107707 0 0.0171009
1231173 619321 m2 0.0177305 0.0580613 -0.0184405 0 -0.0244166
1231173 451974 m2 0.0176798 0.0491421 -0.0859515 0 0.0331049
1231173 492185 m2 0.029382 -0.203388 -0.0258022 0 -0.0285214
1231173 547694 m2 0.0134245 -0.0906376 -0.0899492 0 0.0867819
1231173 232566 m2 0.0177305 -0.14159 -0.0903158 0 -0.0238002
1231173 704438 m2 0.0258865 -0.0333262 -0.0308739 0 -0.0257258
1231173 293244 m2 0.0214792 0.161856 -0.218752 0 -0.0552727
1231173 632181 m2 0.0324215 -0.0277161 -0.0316682 0 -0.0178469
1231173 390547 m2 0.0304458 0.226175 -0.231958 0 -0.0281498
1231173 613124 m2 0.0204154 0.0735283 -0.0212415 0 0.00102976
1231173 434398 m2 0.0361702 0.310867 -0.185094 0 -0.0151606
1231173 170028 m2 0.0453901 0.28548 -0.299189 0 0.0127243
1231173 134510 m2 0.0596251 -0.203445 -0.119659 0 0.0516773
1231173 679877 m2 0.0104863 0.0533425 -0.0176671 0 -0.0116016
1231173 339086 m2 0.0339919 0.220592 -0.181094 0 0.00396673
1231173 257592 m2 0.0600811 -0.200942 -0.119792 0 -0.0932603
1231173 40559 m2 0.0204154 0.0467008 -0.186039 0 0.0195369
1231173 63191 m2 0.016464 -0.100804 -0.181204 0 0.00123821
1231173 221613 m2 0.0302432 0.232079 -0.16823 0 -0.010978
1231173 65422 m2 0.0146403 -0.0911036 -0.0909204 0 0.0302589
1231173 366742 m2 0.0280648 -0.204816 -0.15979 0 -0.000928472
1231173 597357 m2 0.0365248 -0.0210471 -0.0332973 0 0.00227218
1231173 691077 m2 0.0100811 -0.157953 -0.0900995 0 0.0149152
1231173 326289 m2 0.0345998 0.358076 -0.237373 0 -0.0200312
1231173 571380 m2 0.0151976 0.129489 -0.0558492 0 -0.00980992
1231173 510314 m2 0.0150963 -0.20898 -0.106297 0 0.00680368
1231173 403172 m2 0.0597771 -0.202132 -0.11976 0 0.00745553
1231173 48227 m2 0.0225431 -0.200396 -0.222757 0 -0.0111077
1231173 94270 m2 0.0225937 -0.200405 -0.22272 0 0.0152148
1231173 212268 m2 0.0299392 0.243248 -0.255242 0 -0.0228119
1231173 294484 m2 0.0446809 0.00140586 -0.175834 0 0.0071094
1231173 563845 m2 0.0367275 -0.210165 -0.106465 0 -0.083651
1231173 193811 m2 0.0114995 -0.202526 -0.162135 0 -0.00576935
1231173 474815 m2 0.0266464 0.0219695 -0.0919538 0 -0.0505235
1231173 283790 m2 0.0329787 0.0289055 -0.217643 0 -0.030309
1231173 432229 m2 0.0200608 0.246521 -0.232618 0 -0.00401517
1231173 179997 m2 0.0399696 0.221138 -0.184103 0 -0.00132505
1231173 100613 m2 0.0342452 0.225363 -0.172555 0 -0.019851
1231173 493592 m2 0.0440223 -0.220657 -0.107046 0 0.00533757
1231173 333586 m2 0.0199088 0.297266 -0.151778 0 -0.0215277
1231173 77569 m2 0.0106383 -0.198946 -0.174078 0 0.0175765
1231173 116912 m2 0.0412867 -0.0183071 -0.421426 0 -0.0195708
1231173 660292 m2 0.0111449 0.024695 -0.0989849 0 -0.000587555
1231173 227385 m2 0.0177305 0.00856746 -0.125038 0 0.0225175
1231173 636793 m2 0.0213273 0.0507314 -0.0745382 0 -0.00328731
1231173 294670 m2 0.0354103 0.0263056 -0.224454 0 -0.0377259
1231173 189560 m2 0.0378419 0.255329 -0.255066 0 -0.0469957
1231173 112174 m2 0.018845 0.197392 -0.211 0 0.00173626
1231173 418275 m2 0.0640831 0.177166 -0.225403 0 -0.0101061
1231173 518701 m2 0.0288247 -0.149852 -0.0947096 0 0.0527851
1231173 379650 m2 0.039767 -0.155196 -0.0937155 0 -0.0543009
1231173 639517 m2 0.0407801 -0.198427 -0.104847 0 -0.0419634
1231173 418998 m2 0.0262918 -0.105922 -0.133585 0 -0.0382338
1231173 484854 m2 0.0286727 0.322766 -0.176445 0 -5.61519e-05
1231173 621253 m2 0.0260892 -0.202362 -0.128099 0 -0.0334221
1231173 406406 m2 0.0122594 0.0950894 -0.123943 0 -0.00945044
1231173 315982 m2 0.0550659 -0.213618 -0.106598 0 0.0203899
1231173 392305 m2 0.0242655 0.00575474 -0.124957 0 0.0326864
1231173 296434 m2 0.0347518 0.0927597 -0.169798 0 0.0177469
1231173 342126 m2 0.0592199 0.234384 -0.195158 0 -0.00219581
1231173 492869 m2 0.020618 0.0970469 -0.0736561 0 -0.0393258
1231173 280622 m2 0.0214286 0.0420264 -0.205965 0 -0.0550748
1231173 365040 m2 0.0549645 -0.213892 -0.106593 0 0.0299002
1231173 255291 m2 0.0473151 -0.155638 -0.0928241 0 0.030528
1231173 410074 m2 0.0377406 0.361018 -0.20585 0 0.0171743
1231173 686553 m2 0.0173252 0.0517772 -0.0742928 0 -0.0067667
1231173 429798 m2 0.0291793 -0.201928 -0.110072 0 -0.0181626
1231173 561896 m2 0.020922 0.341056 -0.176427 0 0.00641019
1231173 275321 m2 0.0243161 -0.200055 -0.144054 0 0.0189229
1231173 479435 m2 0.0398683 -0.22236 -0.104751 0 -0.0218475
1231173 490141 m2 0.0412867 0.165673 -0.0826186 0 0.00299084
1231173 318194 m2 0.0150963 0.0903894 -0.0569909 0 0.0385779
1231173 442012 m2 0.0214792 -0.154963 -0.0931017 0 -0.00753118
1231173 497647 m2 0.0232016 0.0844008 -0.168716 0 -0.021895
1231173 134188 m2 0.039311 -0.0615302 -0.383691 0 -0.0371862
1231173 521403 m2 0.0200101 0.0475226 -0.124996 0 -0.0126002
1231173 494532 m2 0.0137285 0.0362248 -0.116588 0 -0.0170855
1231173 291639 m2 0.0343972 -0.0764892 -0.168523 0 -0.0364995
1231173 179978 m2 0.0177305 0.0569072 -0.118794 0 0.0240029
1231173 407665 m2 0.0179331 0.274238 -0.176529 0 -0.032074
1231173 125751 m2 0.0468085 -0.0416772 -0.43404 0 -0.0548442
1231173 190602 m2 0.0674772 -0.213747 -0.191547 0 -0.0237893
1231173 190035 m2 0.0119048 -0.166298 -0.168915 0 -0.0175503
1231173 681343 m2 0.012614 0.0711037 -0.10526 0 -0.0306484
1231173 682584 m2 0.0108916 0.115137 -0.117236 0 0.0445568
1231173 201132 m2 0.0262411 -0.215781 -0.252982 0 -0.0342919
1231173 331154 m2 0.0555724 0.108092 -0.305371 0 0.00930209
1231173 173024 m2 0.0204661 -0.198918 -0.217001 0 -0.0918665
1231173 574039 m2 0.0399696 -0.157365 -0.0929929 0 0.0165586
1231173 420480 m2 0.0304458 -0.0955713 -0.164561 0 -0.00251505
1231173 558758 m2 0.0264944 -0.204466 -0.129976 0 -0.0515284
1231173 174947 m2 0.0106383 -0.198946 -0.174078 0 -0.0351461
1231173 247812 m2 0.0182877 0.165628 -0.193499 0 -0.0238881
1231173 654946 m2 0.0213273 0.0640033 -0.0827884 0 0.036716
1231173 434593 m2 0.0132219 0.253396 -0.251632 0 0.0183982
1231173 172538 m2 0.0595745 -0.146661 -0.334819 0 0.0200156
1231173 617054 m2 0.0211753 -0.0179114 -0.100039 0 0.0206984
1231173 200159 m2 0.0282168 0.212179 -0.219681 0 -0.0205778
1231173 629170 m2 0.0315603 -0.217177 -0.145851 0 0.0623089
1231173 97264 m2 0.0237082 -0.200358 -0.224847 0 -0.0165967
1231173 664054 m2 0.0239615 -0.199101 -0.0248677 0 0.032724
1231173 439990 m2 0.0224417 0.189691 -0.212688 0 -0.0499226
1231173 618790 m2 0.0182371 0.0507986 -0.0745284 0 -0.0386149
1231173 193291 m2 0.0239615 -0.202288 -0.256056 0 0.0131532
1231173 263588 m2 0.0163121 0.153677 -0.180489 0 -0.0221424
1231173 256795 m2 0.0110942 0.16758 -0.168867 0 -0.0591611
1231173 181444 m2 0.0126646 -0.216278 -0.219234 0 -0.0540298
1231173 99144 m2 0.0106383 -0.198946 -0.174078 0 -0.000944961
1231173 594412 m2 0.0146403 -0.206963 -0.103972 0 0.0158114
1231173 575049 m2 0.0142351 0.0524267 -0.125113 0 -0.0459703
1231173 89835 m2 0.050304 -0.00924776 -0.447001 0 -0.0292049
1231173 309146 m2 0.0129686 -0.0728611 -0.149793 0 -0.0109162
1231173 229550 m2 0.0121074 -0.215281 -0.216548 0 -0.0177143
1231173 96000 m2 0.0328267 0.0308751 -0.217567 0 -0.0804005
1231173 564280 m2 0.0261398 -0.202569 -0.128309 0 0.00634082
1231173 563816 m2 0.045846 -0.220663 -0.165907 0 -0.0464995
1231173 533460 m2 0.0329281 0.363531 -0.165997 0 -0.0248348
1231173 230268 m2 0.0112969 -0.0167493 -0.127577 0 -0.0128746
1231173 650225 m2 0.0132219 -0.206891 -0.133937 0 -0.0218378
1231173 354490 m2 0.0349037 0.154247 -0.197019 0 -0.0059021
1231173 493300 m2 0.0409321 -0.2157 -0.155384 0 -0.0234094
1231173 198652 m2 0.0106383 -0.198946 -0.174078 0 -0.0273418
1231173 635753 m2 0.0214792 -0.0554923 -0.112042 0 0.00517574
1231173 173553 m2 0.0219352 -0.0507844 -0.178487 0 -0.0302672
1231173 596362 m2 0.0203647 -0.0110443 -0.112942 0 0.0202765
1231173 295141 m2 0.039767 -0.162036 -0.187801 0 -0.00255251
1231173 627689 m2 0.0150963 0.22692 -0.157665 0 -0.0243633
1231173 672187 m2 0.0349544 -0.218459 -0.152184 0 -0.011584
1231173 137978 m2 0.0348531 -0.0398875 -0.263075 0 -0.0622396
1231173 453411 m2 0.0325735 -0.207429 -0.146765 0 -0.0696215
1231173 251747 m2 0.0504559 0.114559 -0.294487 0 -0.0234921
1231173 421221 m2 0.0392604 0.322679 -0.190392 0 -0.00910123
1231173 204064 m2 0.0365755 -0.208506 -0.279207 0 0.0602258
1231173 327971 m2 0.0211753 -0.190549 -0.158456 0 0.0256473
1231173 674152 m2 0.0116515 -0.0181791 -0.106011 0 0.0275225
1231173 644344 m2 0.0128166 0.0355281 -0.120842 0 -0.0280677
1231173 337811 m2 0.0209726 0.151284 -0.226205 0 0.00305821
1231173 421220 m2 0.0530395 0.31402 -0.196335 0 -0.00745884
1231173 259686 m2 0.0142351 -0.218927 -0.226081 0 -0.038196
1231173 315702 m2 0.0447315 -0.216588 -0.164251 0 -0.0948758
1231173 658271 m2 0.0183891 -0.0293789 -0.150068 0 -0.0381993
1231173 400434 m2 0.0446302 -0.221845 -0.174456 0 -0.00487956
1231173 259911 m2 0.0213779 0.20106 -0.217716 0 -0.0607362
1231173 300721 m2 0.0262918 0.322728 -0.141355 0 -0.0486846
1231173 453637 m2 0.0249747 -0.0468099 -0.190348 0 0.0362832
1231173 166850 m2 0.0262411 -0.215781 -0.252982 0 -0.060144
1231173 579794 m2 0.016616 0.216651 -0.142593 0 -0.0157485
1231173 232753 m2 0.0117528 -0.214522 -0.214803 0 0.0356208
1231173 174994 m2 0.0204154 0.244352 -0.165583 0 0.0177438
1231173 354706 m2 0.0307497 0.216563 -0.225281 0 -0.0100646
1231173 257778 m2 0.0303951 -0.213201 -0.319801 0 -0.0218096
1231173 450963 m2 0.043769 0.343015 -0.213018 0 -0.0332216
1231173 404411 m2 0.0597264 -0.202856 -0.119706 0 -0.0301888
1231173 233739 m2 0.0203647 -0.220962 -0.244049 0 -0.0399881
1231173 215981 m2 0.0400709 -0.223768 -0.165444 0 0.00604057
1231173 166828 m2 0.0521277 0.00894752 -0.458952 0 0.00712356
1231173 361108 m2 0.0182371 0.198875 -0.210048 0 -0.0355682
1231173 222561 m2 0.060689 -0.048689 -0.47664 0 -0.0463346
1231173 358608 m2 0.0184397 0.24202 -0.246637 0 -0.0150224
1231173 418978 m2 0.0310537 -0.0854239 -0.245017 0 0.017734
1231173 290632 m2 0.027305 0.0241757 -0.213972 0 0.00762133
1231173 451698 m2 0.0251266 -0.0262739 -0.134206 0 -0.0661325
1231173 506875 m2 0.0277609 -0.208629 -0.134496 0 -0.00847905
1231173 550886 m2 0.0316616 -0.217417 -0.146251 0 0.0129562
1231173 517892 m2 0.0246707 0.25007 -0.241855 0 -0.0307808
1231173 204582 m2 0.0600304 0.307452 -0.360171 0 -0.0646839
1231173 198165 m2 0.0502026 0.120094 -0.360205 0 -0.00935609
1231173 314497 m2 0.0197062 -0.0660384 -0.105245 0 -0.00708652
1231173 587681 m2 0.0257345 0.205074 -0.216635 0 0.0570011
1231173 621038 m2 0.0175785 0.0497274 -0.0854569 0 -0.0377038
1231173 453398 m2 0.010689 -0.0531558 -0.0908903 0 -0.0036708
1231173 349605 m2 0.0531915 0.293354 -0.313716 0 -0.0138191
1231173 222798 m2 0.0116515 -0.214297 -0.214297 0 0.0859399
1231173 305565 m2 0.0489362 -0.042432 -0.280155 0 -0.00134738
1231173 284475 m2 0.0166667 -0.179225 -0.186275 0 -0.0730636
1231173 670500 m2 0.0169706 0.217551 -0.143772 0 0.0252417
1231173 621227 m2 0.0106383 -0.198946 -0.174078 0 0.0869754
1231173 534732 m2 0.0417933 0.361363 -0.18067 0 0.0110343
1231173 599068 m2 0.0158561 0.00429134 -0.122565 0 -0.0160899
1231173 267697 m2 0.0186424 0.0504336 -0.177951 0 -0.0490013
1231173 354931 m2 0.0106383 -0.198946 -0.174078 0 0.00519001
1231173 681822 m2 0.0120567 -0.0761693 -0.114892 0 0.0165154
1231173 229779 m2 0.022999 0.180218 -0.208806 0 -0.0527427
1231173 300709 m2 0.0156535 0.00407614 -0.122762 0 -0.0100304
1231173 225289 m2 0.0460993 -0.0394907 -0.440386 0 -0.0500773
1231173 471491 m2 0.0110436 -0.216102 -0.201695 0 -0.0151939
1231173 515698 m2 0.0338399 0.220273 -0.18072 0 -0.00876962
1231173 530020 m2 0.020922 0.0458039 -0.195214 0 0.0135639
1231173 588694 m2 0.0194022 0.287757 -0.173813 0 -0.0112396
1231173 623381 m2 0.0151976 -0.0626051 -0.0973886 0 0.0258915
1231173 310307 m2 0.0154509 -0.170995 -0.175122 0 -0.0842861
1231173 559915 m2 0.0133232 -0.197427 -0.124178 0 0.0535097
1231173 691796 m2 0.0163121 -0.211824 -0.136994 0 0.018712
1231173 362299 m2 0.0157548 -0.170148 -0.173996 0 0.0300533
1231173 500360 m2 0.014539 -0.100585 -0.174535 0 -0.0637862
1231173 383988 m2 0.056383 0.225434 -0.21814 0 -0.0479338
1231173 285000 m2 0.0390578 -0.0130442 -0.24509 0 -0.025529
1231173 715330 m2 0.0195035 -0.197276 -0.12415 0 0.028268
1231173 329918 m2 0.0341945 -0.21158 -0.276215 0 -0.00386397
1231173 509775 m2 0.016464 -0.0366618 -0.217493 0 0.00434948
1231173 621950 m2 0.0117021 0.0523545 -0.135038 0 0.016055
1231173 408601 m2 0.010537 -0.0525729 -0.123064 0 0.00717803
1231173 354436 m2 0.0284701 0.0841996 -0.31572 0 -0.0108898
1231173 293166 m2 0.0364742 -0.0458193 -0.366975 0 -0.0448193
1231173 302172 m2 0.0152989 -0.168683 -0.172056 0 -0.0193619
1231173 380576 m2 0.0382472 0.0180227 -0.238013 0 -0.0503148
1231173 376703 m2 0.0626646 0.0625125 -0.192778 0 -0.0184579
1231173 603994 m2 0.0196555 -0.209032 -0.134302 0 -0.00842204
1231173 466785 m2 0.0573455 0.073003 -0.19533 0 -0.0110703
1231173 475019 m2 0.0569909 0.0686409 -0.335378 0 -0.0461981
1231173 292919 m2 0.0175785 0.202673 -0.214353 0 -0.0481427
1231173 299427 m2 0.012614 -0.0552967 -0.161987 0 -0.0312971
1231173 384520 m2 0.0267984 -0.205588 -0.131161 0 0.0177582
1231173 670975 m2 0.0161601 0.214175 -0.134006 0 0.0292979
1231173 325252 m2 0.0429078 0.0159318 -0.415144 0 -0.0206868
1231173 339486 m2 0.0177305 -0.195626 -0.222762 0 -0.0463174
1231173 294425 m2 0.0531408 -0.0239005 -0.45066 0 -0.0139801
1231173 348854 m2 0.0219858 0.193328 -0.210938 0 0.0169944
1231173 337063 m2 0.0590679 -0.0517592 -0.473852 0 -0.034038
1231173 578538 m2 0.0102837 0.0224265 -0.0961114 0 0.0142666
1231173 350799 m2 0.0459473 -0.0412948 -0.43249 0 -0.0244995
1231173 376907 m2 0.0232016 -0.200029 -0.223447 0 -0.037738
1231173 370825 m2 0.0205674 0.182544 -0.201344 0 -0.0506733
1231173 355647 m2 0.029382 0.0306138 -0.275525 0 -0.00330846
1231173 575799 m2 0.0163627 0.153442 -0.181207 0 -0.112118
1231173 455679 m2 0.014387 -0.198295 -0.124305 0 -0.0133017
1231173 318860 m2 0.0111955 0.207194 -0.198304 0 -0.0667259
1231173 318604 m2 0.022999 -0.200222 -0.223201 0 -0.050211
1231173 715320 m2 0.0174265 0.160831 -0.1878 0 0.0123083
1231173 709475 m2 0.0106383 -0.0958768 -0.285769 0 0.0348895
1231173 441700 m2 0.0108409 0.125596 -0.160587 0 -0.0234963
1231173 660476 m2 0.0112969 0.123968 -0.15896 0 0.0111435
1231173 336031 m2 0.0150456 -0.170114 -0.173951 0 -0.0873651
1231173 511673 m2 0.012462 -0.159769 -0.160428 0 0.075074
1231173 655582 m2 0.0107396 -0.199215 -0.174688 0 0.044755
1231173 413023 m2 0.0106383 -0.198946 -0.174078 0 -0.150555
1231173 621696 m2 0.0343972 -0.218824 -0.150332 0 -0.0483434
1231173 539097 m2 0.029078 0.231409 -0.242002 0 0.0642041
1231173 359320 m2 0.0134752 0.141724 -0.220071 0 -0.0385688
1231173 617469 m2 0.0203647 0.251383 -0.238621 0 0.041202
1231173 411028 m2 0.0312057 0.0739983 -0.323272 0 -0.0239603
1231173 648769 m2 0.0174772 -0.0236184 -0.100502 0 -0.012789
1231173 450405 m2 0.0106383 -0.198946 -0.174078 0 -0.0735129
1231173 657557 m2 0.0121074 -0.0954867 -0.173035 0 -0.0083909
1231173 383187 m2 0.0200101 -0.197899 -0.214897 0 -0.0545692
1231173 386762 m2 0.0449848 0.285367 -0.300355 0 -0.0520145
1231173 459696 m2 0.0184904 0.0469125 -0.187763 0 -0.0393466
1231173 651357 m2 0.0192503 0.0492337 -0.183284 0 -0.00748571
1231173 617466 m2 0.014539 0.122468 -0.157459 0 -0.0586407
1231173 405822 m2 0.0376393 -0.00461921 -0.403191 0 0.0112052
1231173 467751 m2 0.0178318 0.180602 -0.255662 0 -0.00550006
1231173 670449 m2 0.0265957 0.0371727 -0.271541 0 0.0464677
1231173 610874 m2 0.0360182 -0.218688 -0.152217 0 0.0292554
1231173 643549 m2 0.0101824 -0.124713 -0.275718 0 -0.041586
1231173 383221 m2 0.022847 0.0442654 -0.201357 0 -0.00323712
1231173 685737 m2 0.0102837 0.0538006 -0.0887929 0 -0.0226868
1231173 381741 m2 0.0241641 -0.199137 -0.223807 0 0.0220847
1231173 467008 m2 0.0256332 0.0405197 -0.207365 0 -0.0218355
1231173 415398 m2 0.0188956 -0.194038 -0.208098 0 0.0161336
1231173 467007 m2 0.0150456 -0.0263961 -0.232498 0 -0.0306331
1231173 685195 m2 0.0188956 0.0452332 -0.258187 0 -0.0119382
1231173 416955 m2 0.0263931 -0.213239 -0.248957 0 -0.0238804
1231173 459684 m2 0.0212766 0.192911 -0.208251 0 -0.00846303
1231173 612802 m2 0.0150456 -0.105438 -0.126214 0 0.0223049
1231173 635495 m2 0.0110942 0.16758 -0.168867 0 0.00909846
1231173 630602 m2 0.010537 0.0533384 -0.0883311 0 0.0574712
1231173 490544 m2 0.0218338 -0.201105 -0.22253 0 0.0407837
1231173 441948 m2 0.018997 0.046875 -0.188355 0 -0.022165
1231173 674585 m2 0.0117528 -0.214522 -0.214803 0 0.0769008
1231173 467981 m2 0.0154002 0.0437095 -0.263024 0 0.00497062
1231173 436473 m2 0.029382 0.0306138 -0.275525 0 -0.0756588
1231173 652075 m2 0.0126646 -0.216278 -0.219234 0 0.0520733
1231173 462473 m2 0.0181358 0.195999 -0.222942 0 -0.00539552
1231173 466752 m2 0.043465 0.00378691 -0.249103 0 -0.000804188
1231173 533132 m2 0.0150963 -0.167584 -0.170605 0 0.0406428
1231173 470411 m2 0.0190476 0.128706 -0.163683 0 0.00746836
1231173 457084 m2 0.0156535 -0.169033 -0.172518 0 0.00554157
1231173 482111 m2 0.0138804 0.225953 -0.234811 0 -0.0019238
1231173 445825 m2 0.0342958 -0.0422547 -0.360865 0 -0.0813955
1231173 654114 m2 0.0315603 -0.217177 -0.145851 0 0.0148835
1231173 556976 m2 0.0158561 0.158636 -0.236251 0 -0.0190149
1231173 589165 m2 0.0200608 0.0350252 -0.371239 0 0.0161509
1231173 457844 m2 0.0182371 0.128984 -0.163959 0 -0.0437686
1231173 477227 m2 0.0352077 -0.222136 -0.155024 0 0.0124326
1231173 573733 m2 0.016616 -0.00845869 -0.189685 0 -0.0305931
1231173 534402 m2 0.0181864 -0.19217 -0.205106 0 -0.0221193
1231173 579478 m2 0.0117528 -0.214522 -0.214803 0 -0.0802259
1231173 599033 m2 0.0116515 -0.103335 -0.177291 0 0.00559597
1231173 630581 m2 0.0243161 0.216503 -0.240194 0 -0.0538927
1231173 490545 m2 0.0146403 -0.160736 -0.161676 0 0.02154
1231173 672142 m2 0.0108916 -0.193611 -0.207402 0 -0.0139044
1231173 555977 m2 0.0210233 -0.0460493 -0.183189 0 -0.0512345
1231173 572746 m2 0.0314083 0.0741908 -0.323863 0 0.0243454
1231173 564478 m2 0.0106383 -0.198946 -0.174078 0 -0.00661589
1231173 625824 m2 0.018997 0.171497 -0.196351 0 0.0358303
1231173 583496 m2 0.0157548 -0.202804 -0.0823971 0 0.0709991
1231173 534135 m2 0.0145897 -0.159432 -0.159994 0 0.00966986
1231173 528267 m2 0.0163627 -0.182166 -0.190374 0 -0.029064
1231173 619962 m2 0.0170719 0.157774 -0.186053 0 -0.0202182
1231173 507358 m2 0.0203141 0.0476428 -0.191424 0 0.0533107
1231173 569333 m2 0.01692 0.1971 -0.224856 0 -0.0130858
1231173 568420 m2 0.0168693 0.15602 -0.184991 0 0.0780208
1231173 567602 m2 0.014539 -0.150221 -0.275024 0 -0.0361864
1231173 583494 m2 0.0192503 -0.210331 -0.0892987 0 0.011667
1231173 654089 m2 0.0134752 -0.0547833 -0.141676 0 0.031108
1231173 523559 m2 0.0225431 0.197282 -0.216236 0 -0.00460052
1231173 581424 m2 0.0116515 -0.197929 -0.223669 0 -0.00560372
1231173 585182 m2 0.0297366 0.214788 -0.218077 0 0.0305388
1231173 581431 m2 0.0144377 0.128714 -0.26389 0 0.00912292
1231173 610862 m2 0.0173759 0.158956 -0.188428 0 -0.00629006
1231173 553025 m2 0.0110942 -0.0164886 -0.138123 0 0.0215189
1231173 559863 m2 0.0111955 -0.162724 -0.196356 0 -0.00326501
1231173 678033 m2 0.0137285 0.0486591 -0.174875 0 0.0589837
1231173 573712 m2 0.0405775 0.0100922 -0.409203 0 -0.0422437
1231173 551818 m2 0.0116515 -0.214297 -0.214297 0 0.0360648
1231173 686456 m2 0.0160588 -0.189192 -0.200544 0 0.0531639
1231173 652547 m2 0.0119554 -0.21496 -0.215805 0 -0.0176748
1231173 648750 m2 0.0288247 0.221173 -0.22917 0 0.0229069
1231173 626328 m2 0.0106383 -0.198946 -0.174078 0 -0.0230635
1231173 644043 m2 0.0154002 0.14433 -0.19988 0 -0.0140564
1231173 636700 m2 0.0345998 0.103028 -0.347898 0 -0.0231373
1231173 703812 m2 0.0106383 -0.198946 -0.174078 0 -0.00388293
1231173 675806 m2 0.0126646 -0.216278 -0.219234 0 -0.0424488
1231173 688295 m2 0.0161094 -0.182513 -0.190863 0 -0.0252714
1231173 686483 m2 0.0105876 -0.0141089 -0.132713 0 -0.0410642
1231173 675539 m2 0.0117528 -0.214522 -0.214803 0 -0.0453509
