seed mutID muttype p cor_sal cor_temp mutSalEffect mutTempEffect
1231207 600255 m2 0.0105 0.410428 0.216859 0 0.00947807
1231207 139634 m2 0.0593 -0.429345 0.220548 -0.0137466 0
1231207 120973 m2 0.0656 0.382043 0.0541062 0 0.0335354
1231207 435539 m2 0.02565 0.226223 0.426087 0.0209999 0
1231207 634013 m2 0.0162 0.205933 0.388206 0 0.0584772
1231207 668608 m2 0.01375 0.415668 0.336942 0 -0.0375111
1231207 600491 m2 0.0186 0.376419 0.410669 -0.045262 0
1231207 9474 m2 0.03975 0.35888 -0.260757 0 -0.0179567
1231207 376834 m2 0.0102 0.15689 0.0878363 0 0.045205
1231207 284222 m2 0.01905 0.381847 0.328685 -0.0122169 0
1231207 356644 m2 0.01425 0.356203 0.422861 0 -0.0195159
1231207 373619 m2 0.0487 -0.0730397 0.595255 0 0.063158
1231207 197741 m2 0.02545 -0.328575 -0.398973 -0.00785112 0
1231207 269228 m2 0.05275 0.299186 -0.0176977 0.00284721 0
1231207 355167 m2 0.03785 0.431353 0.361175 0 0.0367126
1231207 691174 m2 0.01785 0.298818 0.314709 0 0.0870781
1231207 186809 m2 0.26165 0.887761 0.0282003 0.0962055 0
1231207 553613 m2 0.0315 0.226344 0.381985 0 -0.0238316
1231207 625296 m2 0.0152 0.275612 0.382177 0.0101553 0
1231207 254069 m2 0.02515 0.493384 -0.0651365 0.0450334 0
1231207 161477 m2 0.07235 -0.0301846 0.484992 -0.0123435 0
1231207 224151 m2 0.03065 0.177872 0.136288 0.0342108 0
1231207 578395 m2 0.0179 -0.27759 0.369159 0 0.0616977
1231207 275031 m2 0.0443 0.245744 0.535651 0 0.107321
1231207 688185 m2 0.0149 0.283351 0.367135 -0.0806426 0
1231207 405907 m2 0.0135 -0.259985 0.402308 0 0.0121544
1231207 665822 m2 0.03005 0.330006 0.423521 0 -0.0302676
1231207 384267 m2 0.0277 0.390419 0.107151 0.0275233 0
1231207 469354 m2 0.03715 0.0469088 0.632508 0 0.0327223
1231207 606295 m2 0.0598 0.454101 0.448942 0.0206356 0
1231207 599751 m2 0.0184 0.289715 0.222257 0 0.0075016
1231207 389217 m2 0.0305 -0.404933 -0.198782 -0.0413264 0
1231207 600727 m2 0.03965 0.400135 0.441073 -0.0104946 0
1231207 633021 m2 0.0201 0.477528 0.257952 0.00209968 0
1231207 27684 m2 0.0491 -0.323438 0.46559 0 0.043253
1231207 599493 m2 0.02515 0.0550327 0.454713 0.0288408 0
1231207 290868 m2 0.05985 0.333877 0.510616 0 0.0642831
1231207 4725 m2 0.219 0.653203 0.231709 0.0276295 0
1231207 301343 m2 0.08695 0.352141 0.346728 0 0.0120158
1231207 678059 m2 0.0155 -0.15752 0.287425 -0.047871 0
1231207 636211 m2 0.01795 0.355638 0.34379 0 -0.0168424
1231207 599492 m2 0.0353 -0.216098 0.259625 0 -0.0150424
1231207 467838 m2 0.01405 0.454855 -0.218048 0.0722701 0
1231207 134425 m2 0.019 0.407324 0.176907 0.0319304 0
1231207 557038 m2 0.02465 -0.482507 0.327657 0 -0.0111987
1231207 239617 m2 0.0189 0.407679 0.178634 -0.0267582 0
1231207 458870 m2 0.03215 0.100674 0.492829 0 0.0571467
1231207 633264 m2 0.05735 -0.190588 0.384434 0.00603712 0
1231207 360946 m2 0.08535 -0.39791 0.247505 0 0.0295987
1231207 490079 m2 0.02415 -0.278129 0.463737 -0.0324087 0
1231207 678820 m2 0.019 -0.070056 0.24488 0 -0.0205004
1231207 298512 m2 0.1923 -0.205958 0.810002 0 0.0178161
1231207 447565 m2 0.03805 0.350038 0.500563 0 0.0829793
1231207 620722 m2 0.01195 0.090781 0.280402 0 -0.0404698
1231207 373109 m2 0.02705 0.498061 0.246852 0.000438757 0
1231207 385249 m2 0.08715 -0.126353 0.189053 0 0.0523522
1231207 366707 m2 0.0317 -0.188636 0.498809 0.0245309 0
1231207 366449 m2 0.01035 0.318027 0.242626 0.0609764 0
1231207 247845 m2 0.0225 -0.48409 0.142455 0.0137826 0
1231207 161717 m2 0.25895 0.0734794 0.750531 0 0.0390653
1231207 132146 m2 0.07795 -0.431061 0.438857 0 0.0369639
1231207 546652 m2 0.03395 0.579436 -0.0194758 0 -0.0296704
1231207 536545 m2 0.01925 -0.395276 0.260941 -0.00156488 0
1231207 479896 m2 0.06745 0.0649395 -0.48047 0.000443319 0
1231207 578646 m2 0.02135 0.0580132 0.449558 0 -0.0261323
1231207 92581 m2 0.01405 -0.172675 0.384525 -0.0531634 0
1231207 113931 m2 0.12175 -0.725534 0.15422 -0.0205574 0
1231207 22935 m2 0.0324 0.363343 -0.0622782 -0.0344396 0
1231207 375763 m2 0.01545 0.0379282 0.357894 0 0.00503211
1231207 481613 m2 0.0131 -0.236875 0.213912 -0.00702509 0
1231207 411587 m2 0.01935 -0.169826 0.4711 -0.0535276 0
1231207 669868 m2 0.0134 0.0753862 0.447854 -0.0396994 0
1231207 277024 m2 0.04045 0.471325 0.133676 -0.00560413 0
1231207 293821 m2 0.01285 0.124808 0.308452 0 0.0379766
1231207 347036 m2 0.02335 -0.0286599 -0.12232 -0.0116852 0
1231207 715258 m2 0.0104 0.293162 0.37523 0.0715256 0
1231207 571741 m2 0.03305 -0.571104 -0.00865479 -0.0459538 0
1231207 426468 m2 0.06895 0.332473 0.606639 0 0.0493762
1231207 392405 m2 0.0191 0.215499 -0.0403091 0 0.0279432
1231207 640126 m2 0.0315 -0.370709 0.457182 -0.0371307 0
1231207 250848 m2 0.11425 -0.395797 0.624174 0 0.0366172
1231207 612312 m2 0.0487 -0.0394938 0.50099 0.0162453 0
1231207 485405 m2 0.0463 -0.47796 0.457069 0 0.0583297
1231207 215158 m2 0.1045 0.324021 -0.322759 0 0.0365975
1231207 377044 m2 0.024 -0.189092 0.0134266 -0.00644779 0
1231207 90819 m2 0.0136 0.111727 -0.318035 0 -0.0427098
1231207 275739 m2 0.0588 -0.013001 0.248536 0 -0.00567226
1231207 106852 m2 0.01865 0.24509 -0.0353187 0 -0.0322769
1231207 120945 m2 0.0419 -0.442787 0.407444 -0.0754252 0
1231207 296520 m2 0.0172 0.117877 0.0700207 0 0.0198255
1231207 635227 m2 0.01855 -0.123955 -0.0590151 0 -0.0411414
1231207 677312 m2 0.0138 0.135608 0.426082 -0.00939099 0
1231207 554813 m2 0.053 -0.513803 0.428925 0 -0.0515415
1231207 374797 m2 0.04205 0.48914 0.193566 0.0283632 0
1231207 5450 m2 0.14925 -0.308441 -0.773986 0 -0.0571705
1231207 558339 m2 0.0101 0.314817 0.254919 0 0.00100587
1231207 150659 m2 0.22745 -0.291268 0.417054 0 0.0176968
1231207 698757 m2 0.0135 -0.205703 0.302152 0 0.021478
1231207 613526 m2 0.0165 -0.380859 0.194591 -0.000653984 0
1231207 516416 m2 0.0372 0.00345157 0.582669 0 0.00541029
1231207 428706 m2 0.0872 -0.640453 0.249004 0 0.0217334
1231207 204511 m2 0.13195 0.616449 0.320536 0 0.0530416
1231207 399875 m2 0.01585 0.141931 -0.0167519 0 -0.012547
1231207 261679 m2 0.05085 0.101362 0.520006 0.0239849 0
1231207 63132 m2 0.1242 0.632447 -0.195462 0.00688668 0
1231207 210598 m2 0.0369 0.338888 0.488198 -0.00130123 0
1231207 367528 m2 0.02005 0.379084 0.0629564 0 0.0104716
1231207 854 m2 0.16585 0.568537 0.178074 0.0594892 0
1231207 593995 m2 0.0248 -0.383156 0.36155 0 0.0372065
1231207 697004 m2 0.01065 0.32788 0.282538 0 -0.00810822
1231207 355362 m2 0.03805 0.0887965 0.246508 0 -0.0218415
1231207 358181 m2 0.0117 0.183181 0.242005 0 0.0172594
1231207 273552 m2 0.04725 -0.382299 0.509006 -0.0523801 0
1231207 268936 m2 0.04175 0.486723 0.19443 0.0505237 0
1231207 4195 m2 0.0149 -0.206931 0.356897 0 0.0470008
1231207 125287 m2 0.0564 -0.55143 0.334963 -0.0555387 0
1231207 268692 m2 0.02805 0.282741 0.222478 0 -0.0295498
1231207 689175 m2 0.0174 -0.412756 0.393732 0 -0.0206372
1231207 614738 m2 0.02515 0.423449 0.452113 0.0177708 0
1231207 506196 m2 0.02255 -0.408292 0.403348 0 0.0486063
1231207 564890 m2 0.01685 -0.112667 0.31851 -0.00185 0
1231207 260162 m2 0.0149 -0.421041 0.0749384 0 0.0481589
1231207 348449 m2 0.0331 -0.27963 0.459737 0 0.110783
1231207 597289 m2 0.01455 -0.254319 0.444701 0 0.00238304
1231207 304136 m2 0.0213 0.42707 0.142855 0 0.0154799
1231207 55737 m2 0.016 -0.223003 0.272015 0 0.0217353
1231207 527604 m2 0.04105 -0.479363 0.12352 0 0.0290752
1231207 386648 m2 0.0177 0.263669 0.434834 0.0478118 0
1231207 336035 m2 0.01305 0.0862384 0.253216 0 0.0171671
1231207 42568 m2 0.0362 -0.358891 -0.456206 0 -0.0384599
1231207 460600 m2 0.0532 0.43875 0.178494 0 0.0659468
1231207 528153 m2 0.017 -0.258335 0.367912 0 -0.0602799
1231207 610564 m2 0.0153 0.161918 0.16725 0 0.0222993
1231207 673756 m2 0.0122 -0.332312 0.300615 -0.00466002 0
1231207 409354 m2 0.07435 -0.260934 0.561248 0 0.0189936
1231207 649381 m2 0.01315 0.420288 0.0992077 0 -0.0211652
1231207 351421 m2 0.0869 0.128604 0.74759 0 0.0626993
1231207 599244 m2 0.01945 -0.274423 0.394795 0 0.0101805
1231207 406872 m2 0.011 -0.307695 0.0838621 0 0.0528416
1231207 600452 m2 0.01125 -0.425021 0.17944 0.00300747 0
1231207 518927 m2 0.03125 0.587869 0.104234 0.0669898 0
1231207 470080 m2 0.04995 0.441457 0.431534 0.096936 0
1231207 177122 m2 0.07055 0.428229 -0.461206 0 -0.0505809
1231207 299224 m2 0.0804 0.595025 -0.144169 0 0.045835
1231207 532226 m2 0.01835 0.340614 0.424803 0.0852466 0
1231207 601951 m2 0.0177 -0.350378 0.431772 0 -0.032428
1231207 19871 m2 0.16105 0.679895 -0.308495 0.0417366 0
1231207 331644 m2 0.1433 0.338258 0.674665 0 0.0355606
1231207 571718 m2 0.0215 0.370173 0.242836 0.0179525 0
1231207 708204 m2 0.01635 0.0177624 0.452502 0.0420259 0
1231207 313025 m2 0.0806 0.0190268 0.00166107 0 0.0229269
1231207 611531 m2 0.02205 -0.0902552 0.226649 -0.0368974 0
1231207 647686 m2 0.0128 0.0797869 0.408461 0 0.0375628
1231207 376510 m2 0.02775 -0.240478 -0.37508 0.0220524 0
1231207 133669 m2 0.05055 -0.290372 -0.484369 -0.00361606 0
1231207 207298 m2 0.03015 -0.364225 0.403529 0 0.0524826
1231207 482352 m2 0.10605 0.667872 -0.149954 0.0251554 0
1231207 601948 m2 0.01735 -0.416712 0.196659 -0.0166376 0
1231207 26136 m2 0.20235 -0.642146 0.0421122 -0.0192054 0
1231207 234852 m2 0.08005 -0.691243 -0.164927 -0.0643825 0
1231207 287117 m2 0.0837 0.0205305 0.607351 0 0.0586045
1231207 473381 m2 0.0497 0.0991425 0.591527 0 0.066515
1231207 37841 m2 0.22995 -0.777069 -0.252271 -0.0454968 0
1231207 496653 m2 0.0133 -0.00336914 0.266162 0 0.0175419
1231207 546094 m2 0.0171 0.347281 0.344332 0 -0.0244498
1231207 17297 m2 0.0999 0.400493 -0.582421 0.0487259 0
1231207 714476 m2 0.0143 -0.274435 0.370723 0 0.0917151
1231207 222848 m2 0.07785 -0.365878 0.409349 0 -0.0508599
1231207 613265 m2 0.012 0.2988 0.394667 0.0508892 0
1231207 486646 m2 0.03005 0.388714 0.167233 0 -0.0318018
1231207 531474 m2 0.09905 -0.506722 0.42195 0 -0.0175438
1231207 287354 m2 0.05335 -0.482992 -0.153936 -0.0629076 0
1231207 1824 m2 0.07475 0.107467 0.320974 0 -0.00590079
1231207 244817 m2 0.0485 -0.437593 -0.036694 -0.0112376 0
1231207 355597 m2 0.0487 0.425117 -0.308945 0.0219355 0
1231207 497902 m2 0.04005 0.372831 0.529518 0 0.00757536
1231207 297007 m2 0.0417 -0.444787 -0.337058 -0.0219909 0
1231207 598468 m2 0.0409 0.379562 0.196604 0 0.0993201
1231207 610286 m2 0.0128 0.30291 -0.0743391 -0.0284979 0
1231207 415096 m2 0.02535 0.00095271 -0.417477 0 -0.014563
1231207 394118 m2 0.0149 0.00741572 -0.0165763 0.0127405 0
1231207 662458 m2 0.02695 0.337166 0.217111 0 -0.0087708
1231207 537279 m2 0.0691 0.00201604 0.459254 -0.0121983 0
1231207 287583 m2 0.01985 -0.419997 -0.0695623 -0.0655795 0
1231207 58782 m2 0.0676 -0.345631 0.580606 0 0.0196537
1231207 487669 m2 0.0283 -0.476971 0.283327 0 -0.0187405
1231207 669317 m2 0.01325 -0.384816 0.358946 0 -0.0400476
1231207 689627 m2 0.01075 -0.327879 0.301428 0.0118308 0
1231207 106560 m2 0.05695 -0.231096 -0.565852 0.0270638 0
1231207 485868 m2 0.02695 -0.239751 0.407794 0 0.0431817
1231207 448032 m2 0.03195 -0.330657 0.416545 0 0.0102415
1231207 510595 m2 0.04495 0.461222 0.404536 0.00606893 0
1231207 681990 m2 0.0154 -0.45341 0.320704 0 0.00520844
1231207 602939 m2 0.02825 -0.435311 0.431987 -0.00559668 0
1231207 373565 m2 0.0119 -0.212472 -0.22976 0 -0.01784
1231207 149891 m2 0.03555 0.180012 0.0451602 0 0.0355175
1231207 481813 m2 0.08035 -0.439996 0.168326 0 -0.0174928
1231207 485123 m2 0.01785 -0.463507 0.221037 -0.0624231 0
1231207 658185 m2 0.01635 -0.43954 0.100512 0 0.019883
1231207 10632 m2 0.03955 -0.424313 0.0412634 0 0.0166914
1231207 279983 m2 0.03215 0.335078 -0.191494 0 -0.0682665
1231207 632751 m2 0.0107 0.0277233 0.177945 -0.0377809 0
1231207 469802 m2 0.032 0.466056 0.211843 0 -0.00723049
1231207 299454 m2 0.04605 0.489902 -0.172314 0.0683565 0
1231207 710729 m2 0.01185 0.371619 0.278984 0.0066558 0
1231207 176158 m2 0.09225 0.434769 0.353329 0 0.0475687
1231207 687859 m2 0.0101 0.24309 0.257803 0.0216477 0
1231207 601928 m2 0.0179 -0.261674 0.400348 0 0.00100243
1231207 578070 m2 0.0191 -0.271667 0.302212 0 0.00112431
1231207 586813 m2 0.0258 0.413303 0.348688 0.0169862 0
1231207 237551 m2 0.01595 -0.212786 0.443229 0 0.029379
1231207 286115 m2 0.0812 -0.389314 -0.207367 0.00419345 0
1231207 229406 m2 0.06765 0.182562 0.0949954 0.0204833 0
1231207 291309 m2 0.0233 0.483387 -0.077444 0.0684258 0
1231207 616937 m2 0.0216 -0.371565 0.25815 0 -0.0144019
1231207 615455 m2 0.01725 0.347329 0.0475292 0 0.0236201
1231207 304365 m2 0.0488 0.226625 0.394976 0 0.0187805
1231207 166126 m2 0.17955 -0.827896 -0.0428712 -0.0763161 0
1231207 334950 m2 0.0249 -0.320681 -0.504991 0 -0.000991585
1231207 260349 m2 0.03225 -0.392944 -0.290579 0 -0.0657902
1231207 337750 m2 0.05 0.161557 0.150997 0.00734512 0
1231207 693051 m2 0.0122 0.392623 0.232243 0 0.0230822
1231207 288570 m2 0.1218 0.482933 -0.282241 0.0121074 0
1231207 444069 m2 0.02395 0.0154728 0.479256 -0.00159306 0
1231207 719225 m2 0.0137 0.29801 0.255667 0 0.0516035
1231207 301025 m2 0.05155 0.420228 -0.536985 0 0.0275086
1231207 21333 m2 0.02655 0.0763748 -0.0201287 0 -0.0301576
1231207 727173 m2 0.0108 -0.13759 0.260514 0 0.0255379
1231207 599450 m2 0.0119 0.0983446 0.312296 0.0353198 0
1231207 451713 m2 0.04355 -0.361587 0.343044 -0.0286581 0
1231207 117862 m2 0.01625 0.0693725 -0.414904 0 -0.050838
1231207 580406 m2 0.0292 -0.0301774 0.445592 -0.000456267 0
1231207 279976 m2 0.0288 0.414104 0.381459 0 0.0130545
1231207 600184 m2 0.0164 0.43405 0.344822 0 -0.00218507
1231207 518656 m2 0.0402 0.574409 0.0639718 0 -0.0332578
1231207 124296 m2 0.07805 0.734164 -0.0709869 0.0701292 0
1231207 701883 m2 0.0132 -0.322608 0.348501 0 -0.0260373
1231207 634698 m2 0.01405 0.210093 -0.237812 0.0386971 0
1231207 282402 m2 0.0124 0.445008 0.0195179 0.0980914 0
1231207 561330 m2 0.11045 0.577546 0.424643 0 0.00895246
1231207 274260 m2 0.05625 0.401458 -0.20048 0 -0.0230485
1231207 57993 m2 0.12915 0.438829 0.51887 0 0.0581815
1231207 249872 m2 0.0159 -0.576869 -0.0865578 -0.0598662 0
1231207 470280 m2 0.1207 -0.637614 0.356148 -0.0386909 0
1231207 670075 m2 0.01605 -0.245585 0.434609 0 -0.0191685
1231207 17249 m2 0.0661 0.31236 -0.408243 0.00933001 0
1231207 627709 m2 0.01015 0.245018 0.218792 0.000491913 0
1231207 691101 m2 0.0162 0.158399 0.296188 0 0.0318231
1231207 125747 m2 0.13895 -0.0604605 0.70563 0 0.0328658
1231207 300458 m2 0.02715 -0.449562 0.310549 -0.0167726 0
1231207 524028 m2 0.01815 0.41755 0.340672 0.0691044 0
1231207 326491 m2 0.02625 0.479487 -0.175832 0 -0.0392651
1231207 468543 m2 0.01135 -0.101675 0.118584 0 -0.0016824
1231207 717455 m2 0.01135 0.290445 -0.0327449 0 0.00411171
1231207 565088 m2 0.01095 -0.239293 0.0280053 0 -0.0433243
1231207 684951 m2 0.017 0.354038 0.165933 0.0327312 0
1231207 456765 m2 0.02935 0.382003 0.313406 0.0367877 0
1231207 583488 m2 0.0207 0.415349 0.212656 -0.0127839 0
1231207 39308 m2 0.1337 -0.463626 0.303095 0 0.0713813
1231207 110148 m2 0.23665 -0.584177 0.204604 -0.0225383 0
1231207 3032 m2 0.0593 -0.488021 -0.450468 0 -0.0242718
1231207 615925 m2 0.02455 -0.360902 -0.0743897 0 0.0335805
1231207 262904 m2 0.09175 -0.478713 0.0419445 -0.0040925 0
1231207 343229 m2 0.0138 0.121039 -0.362714 -0.0192088 0
1231207 602904 m2 0.0151 -0.403089 0.129133 -0.00170266 0
1231207 144619 m2 0.02805 0.0291305 0.324214 0 0.0304888
1231207 28056 m2 0.06935 0.0510646 -0.282059 0.00466009 0
1231207 80628 m2 0.2188 -0.55663 0.587153 -0.0456099 0
1231207 535527 m2 0.0111 -0.212459 0.242929 0 -0.0143413
1231207 420087 m2 0.06775 -0.491261 -0.376267 0 -0.0132071
1231207 646147 m2 0.0202 0.360024 -0.320021 -0.026302 0
1231207 25056 m2 0.2611 -0.584305 0.59017 0 0.0304793
1231207 300210 m2 0.0733 0.565912 0.343509 0.0587356 0
1231207 539488 m2 0.02135 0.473331 -0.0162367 0 -0.00243099
1231207 621655 m2 0.0453 -0.42732 0.415697 0 -0.0323666
1231207 611025 m2 0.01935 -0.338467 0.320498 -0.00702786 0
1231207 633452 m2 0.011 0.0928234 0.108013 0.0139505 0
1231207 587502 m2 0.04735 -0.566528 0.0983534 0 0.0364366
1231207 94755 m2 0.1128 0.0310528 -0.156948 0 -0.0238378
1231207 61519 m2 0.0347 0.137992 0.0485971 0 0.00849729
1231207 724425 m2 0.0103 0.139643 0.126597 0 0.0259938
1231207 591503 m2 0.033 0.238366 0.39764 0 0.0284307
1231207 187706 m2 0.03145 -0.0362475 0.180537 0.0106124 0
1231207 396579 m2 0.02745 -0.436989 0.225085 -0.000944888 0
1231207 448750 m2 0.02315 -0.063816 -0.327938 0 -0.0331849
1231207 148304 m2 0.0462 -0.193171 -0.190503 -0.0653201 0
1231207 353895 m2 0.0164 -0.362019 0.14599 -0.0278702 0
1231207 282914 m2 0.0444 -0.307674 0.507723 0.0173292 0
1231207 676491 m2 0.01975 0.445817 0.103435 -0.034387 0
1231207 655880 m2 0.0151 0.432103 -0.13207 0 0.0587859
1231207 569854 m2 0.0246 0.223034 0.526166 0.0297344 0
1231207 128262 m2 0.0441 -0.559671 -0.181021 0 -0.0696159
1231207 30770 m2 0.0284 0.278185 0.262933 -0.0403818 0
1231207 157214 m2 0.27015 0.59049 -0.64973 0 -0.0730873
1231207 652675 m2 0.02 -0.462009 0.349728 0 0.032032
1231207 491266 m2 0.018 0.187444 0.489203 0 0.0413404
1231207 392559 m2 0.0315 -0.190636 -0.462644 0 0.0247736
1231207 351625 m2 0.1504 -0.673211 0.126729 0 -0.00733968
1231207 14756 m2 0.1323 -0.601586 -0.410325 -0.0255869 0
1231207 52173 m2 0.08805 -0.474082 -0.450181 -0.0429954 0
1231207 186950 m2 0.0516 0.696142 -0.17538 0.0881132 0
1231207 40787 m2 0.14345 -0.135686 -0.36701 0 -0.0571847
1231207 665742 m2 0.01685 0.452038 -0.0126456 0 0.03071
1231207 575746 m2 0.0105 0.110108 -0.22486 0.0226502 0
1231207 569381 m2 0.0193 -0.306109 0.0972392 -0.0179306 0
1231207 613937 m2 0.01125 0.340077 0.337245 0.0678449 0
1231207 55664 m2 0.0643 -0.0779788 0.177697 -0.0164311 0
1231207 118331 m2 0.1073 -0.373646 0.221092 -0.0405886 0
1231207 292505 m2 0.0266 0.0238826 -0.31748 0 0.0293951
1231207 475115 m2 0.04675 -0.408401 -0.0460154 0.0166376 0
1231207 148541 m2 0.1402 -0.518602 0.504466 0 0.0457821
1231207 41294 m2 0.0333 0.49304 -0.310331 0 -0.0282141
1231207 707618 m2 0.0133 -0.1605 0.159073 0 0.0958265
1231207 451427 m2 0.01105 -0.200866 -0.348479 0 -0.00256929
1231207 63824 m2 0.08965 -0.23704 0.128854 0 0.0307597
1231207 649584 m2 0.0354 0.022139 0.190119 0 0.0424424
1231207 233824 m2 0.18195 -0.383298 -0.651816 0 -0.00424653
1231207 595446 m2 0.01605 -0.333412 -0.154178 0 -0.00540013
1231207 312682 m2 0.0372 -0.33103 0.355954 0.00513833 0
1231207 403803 m2 0.0539 0.471381 0.0805315 0 0.0520034
1231207 567137 m2 0.01645 -0.313604 -0.295683 0.0369873 0
1231207 544336 m2 0.0112 -0.298506 -0.30335 0.0294994 0
1231207 697947 m2 0.0157 0.432353 -0.014923 0 -0.108505
1231207 176813 m2 0.19225 -0.36165 -0.438899 -0.00768169 0
1231207 599184 m2 0.0197 -0.205762 0.348442 0 -0.0758676
1231207 599183 m2 0.02095 0.41063 0.385743 0 0.0349741
1231207 293492 m2 0.1035 0.227235 -0.0200548 0 0.0541311
1231207 389871 m2 0.0242 -0.258696 0.405719 -0.0437943 0
1231207 288781 m2 0.03125 0.385925 -0.421345 -0.0260304 0
1231207 508353 m2 0.0399 -0.253124 -0.232357 0 0.0401068
1231207 673950 m2 0.014 -0.24527 0.332709 0 0.00233842
1231207 643478 m2 0.01075 0.0867166 0.268849 -0.020437 0
1231207 442286 m2 0.0315 0.37369 0.475098 0 0.00232026
1231207 334115 m2 0.0365 -0.576074 -0.133117 -0.0228323 0
1231207 92474 m2 0.03825 0.110369 0.0217497 -0.0157131 0
1231207 50114 m2 0.05245 -0.457424 0.200736 0 0.0395108
1231207 529103 m2 0.0133 -0.336903 0.293356 0.00909877 0
1231207 220669 m2 0.0305 0.110939 -0.421088 0.00212867 0
1231207 392057 m2 0.03045 -0.600124 0.0357709 -0.0429566 0
1231207 532157 m2 0.016 0.309391 -0.334329 0.0794079 0
1231207 23270 m2 0.0178 -0.207595 -0.133679 0 -0.00895653
1231207 289293 m2 0.02065 0.373485 -0.403307 0 -0.052814
1231207 16698 m2 0.05095 -0.644766 0.164693 -0.0221937 0
1231207 549276 m2 0.0193 0.298971 0.396274 -0.00719998 0
1231207 527526 m2 0.01935 0.13905 -0.0696421 0 0.00835566
1231207 642758 m2 0.02325 -0.265478 0.218458 0 -0.0547388
1231207 406066 m2 0.05515 -0.268199 0.270963 0 0.0391458
1231207 640517 m2 0.01745 0.433799 0.149864 -0.0302747 0
1231207 707123 m2 0.0112 0.288533 -0.0311058 0 -0.0127252
1231207 37507 m2 0.0244 -0.141412 0.351259 0.0505597 0
1231207 445488 m2 0.01745 0.292276 -0.2074 0.0200353 0
1231207 646633 m2 0.0101 0.00650169 -0.141037 -0.00671406 0
1231207 706668 m2 0.0149 0.216869 0.0764059 0 -0.0325594
1231207 455898 m2 0.0352 -0.532718 0.0202458 -0.0414814 0
1231207 525016 m2 0.02565 0.0199284 0.12635 0 -0.0385621
1231207 89550 m2 0.0187 -0.107622 -0.444619 -0.0152738 0
1231207 70189 m2 0.0682 -0.250692 -0.386597 0 -0.00364491
1231207 417542 m2 0.06095 0.412764 0.480249 0.04147 0
1231207 635876 m2 0.02265 -0.322146 0.254263 0.0260486 0
1231207 468721 m2 0.0421 0.567519 -0.235505 0 -0.0677683
1231207 39001 m2 0.0412 0.594789 -0.171489 0.0593269 0
1231207 169984 m2 0.06455 0.286074 0.589532 0 0.0522056
1231207 619154 m2 0.0155 0.329159 -0.227701 0 0.115911
1231207 321705 m2 0.05805 -0.077345 0.325049 0 0.0504455
1231207 657356 m2 0.01145 0.062428 -0.074609 -0.0639275 0
1231207 677967 m2 0.01145 -0.368244 0.00790224 0.0501881 0
1231207 531902 m2 0.01845 -0.47519 -0.0835328 -0.0118679 0
1231207 563823 m2 0.0327 0.481938 -0.131935 0 0.0270977
1231207 236993 m2 0.01545 0.295268 0.311073 0.0283758 0
1231207 102972 m2 0.0268 0.000399177 -0.64507 0 -0.0173972
1231207 347634 m2 0.0297 0.126662 -0.356555 -0.00159478 0
1231207 622155 m2 0.0383 0.377696 -0.353553 0 0.0543135
1231207 262609 m2 0.055 0.649528 -0.0421877 0.0586248 0
1231207 423091 m2 0.0677 -0.478905 -0.486766 0 -0.0198508
1231207 450910 m2 0.0733 0.463836 0.0255152 0.0214586 0
1231207 409534 m2 0.0107 0.298035 -0.306667 0 0.00193551
1231207 475332 m2 0.01265 0.321307 -0.361588 0 -0.105749
1231207 244489 m2 0.11365 -0.616219 0.348256 0 0.0462459
1231207 383716 m2 0.01395 -0.0222847 -0.492739 0.0507897 0
1231207 116102 m2 0.0427 0.40935 -0.407707 0 -0.0584068
1231207 322210 m2 0.01525 0.200596 0.318018 0 0.0278973
1231207 573943 m2 0.0148 0.417969 -0.294111 0 -0.0328043
1231207 224567 m2 0.02925 -0.444481 0.274415 0 -0.0677225
1231207 505623 m2 0.0126 -0.450356 -0.279307 -0.0400659 0
1231207 467727 m2 0.0295 -0.281058 -0.347473 0 -0.0309505
1231207 387555 m2 0.01745 -0.290997 0.245922 -0.0286175 0
1231207 573186 m2 0.0164 0.172566 -0.384955 0 0.0262734
1231207 450905 m2 0.03085 0.333082 -0.172659 0 0.0586173
1231207 151077 m2 0.2574 0.154749 0.404122 0 -0.0143935
1231207 204888 m2 0.0626 0.336503 0.528898 0.00908931 0
1231207 149567 m2 0.04495 -0.280552 0.0390538 -0.0271747 0
1231207 333109 m2 0.0772 0.484773 -0.295424 0.0337405 0
1231207 375393 m2 0.0431 0.39915 0.241515 0 0.0399756
1231207 256511 m2 0.1044 -0.0907697 -0.556896 -0.0285355 0
1231207 719656 m2 0.0118 -0.256018 -0.0300189 0.00877532 0
1231207 600368 m2 0.0117 0.394286 0.0789878 -0.00958678 0
1231207 306321 m2 0.0512 -0.199612 -0.364754 -0.00280254 0
1231207 650345 m2 0.0213 -0.372605 0.362495 0.0280729 0
1231207 199637 m2 0.0101 -0.386692 0.279868 0 0.0767469
1231207 35924 m2 0.3606 0.759898 0.146628 0.0590378 0
1231207 32931 m2 0.0451 -0.324093 0.229675 0 -0.00539127
1231207 439224 m2 0.03415 0.518966 0.46021 0 0.061462
1231207 294163 m2 0.02365 0.36681 -0.433393 0 -0.0787335
1231207 134550 m2 0.0238 -0.17584 0.226564 0 0.0100011
1231207 77870 m2 0.0546 0.221069 0.245858 -0.0142865 0
1231207 325925 m2 0.11275 -0.706252 -0.276249 -0.0271198 0
1231207 681916 m2 0.02025 -0.3659 -0.399405 0.0048004 0
1231207 239506 m2 0.0394 -0.429851 0.210005 -0.0170926 0
1231207 675673 m2 0.0157 0.351812 -0.297365 0 0.00644734
1231207 671808 m2 0.0133 -0.341741 0.134992 0 -0.0271592
1231207 646867 m2 0.011 0.162141 -0.247452 0 -0.0545562
1231207 114328 m2 0.0699 -0.138207 -0.461351 0 0.00476143
1231207 647862 m2 0.02025 0.0844086 0.187083 0 0.0187906
1231207 18418 m2 0.10145 -0.19628 -0.388715 0 -0.00510961
1231207 514027 m2 0.0231 -0.429124 -0.0222824 0.0215427 0
1231207 523967 m2 0.01965 -0.450808 -0.211104 0 0.0178245
1231207 583435 m2 0.0234 0.454171 -0.0140295 0 -0.0533944
1231207 556153 m2 0.0139 0.0239259 -0.0233562 0 0.0201843
1231207 45593 m2 0.0167 -0.223579 0.213816 0 0.0197668
1231207 294157 m2 0.01035 0.290426 -0.186404 0.0126273 0
1231207 264625 m2 0.0789 0.566889 0.144015 0 0.0220327
1231207 304805 m2 0.03155 0.281493 0.0688318 0 -0.0142341
1231207 583933 m2 0.0564 0.480947 -0.118641 0 -0.0524752
1231207 122741 m2 0.20655 -0.144524 0.734736 0 0.0415814
1231207 560816 m2 0.0296 -0.40975 -0.458786 0.00508339 0
1231207 575708 m2 0.04805 -0.20775 -0.230888 0 -0.106312
1231207 628711 m2 0.0139 0.424558 -0.311989 0.0365943 0
1231207 312941 m2 0.03165 0.486722 0.316787 0 0.00820996
1231207 463350 m2 0.01965 -0.443408 -0.0968957 0 -0.019733
1231207 700374 m2 0.01545 0.0210817 -0.131203 0.00152614 0
1231207 310074 m2 0.09965 -0.678609 0.0606287 0 0.0255007
1231207 461324 m2 0.0179 0.455557 -0.386072 0.117511 0
1231207 343168 m2 0.0331 -0.461777 -0.317143 0.0328663 0
1231207 440986 m2 0.03765 0.249945 -0.0737329 0.0654608 0
1231207 381940 m2 0.10425 0.44066 0.642611 -0.0050892 0
1231207 649801 m2 0.01145 0.355865 0.321745 0.00824295 0
1231207 90228 m2 0.0101 -0.0511245 0.0275286 -0.00287465 0
1231207 359617 m2 0.0514 0.105966 -0.0571439 0 -0.020493
1231207 667232 m2 0.0226 0.400451 -0.165524 0 0.00578422
1231207 301192 m2 0.0245 0.266752 -0.223457 0 -0.0480312
1231207 252212 m2 0.09395 0.501624 -0.500523 0 -0.0216587
1231207 366083 m2 0.01035 0.396857 -0.18045 0 -0.0198525
1231207 306040 m2 0.08415 -0.471401 0.361238 0 0.042457
1231207 614653 m2 0.023 -0.532675 0.124521 0 0.00519187
1231207 719383 m2 0.01575 -0.00425833 -0.075081 0 -0.0229339
1231207 532118 m2 0.0215 0.479456 -0.176893 0.0316174 0
1231207 546516 m2 0.0229 0.455366 -0.145578 0.0510657 0
1231207 472249 m2 0.0166 -0.0474098 0.298628 0 0.0289665
1231207 314980 m2 0.0127 -0.374331 -0.0571424 0 -0.075624
1231207 613892 m2 0.013 -0.376296 -0.0577112 -0.0525835 0
1231207 678928 m2 0.02575 0.599011 -0.253764 0 -0.00263168
1231207 286515 m2 0.1486 0.574678 -0.483295 0 -0.0442992
1231207 485772 m2 0.10995 -0.482635 0.531473 -0.012379 0
1231207 593158 m2 0.0131 0.00369699 0.0987624 0.00993972 0
1231207 654075 m2 0.0142 0.410937 0.355235 0.0162894 0
1231207 566579 m2 0.09915 0.574543 -0.0631035 0 -0.0172938
1231207 540701 m2 0.0161 0.264773 -0.0482822 0 0.0415369
1231207 533210 m2 0.035 0.403872 -0.342449 0 0.0159808
1231207 215035 m2 0.1095 -0.595686 0.388152 -0.0914503 0
1231207 503594 m2 0.0176 0.329136 -0.0914268 0 -0.0408127
1231207 554431 m2 0.0147 -0.126328 -0.187519 0 -0.0196153
1231207 403042 m2 0.01355 -0.420439 0.11938 -0.0360477 0
1231207 553480 m2 0.0132 -0.425104 0.0477281 0 0.0229782
1231207 627648 m2 0.01735 0.13651 -0.0276198 -0.00197865 0
1231207 679939 m2 0.0213 0.333173 -0.30663 0 -0.00512727
1231207 593652 m2 0.01845 0.3286 -0.394123 -0.0198632 0
1231207 32867 m2 0.0199 -0.467771 -0.168027 -0.0664129 0
1231207 658367 m2 0.02405 -0.390658 0.19007 0 -0.0801974
1231207 565259 m2 0.01965 -0.384158 -0.395321 0 -0.0297761
1231207 566317 m2 0.0195 -0.419414 -0.0731175 0 0.0361509
1231207 617095 m2 0.03245 0.430762 -0.468388 0 -0.0231431
1231207 140492 m2 0.11805 -0.286154 0.462431 0 -0.00543361
1231207 238460 m2 0.03085 -0.146938 0.447346 -0.00341128 0
1231207 512025 m2 0.02185 0.334036 0.413082 0 0.0122342
1231207 213563 m2 0.07575 -0.35025 0.382402 0 0.04435
1231207 691531 m2 0.0148 0.260703 0.0994788 -0.0179013 0
1231207 597409 m2 0.0182 0.339827 -0.335571 0.0293145 0
1231207 661148 m2 0.0188 -0.365944 0.256471 0 -0.0115537
1231207 380430 m2 0.0119 0.00909797 0.0595917 0 0.0435632
1231207 270622 m2 0.0194 -0.142021 0.210192 0 -0.0112065
1231207 127698 m2 0.09805 -0.493807 0.335102 0 -0.00719009
1231207 593152 m2 0.0153 -0.374679 -0.0683824 0 -0.106435
1231207 396256 m2 0.01045 -0.248884 0.131562 0 -0.028601
1231207 206665 m2 0.02345 0.43457 -0.388453 0.00544775 0
1231207 90211 m2 0.0216 0.0619572 -0.191613 -0.0164488 0
1231207 456408 m2 0.01815 0.227225 0.0571237 0 -0.0200275
1231207 288732 m2 0.18525 -0.520829 -0.496561 0 -0.00476084
1231207 661367 m2 0.01715 0.0813042 0.404729 0 0.0107308
1231207 569324 m2 0.03875 -0.590769 0.0119685 -0.01913 0
1231207 366059 m2 0.0684 0.189399 -0.536107 0.030439 0
1231207 601334 m2 0.0143 -0.177902 0.0134367 0 0.02832
1231207 523928 m2 0.02315 0.301217 0.187348 0 -0.0730194
1231207 675928 m2 0.0274 0.416508 -0.370229 0 -0.0607984
1231207 577990 m2 0.0158 -0.36797 -0.0981675 0 -0.0147656
1231207 652052 m2 0.02315 0.286475 -0.211372 0 -0.0457719
1231207 296662 m2 0.01865 -0.347413 -0.342165 0.0316544 0
1231207 467431 m2 0.0165 -0.432881 -0.0771658 0 -0.0418371
1231207 541915 m2 0.0449 -0.539497 0.0773697 0 0.0251824
1231207 298849 m2 0.0157 0.371018 0.377528 0 0.0747465
1231207 638043 m2 0.0534 0.0023345 -0.488336 0 0.0235915
1231207 144759 m2 0.01745 -0.290997 0.245922 0.03143 0
1231207 644685 m2 0.02145 -0.352536 -0.237422 -0.0542271 0
1231207 90202 m2 0.0424 -0.462993 -0.403722 0.0154621 0
1231207 148735 m2 0.067 0.21725 0.0789373 0 0.0427271
1231207 273169 m2 0.07905 -0.187484 -0.596083 0 -0.0273148
1231207 336898 m2 0.08295 -0.516705 -0.442945 -0.0206676 0
1231207 107611 m2 0.16085 0.402148 0.0667384 0 0.0349537
1231207 213051 m2 0.02095 0.351177 0.304313 0 -0.0348587
1231207 482990 m2 0.0175 -0.0832832 0.460464 0 0.00130642
1231207 631915 m2 0.01355 0.299358 -0.104788 0 -0.00967793
1231207 356997 m2 0.16675 0.415697 -0.196496 -0.0164386 0
1231207 130697 m2 0.1542 0.643878 -0.441761 -0.0163598 0
1231207 344313 m2 0.0383 0.0621755 0.447061 -0.0300571 0
1231207 405303 m2 0.0197 -0.396989 -0.0111486 0 0.0178119
1231207 614630 m2 0.0377 -0.355873 -0.446972 -0.0298536 0
1231207 563784 m2 0.01945 -0.463923 -0.16464 -0.00930095 0
1231207 633371 m2 0.0101 -0.295114 -0.0578559 0 0.045709
1231207 516020 m2 0.04925 0.581487 -0.277027 -0.00759077 0
1231207 263111 m2 0.0454 0.0949951 -0.289201 0.00231543 0
1231207 158651 m2 0.0468 -0.376232 -0.406059 0 -0.0916508
1231207 643918 m2 0.0152 0.210186 -0.389671 0 -0.0366956
1231207 651307 m2 0.0118 -0.122371 0.094599 -0.0809457 0
1231207 525226 m2 0.06645 -0.0202916 -0.0585485 -0.00350965 0
1231207 538676 m2 0.0161 -0.211735 -0.197732 -0.0349938 0
1231207 535430 m2 0.01755 0.0385732 0.419789 -0.0778762 0
1231207 88760 m2 0.0352 -0.291609 -0.253877 0.00490872 0
1231207 642710 m2 0.04165 -0.516646 -0.0432863 0 -0.034194
1231207 535645 m2 0.01525 -0.128592 0.0348426 -0.029093 0
1231207 403520 m2 0.0121 -0.33849 -0.240265 0 -0.0421633
1231207 681635 m2 0.01755 -0.348156 0.161381 0 -0.0222229
1231207 102622 m2 0.0841 0.36411 -0.401268 0 -0.00516607
1231207 78292 m2 0.083 0.205182 -0.409941 0 -0.0107358
1231207 438388 m2 0.02335 0.132563 -0.291369 -0.00535523 0
1231207 395473 m2 0.08565 0.385918 -0.0529318 -0.012908 0
1231207 510237 m2 0.01165 -0.0568456 0.137294 0 0.0389732
1231207 156864 m2 0.02055 0.194237 -0.0693817 0.0402068 0
1231207 365608 m2 0.01155 0.411581 -0.104834 0 -0.0274436
1231207 344534 m2 0.0257 0.193823 0.349216 0 -0.0129956
1231207 651811 m2 0.0119 -0.185585 -0.155116 0 0.0733435
1231207 673628 m2 0.01115 -0.478263 0.256665 0 0.0814079
1231207 138255 m2 0.3221 0.0531516 0.490739 0 0.0491916
1231207 159845 m2 0.0312 -0.440864 -0.416723 -0.0124851 0
1231207 599111 m2 0.02645 0.47355 -0.139792 0 -0.0543078
1231207 272158 m2 0.01815 -0.312798 -0.412834 0 -0.0491188
1231207 700578 m2 0.01305 -0.421046 -0.113616 0 0.0253958
1231207 554405 m2 0.01005 -0.0817333 -0.162743 -0.00400121 0
1231207 607370 m2 0.0121 -0.298918 -0.310666 0 -0.00774735
1231207 424780 m2 0.02115 -0.313779 -0.235966 0 -0.0919634
1231207 641455 m2 0.014 0.431873 -0.144646 0.0200669 0
1231207 426563 m2 0.05445 0.48319 0.188682 0 0.044981
1231207 289973 m2 0.02845 0.443136 -0.190547 0 -0.00239716
1231207 536914 m2 0.0105 -0.257365 0.381363 -0.00366942 0
1231207 85451 m2 0.0693 0.450192 -0.53639 0 -0.0566323
1231207 231252 m2 0.111 0.206812 -0.108376 0 -0.0122231
1231207 264109 m2 0.01525 -0.043677 0.365065 0.00184514 0
1231207 274370 m2 0.0742 0.446892 -0.544417 0 -0.0566789
1231207 163796 m2 0.0161 0.203158 -0.424613 0 -0.0222006
1231207 455018 m2 0.0128 0.239948 -0.301308 -0.074861 0
1231207 270586 m2 0.0227 0.249679 0.0170692 0 0.00136838
1231207 582638 m2 0.0227 0.0441416 0.26485 -0.00955094 0
1231207 361588 m2 0.02605 -0.437251 -0.375345 0 -0.081185
1231207 206380 m2 0.02 -0.403469 0.410921 -0.000234322 0
1231207 693923 m2 0.01105 -0.0908516 -0.233282 0 0.00450526
1231207 347322 m2 0.02605 -0.42303 -0.0465951 -0.0287635 0
1231207 499253 m2 0.01735 0.381743 -0.132346 0 0.0679005
1231207 619826 m2 0.02075 0.400505 -0.388428 0.0307541 0
1231207 392476 m2 0.04435 -0.493761 -0.440673 0 -0.129661
1231207 706097 m2 0.01465 -0.322371 -0.221358 0 -0.0535817
1231207 622093 m2 0.011 0.0978575 -0.36229 0 0.0274003
1231207 244426 m2 0.0152 0.430875 -0.325721 0 -0.0843072
1231207 399477 m2 0.04515 0.19695 0.268237 0.0283695 0
1231207 524688 m2 0.01185 -0.219949 -0.368732 0 0.0190405
1231207 486279 m2 0.01545 0.377096 -0.255243 0 0.00690478
1231207 609923 m2 0.0355 0.395814 -0.412507 0 -0.112277
1231207 465544 m2 0.0226 0.031858 -0.278943 -0.0555782 0
1231207 497277 m2 0.0233 -0.353619 -0.470164 0 -0.0932468
1231207 523101 m2 0.03375 -0.448105 -0.0945488 -0.0054797 0
1231207 302197 m2 0.0634 -0.431191 -0.515837 0 -0.0287189
1231207 205608 m2 0.068 0.587747 -0.128816 0.0679296 0
1231207 113430 m2 0.04775 0.150065 -0.379931 0.0289412 0
1231207 532065 m2 0.05705 -0.345269 -0.511388 0 -0.0756342
1231207 578490 m2 0.03935 -0.357475 -0.444815 0.0345081 0
1231207 201281 m2 0.0654 -0.394322 -0.625689 -0.0333178 0
1231207 508764 m2 0.03335 -0.503852 0.0274791 -0.0251784 0
1231207 292903 m2 0.01545 0.377096 -0.255243 0 0.0729409
1231207 259999 m2 0.217 0.252466 -0.342453 0 0.0420439
1231207 392735 m2 0.0232 0.523312 0.151575 0.0588312 0
1231207 546723 m2 0.03245 -0.455404 -0.0260981 0 0.0133123
1231207 453111 m2 0.024 -0.0068942 -0.0238999 -0.0418964 0
1231207 647808 m2 0.0145 -0.395656 0.0968676 0 -0.0425447
1231207 306738 m2 0.01455 -0.355847 -0.23744 0 0.00401814
1231207 268770 m2 0.0903 0.0323866 -0.76076 0 -0.118708
1231207 691492 m2 0.03355 0.401882 -0.33202 0 0.05424
1231207 104361 m2 0.0268 0.457548 0.239614 0.0477725 0
1231207 515253 m2 0.01485 0.255902 -0.170359 0 -0.0213762
1231207 427055 m2 0.01865 0.42091 -0.418871 0.0320553 0
1231207 116997 m2 0.0252 -0.506786 -0.073589 -0.0401107 0
1231207 103384 m2 0.0439 0.28191 0.463381 0.017466 0
1231207 187587 m2 0.02495 0.15149 -0.508819 0 0.014152
1231207 462261 m2 0.02075 -0.574483 -0.141061 0.0058843 0
1231207 545173 m2 0.031 -0.487453 0.352266 0 0.00987513
1231207 551395 m2 0.0123 -0.183063 -0.447486 -0.0240512 0
1231207 585426 m2 0.01425 -0.366459 -0.140652 0.0178356 0
1231207 575634 m2 0.01425 0.343561 -0.358052 0 -0.0030983
1231207 707049 m2 0.0101 -0.339484 -0.130971 0 -0.00909871
1231207 293102 m2 0.0174 -0.400857 -0.391606 -0.0288837 0
1231207 464551 m2 0.01595 -0.138743 -0.233156 -3.12517e-05 0
1231207 113680 m2 0.0529 -0.590045 -0.19178 -0.0324151 0
1231207 715595 m2 0.01165 -0.142279 -0.0247349 0.00602494 0
1231207 332551 m2 0.10305 0.210704 -0.0922743 -0.00403648 0
1231207 155619 m2 0.0642 0.378828 -0.511812 0 -0.0622556
1231207 640677 m2 0.01055 -0.427139 -0.244981 -0.013145 0
1231207 627126 m2 0.04585 0.231891 -0.37574 0 -0.0489035
1231207 614842 m2 0.0172 -0.131643 0.416359 0 -0.0374623
1231207 633824 m2 0.01345 -0.296494 -0.0315954 -0.0652475 0
1231207 210399 m2 0.02655 0.127166 -0.508112 0 -0.0604877
1231207 538405 m2 0.014 0.365071 0.0614476 0.055077 0
1231207 672828 m2 0.01195 -0.204912 -0.134236 0.0305691 0
1231207 476973 m2 0.0479 0.470057 -0.449181 0 0.0128178
1231207 285217 m2 0.04345 0.603799 -0.162806 0.0355117 0
1231207 446380 m2 0.01175 0.340556 -0.316076 0.0652375 0
1231207 648001 m2 0.01325 0.0207502 -0.314487 0 -0.0540685
1231207 654788 m2 0.0155 0.459866 0.0840829 0 0.0611564
1231207 593849 m2 0.01235 0.387153 -0.431943 0.0573298 0
1231207 603763 m2 0.0183 -0.349847 -0.26388 0 -0.0158775
1231207 354940 m2 0.02015 0.34156 -0.288644 -0.00368346 0
1231207 152011 m2 0.10025 -0.589923 -0.404946 -0.0284184 0
1231207 431817 m2 0.06295 0.460646 -0.499272 0.0504384 0
1231207 689242 m2 0.01165 -0.0937941 -0.414391 0 -0.0404845
1231207 271364 m2 0.0452 -0.41911 -0.226069 0 -0.0205212
1231207 427810 m2 0.0537 0.385405 -0.319707 6.77012e-05 0
1231207 626097 m2 0.0169 -0.085254 -0.331894 0 0.0527615
1231207 671026 m2 0.0184 0.149639 -0.34125 0 0.0338195
1231207 537585 m2 0.0157 -0.414019 -0.39119 0 0.0738768
1231207 714826 m2 0.01005 -0.412856 -0.199385 0.0181111 0
1231207 401548 m2 0.1666 0.589815 -0.39017 0.00381292 0
1231207 174521 m2 0.0489 -0.549327 0.0656268 -0.0177915 0
1231207 649479 m2 0.0106 0.342541 -0.388287 0 0.0018911
1231207 377833 m2 0.04555 0.540092 -0.326203 0.00633243 0
1231207 323874 m2 0.03225 0.227213 -0.452005 0 -0.101314
1231207 230754 m2 0.14365 -0.524815 0.0371206 -0.0329737 0
1231207 344779 m2 0.11055 -0.68743 0.0328783 -0.0545778 0
1231207 152268 m2 0.0214 0.257128 -0.348855 0 0.0101411
1231207 626836 m2 0.02885 -0.332097 -0.106902 0 -0.0440526
1231207 666652 m2 0.01315 -0.188771 -0.463746 0 -0.0219627
1231207 648513 m2 0.01195 -0.390124 -0.123673 0 0.0207463
1231207 628102 m2 0.0125 -0.423734 -0.0730954 0 0.0107628
1231207 448403 m2 0.0808 -0.559634 -0.108138 -0.0251494 0
1231207 164246 m2 0.0298 -0.00675303 0.395831 0.0101319 0
1231207 506035 m2 0.0286 0.45648 -0.153051 -0.000366583 0
1231207 232305 m2 0.0123 0.410978 0.197615 0 0.0418541
1231207 335848 m2 0.09715 0.182761 -0.644391 0 -0.0473006
1231207 522053 m2 0.04 0.47825 -0.268565 0 0.101042
1231207 159107 m2 0.0263 0.418297 -0.0876927 0 -0.0556415
1231207 257137 m2 0.09115 -0.51385 -0.451491 -0.02391 0
1231207 626831 m2 0.0151 -0.200805 -0.162736 0 -0.0322352
1231207 652821 m2 0.01655 0.315209 -0.361981 0 0.00683634
1231207 655244 m2 0.01645 -0.298498 -0.377246 0 0.017963
1231207 375571 m2 0.02675 0.453939 -0.15518 -0.00870536 0
1231207 502234 m2 0.02905 -0.375547 -0.327438 -0.0367906 0
1231207 434587 m2 0.06035 -0.534393 -0.456529 -0.0344024 0
1231207 396188 m2 0.0443 0.324757 -0.511695 0 -0.0153743
1231207 577207 m2 0.04595 0.498181 -0.362305 0.0482684 0
1231207 592589 m2 0.0226 0.081019 -0.457886 0 0.0711911
1231207 555106 m2 0.0122 0.228925 -0.256435 0 -0.00790256
1231207 320907 m2 0.01575 -0.314537 0.411287 -0.0488919 0
1231207 267490 m2 0.04515 0.509889 -0.436668 0 -0.00537137
1231207 408917 m2 0.05515 -0.183858 -0.439361 0 0.00708908
1231207 196046 m2 0.0202 -0.346444 0.241923 0 0.00590213
1231207 206076 m2 0.0438 0.0615971 -0.452571 0 -0.0307684
1231207 431518 m2 0.01045 -0.188578 -0.262075 0 -0.0439557
1231207 454775 m2 0.01215 0.333338 -0.296866 0 -0.0659164
1231207 456293 m2 0.01615 -0.243309 -0.207934 0 -0.00016478
1231207 291631 m2 0.0139 0.0694618 0.329659 0 -0.0125932
1231207 177436 m2 0.1447 0.359778 -0.668253 0 -0.0727908
1231207 627348 m2 0.0153 -0.044955 -0.506939 -0.0334621 0
1231207 548467 m2 0.0208 0.346859 -0.401695 -0.0148083 0
1231207 286437 m2 0.03325 -0.184655 -0.278268 -0.0231998 0
1231207 582851 m2 0.01365 0.381227 -0.220452 0 0.00799211
1231207 573631 m2 0.0132 -0.264647 -0.317104 0.0131395 0
1231207 659857 m2 0.011 0.0668535 -0.328895 0 -0.0313013
1231207 414466 m2 0.0135 0.300214 -0.246697 0 0.0724187
1231207 371342 m2 0.0285 -0.337914 -0.000528403 0 -0.00776701
1231207 239668 m2 0.01155 0.200977 -0.0906475 0.0636258 0
1231207 325120 m2 0.0845 0.263786 -0.499435 0 0.0020441
1231207 366013 m2 0.02405 0.415639 0.290295 0 0.0296727
1231207 508232 m2 0.0282 0.0676961 -0.485978 0 -0.0838678
1231207 303483 m2 0.0583 0.41363 -0.499088 0 -0.0253345
1231207 211187 m2 0.1955 -0.539796 -0.149131 -0.0211038 0
1231207 302444 m2 0.15975 -0.123549 -0.203318 0 -0.044208
1231207 363311 m2 0.0219 -0.0579249 -0.43901 0 -0.0662547
1231207 399433 m2 0.0728 -0.510547 -0.17313 -0.0229138 0
1231207 350777 m2 0.03165 0.215817 -0.0810108 0.038659 0
1231207 500448 m2 0.01765 -0.450364 -0.257276 0 -0.0124359
1231207 694867 m2 0.016 -0.222627 -0.461189 0 0.0033673
1231207 500446 m2 0.02975 -0.0973622 -0.378592 0.0361208 0
1231207 508982 m2 0.02095 -0.475813 0.155676 0 0.0588181
1231207 219733 m2 0.01525 -0.472161 -0.0801318 -0.0278268 0
1231207 485975 m2 0.01925 0.347437 -0.317801 0.0700544 0
1231207 247923 m2 0.1283 -0.290646 -0.652204 0 -0.0905679
1231207 576145 m2 0.01075 -0.330867 -0.361851 0 -0.0225015
1231207 254826 m2 0.05705 -0.142987 -0.527723 0 -0.0692353
1231207 546174 m2 0.0224 -0.24696 -0.0693999 0 -0.0493119
1231207 518235 m2 0.0273 0.126973 -0.490651 0.00998895 0
1231207 238617 m2 0.044 -0.462866 -0.448043 0 -0.0457105
1231207 493605 m2 0.0229 -0.379242 -0.379 0.010376 0
1231207 549403 m2 0.0221 0.378934 -0.0646195 0 -0.0275305
1231207 317847 m2 0.0341 0.076112 -0.454357 -0.0128423 0
1231207 635760 m2 0.01615 -0.338015 -0.353315 0 -0.0143695
1231207 589112 m2 0.01495 -0.402168 -0.0971697 -0.0249814 0
1231207 578445 m2 0.01745 -0.105039 -0.449498 0 0.0331098
1231207 431772 m2 0.0187 -0.32154 -0.37004 0 -0.0593285
1231207 571791 m2 0.01345 -0.0115906 -0.407778 0 -0.136292
1231207 679873 m2 0.02065 -0.0829906 -0.324888 0 -0.036249
1231207 476185 m2 0.08455 -0.505098 -0.470036 0 -0.0666337
1231207 368629 m2 0.0295 -0.566739 -0.238107 0 -0.048474
1231207 665874 m2 0.01105 0.154534 -0.35851 0.0395492 0
1231207 638234 m2 0.0226 -0.389993 -0.35945 0 0.00116203
1231207 616755 m2 0.01535 0.286337 -0.312089 0 -0.0164215
1231207 543648 m2 0.01035 -0.365336 -0.382591 -0.107952 0
1231207 432547 m2 0.0264 0.338833 -0.39235 -0.0324505 0
1231207 314091 m2 0.0813 -0.482851 -0.517865 -0.0203823 0
1231207 398440 m2 0.08015 0.4642 -0.53713 0 -0.0399082
1231207 322084 m2 0.03575 0.483369 -0.0104213 0 -0.0405445
1231207 648488 m2 0.01045 0.185171 -0.0489887 -0.0223858 0
1231207 593329 m2 0.05075 0.353443 -0.551473 0 0.0277251
1231207 661303 m2 0.01585 -0.373008 -0.34441 0 -0.0350122
1231207 308694 m2 0.01485 0.17778 -0.0907039 0 -0.0211199
1231207 588138 m2 0.01985 -0.123496 -0.146331 0 0.00488638
1231207 323620 m2 0.0166 0.272314 -0.429724 0 -0.0254791
1231207 620517 m2 0.01335 -0.200338 -0.425857 -0.0137975 0
1231207 581483 m2 0.01455 -0.232089 -0.276337 0 0.0256909
1231207 379318 m2 0.0876 0.479999 -0.519491 0 -0.0325748
1231207 539344 m2 0.0151 -0.0786609 0.281272 -0.0722076 0
1231207 331432 m2 0.15755 0.732178 0.117635 0.0607785 0
1231207 675856 m2 0.02185 -0.307126 -0.332969 0 0.00866742
1231207 337324 m2 0.01095 -0.335279 0.138763 -0.0592381 0
1231207 576135 m2 0.02165 -0.0368936 -0.401578 0 0.0256908
1231207 353516 m2 0.0512 0.423881 0.147846 0.0386113 0
1231207 566244 m2 0.01285 0.250485 -0.301942 0.0172455 0
1231207 532587 m2 0.0302 0.467459 -0.387788 0 -0.0293648
1231207 567998 m2 0.0231 0.443126 -0.189008 0.0276437 0
1231207 442380 m2 0.035 -0.105974 -0.2827 0 -0.0195122
1231207 482117 m2 0.0128 -0.216451 -0.352393 0 0.00399295
1231207 644341 m2 0.01155 0.357141 -0.356182 0 -0.0170242
1231207 416903 m2 0.0315 -0.412474 -0.51008 0 -0.0648454
1231207 359507 m2 0.10655 -0.373601 -0.485436 0 -0.023743
1231207 514958 m2 0.03 0.510115 -0.191439 -0.00258564 0
1231207 545421 m2 0.02245 -0.179713 -0.434972 -0.0375393 0
1231207 381815 m2 0.1049 -0.0536437 -0.256083 0 -0.0357834
1231207 694088 m2 0.0162 -0.281369 -0.375909 0.0836095 0
1231207 452586 m2 0.0182 -0.470204 -0.0162859 0 0.0342983
1231207 569218 m2 0.02685 -0.359592 -0.478733 -0.0439213 0
1231207 557336 m2 0.019 -0.279084 -0.304658 -0.0534839 0
1231207 668874 m2 0.01945 0.186951 -0.432805 0.0234043 0
1231207 531249 m2 0.0124 -0.208078 -0.200717 -0.0461225 0
1231207 389481 m2 0.0172 0.430673 0.0694413 -0.0174471 0
1231207 675558 m2 0.01055 0.301696 -0.380299 0 0.00848778
1231207 493090 m2 0.04285 0.301053 -0.00714704 0 -0.00244801
1231207 705002 m2 0.0172 0.344377 -0.405233 0.010159 0
1231207 683060 m2 0.0181 -0.316865 -0.369871 0.0613638 0
1231207 494319 m2 0.03945 0.343132 -0.541741 0.0273243 0
1231207 454295 m2 0.0151 0.316207 -0.175504 0 0.00981933
1231207 657532 m2 0.0103 -0.251325 -0.410187 0.0247555 0
1231207 397400 m2 0.05355 -0.0870422 -0.140467 0 0.0342947
1231207 672782 m2 0.0104 -0.130399 -0.194159 -0.0344308 0
1231207 556809 m2 0.0463 0.120935 -0.639684 0 -0.057755
1231207 421150 m2 0.042 0.603606 -0.0682232 0 -0.0183139
1231207 509199 m2 0.01695 -0.148693 -0.324399 0 0.00202836
1231207 523320 m2 0.01735 -0.347819 0.0913442 0 -0.0279264
1231207 679096 m2 0.0104 -0.36117 -0.355397 -0.0296431 0
1231207 556796 m2 0.03475 -0.366142 -0.393953 -0.0904094 0
1231207 705251 m2 0.0123 0.256823 -0.309435 0.0075295 0
1231207 539589 m2 0.01885 0.326939 -0.421519 -0.00448845 0
1231207 663347 m2 0.0342 0.451244 -0.340238 -0.00315128 0
1231207 691701 m2 0.0129 -0.363105 -0.296269 0 0.0174566
1231207 685550 m2 0.0131 0.0775561 -0.40956 0 -0.016217
1231207 606066 m2 0.0159 -0.40553 0.171491 0 0.0514132
1231207 656982 m2 0.0116 -0.435545 -0.343747 0 0.0345678
1231207 662077 m2 0.0141 -0.199922 -0.207919 0 -0.0285773
1231207 604467 m2 0.0114 0.271023 -0.412819 0 0.0135145
