// Initial random seed:
4006970995462

// RunInitializeCallbacks():
initializeTreeSeq();
initializeMutationRate(1e-10);
initializeSex("A");
initializeMutationType(2, 0.5, "f", 0);
initializeGenomicElementType(1, m2, 1);
initializeGenomicElement(g1, 0, 500000);
initializeRecombinationRate(c(1e-06, 0.5, 1e-06, 0.5, 1e-06, 0.5, 1e-06, 0.5, 1e-06, 0.5, 1e-06, 0.5, 1e-06, 0.5, 1e-06, 0.5, 1e-06, 0.5, 1e-06, 0.5, 1e-06, 0.5, 1e-06, 0.5, 1e-06, 0.5, 1e-06, 0.5, 1e-06, 0.5, 1e-06, 0.5, 1e-06, 0.5, 1e-06, 0.5, 1e-06, 0.5, 1e-06), c(50000, 50001, 100000, 100001, 150000, 150001, 200000, 200001, 250000, 250001, 300000, 300001, 350000, 350001, 400000, 400001, 450000, 450001, 500000, 500001, 550000, 550001, 600000, 600001, 650000, 650001, 700000, 700001, 750000, 750001, 800000, 800001, 850000, 850001, 900000, 900001, 950000, 950001, 1000000));

QTL DFE means: 
0 0

QTL DFE variance-covariance matrix: 
     [,0] [,1]
[0,]  0.4    0
[1,]    0  0.4

// Starting run at generation <start>:
1 

100:0.999926 0.999926 1.9984e-15 0.000621885 -0.000832551 0.021137 -0.102648 NAN NAN
200:0.999889 0.999889 3.21965e-15 -0.00101888 0.000630401 -0.222905 -0.037741 NAN NAN
300:0.999941 0.999941 -1.9984e-15 -5.43824e-05 0.000206458 0.0325553 0.2321 NAN NAN
400:0.999926 0.999926 2.22045e-15 0.000652039 -0.000236318 0.0336664 -0.0931725 NAN NAN
500:0.999973 0.999973 -2.55351e-15 -0.000156479 -9.93176e-05 -0.0568148 -0.0577417 NAN NAN
600:0.999941 0.999941 -5.88418e-15 -0.00126891 0.000458414 -0.0321865 -0.123677 NAN NAN
700:0.999986 0.999986 -1.22125e-15 8.33238e-05 0.000205567 -0.0958111 0.00756658 NAN NAN
800:0.999792 0.999792 -5.77316e-15 -0.00114332 0.000732805 0.202252 -0.0750573 NAN NAN
900:0.99993 0.99993 -1.34337e-14 0.00016885 9.17355e-05 0.0188761 -0.0949438 NAN NAN
1000:0.999983 0.999983 9.88098e-15 -8.64571e-05 -0.000239568 -0.0940876 -0.154649 NAN NAN
1100:0.998815 0.998788 2.69349e-05 -0.00112123 -0.000354317 0.188537 0.0534475 0.0548602 0.0214667
1200:0.995429 0.995413 1.638e-05 0.000353228 6.38418e-05 0.14211 0.0033807 0.0135978 0.00219655
1300:0.98905 0.989125 -7.56371e-05 -0.000964154 0.000427938 -0.157317 0.0214672 -0.0145448 0.00355014
1400:0.979619 0.979576 4.2722e-05 0.000235463 7.58606e-05 0.171842 0.183813 0.0320499 0.0314736
1500:0.965932 0.964144 0.00178743 -0.00332076 -0.00477002 0.178206 0.216003 0.131252 0.132172
1600:0.94755 0.943511 0.00403952 -0.00188544 0.0118004 0.342935 0.317681 0.241646 0.256484
1700:0.921618 0.898736 0.0228826 -0.0192611 0.064279 0.445893 0.368873 0.374709 0.337897
1800:0.887497 0.845135 0.0423627 -0.0118534 0.0892312 0.551032 0.400392 0.475118 0.322688
1900:0.849246 0.737053 0.112193 0.0196771 0.200553 0.689444 0.430616 0.615637 0.360894
2000:0.815825 0.549226 0.266598 0.0684578 0.388944 0.937934 0.384974 0.822676 0.263294
2100:0.815494 0.533746 0.281749 0.0593434 0.438349 0.937215 0.365372 0.847878 0.247469
2200:0.823741 0.541789 0.281952 0.0623753 0.352463 0.950561 0.468518 0.841977 0.333532
2300:0.850025 0.527719 0.322306 0.0532758 0.196539 0.946022 0.679123 0.87397 0.542927
2400:0.858777 0.526578 0.332199 0.0725273 0.10246 0.943368 0.757168 0.884685 0.620211
2500:0.874201 0.525195 0.349006 0.0480121 0.0715392 0.958057 0.764753 0.899704 0.651878
2600:0.885265 0.53499 0.350275 0.0707602 0.0103797 0.960475 0.788438 0.907105 0.69898
2700:0.883238 0.524722 0.358516 0.0599315 0.044695 0.962591 0.795383 0.915768 0.680194
2800:0.882132 0.52378 0.358352 0.0571571 0.0306607 0.953679 0.782326 0.917512 0.688404
2900:0.885899 0.51895 0.366949 0.0512229 0.00136934 0.959881 0.804151 0.918214 0.712446
3000:0.893499 0.537797 0.355702 0.0611904 -0.0300188 0.963982 0.748348 0.923252 0.672647
