seed mutID muttype p cor_sal cor_temp mutSalEffect mutTempEffect
1231192 285472 m2 0.04155 0.464061 0.175663 0 0.0372967
1231192 188905 m2 0.1353 0.417091 0.417011 0.0748251 0
1231192 2210 m2 0.02905 0.0796552 -0.563248 -0.0349496 0
1231192 334030 m2 0.08015 0.596571 0.459559 0 0.0228487
1231192 378669 m2 0.0632 0.53444 -0.0176089 0.0112129 0
1231192 289234 m2 0.01465 0.367423 0.364631 0.0316937 0
1231192 419329 m2 0.0105 0.338616 0.239471 -0.0116289 0
1231192 592467 m2 0.0332 0.450648 0.392572 0 0.0375633
1231192 580543 m2 0.01325 0.226059 0.0651097 0 0.0723335
1231192 652967 m2 0.02995 0.268847 0.440252 -0.0447208 0
1231192 422399 m2 0.05255 0.520248 -0.0618023 0.0100984 0
1231192 142267 m2 0.04775 -0.0521989 0.441847 0 -0.0199097
1231192 228011 m2 0.28195 -0.129019 0.897846 0 0.0740289
1231192 419324 m2 0.0562 0.0428946 0.578974 0 0.0245272
1231192 608780 m2 0.0401 0.212329 0.560566 0 -0.00322341
1231192 68215 m2 0.12285 -0.436271 -0.210574 0 -0.0146538
1231192 155311 m2 0.19875 -0.801222 0.290173 -0.0510911 0
1231192 437478 m2 0.04305 0.429492 0.46534 0.0176349 0
1231192 352351 m2 0.0254 0.308249 0.327379 0.103029 0
1231192 642979 m2 0.02115 0.395246 0.307211 0.0336591 0
1231192 67186 m2 0.1323 0.0780404 0.773871 0 0.0496461
1231192 545036 m2 0.03135 0.380642 0.342353 0 0.0423571
1231192 637146 m2 0.02165 0.337765 0.438423 0 0.0435512
1231192 528833 m2 0.01945 -0.322258 -0.0884869 0 -0.0615766
1231192 220225 m2 0.01425 0.198137 0.278876 -0.0121918 0
1231192 223221 m2 0.05585 0.309083 0.118508 0.0393477 0
1231192 605041 m2 0.02215 0.409608 0.305639 0 -0.0150045
1231192 464749 m2 0.04025 0.523629 0.332334 -0.0153381 0
1231192 482804 m2 0.04115 -0.29646 0.55352 -0.0436267 0
1231192 387883 m2 0.01765 0.30627 0.228249 0 -0.0022617
1231192 440940 m2 0.01835 -0.0490318 0.388124 -0.0140884 0
1231192 518778 m2 0.0113 0.262206 0.378696 0 0.061747
1231192 27732 m2 0.0598 0.125142 0.205705 0 0.0156897
1231192 234536 m2 0.068 0.5819 0.281918 0.0884603 0
1231192 355776 m2 0.0544 0.458695 0.396546 0 0.00337207
1231192 26733 m2 0.0875 0.364244 0.610784 0.0107699 0
1231192 188897 m2 0.03645 0.33731 -0.214319 0 0.0135894
1231192 540789 m2 0.019 -0.325077 0.0338694 0 -0.0627978
1231192 275556 m2 0.1724 0.70012 0.402455 0.0463033 0
1231192 358497 m2 0.0485 0.352946 0.424415 0 0.0816194
1231192 153033 m2 0.12355 -0.331524 -0.623957 0 -0.0251891
1231192 714646 m2 0.0104 -0.227877 0.348517 0 -0.00153114
1231192 537168 m2 0.025 0.0674249 0.503589 0 0.0546162
1231192 33871 m2 0.01165 0.0724305 -0.0842037 0 0.020548
1231192 300657 m2 0.0773 -0.416623 0.487362 0 0.0118856
1231192 164044 m2 0.08475 -0.727712 -0.0478534 -0.0360836 0
1231192 248854 m2 0.028 -0.12018 0.579858 0 0.0387759
1231192 688378 m2 0.0348 -0.217453 0.50714 -0.0134013 0
1231192 104848 m2 0.0539 -0.504774 0.340599 0 -0.0177056
1231192 577605 m2 0.05095 0.234132 0.668995 0 0.0668686
1231192 383839 m2 0.0498 0.013734 0.387028 0 -0.00125335
1231192 463746 m2 0.03315 -0.00711627 -0.453385 0 0.00991734
1231192 643669 m2 0.0197 0.170788 0.447845 0 0.00484104
1231192 220716 m2 0.15665 0.546926 0.580801 0 0.0486855
1231192 476734 m2 0.01075 0.247297 0.334658 0.0120126 0
1231192 21082 m2 0.0551 0.360269 0.526363 0 0.0387526
1231192 389826 m2 0.0165 -0.237 0.140387 0 0.0262001
1231192 654721 m2 0.0247 -0.410069 0.335751 0 0.0294162
1231192 109233 m2 0.01785 0.129939 0.450128 0 0.0224933
1231192 283963 m2 0.0542 -0.51547 0.448324 -0.0503975 0
1231192 414003 m2 0.05185 -0.317926 0.4116 0 0.0340981
1231192 70689 m2 0.0801 -0.404865 -0.329499 0.0167417 0
1231192 148338 m2 0.0411 -0.336246 0.174904 0.0351242 0
1231192 335227 m2 0.03135 -0.271847 0.216238 0 0.0195809
1231192 673614 m2 0.0141 0.333218 0.405408 0 0.0667911
1231192 555081 m2 0.0342 -0.311409 0.285321 0 -0.007559
1231192 647427 m2 0.03525 0.394006 0.391053 0.0194066 0
1231192 483061 m2 0.0331 -0.380281 0.165758 -0.0134864 0
1231192 633916 m2 0.02825 -0.297251 0.507332 0 -0.0465114
1231192 334241 m2 0.04335 0.150031 0.534622 0 0.0489408
1231192 359755 m2 0.01795 0.0145257 0.633779 0 -0.0339725
1231192 585322 m2 0.01995 -0.0587427 -0.119691 0 0.00523063
1231192 558589 m2 0.0115 0.14955 0.251634 0.00731777 0
1231192 608764 m2 0.0104 -0.399962 0.295267 -0.0220203 0
1231192 346755 m2 0.0269 0.483512 0.288221 -0.0351643 0
1231192 502908 m2 0.0321 -0.342301 0.151449 0 0.0302921
1231192 309903 m2 0.07235 -0.450567 0.377881 0.016884 0
1231192 118646 m2 0.0648 -0.506024 0.436125 -0.0202668 0
1231192 213261 m2 0.0818 0.0134617 0.120961 0 0.0383671
1231192 234770 m2 0.03265 -0.402435 0.0833037 -0.0466786 0
1231192 440660 m2 0.01805 0.275528 0.334293 0.0213621 0
1231192 207733 m2 0.3484 0.837926 0.123978 0.0656756 0
1231192 262261 m2 0.19845 -0.492776 0.667796 0 0.027064
1231192 327163 m2 0.1053 -0.101526 0.142877 0.00674986 0
1231192 569036 m2 0.0211 -0.503832 0.249778 0 -0.0070349
1231192 211277 m2 0.02895 0.163377 0.391998 0 0.00712006
1231192 324845 m2 0.02485 -0.310314 0.441981 0.0487035 0
1231192 704716 m2 0.0157 0.32945 0.35189 -0.0305019 0
1231192 345751 m2 0.0337 0.385885 0.431485 0.0350951 0
1231192 115655 m2 0.0859 0.682609 -0.171767 0.0486376 0
1231192 645399 m2 0.01845 -0.351221 0.33055 0 -0.0106623
1231192 550318 m2 0.02725 -0.261195 0.49505 0 0.0933193
1231192 589295 m2 0.01965 -0.231412 0.0989291 -0.0243765 0
1231192 504652 m2 0.0218 0.0161501 0.449466 -0.010146 0
1231192 705207 m2 0.02155 -0.404441 0.363517 -0.0327504 0
1231192 43086 m2 0.35115 0.133575 0.700535 0 0.0302753
1231192 457297 m2 0.01775 0.351764 0.0118912 0.0120018 0
1231192 645626 m2 0.0123 0.0856134 0.412247 0 0.00256077
1231192 425053 m2 0.15295 0.596797 0.458802 0.0150659 0
1231192 674092 m2 0.0116 0.220476 0.371712 -0.00455754 0
1231192 217712 m2 0.07905 0.332054 -0.251344 0 -0.00336041
1231192 161302 m2 0.02 -0.30085 -0.281603 0.0277548 0
1231192 425545 m2 0.05745 -0.0311116 0.687848 0 0.00447447
1231192 608986 m2 0.0117 0.375571 0.309715 -0.00345604 0
1231192 290693 m2 0.01385 0.317308 -0.166226 -0.0285273 0
1231192 690590 m2 0.01485 0.328655 0.375971 -0.00100674 0
1231192 675576 m2 0.0192 -0.324827 0.331654 -0.0369502 0
1231192 284460 m2 0.1005 0.527855 0.271376 0.0112491 0
1231192 463481 m2 0.02695 0.364868 0.45467 0 0.00794623
1231192 137473 m2 0.0121 -0.187485 0.287544 0 0.0345106
1231192 138959 m2 0.0797 -0.621623 0.411831 -0.00768088 0
1231192 260754 m2 0.09585 -0.22751 0.654128 0 0.0683916
1231192 299881 m2 0.12525 -0.0924214 0.781863 0 0.0441382
1231192 228721 m2 0.0454 0.2213 0.501542 0 0.0536457
1231192 640438 m2 0.0249 -0.484602 -0.142582 0 -0.0213261
1231192 477234 m2 0.05935 -0.0958398 0.226753 0 -0.00947622
1231192 662527 m2 0.03205 0.422921 0.368788 0.0265594 0
1231192 645389 m2 0.0138 0.171418 -0.106137 0.00115233 0
1231192 147375 m2 0.04585 0.11258 0.617556 0 -0.0032656
1231192 122389 m2 0.0492 0.142046 0.181894 0 -0.00177914
1231192 149245 m2 0.2309 0.386669 0.630763 0 0.0300381
1231192 299150 m2 0.0217 0.188651 0.330404 -0.00961073 0
1231192 244154 m2 0.01295 0.192142 -0.382403 0.0332678 0
1231192 384806 m2 0.0194 0.0723416 0.174689 0 0.0655645
1231192 357462 m2 0.0183 0.267932 -0.198748 0.00122736 0
1231192 670087 m2 0.01225 0.27544 0.453716 0.0131538 0
1231192 609742 m2 0.0135 0.265016 0.349083 0.0165096 0
1231192 123094 m2 0.0533 -0.447048 0.0692924 -0.00271068 0
1231192 291432 m2 0.1114 0.454248 0.587583 0 0.04747
1231192 657981 m2 0.0132 -0.296532 0.2758 0 0.0436339
1231192 337146 m2 0.02045 -0.0579581 -0.471041 0.0352868 0
1231192 681894 m2 0.0102 -0.131144 0.361958 0.0365241 0
1231192 652700 m2 0.0208 0.306219 0.301139 0 -0.0346015
1231192 301384 m2 0.0321 0.489668 0.378804 0 0.00767138
1231192 20053 m2 0.32625 -0.882861 0.0720056 -0.0686897 0
1231192 639647 m2 0.01365 -0.157097 0.200973 0.0216711 0
1231192 702533 m2 0.01455 -0.310993 0.324061 0.0269768 0
1231192 483042 m2 0.02155 -0.0447083 -0.379716 0 -0.0256422
1231192 431465 m2 0.0339 -0.55233 0.0508786 -0.021171 0
1231192 610767 m2 0.0217 -0.213297 0.404094 0 -0.0395128
1231192 276748 m2 0.15955 0.759077 -0.0227303 0.0580622 0
1231192 130371 m2 0.02495 0.0609868 0.14092 0.00580241 0
1231192 260738 m2 0.0697 -0.530422 0.31667 -0.0472808 0
1231192 574108 m2 0.01145 0.198785 0.422612 0 -0.00442173
1231192 324829 m2 0.0376 -0.463029 -0.375579 0 0.0368523
1231192 404650 m2 0.0329 -0.0632069 0.655163 0 0.0458103
1231192 96281 m2 0.0857 -0.350188 0.394214 0 0.0162735
1231192 471108 m2 0.0134 0.327257 0.182545 0.0323576 0
1231192 174203 m2 0.02245 0.265617 0.514834 -0.0205236 0
1231192 372543 m2 0.04875 0.470739 -0.200927 0.0741885 0
1231192 454706 m2 0.02455 -0.499624 0.298188 -0.0383919 0
1231192 253036 m2 0.01945 -0.218465 0.503148 0 -0.00912914
1231192 695669 m2 0.01335 0.395326 0.286234 -0.00886656 0
1231192 109708 m2 0.0154 -0.383783 0.152503 0 0.043928
1231192 351497 m2 0.0256 0.401915 -0.201959 0.0700936 0
1231192 637105 m2 0.02125 0.370391 0.195292 0 -0.062699
1231192 397577 m2 0.0733 -0.642462 -0.199227 -0.0620944 0
1231192 312942 m2 0.05525 0.440246 0.502124 0 0.0369681
1231192 588808 m2 0.01275 0.0191924 0.373556 0 -0.0189447
1231192 457546 m2 0.02615 -0.22371 0.0462089 0 0.0269359
1231192 708969 m2 0.01385 0.0973281 0.274901 0 -0.0301956
1231192 104101 m2 0.02485 -0.0958673 0.55603 0 -0.00171932
1231192 444952 m2 0.08095 0.570233 -0.0763881 -0.00423178 0
1231192 641175 m2 0.01945 0.470223 -0.0259873 0.0992692 0
1231192 294123 m2 0.03025 0.158236 0.380498 0 -0.0354679
1231192 596501 m2 0.0458 -0.257068 0.558078 0 0.0028556
1231192 341378 m2 0.0173 0.367493 0.296677 0 0.0706818
1231192 551537 m2 0.0268 0.128628 0.0483047 0 -0.0309816
1231192 97308 m2 0.0505 0.49201 0.345212 0 0.0465965
1231192 470868 m2 0.0326 0.214991 -0.0492007 0 -0.00777412
1231192 26150 m2 0.01245 0.337241 0.142929 0.0430036 0
1231192 155261 m2 0.0169 0.351771 0.41137 0 0.0472362
1231192 48847 m2 0.19855 -0.614605 0.253525 -0.0189338 0
1231192 700766 m2 0.02105 -0.326393 0.337687 0 0.0822966
1231192 528280 m2 0.01805 0.421452 0.0865305 0 0.021062
1231192 252734 m2 0.0586 -0.511225 0.408692 -0.0247019 0
1231192 338945 m2 0.05405 0.0765953 0.653926 0 0.0115787
1231192 371795 m2 0.02925 -0.364307 0.424143 0 0.0778689
1231192 9124 m2 0.01015 0.315293 -0.0998838 0.048321 0
1231192 620897 m2 0.0156 -0.410386 0.336648 0 0.0730609
1231192 202397 m2 0.1564 -0.0897273 -0.285333 -0.00642031 0
1231192 632575 m2 0.0267 0.234163 0.496057 0 0.0414915
1231192 507534 m2 0.02295 -0.389327 -0.355019 -0.00705585 0
1231192 121139 m2 0.0261 -0.0669075 0.276754 -0.0103143 0
1231192 171495 m2 0.053 0.0828748 -0.336329 0 -0.0189902
1231192 492046 m2 0.1171 -0.597952 0.33038 0.0123838 0
1231192 591729 m2 0.0612 -0.11224 0.384594 -0.0341712 0
1231192 658456 m2 0.01695 0.181304 0.46282 -0.0434532 0
1231192 107250 m2 0.0369 -0.393831 -0.434768 0 0.00610099
1231192 459202 m2 0.0551 -0.340866 0.597568 0 -0.0157845
1231192 96524 m2 0.0233 0.167518 0.398771 0.00969732 0
1231192 212723 m2 0.0757 0.553321 0.383028 0.0748929 0
1231192 205173 m2 0.0427 0.079388 0.350697 0 0.0203371
1231192 79381 m2 0.09125 -0.342881 0.510686 -0.0402149 0
1231192 6595 m2 0.01255 -0.455807 0.0670897 -0.054159 0
1231192 604204 m2 0.01145 0.266383 0.369774 0 0.0409673
1231192 285657 m2 0.08735 -0.45528 0.519391 0 0.0708141
1231192 502346 m2 0.029 -0.518376 0.0618751 -0.0495843 0
1231192 320803 m2 0.02375 0.385238 0.267125 0.0442372 0
1231192 174926 m2 0.13545 0.295189 0.686091 0 0.034824
1231192 30358 m2 0.03335 0.0897226 0.382901 -0.00986534 0
1231192 563336 m2 0.02345 -0.329845 0.0887855 -0.00120234 0
1231192 468365 m2 0.0287 0.514768 0.333454 0.0217459 0
1231192 107484 m2 0.06955 -0.397809 -0.32014 -0.0126685 0
1231192 543059 m2 0.04865 -0.312818 0.323964 0.0146483 0
1231192 190613 m2 0.0826 -0.0222503 0.625713 0.0142031 0
1231192 495997 m2 0.0126 0.227915 -0.148852 0 0.0010309
1231192 330681 m2 0.1115 -0.527144 -0.318477 0 -0.0201423
1231192 517705 m2 0.01295 -0.116401 0.362318 0.0464542 0
1231192 644589 m2 0.02655 -0.201336 -0.0412958 -0.0457152 0
1231192 21002 m2 0.02285 -0.390958 0.349961 -0.0410151 0
1231192 11350 m2 0.2317 0.292023 0.266446 0 0.016288
1231192 260946 m2 0.11995 -0.0285105 0.144629 0 0.00871665
1231192 200871 m2 0.22305 -0.45553 0.687777 0 0.0493275
1231192 624039 m2 0.01935 0.0654749 0.162567 0 -0.0643273
1231192 656986 m2 0.0151 -0.19502 0.336086 0 0.0564857
1231192 678196 m2 0.0102 0.253143 0.328107 0 0.0809531
1231192 572824 m2 0.02145 0.427134 -0.026095 0.0704527 0
1231192 266428 m2 0.0609 -0.283133 0.273444 0 0.00311862
1231192 209661 m2 0.0289 0.250396 0.534773 -0.0259584 0
1231192 178951 m2 0.05445 -0.0214962 0.0984773 0.0119575 0
1231192 570776 m2 0.02155 -0.316811 0.451612 -0.0233122 0
1231192 157494 m2 0.03365 0.342256 0.284811 0.0259584 0
1231192 255995 m2 0.0133 -0.287733 0.347279 0.0114645 0
1231192 182965 m2 0.14205 -0.539136 -0.30615 -0.0303141 0
1231192 401033 m2 0.0138 -0.39496 0.163416 -0.0234335 0
1231192 268134 m2 0.0428 -0.33036 0.557564 0 0.0393717
1231192 308376 m2 0.0136 0.404358 0.279628 0.112571 0
1231192 644101 m2 0.0144 -0.43119 0.393575 0 -0.0290429
1231192 41786 m2 0.01095 -0.235923 0.418851 -0.052454 0
1231192 376756 m2 0.0234 -0.325287 0.249757 0.0265081 0
1231192 205927 m2 0.03885 0.181698 0.375337 0 0.00150254
1231192 498710 m2 0.0145 -0.226071 0.4104 0 0.0140213
1231192 207657 m2 0.0608 0.00746444 0.371729 0.0155128 0
1231192 633080 m2 0.0147 0.374292 0.178473 0 0.0210552
1231192 66098 m2 0.0117 -0.0917559 -0.417668 0.00533952 0
1231192 346712 m2 0.0633 -0.4905 0.406076 0 0.0411949
1231192 623088 m2 0.0106 -0.421155 0.30259 -0.0828243 0
1231192 332682 m2 0.0123 0.335224 -0.145097 0 0.0411023
1231192 557817 m2 0.0123 -0.291066 0.149866 0.0472665 0
1231192 382818 m2 0.04455 -0.0455043 0.125308 0.0216613 0
1231192 380357 m2 0.01975 0.110414 0.48206 -0.032158 0
1231192 589759 m2 0.0119 0.312254 0.0489551 0 -0.0220207
1231192 372235 m2 0.01995 -0.30384 -0.0107468 0.013087 0
1231192 585757 m2 0.0212 0.455615 -0.452933 0 -0.0234894
1231192 179409 m2 0.0331 0.534036 -0.207186 0.0923416 0
1231192 638617 m2 0.01045 0.28155 -0.205143 0 0.0476661
1231192 435134 m2 0.0172 -0.15677 -0.178245 0 -0.00775078
1231192 634843 m2 0.0169 0.3397 0.165153 -0.0380314 0
1231192 346413 m2 0.12305 -0.0812287 -0.114242 0 0.0194172
1231192 273957 m2 0.0613 0.241378 0.70022 0 0.0161888
1231192 3569 m2 0.04675 -0.499317 -0.437426 -0.0449304 0
1231192 315472 m2 0.03575 0.414222 -0.373016 0.00603308 0
1231192 66094 m2 0.06445 -0.471493 -0.106596 0 -0.0266515
1231192 341571 m2 0.013 0.185145 -0.422523 0.050015 0
1231192 616416 m2 0.09445 -0.424125 -0.533677 0 -0.0153055
1231192 41771 m2 0.0135 0.113481 -0.151597 0 -0.00187343
1231192 226156 m2 0.1236 -0.144058 0.167802 0 -0.00686295
1231192 461741 m2 0.0331 0.0477535 -0.401007 0.0151008 0
1231192 713027 m2 0.01975 0.0465694 0.336602 0 0.00141331
1231192 497974 m2 0.01515 0.0807649 0.373196 0.0205652 0
1231192 545482 m2 0.01435 0.369804 0.0146007 0.00412169 0
1231192 4288 m2 0.03975 0.124488 -0.0429741 -0.00493918 0
1231192 212185 m2 0.01695 -0.424358 0.327601 -0.02261 0
1231192 568007 m2 0.03455 0.0459796 -0.0686613 0 0.0487626
1231192 615412 m2 0.0172 -0.431247 0.287768 0 0.0401544
1231192 643588 m2 0.0125 -0.341386 0.31313 0 0.0282851
1231192 700739 m2 0.01705 0.378839 0.109069 0.0183031 0
1231192 664759 m2 0.01185 -0.258229 -0.107718 0 -0.0551807
1231192 528742 m2 0.01195 0.359363 0.170797 0 0.0119372
1231192 49558 m2 0.04385 -0.501786 -0.166478 -0.0765518 0
1231192 276688 m2 0.1357 -0.34902 0.687044 0 0.0625261
1231192 4780 m2 0.0212 0.196427 -0.200942 0.0345136 0
1231192 522026 m2 0.03195 -0.459858 -0.0668828 -0.0264535 0
1231192 420799 m2 0.01215 -0.305305 0.0773195 -0.0197624 0
1231192 24166 m2 0.01275 -0.351892 0.243729 -0.0749209 0
1231192 530435 m2 0.0498 0.219994 -0.494428 0 0.00432731
1231192 702486 m2 0.01245 -0.322649 0.320939 0 -0.00803183
1231192 11303 m2 0.1654 -0.251106 -0.668988 0 -0.0200762
1231192 676001 m2 0.04595 -0.342562 0.46253 0.0196088 0
1231192 391496 m2 0.0274 -0.541573 -0.0357518 -0.0349143 0
1231192 630016 m2 0.03795 -0.286893 0.41761 0 0.017549
1231192 360694 m2 0.0292 -0.299249 0.488006 0 0.0136856
1231192 427430 m2 0.0585 -0.510216 0.459859 0 -0.0353878
1231192 299093 m2 0.025 0.098107 -0.13208 0.0316451 0
1231192 161725 m2 0.0336 -0.258952 -0.279866 -0.00707447 0
1231192 300825 m2 0.10085 -0.527134 0.47733 -0.0513123 0
1231192 562019 m2 0.051 0.209582 0.57383 0 0.00794315
1231192 606510 m2 0.05115 -0.443273 -0.301128 0 -0.010476
1231192 686770 m2 0.01155 0.291882 -0.0620035 0.0410446 0
1231192 563077 m2 0.02395 0.00503804 -0.577637 0 -0.010706
1231192 242820 m2 0.05085 -0.265179 -0.0560979 -0.0110467 0
1231192 493000 m2 0.0507 0.204589 0.270846 0 -0.00923672
1231192 630758 m2 0.0162 0.406195 0.0353894 0 -0.00746224
1231192 282577 m2 0.0293 0.386351 -0.325677 0.0243068 0
1231192 367715 m2 0.1092 0.629411 -0.423105 0.0486413 0
1231192 597705 m2 0.06095 0.0933306 0.132308 0 -0.0119248
1231192 718381 m2 0.01065 0.315992 0.126754 0.0441844 0
1231192 590920 m2 0.01565 -0.304647 0.394102 0 0.0142446
1231192 472841 m2 0.01155 0.377748 -0.0988155 0.048418 0
1231192 699016 m2 0.0127 0.376052 -0.0616664 -0.0131433 0
1231192 40993 m2 0.0706 -0.359796 0.490293 0 0.000159126
1231192 330134 m2 0.01205 -0.324455 -0.353132 0 -0.0106844
1231192 482507 m2 0.03315 0.435177 0.477987 0 0.0369794
1231192 258932 m2 0.04585 -0.228601 0.566935 0 0.0476542
1231192 425479 m2 0.0766 0.598822 0.14905 0.0367933 0
1231192 380808 m2 0.0141 0.249525 -0.0264889 0.0704838 0
1231192 302348 m2 0.05345 0.331977 0.0114061 -0.0403553 0
1231192 259920 m2 0.02255 0.297516 0.38888 0 0.0492048
1231192 204111 m2 0.0458 -0.483712 -0.00991288 -0.0346611 0
1231192 38226 m2 0.0457 -0.346935 0.0996128 0.0129599 0
1231192 273928 m2 0.1455 0.672343 0.401071 -0.00370385 0
1231192 123288 m2 0.0607 0.630069 -0.307351 0.0259927 0
1231192 278172 m2 0.0477 0.512088 0.374974 0.0104694 0
1231192 631003 m2 0.0339 0.0536952 0.0889052 0 -0.00817421
1231192 611975 m2 0.01925 0.10291 -0.13797 0 0.0242556
1231192 707228 m2 0.01345 0.325266 -0.0686561 -0.0324258 0
1231192 477423 m2 0.0542 0.0167484 0.149818 0 0.0206991
1231192 149660 m2 0.0465 0.206753 0.297008 -0.00726632 0
1231192 41493 m2 0.03695 -0.132087 -0.404023 0 -0.0365451
1231192 262401 m2 0.06475 0.410202 -0.538774 0 -0.044519
1231192 288090 m2 0.049 0.396147 0.48766 0 0.0102264
1231192 698293 m2 0.0108 -0.165971 0.393174 0 -0.0146349
1231192 166623 m2 0.03605 0.153366 -0.62459 0.0392436 0
1231192 522013 m2 0.0348 0.422392 -0.425686 0.0814387 0
1231192 533369 m2 0.0353 -0.0320206 0.344603 -0.00018811 0
1231192 649083 m2 0.0263 -0.0100092 -0.258237 0 0.00257622
1231192 685034 m2 0.0247 -0.348358 -0.183845 0 -0.00867708
1231192 577510 m2 0.0103 -0.463728 0.325931 0 0.0388388
1231192 473852 m2 0.0276 -0.269627 0.328727 0 0.0508664
1231192 672272 m2 0.0112 -0.0695322 0.0886536 0 0.00756095
1231192 258216 m2 0.0158 -0.0584196 0.298641 0 0.0209237
1231192 339627 m2 0.0975 0.475919 -0.50449 0 -0.0323273
1231192 158966 m2 0.01075 -0.396363 -0.00454098 -0.0307217 0
1231192 579222 m2 0.0472 -0.382332 0.314694 0.0140897 0
1231192 329078 m2 0.0167 0.309046 -0.335152 0 -0.0704686
1231192 557535 m2 0.01825 0.289148 -0.346325 0 -0.00242943
1231192 239791 m2 0.06 -0.468268 0.39167 -0.0891387 0
1231192 61605 m2 0.1093 -0.681517 0.0993774 -0.0317243 0
1231192 194681 m2 0.12995 0.656459 0.254641 0 -0.00302175
1231192 443663 m2 0.0202 -0.0200664 0.471945 0 0.00555466
1231192 420780 m2 0.026 -0.181744 -0.398334 -0.0367564 0
1231192 331409 m2 0.0478 0.477434 -0.0481151 0 0.00709252
1231192 356891 m2 0.0462 0.301617 0.161926 0.00497571 0
1231192 375965 m2 0.0157 0.148078 0.0855913 0.0483003 0
1231192 695595 m2 0.01685 0.060546 -0.0963675 0.02779 0
1231192 104970 m2 0.0383 0.637692 0.0563765 0 0.0247347
1231192 542011 m2 0.0399 0.38673 0.386868 0 -0.00321615
1231192 712997 m2 0.0132 -0.381752 0.0197528 0 -0.0228092
1231192 594374 m2 0.01715 -0.402299 0.267306 0.00304197 0
1231192 445163 m2 0.04125 -0.527413 0.0415145 0 -0.0127263
1231192 553723 m2 0.015 0.0857732 0.0358942 0 -0.0205454
1231192 143363 m2 0.05285 0.464662 -0.435454 0.026992 0
1231192 673258 m2 0.01265 -0.119026 -0.223674 0.0181415 0
1231192 596436 m2 0.01955 -0.0770808 -0.199438 0 -0.00845018
1231192 196361 m2 0.0354 0.50429 -0.107904 0 0.024827
1231192 60597 m2 0.0664 -0.193031 0.389997 0 0.0289955
1231192 403525 m2 0.01635 -0.157254 -0.363998 -0.0163813 0
1231192 435362 m2 0.01775 -0.323464 -0.405818 0 0.0295852
1231192 156204 m2 0.0145 0.243485 0.254914 -0.015426 0
1231192 600649 m2 0.01985 0.438929 -0.0241558 0 -0.0434323
1231192 478172 m2 0.06645 0.474592 0.321509 -0.00226683 0
1231192 13457 m2 0.36245 0.80772 -0.0383577 0.0145125 0
1231192 614709 m2 0.0182 -0.311655 0.40368 0 -0.00727793
1231192 27569 m2 0.1535 -0.223811 -0.128805 -0.00866515 0
1231192 108864 m2 0.01115 -0.144543 0.0298336 0 0.00775482
1231192 663735 m2 0.0182 -0.493248 -0.187477 -0.0210423 0
1231192 124498 m2 0.0274 0.0578396 -0.145272 0.014831 0
1231192 506446 m2 0.0598 0.459411 -0.304944 0.0416321 0
1231192 612181 m2 0.01995 0.119354 -0.415477 0 0.0310369
1231192 615372 m2 0.032 -0.533429 -0.260768 0 0.0136848
1231192 572262 m2 0.01225 0.184086 0.351505 0 -0.0338763
1231192 14437 m2 0.01865 -0.452848 0.340408 -0.0522955 0
1231192 26791 m2 0.0213 0.490441 0.0409327 0.0165997 0
1231192 714275 m2 0.0103 0.226424 -0.279153 0.029174 0
1231192 687296 m2 0.016 0.439526 0.0612172 0 -0.0492192
1231192 629711 m2 0.02115 0.473564 0.0269599 -0.044222 0
1231192 535868 m2 0.01285 -0.500442 -0.100842 0 -0.0541694
1231192 270530 m2 0.045 -0.254397 0.470361 0 0.0289574
1231192 629464 m2 0.0114 0.224697 0.0326101 0 0.0370517
1231192 228878 m2 0.06825 -0.552838 -0.272489 -0.0606419 0
1231192 624458 m2 0.01425 0.527539 -0.148592 0.0938938 0
1231192 697280 m2 0.01395 -0.44699 -0.00179927 0 -0.0213578
1231192 41704 m2 0.03395 -0.235506 -0.551826 0.0033358 0
1231192 468551 m2 0.01055 0.329514 -0.347719 0 0.0228837
1231192 141354 m2 0.04465 -0.080624 -0.615336 0.0356403 0
1231192 621085 m2 0.01745 0.455525 -0.0542813 0.0194885 0
1231192 351712 m2 0.0195 0.370962 -0.0796486 0 0.011024
1231192 625732 m2 0.0132 0.039603 0.339646 0.0412684 0
1231192 476638 m2 0.0251 0.313169 -0.203285 0.00700733 0
1231192 326280 m2 0.0419 -0.44658 -0.450069 -0.0369604 0
1231192 328537 m2 0.01075 -0.396363 -0.00454098 -0.0549767 0
1231192 502279 m2 0.02925 0.524411 -0.0550528 0.0418112 0
1231192 294289 m2 0.0356 0.129217 -0.209611 0.0314357 0
1231192 28750 m2 0.09215 -0.19024 -0.535787 0 0.0112655
1231192 627241 m2 0.0212 0.415629 -0.240136 0.0152707 0
1231192 703886 m2 0.01205 -0.40389 0.0272418 0.000299894 0
1231192 684522 m2 0.0155 0.115781 -0.151191 0 -0.00443563
1231192 35736 m2 0.12795 -0.63555 -0.323984 0 -0.014733
1231192 556822 m2 0.03035 -0.180668 -0.149707 0 0.00727899
1231192 495186 m2 0.0501 0.392037 0.0068467 0.00509753 0
1231192 511896 m2 0.08495 -0.605807 -0.506562 -0.0271684 0
1231192 167570 m2 0.0297 0.423993 0.130809 0.0494529 0
1231192 331626 m2 0.0448 0.0210339 0.15442 0 0.0249333
1231192 333891 m2 0.03115 0.527777 -0.178179 -0.0333354 0
1231192 554976 m2 0.01955 -0.00804624 -0.183991 -0.0192394 0
1231192 48225 m2 0.054 -0.461487 0.42559 0.0038143 0
1231192 68518 m2 0.1258 0.531072 -0.124278 0.0456149 0
1231192 295045 m2 0.01395 0.352563 -0.318829 0.0193127 0
1231192 36728 m2 0.05675 0.448241 -0.440336 0.0506225 0
1231192 624933 m2 0.0121 0.363265 -0.352627 -0.00808324 0
1231192 392232 m2 0.0168 -0.0861882 -0.250067 0 0.0194149
1231192 641590 m2 0.01765 -0.324171 -0.433912 0 -0.0667746
1231192 340774 m2 0.0387 0.363703 -0.206486 0.0280709 0
1231192 521470 m2 0.03265 -0.369656 0.0220877 -0.00877938 0
1231192 638538 m2 0.0104 0.0135769 -0.194926 -0.0334989 0
1231192 558248 m2 0.0304 0.338604 -0.0351382 0 -0.00224683
1231192 663209 m2 0.0234 0.447104 0.0340015 0 0.00757486
1231192 466083 m2 0.0167 0.167792 0.395941 0 0.00888912
1231192 58026 m2 0.01965 -0.144895 -0.488364 0 -0.0698228
1231192 467565 m2 0.01565 -0.36159 -0.0501273 -0.0215122 0
1231192 504270 m2 0.04065 -0.187676 0.143465 -0.0163748 0
1231192 206602 m2 0.0537 -0.195823 -0.551244 0 -0.0313463
1231192 545697 m2 0.0219 -0.263849 0.273798 0 -0.0282714
1231192 277916 m2 0.03405 0.311779 -0.547153 0 -0.0209519
1231192 230843 m2 0.1513 0.197325 -0.797018 0 -0.0493262
1231192 155156 m2 0.16335 -0.237053 0.748722 0.00701105 0
1231192 167828 m2 0.05995 0.152484 -0.585169 0 0.00409297
1231192 477122 m2 0.0228 -0.49614 0.0957022 0.00470757 0
1231192 636259 m2 0.02755 0.114242 -0.286153 -0.00718548 0
1231192 529904 m2 0.03255 -0.629215 0.118446 0 0.0143366
1231192 316383 m2 0.0456 0.31787 -0.536143 0 -0.0454945
1231192 92882 m2 0.0404 -0.490256 -0.399144 -0.0555504 0
1231192 105442 m2 0.0662 -0.227204 0.491083 0 0.0182666
1231192 508206 m2 0.02115 -0.197286 -0.261673 0.00843322 0
1231192 452689 m2 0.01305 -0.357449 0.35307 -0.000803173 0
1231192 211125 m2 0.01895 -0.470154 0.0883784 0 0.0407457
1231192 575260 m2 0.0249 0.142993 -0.225401 0 -0.0741741
1231192 681549 m2 0.0179 0.0194789 -0.272705 0 0.00373688
1231192 489296 m2 0.0205 -0.380784 -0.394414 -0.0255597 0
1231192 293288 m2 0.0369 -0.299943 -0.0743835 0 0.0112851
1231192 387730 m2 0.0898 0.464435 -0.477074 0 -0.00481772
1231192 448275 m2 0.02145 0.41176 0.42398 0 -0.0258225
1231192 228085 m2 0.38145 -0.0316886 -0.92812 0 -0.0898699
1231192 41390 m2 0.18405 0.633563 0.251884 0 0.0195187
1231192 326531 m2 0.016 0.0834519 0.344239 0.00928072 0
1231192 660385 m2 0.0156 0.398624 -0.287341 -0.0419247 0
1231192 350618 m2 0.089 0.18538 -0.627153 0 -0.0686546
1231192 507966 m2 0.0123 0.296951 0.0285905 0.0205513 0
1231192 706684 m2 0.0209 -0.232542 -0.135578 -0.0289311 0
1231192 212359 m2 0.0608 -0.44598 0.171061 -0.0412733 0
1231192 66226 m2 0.0133 -0.514579 -0.0249998 0.00475915 0
1231192 573503 m2 0.0187 0.334915 -0.392777 0 -0.0360438
1231192 466821 m2 0.01325 -0.315181 -0.0959803 0.019632 0
1231192 713455 m2 0.0114 -0.462931 -0.244989 -0.0115107 0
1231192 477111 m2 0.01805 -0.396343 -0.382134 0 -0.0755169
1231192 111020 m2 0.327 -0.49029 0.12493 0 0.00483167
1231192 222847 m2 0.0271 -0.224997 -0.408601 0 -0.0141001
1231192 386991 m2 0.11475 -0.0848162 -0.411322 0 -0.0367516
1231192 53751 m2 0.1009 0.516505 -0.28546 0.0247911 0
1231192 223075 m2 0.092 0.749429 -0.106816 0.0667383 0
1231192 318392 m2 0.04205 -0.158433 -0.541897 0 -0.0483031
1231192 621794 m2 0.0124 -0.397018 -0.140355 0 0.0293919
1231192 232275 m2 0.0127 -0.0289358 -0.212038 -0.0240478 0
1231192 131721 m2 0.12675 0.156213 -0.394443 0 -0.0307094
1231192 594810 m2 0.01715 -0.108932 -0.187482 0 0.0115341
1231192 363603 m2 0.0454 -0.186145 0.0929514 -0.0296665 0
1231192 601811 m2 0.02485 -0.211863 -0.485372 0 0.0131962
1231192 237348 m2 0.0689 0.475091 0.296628 0.0386944 0
1231192 133686 m2 0.0433 -0.536691 0.184409 0 0.0104229
1231192 515864 m2 0.01195 -0.258375 0.441759 0 0.032377
1231192 222042 m2 0.24665 -0.4398 -0.189237 -0.0198872 0
1231192 389431 m2 0.0267 0.0899069 0.32652 0 -0.0331964
1231192 195099 m2 0.05755 -0.62334 0.240959 -0.0206094 0
1231192 314372 m2 0.02115 0.520214 -0.0824346 0.0484148 0
1231192 79222 m2 0.01525 0.267657 -0.265118 -0.0580012 0
1231192 660609 m2 0.01965 -0.291045 -0.308816 -0.00460362 0
1231192 59237 m2 0.0343 -0.490272 -0.178356 -0.0515263 0
1231192 421681 m2 0.021 0.0511659 -0.33438 0 -0.0088673
1231192 278812 m2 0.0555 -0.207981 -0.378704 0 -0.0179722
1231192 109534 m2 0.07735 -0.610742 -0.0228842 0 -0.0168688
1231192 380268 m2 0.0151 -0.281551 -0.285651 0 -0.036963
1231192 69755 m2 0.0229 -0.327699 0.493819 0 0.024668
1231192 258409 m2 0.0291 -0.427758 0.0397643 0 0.0136056
1231192 130736 m2 0.0295 -0.466085 -0.253 0 -0.0117826
1231192 380515 m2 0.01345 0.41335 0.273576 -0.0395963 0
1231192 59752 m2 0.0153 0.26784 -0.265727 0.00159063 0
1231192 570694 m2 0.01515 -0.0174615 -0.365497 0 -0.016037
1231192 245249 m2 0.0897 -0.489875 0.533942 -0.0246532 0
1231192 110298 m2 0.03235 0.0855466 0.326595 0.00945986 0
1231192 616326 m2 0.0178 -0.443897 -0.0518724 0 0.0137678
1231192 666434 m2 0.0111 0.0103904 0.153362 0.0308713 0
1231192 432600 m2 0.0307 -0.505463 0.0059267 -0.011216 0
1231192 200489 m2 0.0568 -0.273034 -0.300635 0 -0.00146578
1231192 542428 m2 0.0458 0.471112 -0.354715 -0.00731473 0
1231192 592560 m2 0.07245 0.532502 -0.365951 0.0343313 0
1231192 85540 m2 0.1011 -0.541653 -0.366664 -0.0243782 0
1231192 174533 m2 0.0717 -0.59657 0.319207 -0.0563123 0
1231192 512551 m2 0.01235 0.0444967 -0.39586 0 -0.0270928
1231192 485440 m2 0.05725 0.383242 -0.488581 0 -0.00606102
1231192 393193 m2 0.0636 -0.489655 -0.416947 -0.0223845 0
1231192 652296 m2 0.01135 0.194861 -0.00708107 0 0.0501243
1231192 563453 m2 0.01795 0.03944 -0.33317 0 0.00243378
1231192 651010 m2 0.0205 -0.307491 -0.365786 0.0213647 0
1231192 262104 m2 0.0174 0.498038 -0.0378862 0.0613626 0
1231192 348155 m2 0.0331 -0.457816 -0.2531 -0.0562691 0
1231192 131209 m2 0.0235 -0.254643 -0.379671 -0.0355565 0
1231192 233514 m2 0.0107 0.0947419 -0.387866 0 -0.0415577
1231192 309722 m2 0.04985 -0.598823 -0.191145 -0.022355 0
1231192 584139 m2 0.0111 -0.123057 0.166489 0 0.021033
1231192 531881 m2 0.0483 -0.320109 -0.432975 -0.00557821 0
1231192 203285 m2 0.2201 0.806226 -0.171685 0.0724247 0
1231192 93119 m2 0.0433 -0.509725 -0.25634 0.0277656 0
1231192 661370 m2 0.0345 -0.333089 -0.0402314 0 0.0202844
1231192 674427 m2 0.01415 -0.412754 -0.121044 0 -0.0284936
1231192 366182 m2 0.03365 0.452259 -0.439733 0 -0.051085
1231192 379754 m2 0.0152 -0.0699104 -0.182471 0.0385169 0
1231192 722792 m2 0.01325 -0.187082 -0.167863 -0.0243098 0
1231192 458852 m2 0.02625 -0.33235 -0.442208 0.0303949 0
1231192 539847 m2 0.0375 0.392022 -0.375072 0 -0.0647595
1231192 585180 m2 0.0307 -0.261751 -0.236644 0 -0.000338259
1231192 107819 m2 0.0505 -0.288537 -0.579347 0 -0.0460701
1231192 370409 m2 0.0534 -0.492941 -0.45705 -0.0634927 0
1231192 176319 m2 0.13835 0.230691 -0.633643 0 -0.0369754
1231192 560103 m2 0.02235 -0.374482 -0.360335 -0.00775517 0
1231192 586428 m2 0.0149 0.288874 0.0906198 0.0147754 0
1231192 640770 m2 0.03285 -0.0449899 -0.524034 -0.0156309 0
1231192 699412 m2 0.015 -0.273049 -0.266365 0.0115416 0
1231192 516844 m2 0.0301 -0.0716077 0.578176 -0.0478908 0
1231192 682250 m2 0.0184 -0.0295666 -0.126444 0.0317174 0
1231192 636444 m2 0.016 0.157064 -0.33974 0 -0.0185037
1231192 218057 m2 0.03975 0.520773 0.0161372 0.0149197 0
1231192 634454 m2 0.0116 -0.180091 -0.244375 0.00567038 0
1231192 267499 m2 0.07795 -0.315115 -0.059587 -0.0084145 0
1231192 155107 m2 0.02365 -0.408176 -0.291081 0.0246241 0
1231192 577700 m2 0.01145 -0.427603 -0.217165 -0.0455877 0
1231192 678068 m2 0.01035 0.311113 -0.301703 0.0753615 0
1231192 611384 m2 0.0148 0.316499 -0.00191818 0 -0.0176069
1231192 634718 m2 0.02135 0.0659087 -0.363241 0 -0.0178635
1231192 338012 m2 0.0224 0.469093 -0.385468 0 -0.0298948
1231192 631677 m2 0.0113 -0.354548 -0.328269 -0.013872 0
1231192 161619 m2 0.2089 0.531727 -0.64933 0 -0.0516832
1231192 244715 m2 0.01205 0.347452 -0.148717 0 -0.00856981
1231192 241725 m2 0.0435 0.36868 -0.368445 0 -0.0257728
1231192 335801 m2 0.08115 -0.424976 -0.469848 -0.0137011 0
1231192 351569 m2 0.0187 -0.274234 -0.279094 0.0413521 0
1231192 337749 m2 0.02225 0.290011 -0.45915 0 -0.0402373
1231192 187269 m2 0.01815 -0.416076 0.0561935 -0.0117469 0
1231192 604056 m2 0.03005 -0.0507537 -0.522282 -0.0122666 0
1231192 453330 m2 0.0105 -0.0550748 0.161195 0 0.0124386
1231192 467050 m2 0.03325 0.457048 -0.201326 0 -0.0444945
1231192 547701 m2 0.0493 0.131992 -0.543138 -0.018054 0
1231192 261800 m2 0.01755 0.178505 0.0975025 0.00834125 0
1231192 561366 m2 0.01795 -0.0725713 -0.361908 0 -0.0313583
1231192 320926 m2 0.0249 -0.307557 -0.466912 -0.0487714 0
1231192 444554 m2 0.0263 -0.0153642 0.399753 0 -0.0312005
1231192 234094 m2 0.0541 -0.485437 -0.270576 0 0.0228239
1231192 673188 m2 0.01305 -0.498169 -0.226441 -0.0658182 0
1231192 370164 m2 0.07105 -0.472376 -0.55433 0 -0.0365451
1231192 540610 m2 0.01115 0.179134 -0.0964569 0 0.0218543
1231192 453380 m2 0.02045 0.453267 -0.109098 0.0460978 0
1231192 260312 m2 0.0271 0.417636 -0.0262327 0 0.000304572
1231192 258336 m2 0.0603 -0.0705715 -0.497331 0 -0.0561641
1231192 474541 m2 0.01125 -0.360299 -0.198806 0 -0.0377321
1231192 387431 m2 0.02715 0.444226 -0.378138 0 -0.0154114
1231192 507143 m2 0.0469 -0.420613 -0.343754 0 -0.0496737
1231192 255817 m2 0.12185 -0.38464 0.100645 -0.0376776 0
1231192 566857 m2 0.02265 -0.301882 -0.313414 0 -0.0192214
1231192 691158 m2 0.01355 0.278842 -0.181275 0 0.00121294
1231192 677846 m2 0.01355 -0.352643 -0.264605 0 0.0130851
1231192 439781 m2 0.0385 -0.389346 -0.485237 -0.00380616 0
1231192 359285 m2 0.0327 -0.165067 -0.194651 -0.0049538 0
1231192 275872 m2 0.22835 -0.830872 -0.134503 -0.0627861 0
1231192 310203 m2 0.0493 -0.333137 0.246636 0.00639441 0
1231192 255849 m2 0.01265 -0.352156 -0.307478 0 -0.00688841
1231192 264333 m2 0.027 0.0166351 -0.343374 0 0.016053
1231192 520353 m2 0.0557 0.133409 -0.457243 -0.0378424 0
1231192 212808 m2 0.05655 -0.0954713 0.417434 0 -0.00358221
1231192 463782 m2 0.0614 0.48628 -0.264152 0.0100034 0
1231192 203780 m2 0.2506 0.247665 -0.85248 0 -0.0375056
1231192 653822 m2 0.0232 -0.48123 -0.118635 0.0118283 0
1231192 302745 m2 0.05195 0.0136456 -0.385633 0 -0.0238823
1231192 305236 m2 0.0413 -0.071188 -0.48578 0 -0.0722747
1231192 255319 m2 0.0541 -0.354796 -0.494377 0 -0.0250722
1231192 370128 m2 0.0628 0.448057 -0.380344 0 -0.0102549
1231192 564195 m2 0.0502 -0.621275 0.209328 -0.0646137 0
1231192 428786 m2 0.03735 0.345266 -0.478889 0 -0.00122434
1231192 333575 m2 0.04 0.193742 -0.506847 0.0349619 0
1231192 568600 m2 0.01705 -0.474594 -0.0274383 0 -0.0182603
1231192 596070 m2 0.04005 0.161145 -0.33732 0 0.0283239
1231192 331774 m2 0.01515 -0.282832 -0.285562 -0.002684 0
1231192 299693 m2 0.0272 0.43168 -0.314611 0 -0.0332682
1231192 222506 m2 0.0219 -0.442893 -0.331085 0 -0.0168261
1231192 396919 m2 0.0644 -0.347159 -0.474676 -0.00574872 0
1231192 491669 m2 0.02615 0.377218 0.125848 0 0.0430113
1231192 319861 m2 0.0109 0.0174769 -0.394884 0 -0.0599479
1231192 272213 m2 0.0517 -0.00158046 -0.528401 0 -0.0021748
1231192 292005 m2 0.02065 0.104422 -0.432342 0 -0.0885097
1231192 319105 m2 0.0179 0.228983 -0.416332 0 -0.0214477
1231192 657081 m2 0.0161 0.0613603 -0.38437 0 -0.0201348
1231192 623651 m2 0.0109 0.0837467 -0.474202 0.0104538 0
1231192 408169 m2 0.0358 0.514649 0.0116563 0.0521304 0
1231192 294207 m2 0.0437 0.158937 -0.276759 0 -0.0238509
1231192 336965 m2 0.09335 0.512944 -0.219056 0 0.000319755
1231192 607844 m2 0.01735 0.462834 0.272738 0.00922756 0
1231192 584623 m2 0.02205 0.324019 -0.334705 0 0.0275442
1231192 253821 m2 0.0536 -0.130213 -0.480945 -0.0157656 0
1231192 467275 m2 0.0416 0.509715 0.437951 0.0181869 0
1231192 305274 m2 0.01425 0.283303 -0.325913 0.018854 0
1231192 250632 m2 0.0137 0.350708 -0.013862 -0.0329631 0
1231192 247915 m2 0.0518 -0.154182 0.104369 -0.0139243 0
1231192 256582 m2 0.098 -0.523203 -0.459214 0 -0.0348695
1231192 367098 m2 0.02325 -0.482303 0.0156601 -0.0560073 0
1231192 522663 m2 0.05305 -0.240768 -0.398147 0 -0.0371076
1231192 597078 m2 0.0187 -0.404396 -0.40709 0 -0.0295043
1231192 619198 m2 0.02475 -0.0847037 -0.519466 -0.023548 0
1231192 302479 m2 0.05555 0.489372 0.492043 0.0142919 0
1231192 472184 m2 0.01905 0.440069 -0.346791 0 -0.0585595
1231192 466755 m2 0.01525 0.280126 0.275054 0.0662737 0
1231192 529076 m2 0.02335 -0.383446 -0.00487075 -0.0379905 0
1231192 394641 m2 0.0243 0.0688257 -0.116474 -0.0181278 0
1231192 656843 m2 0.0111 -0.175528 -0.360921 0 -0.046101
1231192 584618 m2 0.01015 0.281657 -0.0037607 -0.00941869 0
1231192 337488 m2 0.09735 -0.450503 -0.443525 -0.00547996 0
1231192 363510 m2 0.02435 -0.00812678 -0.462086 0 -0.0495182
1231192 677366 m2 0.02945 0.383437 -0.363225 0 0.00310712
1231192 431032 m2 0.0392 -0.385923 -0.41151 -0.0388992 0
1231192 674153 m2 0.01255 -0.0279027 -0.387826 0.0142338 0
1231192 416853 m2 0.05115 -0.551916 -0.247336 0 -0.0262921
1231192 454556 m2 0.01315 -0.379189 -0.291268 0 -0.0275878
1231192 423380 m2 0.03175 -0.150263 -0.336063 0 -0.0169669
1231192 676595 m2 0.0227 0.287122 -0.404126 0 -0.0315641
1231192 427829 m2 0.0298 0.336957 -0.386738 0 -0.0604919
1231192 450884 m2 0.0186 0.428438 0.295187 0 -0.0342576
1231192 416090 m2 0.10365 -0.477231 -0.540923 0 -0.0282894
1231192 657302 m2 0.02555 -0.439066 -0.37708 0 -0.0307608
1231192 324139 m2 0.11045 0.0407993 -0.528893 0 -0.035482
1231192 543359 m2 0.0114 0.224697 0.0326101 0 0.0266399
1231192 651998 m2 0.01405 -0.382294 -0.0315599 -0.0406133 0
1231192 421633 m2 0.0436 -0.341822 -0.412357 0 -0.0400152
1231192 391109 m2 0.01085 0.0829625 -0.398384 0.0553814 0
1231192 639461 m2 0.0103 -0.217197 -0.100577 -0.00610184 0
1231192 362009 m2 0.0282 -0.451875 0.169682 0.0163526 0
1231192 644682 m2 0.01425 0.286563 -0.362728 -0.0163213 0
1231192 612797 m2 0.0105 -0.169053 -0.339252 0 -0.0278352
1231192 425857 m2 0.0148 0.18932 -0.159496 0.0365575 0
1231192 426110 m2 0.01545 0.255302 -0.371064 -0.00622225 0
1231192 606608 m2 0.01425 -0.133092 -0.431654 0 -0.0756619
1231192 444026 m2 0.04855 -0.422749 -0.458399 -0.0274434 0
1231192 405962 m2 0.01475 -0.303293 -0.358243 -0.0295572 0
1231192 475575 m2 0.01235 -0.297122 -0.402323 0 -0.0194318
1231192 695214 m2 0.03215 0.449167 -0.309512 0 -0.00971918
1231192 411523 m2 0.0599 -0.465143 0.339613 0 -0.0213411
1231192 604297 m2 0.0118 0.226333 -0.399798 0.00685016 0
1231192 458558 m2 0.01765 0.327114 -0.448936 0 -0.0598062
1231192 690382 m2 0.01415 0.300512 -0.291322 0.00609282 0
1231192 423632 m2 0.0269 -0.224494 -0.0927756 0 -0.00687017
1231192 524434 m2 0.0115 0.361559 0.0572818 -0.0677031 0
1231192 414311 m2 0.0413 -0.13531 0.045313 0 -0.0136386
1231192 410313 m2 0.03925 -0.162434 -0.487301 0 -0.0102428
1231192 553111 m2 0.0215 -0.327428 -0.412492 0 -0.0283008
1231192 526361 m2 0.06765 0.167284 -0.59664 0 -0.056607
1231192 465764 m2 0.0458 -0.382459 -0.39872 -0.0469615 0
1231192 648455 m2 0.0134 -0.0739491 -0.37627 -0.0120205 0
1231192 543831 m2 0.01455 -0.41324 -0.189736 0 0.0118224
1231192 666830 m2 0.0177 -0.0490466 -0.406345 0 -0.026653
1231192 507628 m2 0.0271 0.417636 -0.0262327 0 -0.0213214
1231192 519118 m2 0.0156 -0.244887 -0.36703 0 0.00691681
1231192 698421 m2 0.0113 0.279651 -0.366968 0 -0.0283197
1231192 659583 m2 0.01565 0.19196 -0.288799 0 -0.0259367
1231192 695457 m2 0.01335 0.107115 -0.427862 0.0177334 0
1231192 647978 m2 0.0121 -0.254436 -0.249007 -0.0200212 0
1231192 693874 m2 0.0154 0.243613 -0.3138 -0.0545806 0
