seed mutID muttype p cor_sal cor_temp mutSalEffect mutTempEffect
1231203 544382 m2 0.010162 0.0961786 0.131103 0.0122361 0
1231203 181895 m2 0.0469318 0.160082 0.452147 0.0402341 0
1231203 585010 m2 0.0127148 0.255285 0.231566 0 -0.0384678
1231203 84910 m2 0.0405007 0.0856279 0.400092 0.0209584 0
1231203 141547 m2 0.0367207 0.105001 0.392992 0.0660337 0
1231203 711600 m2 0.0145803 0.300209 0.227629 -0.0367776 0
1231203 518945 m2 0.0238586 0.148159 0.162593 0 0.0227003
1231203 323808 m2 0.0484536 0.2759 0.448275 0 0.0167928
1231203 248732 m2 0.0164458 -0.00542934 0.343595 -0.0268529 0
1231203 350647 m2 0.0506136 0.214934 0.428597 0 0.0718915
1231203 479363 m2 0.0378989 0.119378 0.367485 0 0.0400554
1231203 403685 m2 0.0312224 0.139284 0.337463 0.107238 0
1231203 101526 m2 0.0599411 -0.00959819 0.448508 -0.0175251 0
1231203 272811 m2 0.0498773 0.215012 0.426541 0 0.0119428
1231203 272810 m2 0.0382916 0.119808 0.359425 0 0.0156429
1231203 746264 m2 0.0100638 0.132242 0.319233 0 -0.0159786
1231203 393131 m2 0.0442808 0.199993 0.416129 0 -0.0141418
1231203 542847 m2 0.0381443 0.101742 0.397039 0.0359775 0
1231203 493956 m2 0.0492391 0.212738 0.426359 0 0.0499717
1231203 416301 m2 0.0443299 0.197903 0.415595 0.0529515 0
1231203 728369 m2 0.0158076 0.152639 0.30938 -0.0404479 0
1231203 712133 m2 0.0185076 0.13419 0.330077 0 -0.0919712
1231203 424284 m2 0.0418753 0.0824203 0.404804 0 0.021712
1231203 521975 m2 0.0359352 0.128066 0.359745 0 0.0455822
1231203 119130 m2 0.0480118 -0.207472 0.356915 -0.0454768 0
1231203 496196 m2 0.0405007 0.0856279 0.400092 0 0.0399549
1231203 187680 m2 0.0198331 -0.216828 0.256099 0 -0.00740081
1231203 493187 m2 0.0382916 0.119808 0.359425 0 0.0180408
1231203 431961 m2 0.0381934 0.120144 0.359422 0 0.0319741
1231203 515571 m2 0.0307806 -0.217099 0.272781 0 0.0205834
1231203 691975 m2 0.0230241 0.146262 0.334508 0 -0.028661
1231203 374220 m2 0.0349043 0.130643 0.354872 0 0.0663421
1231203 434474 m2 0.0413844 0.083695 0.403111 -0.015111 0
1231203 493715 m2 0.0449681 0.0764928 0.413983 0 -0.0576599
1231203 318692 m2 0.0305842 -0.145462 0.27282 0.0260235 0
1231203 630241 m2 0.0108984 -0.151 0.222491 0.0326736 0
1231203 178607 m2 0.0337261 -0.213361 0.316433 0 -0.00982056
1231203 593368 m2 0.0146294 -0.147869 0.20829 -0.0250825 0
1231203 200863 m2 0.0347079 -0.149637 0.229837 0 0.0201379
1231203 669325 m2 0.0274423 0.144996 0.33902 0 0.0315615
1231203 579546 m2 0.0381934 0.120144 0.359422 -0.0486353 0
1231203 293194 m2 0.0412371 -0.213201 0.319801 0 0.0234799
1231203 286654 m2 0.0100147 -0.206856 0.235056 0 0.0495351
1231203 346547 m2 0.0382916 0.119808 0.359425 0.0118485 0
1231203 60013 m2 0.0393225 -0.215181 0.275462 0 0.0318579
1231203 640554 m2 0.0145803 -0.143767 0.221238 0 0.0473741
1231203 269214 m2 0.0345606 -0.148763 0.223781 -0.0585038 0
1231203 668560 m2 0.0100147 -0.198046 0.218591 -0.0128516 0
1231203 545147 m2 0.0119293 -0.0972429 0.225213 0.0269503 0
1231203 506847 m2 0.0223368 -0.151226 0.220931 0 0.0369163
1231203 633820 m2 0.0356897 0.0946574 0.390052 0 0.0462065
1231203 577561 m2 0.0306824 -0.146394 0.273889 0.00832126 0
1231203 98981 m2 0.0258223 -0.219765 0.26674 0 0.0627185
1231203 114455 m2 0.0381443 -0.21602 0.275293 -0.00188185 0
1231203 266907 m2 0.0404516 -0.213526 0.31975 0 0.010098
1231203 309727 m2 0.0407953 -0.221227 0.312062 0 0.073342
1231203 157464 m2 0.0412371 -0.213201 0.319801 0.0218271 0
1231203 124436 m2 0.0366716 -0.216558 0.275153 -0.00534999 0
1231203 80489 m2 0.0268041 0.150843 0.173338 0.00264145 0
1231203 665031 m2 0.0141384 -0.146357 0.222889 0 -0.0266832
1231203 228802 m2 0.042268 -0.214092 0.328499 -0.0507467 0
1231203 96218 m2 0.0448699 -0.219769 0.342286 -0.0157872 0
1231203 631831 m2 0.0136966 -0.20662 0.231526 0 -0.0361526
1231203 547185 m2 0.0248895 -0.205434 0.271943 0 -0.00674335
1231203 428101 m2 0.0433972 0.0787492 0.409804 0.0217204 0
1231203 419631 m2 0.0125675 -0.204752 0.228549 -0.0340147 0
1231203 642612 m2 0.0148257 -0.149014 0.211389 0 -0.000314325
1231203 296317 m2 0.0354934 -0.160076 0.261481 0.0161093 0
1231203 10375 m2 0.0132057 -0.19341 0.16106 0 0.0239255
1231203 531761 m2 0.0159548 -0.210383 0.239012 -0.096554 0
1231203 704136 m2 0.0292096 0.13261 0.346761 0.00955903 0
1231203 392845 m2 0.0329406 -0.221764 0.310425 0.0192457 0
1231203 30175 m2 0.0396171 0.128448 0.213725 0 -0.0131202
1231203 291945 m2 0.0236132 -0.216739 0.264948 0.00262993 0
1231203 61779 m2 0.0309769 -0.218681 0.267839 -0.0158904 0
1231203 19610 m2 0.0419244 0.139145 0.245776 0.0144726 0
1231203 384589 m2 0.0122239 -0.137049 0.293297 0 0.0476252
1231203 476871 m2 0.0104075 -0.196839 0.221631 -0.0928595 0
1231203 677626 m2 0.0153166 -0.151226 0.220938 0 0.0532322
1231203 93661 m2 0.0102602 0.0738282 0.150745 -0.00623682 0
1231203 398999 m2 0.039028 -0.215417 0.275424 0 0.0121241
1231203 77362 m2 0.0164948 -0.21494 0.274903 0 0.0286413
1231203 19604 m2 0.0432499 0.133387 0.246681 0.0523567 0
1231203 57523 m2 0.0496809 0.397794 -0.309479 0 -0.0378755
1231203 482666 m2 0.0113402 -0.201036 0.221144 0 -0.0174217
1231203 210761 m2 0.0287678 0.110743 0.217527 0 0.0652677
1231203 498231 m2 0.0186058 0.103101 0.18116 0.0293951 0
1231203 351113 m2 0.0102602 0.0738282 0.150745 -0.00871266 0
1231203 203123 m2 0.0196367 0.147986 0.16224 0 0.0105352
1231203 275308 m2 0.0451645 -0.213042 0.347112 -0.10172 0
1231203 705880 m2 0.014433 0.148477 0.174012 -0.0236466 0
1231203 330853 m2 0.0384389 -0.152027 0.287485 0 0.0365445
1231203 19597 m2 0.0437899 -0.199555 0.280719 0 0.0320043
1231203 224230 m2 0.0175749 0.0919468 0.170083 0 0.0677581
1231203 590783 m2 0.0164458 -0.215032 0.274857 0 0.027798
1231203 687227 m2 0.0147766 -0.14711 0.22326 0 0.00349049
1231203 353666 m2 0.0361316 -0.194112 0.264575 -0.0751266 0
1231203 195575 m2 0.0481591 -0.177994 0.307715 -0.072148 0
1231203 400547 m2 0.0357388 -0.216861 0.274992 -0.0328604 0
1231203 33030 m2 0.072705 -0.103168 0.368068 0 0.0531035
1231203 166756 m2 0.0426608 0.151336 0.214142 0 0.0721738
1231203 647774 m2 0.0149239 -0.146287 0.222852 0 -0.0444869
1231203 23662 m2 0.112322 -0.0550806 0.273724 -0.0640994 0
1231203 202097 m2 0.0110947 0.0569337 0.184687 -0.00102554 0
1231203 206124 m2 0.022435 0.0844129 0.213003 0 -0.0121657
1231203 118560 m2 0.0124202 0.0608645 0.185917 0 0.0209339
1231203 394838 m2 0.0297987 0.149168 0.174077 0.0560919 0
1231203 297633 m2 0.0255768 0.144802 0.156287 0 0.0156741
1231203 687475 m2 0.0115366 0.143491 0.171917 -0.0183574 0
1231203 212770 m2 0.0158076 0.130969 0.162916 0.0178632 0
1231203 446549 m2 0.0306333 -0.126753 0.244952 0.0218412 0
1231203 664547 m2 0.0109966 -0.150911 0.222721 0 0.038815
1231203 639247 m2 0.0118802 0.133704 0.138614 0 -0.0701759
1231203 591024 m2 0.0446244 -0.197815 0.289666 -0.0244124 0
1231203 221212 m2 0.0239568 0.0869743 0.214425 -0.076186 0
1231203 645931 m2 0.0163476 0.0889706 0.123963 0 -0.0432101
1231203 636562 m2 0.0100147 0.122468 0.122468 0.0129557 0
1231203 579783 m2 0.0201767 0.138254 0.145539 -0.0398795 0
1231203 149667 m2 0.0297987 0.0912571 0.251603 0.0198996 0
1231203 305932 m2 0.0248405 0.119377 0.152979 0 0.109647
1231203 547954 m2 0.0196858 0.150327 0.167647 0 -0.0295277
1231203 615354 m2 0.0179185 0.0733813 0.202803 0 -0.0287754
1231203 379106 m2 0.0201276 0.0801546 0.208137 0 0.0291293
1231203 74588 m2 0.0243004 0.101076 0.189794 0 -0.0531167
1231203 493404 m2 0.0143839 0.0641286 0.192634 0 0.045919
1231203 294995 m2 0.0393716 -0.215134 0.275469 0 0.0380071
1231203 365272 m2 0.0179185 0.0732843 0.202702 0.088546 0
1231203 272253 m2 0.0442317 -0.200682 0.290977 0 0.0329785
1231203 518917 m2 0.0133039 0.0701692 0.193257 0.0090258 0
1231203 522210 m2 0.0437899 -0.199555 0.280719 0 0.0750231
1231203 691238 m2 0.0242023 -0.112662 0.233704 0 0.0710729
1231203 350614 m2 0.0443299 -0.198564 0.286709 0.0106823 0
1231203 449821 m2 0.026215 0.11763 0.211694 0 0.0599493
1231203 247131 m2 0.0128621 0.155666 0.193327 0 -0.0140638
1231203 102467 m2 0.0885125 0.0807803 0.317064 0.0144991 0
1231203 71782 m2 0.0231222 0.101986 0.174595 0 -0.0464719
1231203 73839 m2 0.0653903 0.316036 0.185456 0 -0.0477963
1231203 213247 m2 0.0437899 -0.199555 0.280719 0 0.0287601
1231203 320909 m2 0.0240059 -0.108168 0.231354 0 -0.0138262
1231203 176767 m2 0.0285714 0.0973699 0.222282 -0.0199656 0
1231203 433216 m2 0.0335297 0.36132 0.223901 0 0.00222002
1231203 440695 m2 0.0266078 -0.214304 0.267573 0 0.0803033
1231203 601725 m2 0.014433 -0.195897 0.164288 0.0182093 0
1231203 633067 m2 0.0291605 -0.135745 0.24294 -0.00387962 0
1231203 599168 m2 0.0309278 -0.126137 0.24897 0.0803023 0
1231203 354412 m2 0.0297005 -0.0885009 0.264849 0.0217775 0
1231203 14409 m2 0.111978 0.16092 0.291296 0.00297496 0
1231203 213768 m2 0.0313697 -0.0931649 0.268397 0.0106188 0
1231203 545124 m2 0.0227295 0.142648 0.171421 0 -0.017089
1231203 11853 m2 0.0195876 -0.215045 0.153043 0 -0.0304071
1231203 437262 m2 0.0436917 -0.200189 0.280714 -0.0384796 0
1231203 135705 m2 0.0387334 0.354579 0.192629 0.000228256 0
1231203 229776 m2 0.0104566 0.0523412 0.17737 -0.0256926 0
1231203 148164 m2 0.0161021 -0.201922 0.180069 -0.0314095 0
1231203 379634 m2 0.0269514 0.0947408 0.195409 0 0.00127425
1231203 8798 m2 0.0799215 0.0874927 0.0439351 0.0365803 0
1231203 325797 m2 0.0330879 -0.118465 0.268956 0 -0.00242801
1231203 418843 m2 0.0484536 -0.177013 0.307839 0 0.00211983
1231203 264642 m2 0.0305842 -0.126636 0.244885 0.0230478 0
1231203 397704 m2 0.0232204 0.145003 0.156641 0.056289 0
1231203 136754 m2 0.0135002 -0.194066 0.161889 0.0250153 0
1231203 383815 m2 0.0459499 0.145042 0.247996 0.103777 0
1231203 497460 m2 0.0303387 -0.0903103 0.266267 -0.0234485 0
1231203 390965 m2 0.0345115 0.150258 0.173858 0 0.0284923
1231203 551585 m2 0.0123711 0.14279 0.152841 0 0.0542249
1231203 368095 m2 0.04973 0.357617 0.058091 0.0286307 0
1231203 13921 m2 0.110162 0.000460983 0.264835 0 0.0364365
1231203 175371 m2 0.0853216 0.475311 0.267271 0 -0.00261802
1231203 569413 m2 0.0232695 0.0906631 0.215467 0.0892361 0
1231203 223477 m2 0.0441826 -0.198884 0.285147 0 -0.0114891
1231203 26774 m2 0.0104075 -0.213974 0.140971 0 0.0515108
1231203 521171 m2 0.0230731 -0.199765 0.206334 0 0.0340392
1231203 737409 m2 0.0188022 -0.125848 0.208953 0.000961414 0
1231203 274018 m2 0.0484536 -0.177013 0.307839 -0.0219745 0
1231203 13918 m2 0.0201276 -0.214297 0.153069 0 -0.00755557
1231203 311735 m2 0.0437899 -0.199555 0.280719 -0.0420229 0
1231203 43566 m2 0.168876 0.166234 0.425847 0 0.0626297
1231203 12664 m2 0.12646 0.30669 0.358016 0 0.00708652
1231203 147894 m2 0.0611684 0.445468 0.228817 0 0.040658
1231203 124128 m2 0.0868925 0.405465 0.29294 0.0147621 0
1231203 639009 m2 0.0312224 -0.21344 0.267839 -0.018871 0
1231203 540014 m2 0.0171821 -0.216112 0.270635 0 0.107456
1231203 617633 m2 0.0243986 -0.206569 0.272537 0 0.0468769
1231203 159192 m2 0.106922 0.244869 0.317079 -0.0224106 0
1231203 206607 m2 0.0131566 0.121389 0.0282811 0 0.0601938
1231203 56212 m2 0.0356406 0.333899 0.161189 0.0105166 0
1231203 10089 m2 0.0111929 0.104682 0.0261257 0 0.0121059
1231203 263642 m2 0.0234659 0.257837 0.0564727 0 -0.00954457
1231203 49286 m2 0.112322 -0.0550806 0.273724 0.027013 0
1231203 730818 m2 0.0186058 -0.113971 0.226989 -0.0674356 0
1231203 373404 m2 0.017624 -0.209425 0.191862 -0.0362278 0
1231203 367587 m2 0.0285714 -0.121245 0.254458 0 -0.0069987
1231203 467653 m2 0.0131566 -0.193297 0.160919 0 -0.012097
1231203 609108 m2 0.0436917 -0.200189 0.280714 0.0473025 0
1231203 531252 m2 0.0239568 -0.114063 0.236587 0 -0.053541
1231203 178011 m2 0.0142366 -0.218403 0.149183 -0.0772748 0
1231203 455960 m2 0.0441826 -0.198884 0.285147 0 0.0378664
1231203 465641 m2 0.0611684 0.317596 0.27176 0.0732425 0
1231203 6503 m2 0.0597938 -0.177034 0.140224 0.0177079 0
1231203 41355 m2 0.0137948 -0.21824 0.1485 0.00470105 0
1231203 700235 m2 0.0174276 -0.119061 0.243824 0.00788713 0
1231203 139666 m2 0.0452135 -0.195887 0.294901 -0.04854 0
1231203 14135 m2 0.0280314 0.0895889 0.0932639 0 0.00866915
1231203 455184 m2 0.0441826 -0.198884 0.285147 0.0163178 0
1231203 118256 m2 0.107069 -0.0183039 0.070016 0 0.0471335
1231203 362482 m2 0.0415808 0.33469 0.0281208 0 0.00510444
1231203 227440 m2 0.0109966 -0.215128 0.142585 0 0.0742442
1231203 457950 m2 0.0164948 -0.201256 0.172372 -0.0671936 0
1231203 470466 m2 0.0201276 -0.112437 0.225453 0 -0.061157
1231203 12650 m2 0.0119784 0.141815 0.0612213 0 -0.0895663
1231203 411864 m2 0.0437899 -0.199555 0.280719 0 -0.101724
1231203 608069 m2 0.0148257 -0.19656 0.165199 0 0.0368299
1231203 381437 m2 0.0437899 -0.199555 0.280719 -0.00254837 0
1231203 332577 m2 0.0108002 0.158061 0.0237448 0 0.0236962
1231203 495915 m2 0.0406971 -0.190895 0.279863 -0.0177114 0
1231203 291906 m2 0.0860088 0.0190756 0.211013 0.0225512 0
1231203 13632 m2 0.0712813 0.171132 0.125499 -0.00852387 0
1231203 368076 m2 0.107806 -0.00493612 0.259346 -0.00744137 0
1231203 737149 m2 0.0129111 -0.115589 0.20438 0 0.0114204
1231203 693718 m2 0.0111929 0.22533 0.0461437 0 -0.0206611
1231203 548515 m2 0.0124202 0.0873434 0.1659 -0.00334377 0
1231203 456951 m2 0.0223859 0.1561 0.154362 0 0.060997
1231203 57760 m2 0.0940599 0.0828891 0.224681 0 -0.0191197
1231203 739436 m2 0.0118802 0.285206 0.217038 0 0.0170053
1231203 1871 m2 0.0285714 -0.195548 -0.0418954 0 0.0365991
1231203 472506 m2 0.0432008 -0.203222 0.28039 -0.0742618 0
1231203 507345 m2 0.0198331 -0.201114 0.173903 -0.0533193 0
1231203 699720 m2 0.0169367 -0.117789 0.218374 0 0.148148
1231203 656252 m2 0.0286205 -0.123155 0.241607 0.00466998 0
1231203 505288 m2 0.0309769 -0.127559 0.245404 0 0.0511987
1231203 6766 m2 0.059352 -0.192812 0.044234 -0.0784295 0
1231203 446754 m2 0.0937162 0.090639 0.224938 0 0.0263695
1231203 383530 m2 0.0767796 0.368976 0.281475 0 0.0676991
1231203 741471 m2 0.0183112 -0.145717 0.234456 0 0.00510163
1231203 409007 m2 0.0231713 0.103223 0.179363 0.00256342 0
1231203 665736 m2 0.0118802 -0.0874773 0.0874773 0 0.0318413
1231203 300200 m2 0.106726 0.0884072 0.247859 0 0.0137343
1231203 598399 m2 0.0131075 -0.193182 0.160776 0.0324569 0
1231203 491621 m2 0.0157094 0.255923 -0.000346424 0.030048 0
1231203 74794 m2 0.151792 0.378125 0.295804 0.0383226 0
1231203 586780 m2 0.0309278 0.291233 0.22168 0.025096 0
1231203 433685 m2 0.047619 -0.0432022 0.164971 -0.025562 0
1231203 397422 m2 0.0300442 0.268109 0.085496 -0.031421 0
1231203 254248 m2 0.0124693 -0.0211142 0.0330095 0 -0.0570831
1231203 722031 m2 0.016053 0.152979 0.153588 0 0.0166569
1231203 587510 m2 0.0192931 0.19044 0.0663962 0.00218548 0
1231203 396644 m2 0.0978891 0.0723234 0.232307 0.0532996 0
1231203 460216 m2 0.0509573 0.341431 0.29751 -0.00108796 0
1231203 474030 m2 0.0284732 0.331948 0.0360744 0 -0.0298082
1231203 489543 m2 0.0814433 0.0687804 0.218009 -0.072715 0
1231203 576053 m2 0.0753559 0.0446865 0.219725 0 0.0539667
1231203 286603 m2 0.0799705 0.445794 0.153336 0.134222 0
1231203 252190 m2 0.013893 -0.218284 0.148657 0 -0.00407208
1231203 717926 m2 0.016053 -0.0238987 0.15175 0 -0.00129907
1231203 658246 m2 0.0182131 -0.0484101 0.169679 -0.022051 0
1231203 584224 m2 0.0248895 -0.124157 0.269708 -0.0125667 0
1231203 510145 m2 0.017624 -0.209425 0.191862 -0.0650665 0
1231203 138598 m2 0.0109966 -0.215128 0.142585 -0.0412994 0
1231203 2377 m2 0.0274423 -0.195508 -0.0410597 0 -0.00597965
1231203 617618 m2 0.0185567 0.0970429 0.13195 -0.0348956 0
1231203 71751 m2 0.0141384 -0.218374 0.149036 -0.0497897 0
1231203 733849 m2 0.0126657 0.28556 0.217347 0 -0.0652834
1231203 338678 m2 0.114678 -0.0499896 0.278962 0 0.0515966
1231203 103908 m2 0.0589593 0.0810591 0.104993 0 0.0481151
1231203 479809 m2 0.0259696 0.251617 0.0810875 -0.0648936 0
1231203 291399 m2 0.0602847 -0.133367 0.349622 -0.0404381 0
1231203 685345 m2 0.0606775 0.0692984 0.215539 0 -0.0251344
1231203 595147 m2 0.0317624 -0.0461687 0.16354 0 0.0924605
1231203 574285 m2 0.0487482 0.158121 0.15848 0 0.0355143
1231203 81690 m2 0.0458027 0.0862585 0.103039 0.0646294 0
1231203 2898 m2 0.0365734 0.00548371 -0.0367865 0.0110465 0
1231203 141462 m2 0.0293569 0.248746 0.0879944 0.0876859 0
1231203 679719 m2 0.0100638 -0.198159 0.167542 0 0.023172
1231203 312241 m2 0.093569 0.0841814 0.223488 0.0106255 0
1231203 326483 m2 0.0583702 -0.0710873 0.177985 -0.0598598 0
1231203 570382 m2 0.060432 0.310995 0.266686 0 -0.0592144
1231203 752841 m2 0.0111929 0.15422 0.152081 0 -0.000769608
1231203 384057 m2 0.0982818 0.223093 0.32849 0 0.0449249
1231203 297884 m2 0.0611193 -0.136121 0.210255 -0.0385113 0
1231203 49755 m2 0.0104075 -0.185788 0.0302345 0 -0.013416
1231203 547912 m2 0.0370152 0.162421 0.164507 0 0.0575911
1231203 403860 m2 0.0959254 0.0778381 0.228772 -0.0189942 0
1231203 4946 m2 0.0250368 -0.199681 -0.0399362 0.0262409 0
1231203 96144 m2 0.0192931 -0.215429 0.153007 0 0.00292197
1231203 303070 m2 0.0199313 0.310494 0.0702847 -0.00641596 0
1231203 487748 m2 0.0739813 0.0544203 0.213963 0.0136818 0
1231203 360971 m2 0.0154639 -0.218444 0.150752 -0.0789801 0
1231203 499957 m2 0.0181149 -0.203861 0.17886 0 0.0574683
1231203 343208 m2 0.0492882 0.132331 0.0398058 0 0.0250435
1231203 194479 m2 0.0346097 0.10061 0.0380071 0.0387818 0
1231203 677577 m2 0.0140403 -0.0265553 0.152569 0 0.0150413
1231203 649333 m2 0.0487973 0.160372 0.158196 0 0.0260303
1231203 123565 m2 0.0108493 0.214522 0.0427783 0 0.0515429
1231203 531971 m2 0.0327442 0.181455 0.180489 0.0383827 0
1231203 612834 m2 0.0318606 0.387424 0.21695 0.0786658 0
1231203 107454 m2 0.0234168 -0.200441 0.0741696 0 -0.0406236
1231203 337406 m2 0.0114384 -0.180844 0.118711 0 -0.0018046
1231203 292114 m2 0.0567501 0.367101 0.054595 0.013145 0
1231203 712073 m2 0.0196858 -0.0124991 0.165717 0 0.000482852
1231203 99658 m2 0.0129602 0.162441 0.063429 0 0.00457991
1231203 95603 m2 0.0591065 0.41571 0.24212 0.0413349 0
1231203 271442 m2 0.0287678 0.0938961 0.0948741 0 -0.0198599
1231203 4430 m2 0.0578792 0.303778 -0.243074 0 -0.0241996
1231203 394284 m2 0.0633284 0.362236 0.0280188 0 0.0148666
1231203 36806 m2 0.0929799 -0.0284111 0.0532809 0.0232724 0
1231203 2620 m2 0.0464408 -0.113468 -0.115384 0 -0.00695519
1231203 366800 m2 0.0973 0.0739956 0.23133 0.0317772 0
1231203 396365 m2 0.0468827 0.397069 0.21037 0 0.00869486
1231203 304073 m2 0.0191458 -0.200241 0.0743894 0.00394569 0
1231203 75769 m2 0.0907707 0.261896 0.12701 0 0.00505352
1231203 205567 m2 0.0265096 -0.213201 0.1066 -0.0966065 0
1231203 57447 m2 0.0200295 -0.21058 0.0300407 -0.0621957 0
1231203 683827 m2 0.0300933 0.30561 0.235744 0 0.0847966
1231203 85066 m2 0.0499264 0.143095 0.107915 0 0.0252138
1231203 118776 m2 0.0273441 0.258275 0.0788771 0.00550651 0
1231203 435915 m2 0.0426608 0.428658 0.176199 -0.00400479 0
1231203 5420 m2 0.0329406 -0.213629 -0.187429 0 0.0227328
1231203 117471 m2 0.0576829 -0.0734411 0.111771 0 -0.0568025
1231203 716643 m2 0.0100638 0.0971493 0.0912464 0.0280621 0
1231203 523921 m2 0.0147275 -0.21849 0.149867 -0.0336575 0
1231203 367302 m2 0.0223368 0.257955 0.0658425 0 -0.0103187
1231203 663334 m2 0.0355916 0.153077 0.153214 0 -0.0344777
1231203 184775 m2 0.0376534 -0.0371799 0.121763 0 0.0774416
1231203 541070 m2 0.0161512 -0.218224 0.151433 0 0.00416194
1231203 82210 m2 0.0369661 -0.211374 0.117276 0 0.124007
1231203 455922 m2 0.0740304 0.473672 -0.246469 0 -0.00615995
1231203 336426 m2 0.0220913 0.233159 0.0774755 0.0980819 0
1231203 579199 m2 0.0248895 0.00165719 0.0746133 -0.0165674 0
1231203 655153 m2 0.0318115 0.265922 0.0784093 0.0660304 0
1231203 159150 m2 0.0507118 0.0914249 0.0963085 0 0.0723916
1231203 599904 m2 0.0448208 0.427949 0.165597 0 -0.00867594
1231203 722509 m2 0.0210113 0.0904874 0.0927862 0 -0.00251543
1231203 3070 m2 0.0790378 -0.163647 -0.425122 0 -0.0281615
1231203 143482 m2 0.0320569 -0.148957 0.0851932 0.00462542 0
1231203 427258 m2 0.0633775 0.35187 0.247497 0.0209593 0
1231203 748454 m2 0.0107511 -0.0366569 0.164064 0 0.0445787
1231203 409989 m2 0.0345606 0.280112 0.0783963 0 0.0718812
1231203 151559 m2 0.0270987 -0.213509 0.107421 -0.0646632 0
1231203 22534 m2 0.0327933 0.0700979 -0.0284634 0.000158816 0
1231203 681473 m2 0.0134512 0.283539 0.00202082 0 0.0134195
1231203 409983 m2 0.0251841 0.244426 0.0805187 0.0290448 0
1231203 132811 m2 0.0339715 0.168307 0.016484 0 0.0122749
1231203 295208 m2 0.0242023 0.140997 -0.0243404 0.0751664 0
1231203 543025 m2 0.0987727 0.110763 0.23153 0 -0.00619909
1231203 241375 m2 0.0821306 0.00914399 0.158377 0 0.0296705
1231203 521400 m2 0.0388316 -0.173412 0.273307 -0.000989813 0
1231203 395039 m2 0.0194894 -0.215175 0.153033 0 0.0605037
1231203 545352 m2 0.0114875 0.157144 0.0630447 0 0.000253441
1231203 738663 m2 0.0118311 0.140745 0.150536 0 0.0226122
1231203 713634 m2 0.0168385 0.158214 0.150608 0.0401812 0
1231203 145289 m2 0.0520373 -0.202691 0.0423615 -0.0185816 0
1231203 289835 m2 0.0245459 -0.198946 0.0746047 -0.0850732 0
1231203 322680 m2 0.0295042 0.360502 0.227824 0.0168692 0
1231203 26189 m2 0.0183112 0.129283 -0.0231273 0 0.00949406
1231203 627612 m2 0.0131566 -0.013357 0.0556962 -0.00722166 0
1231203 393495 m2 0.0135002 0.122468 0.0174955 0.0492274 0
1231203 26691 m2 0.0191949 -0.215143 -0.0308225 0.00766891 0
1231203 222414 m2 0.0392734 -0.208562 0.119327 -0.0286022 0
1231203 710973 m2 0.0364752 0.153409 0.152943 -0.0112355 0
1231203 82197 m2 0.0134512 -0.157459 0.0174955 0 0.0123902
1231203 273436 m2 0.0615611 0.0657153 0.0420633 -0.0104148 0
1231203 751583 m2 0.0109475 0.143574 0.151178 -0.0136871 0
1231203 401564 m2 0.0375061 0.0960996 0.0956321 -0.0205669 0
1231203 240133 m2 0.0455572 0.143224 0.0391953 0 -0.0219067
1231203 176149 m2 0.0191949 -0.157459 0.0524864 0.0532365 0
1231203 5631 m2 0.0294551 0.141416 -0.252856 -0.0327399 0
1231203 312681 m2 0.0237113 -0.219003 0.0324405 -0.0283455 0
1231203 328447 m2 0.0268041 0.137572 0.0291958 0 0.00781582
1231203 350040 m2 0.0612666 0.0928191 0.0433771 0 0.00301741
1231203 519104 m2 0.0375061 0.0996407 0.0971883 -0.0351597 0
1231203 93118 m2 0.0200785 -0.00542577 0.0671453 0 0.0159227
1231203 103126 m2 0.0298969 0.286626 -0.0629352 0 -0.00300654
1231203 312920 m2 0.0248895 0.14627 0.0320554 0.0534586 0
1231203 543242 m2 0.0269023 -0.132005 0.113136 0 0.0267619
1231203 180792 m2 0.0135984 -0.157459 0.0174955 0 0.0516866
1231203 542770 m2 0.0687776 0.0915005 0.111127 -0.0266677 0
1231203 656472 m2 0.0100638 0.336128 0.188511 0.051661 0
1231203 22775 m2 0.0104075 -0.185135 -0.0648647 0 -0.0190853
1231203 151299 m2 0.0728031 -0.174645 0.0447233 0 -0.0188714
1231203 420560 m2 0.0245459 -0.198946 0.0746047 0 0.0644395
1231203 490783 m2 0.0725086 0.270299 0.236802 0.0319264 0
1231203 109758 m2 0.0233677 -0.218708 0.0322034 0.00664652 0
1231203 511137 m2 0.0179676 -0.157459 0.0524864 -0.0121216 0
1231203 569359 m2 0.0121748 0.085133 0.092256 -0.0367419 0
1231203 542532 m2 0.0114384 -0.0800219 0.143656 0 -0.00171172
1231203 632514 m2 0.0236132 0.311202 0.0323727 0.0254874 0
1231203 445974 m2 0.0413353 0.0704373 0.0386574 0 -9.79009e-05
1231203 529914 m2 0.0580265 0.1467 0.125288 0 -0.00400916
1231203 91033 m2 0.0227786 -0.0286823 0.0303117 0 -0.0408598
1231203 264830 m2 0.032646 -0.213989 0.113871 -0.0732072 0
1231203 500676 m2 0.0196858 -0.0133676 0.0555545 0 -0.0406436
1231203 682238 m2 0.0116348 -0.0201847 0.149032 0 0.0439895
1231203 630961 m2 0.022975 0.159418 0.026204 0 -0.0164947
1231203 103853 m2 0.05027 -0.152996 -0.0482365 0 -0.0212196
1231203 573984 m2 0.0128621 0.229745 0.072364 -0.0645688 0
1231203 567074 m2 0.0386843 0.0585986 0.0372352 -0.0202225 0
1231203 14817 m2 0.0628375 -0.191742 -0.129132 0 -0.02658
1231203 733806 m2 0.012273 0.0881822 0.092675 0 -0.00399245
1231203 646904 m2 0.0410407 0.00822929 0.224115 0 -0.0427907
1231203 26420 m2 0.021404 -0.22156 -0.0342537 0 -0.0733915
1231203 596577 m2 0.0513009 0.0895533 0.092753 0 -0.0759245
1231203 462031 m2 0.0125675 0.0821449 0.0904564 -0.0318875 0
1231203 284286 m2 0.0467354 -0.174445 0.127606 -0.049432 0
1231203 287315 m2 0.021944 -0.199486 0.0745826 0 0.00822154
1231203 432399 m2 0.0168876 0.21825 0.0714053 0 -0.0165142
1231203 426978 m2 0.0250368 -0.199681 -0.0399362 -0.0643519 0
1231203 273682 m2 0.081836 0.0907963 0.0439588 0.0156118 0
1231203 572688 m2 0.0334806 0.092083 0.0957877 0.0169599 0
1231203 536090 m2 0.0183603 -0.157459 0.0524864 0 0.0106998
1231203 405113 m2 0.0527246 0.444145 0.19761 0.0445897 0
1231203 390385 m2 0.0245459 -0.198946 0.0746047 -0.00694112 0
1231203 473237 m2 0.0377516 0.247737 0.00793031 0.00246573 0
1231203 53779 m2 0.0195385 0.133921 -0.0236591 0 -0.0807442
1231203 13043 m2 0.0632302 -0.17665 -0.30785 0 0.0428934
1231203 258726 m2 0.0194404 -0.187593 0.0660564 -0.0528919 0
1231203 391690 m2 0.0160039 -0.184884 0.0718271 -0.0215704 0
1231203 468136 m2 0.0208149 0.148868 0.024866 0 0.0287689
1231203 493616 m2 0.0755032 -0.0571695 0.144308 0 0.0319188
1231203 13796 m2 0.0350025 -0.146612 -0.213562 -0.0111769 0
1231203 616837 m2 0.0265096 0.334669 0.279713 0.0394993 0
1231203 487442 m2 0.024595 0.146049 0.0319105 0 -0.0724321
1231203 293630 m2 0.0234168 -0.200441 0.0741696 -0.0476318 0
1231203 441694 m2 0.0242023 -0.0260216 0.0303089 -0.00202217 0
1231203 170715 m2 0.0854197 0.390401 0.246343 0 0.0305784
1231203 189832 m2 0.0659794 -0.054853 0.143455 0 -0.0171199
1231203 709900 m2 0.0190967 0.0808803 0.0959366 0 -0.0343861
1231203 149580 m2 0.0598429 -0.107284 0.042835 0.0448854 0
1231203 509587 m2 0.0106038 -0.1221 0.0971 0 -0.0132934
1231203 96569 m2 0.0233186 0.155045 -0.103818 0 0.00782749
1231203 352055 m2 0.0192931 -0.157459 0.0524864 -0.064958 0
1231203 414160 m2 0.0116348 -0.157219 0.0279888 -0.0358671 0
1231203 586453 m2 0.033137 0.0947092 0.0921397 0 -0.0436771
1231203 403062 m2 0.0239077 -0.219245 0.0324384 -0.122734 0
1231203 377702 m2 0.0131075 0.220933 -0.0690754 0 0.0493531
1231203 290061 m2 0.0396171 -0.0118033 0.034641 0 0.0664423
1231203 93543 m2 0.0375061 0.0416994 -0.0356697 0 -0.0367466
1231203 430550 m2 0.0216004 -0.198172 0.074575 0.0329893 0
1231203 724234 m2 0.0129111 -0.157459 0.0524864 0 -0.0191073
1231203 191866 m2 0.0761414 0.351745 -0.431509 0 -0.0199922
1231203 26394 m2 0.0610211 -0.198092 -0.128331 0 0.00464034
1231203 60635 m2 0.0285714 0.0523056 -0.0253111 0 0.0160965
1231203 123264 m2 0.0459499 -0.0920499 0.0432894 0 -0.000692405
1231203 497375 m2 0.0136475 -0.157459 0.0174955 -0.00303184 0
1231203 8639 m2 0.0868925 -0.0547449 -0.383214 0 -0.0329975
1231203 40260 m2 0.0951399 0.129246 -0.217294 -0.00758077 0
1231203 471420 m2 0.0322042 -0.170477 0.125957 -0.0106654 0
1231203 595618 m2 0.022484 0.306594 -0.0076026 0 0.0711643
1231203 426155 m2 0.0126166 0.118299 0.0245666 -0.0184465 0
1231203 344938 m2 0.0106529 -0.0174955 0.0524864 0 -0.0404664
1231203 454335 m2 0.0500736 0.0908077 0.0963987 0.0442832 0
1231203 637945 m2 0.0341188 0.0620567 0.10595 0 0.0962955
1231203 492325 m2 0.0486009 0.165467 0.112306 0 0.0010606
1231203 359927 m2 0.0139421 -0.157459 0.0174955 -0.0713891 0
1231203 50451 m2 0.0242514 0.153591 -0.104173 0 0.00851454
1231203 637942 m2 0.0141875 -0.137418 0.104993 0 -0.108081
1231203 558088 m2 0.0335788 0.33066 0.0258585 0 0.0195869
1231203 33146 m2 0.0901816 0.1266 -0.200488 0 -0.00831046
1231203 37695 m2 0.0111929 0.0537237 -0.234626 0 -0.0822101
1231203 531180 m2 0.0192931 0.134649 0.0200038 0.0182644 0
1231203 563757 m2 0.0210113 -0.0271653 0.0305105 0 0.00508666
1231203 50726 m2 0.024595 -0.201003 -0.0399079 -0.0136452 0
1231203 203288 m2 0.0116348 -0.157219 0.0279888 0 0.0924939
1231203 687143 m2 0.0131075 0.0874988 0.0916659 0.0116222 0
1231203 49447 m2 0.0270496 0.181222 -0.112241 0 -0.0161534
1231203 239338 m2 0.0430044 -0.0219464 0.0301698 0 -0.0258625
1231203 470887 m2 0.0215513 -0.091431 0.116446 0.0810098 0
1231203 205296 m2 0.0163476 -0.19945 0.0312748 0 0.00703229
1231203 18908 m2 0.0236622 0.0363868 -0.277388 -0.0303802 0
1231203 679397 m2 0.0107511 -0.181457 0.0631264 0.0133902 0
1231203 339842 m2 0.0373098 0.159884 -0.100224 0.00306162 0
1231203 661996 m2 0.0119293 0.0976792 0.0891713 0 -0.000180176
1231203 18335 m2 0.0105056 -0.166947 -0.0943155 0 -0.0400612
1231203 224630 m2 0.0392734 0.093885 -0.0315386 0 0.0145346
1231203 650306 m2 0.0249877 -0.193205 0.113736 0.00724074 0
1231203 209878 m2 0.0410407 0.020767 -0.0383217 0 0.000853785
1231203 362186 m2 0.0716249 0.186734 0.122648 0 0.0674157
1231203 105064 m2 0.0254786 0.161614 -0.107381 0.00379139 0
1231203 111556 m2 0.0251841 0.154486 -0.105733 0 -0.0220662
1231203 268607 m2 0.0694158 0.0739444 0.106385 0 -0.0237499
1231203 699156 m2 0.0228277 -0.197597 0.0745252 0 0.00953781
1231203 273399 m2 0.0158076 0.0925546 -0.0305285 0 -0.0120391
1231203 15489 m2 0.0141875 -0.158084 -0.158261 -0.114321 0
1231203 200728 m2 0.0289151 -0.195169 -0.0420716 -0.0355516 0
1231203 719442 m2 0.0110947 -0.0167901 0.0531949 0 -0.000770008
1231203 483095 m2 0.0323515 -0.0296792 0.030608 -0.0334214 0
1231203 635738 m2 0.0135984 0.133435 0.0197448 0.0334231 0
1231203 17542 m2 0.0264605 0.0243629 -0.274592 -0.0788361 0
1231203 309605 m2 0.0265096 0.1886 -0.113863 0 -0.00766003
1231203 426148 m2 0.0135984 -0.157459 0.0174955 -0.0125361 0
1231203 267828 m2 0.0227295 0.222365 -0.158314 0 -0.000597029
1231203 665206 m2 0.0468827 0.0889485 0.0945743 0 0.0480577
1231203 721979 m2 0.0104075 -0.0354681 0.0303329 0 0.0733183
1231203 291554 m2 0.0662739 -0.176428 -0.138499 -0.0609707 0
1231203 587225 m2 0.0108493 -0.157459 0.0524864 0 0.0499396
1231203 716110 m2 0.0297496 0.00124247 0.0346208 0 0.00235062
1231203 420525 m2 0.0350025 0.187497 -0.040173 0.0560234 0
1231203 484400 m2 0.023515 0.235461 -0.12073 -0.07164 0
1231203 369777 m2 0.0356406 0.272289 -0.0515471 0.125307 0
1231203 170421 m2 0.0108984 0.114486 -0.0212964 0.0179354 0
1231203 200720 m2 0.0247914 0.155747 -0.104863 -0.026121 0
1231203 487419 m2 0.0139421 -0.157459 0.0174955 0 0.024236
1231203 96066 m2 0.0239077 -0.213987 -0.0355303 0 -0.0318467
1231203 302181 m2 0.0182131 0.129057 -0.0231008 0 0.0133657
1231203 488955 m2 0.0400589 0.0179698 0.0464402 0 0.0388498
1231203 22722 m2 0.0868925 -0.0547449 -0.383214 0 -0.0229203
1231203 257873 m2 0.0527737 -0.126416 -0.115736 0 -0.031733
1231203 184471 m2 0.0407462 -0.0276121 0.0305369 0.000503125 0
1231203 350007 m2 0.0831124 0.392663 -0.344623 0 0.0471846
1231203 193174 m2 0.0137457 -0.157459 0.0174955 -0.0181804 0
1231203 487948 m2 0.0104075 0.192927 -0.059326 0 -0.0718949
1231203 543215 m2 0.015513 0.145922 -0.0226129 -0.0581908 0
1231203 130996 m2 0.0661757 -0.110417 -0.0522199 0 -0.0124124
1231203 340836 m2 0.0487973 0.0696701 -0.0358067 0 -0.0935485
1231203 143420 m2 0.0272459 0.161882 -0.111856 -0.0109246 0
1231203 46176 m2 0.0680412 0.337132 -0.376536 0 -0.0710944
1231203 105551 m2 0.0865979 0.428004 -0.38103 0.000310599 0
1231203 42192 m2 0.0324497 -0.213526 -0.186077 0 0.00465733
1231203 172231 m2 0.0256259 -0.199301 -0.040279 0 0.0556623
1231203 206766 m2 0.0256259 -0.199301 -0.040279 0 0.0238115
1231203 554566 m2 0.04865 0.0837807 0.0998895 -0.0149098 0
1231203 572912 m2 0.0185567 0.145444 0.0309622 0 -0.0226513
1231203 707559 m2 0.0133039 -0.143164 0.103169 0 -0.0134627
1231203 651063 m2 0.0113402 -0.120984 0.0921223 0 0.0659906
1231203 419756 m2 0.0100638 0.212576 -0.0703397 0.041337 0
1231203 173445 m2 0.0543937 0.32137 -0.189398 0.0357349 0
1231203 235845 m2 0.0335788 -0.026028 0.0303055 0.0111072 0
1231203 478211 m2 0.0242023 0.224423 -0.135688 -0.0463595 0
1231203 642516 m2 0.0364261 0.100751 0.0966611 0 0.000302548
1231203 62364 m2 0.0593029 0.357265 -0.35329 -0.0415936 0
1231203 365433 m2 0.05027 0.144642 -0.0490065 0 -0.0432241
1231203 158063 m2 0.0185567 0.216422 -0.0575191 0 -0.00725345
1231203 579430 m2 0.012322 0.122468 0.0174955 0.0157723 0
1231203 606981 m2 0.0360825 -0.0227834 0.0319915 0 -0.0124666
1231203 127352 m2 0.0527246 -0.12907 -0.0463421 0 0.0331551
1231203 269354 m2 0.021404 0.134519 -0.0237213 -0.0306391 0
1231203 570605 m2 0.0388807 0.0778149 0.0363994 -0.0525873 0
1231203 512863 m2 0.017624 0.106278 -0.0206785 0.018689 0
1231203 470869 m2 0.0488463 -0.023137 0.031593 0.0610044 0
1231203 271896 m2 0.0104075 0.137232 -0.0240641 -0.0123318 0
1231203 197629 m2 0.0254296 -0.199345 -0.0401665 0.0205422 0
1231203 154535 m2 0.0603338 -0.12943 -0.0501027 0 -0.019161
1231203 616023 m2 0.0303878 -0.0303874 0.0305654 0 0.0384814
1231203 340620 m2 0.0502209 -0.123498 0.0407807 -0.0145302 0
1231203 203985 m2 0.0107511 -0.0362531 -0.029299 0 -0.0706878
1231203 690147 m2 0.0199804 -0.0258344 0.0304718 -0.00173667 0
1231203 250603 m2 0.0213549 0.193379 -0.0287474 0.00268431 0
1231203 310349 m2 0.0279823 0.224557 -0.0651015 -0.0190821 0
1231203 46394 m2 0.0468827 -0.159535 -0.294057 0 0.0133669
1231203 518809 m2 0.0127148 -0.157459 0.0174955 0 0.0470391
1231203 255930 m2 0.0184585 0.114511 -0.0212237 -0.00616628 0
1231203 378987 m2 0.0128621 -0.13037 -0.057303 0 0.00345676
1231203 181191 m2 0.0301915 -0.165538 -0.189437 0 0.000503734
1231203 120952 m2 0.0284732 0.142134 -0.248734 0.0179289 0
1231203 664684 m2 0.0126166 0.0914607 0.028422 -0.00710345 0
1231203 489698 m2 0.0191949 0.14039 -0.101539 -0.00257145 0
1231203 50158 m2 0.0619539 -0.185607 -0.306336 0 -0.0205158
1231203 139782 m2 0.0461463 -0.176508 -0.222069 0 -0.0522944
1231203 480987 m2 0.0191458 -0.214297 -0.0306138 0.00787707 0
1231203 295920 m2 0.0180167 0.22046 -0.061103 0.00702426 0
1231203 136643 m2 0.0407462 0.0147562 -0.0384545 0 0.0380289
1231203 248581 m2 0.0239077 -0.213987 -0.0355303 -0.010957 0
1231203 180481 m2 0.0314678 0.323617 -0.326784 0.0195562 0
1231203 422345 m2 0.0503682 -0.0237089 0.0315581 0 -0.0263457
1231203 28392 m2 0.013893 -0.158097 -0.158278 -0.0385662 0
1231203 367487 m2 0.0244968 0.00736944 -0.034757 0.00595512 0
1231203 484383 m2 0.0191458 -0.214297 -0.0306138 -0.0735754 0
1231203 393956 m2 0.0250368 -0.199681 -0.0399362 -0.0262781 0
1231203 69553 m2 0.078056 0.376909 -0.390812 0 -0.093537
1231203 148761 m2 0.0681885 0.366476 -0.321802 0.0246539 0
1231203 64927 m2 0.0332842 -0.213924 -0.18811 -0.0580157 0
1231203 390603 m2 0.0210604 -0.221449 -0.0338616 -0.0744487 0
1231203 83706 m2 0.0356406 0.130579 -0.0326496 0 0.0450708
1231203 555819 m2 0.0483063 -0.0586876 0.0352101 0 -0.0245426
1231203 206267 m2 0.0115366 -0.165337 -0.0279269 0.0553233 0
1231203 710130 m2 0.0118802 -0.0179361 0.0297146 0 -0.0158028
1231203 714336 m2 0.0276878 -0.0300073 0.0306009 -0.0524591 0
1231203 187244 m2 0.0171821 0.0510986 -0.0252804 -0.00945741 0
1231203 356329 m2 0.0298969 0.332437 -0.3219 0.0512016 0
1231203 240558 m2 0.0567992 -0.18361 -0.128766 0.0383024 0
1231203 404564 m2 0.0139912 -0.157459 0.0174955 0 -0.0112697
1231203 68499 m2 0.0146294 -0.181831 -0.105502 0 0.0700097
1231203 704751 m2 0.0136966 0.117382 -0.0219693 0 -1.54688e-05
1231203 85466 m2 0.0787432 0.3405 -0.379315 -0.057182 0
1231203 219305 m2 0.0119293 0.107195 -0.020248 -0.0111945 0
1231203 319041 m2 0.0162494 -0.141712 -0.0358799 0.0258366 0
1231203 708592 m2 0.0110457 -0.0116213 0.0334959 -0.0696358 0
1231203 245670 m2 0.0166912 -0.0298409 -0.15603 0.0177752 0
1231203 482299 m2 0.0114384 -0.178249 0.0288147 -0.027724 0
1231203 679639 m2 0.0121257 -0.0319903 0.030445 0.0286828 0
1231203 274688 m2 0.0362788 0.311128 -0.353451 0.0308593 0
1231203 635714 m2 0.0186058 0.0540733 -0.0258431 0.0241147 0
1231203 182465 m2 0.0159548 -0.154402 -0.1355 -0.056312 0
1231203 288477 m2 0.0185076 -0.200593 -0.0736371 0.00130269 0
1231203 328371 m2 0.0348552 0.0684764 -0.0282812 0 -0.0275511
1231203 630679 m2 0.0533137 -0.0424388 0.0387485 0.0160624 0
1231203 134055 m2 0.0180167 -0.200354 -0.0733917 0 -0.006991
1231203 401263 m2 0.0136475 -0.157459 0.0174955 -0.0274525 0
1231203 274172 m2 0.0387825 -0.170335 -0.0408102 -0.0294892 0
1231203 33807 m2 0.0629357 -0.201268 -0.348442 -0.02371 0
1231203 332480 m2 0.0133039 -0.18729 -0.0287787 0 -0.0277026
1231203 514381 m2 0.0159057 -0.202377 -0.0319832 0 -0.0297567
1231203 259675 m2 0.0698085 0.376879 -0.369873 0 -0.0275608
1231203 623483 m2 0.0100147 0.0571754 -0.0258739 0.0317231 0
1231203 150503 m2 0.0797251 0.432329 -0.357577 0 0.0644909
1231203 356069 m2 0.0125675 0.162795 -0.0552636 0.0160122 0
1231203 407092 m2 0.0104075 0.0998954 -0.0192474 0 0.0237851
1231203 81828 m2 0.022975 0.155634 -0.214609 0 0.0258915
1231203 148500 m2 0.0332351 -0.213923 -0.187982 0.0270496 0
1231203 410412 m2 0.0269023 0.165617 -0.107617 0.0443964 0
1231203 317251 m2 0.0541973 -0.15827 -0.134153 0 0.0122435
1231203 183924 m2 0.0446244 0.240904 -0.243219 0 0.0576294
1231203 310331 m2 0.0223859 -0.220155 -0.0350638 -0.0643481 0
1231203 155817 m2 0.0624939 -0.192788 -0.129162 -0.0115461 0
1231203 528403 m2 0.0405989 0.287378 -0.0618162 0 -0.0490297
1231203 334485 m2 0.0120275 0.11699 -0.0253376 -0.00162847 0
1231203 628327 m2 0.0359352 0.0895662 0.0394704 0 0.00284099
1231203 345620 m2 0.0152676 0.155586 -0.0829521 0 0.0467731
1231203 234262 m2 0.0190476 -0.214698 -0.0306124 -0.0149909 0
1231203 658668 m2 0.016593 0.0931031 -0.0182961 0 0.0544325
1231203 480709 m2 0.0254786 0.161614 -0.107381 0 -0.0387345
1231203 524318 m2 0.020324 -0.200463 -0.0740585 0 -0.0607609
1231203 548683 m2 0.0154639 -0.024424 0.0303878 -0.0476464 0
1231203 545274 m2 0.0129602 0.116376 -0.0313864 0 0.088136
1231203 216464 m2 0.0311733 -0.133703 -0.207287 -0.0143163 0
1231203 567020 m2 0.0311733 -0.116224 -0.113266 -0.00447759 0
1231203 583360 m2 0.0136475 -0.157459 0.0174955 0 -0.0279352
1231203 403023 m2 0.0556701 -0.130525 -0.116846 -0.0350281 0
1231203 590156 m2 0.0458517 -0.132188 -0.112422 0 0.025551
1231203 473953 m2 0.0211095 0.151106 -0.0246787 0 0.00595391
1231203 164910 m2 0.0115366 -0.122989 -0.052798 -0.0120367 0
1231203 603845 m2 0.0154148 -0.198756 -0.032061 0.00253065 0
1231203 276629 m2 0.0409426 -0.0902902 -0.107618 -0.0347032 0
1231203 578651 m2 0.0252823 0.155997 -0.104244 0 0.00558821
1231203 99780 m2 0.010702 0.0340349 -0.247394 -0.0498238 0
1231203 462237 m2 0.0104075 -0.0960917 -0.109295 0.00766526 0
1231203 317989 m2 0.0516446 0.373811 -0.315255 0.0925228 0
1231203 177428 m2 0.0608738 -0.188861 -0.129789 -0.0376327 0
1231203 248282 m2 0.0252823 0.155997 -0.104244 0 0.0167632
1231203 123210 m2 0.0842906 -0.0416161 -0.166891 0 -0.0179778
1231203 455616 m2 0.0191949 -0.215143 -0.0308225 -0.0453962 0
1231203 155038 m2 0.0285223 0.143705 -0.250347 0.0914667 0
1231203 725732 m2 0.0166912 0.169133 -0.0929047 0 -0.0124494
1231203 165383 m2 0.0108984 0.00539872 -0.129037 -0.0067132 0
1231203 234799 m2 0.0554737 0.148427 -0.0471419 0.0457533 0
1231203 372006 m2 0.0894944 0.363942 -0.419758 0 -0.0314799
1231203 111273 m2 0.0822779 0.405125 -0.368831 0.033735 0
1231203 644517 m2 0.0140893 -0.217682 -0.0299053 0 -0.0150485
1231203 454277 m2 0.0152676 0.107787 -0.0326702 -0.00618481 0
1231203 88397 m2 0.0478645 0.202943 -0.267627 0.0662263 0
1231203 385635 m2 0.0736868 -0.0378614 -0.166116 0 -0.0243462
1231203 91765 m2 0.0211095 -0.200393 -0.0742572 0 -0.106799
1231203 165576 m2 0.0503682 -0.191073 -0.310692 -0.0271161 0
1231203 710400 m2 0.0144821 -0.0233783 0.030303 0 -0.0668686
1231203 546316 m2 0.0370643 0.0544654 -0.0347416 0 0.00529735
1231203 259440 m2 0.0298478 0.191555 -0.11361 0 -0.00177536
1231203 194640 m2 0.045999 -0.176853 -0.221479 -0.0499346 0
1231203 491288 m2 0.0741286 -0.0063708 0.049815 0 -0.024516
1231203 302697 m2 0.0883652 0.156758 -0.214777 0 0.0222606
1231203 660421 m2 0.0163967 0.158642 -0.0838337 0.0379443 0
1231203 149266 m2 0.0134021 -0.193852 -0.0692644 0 0.00758497
1231203 670765 m2 0.0186549 -0.0287971 0.0305617 0.00333236 0
1231203 623954 m2 0.0407953 0.180416 -0.129076 0.00991206 0
1231203 606663 m2 0.014433 0.0122675 -0.0304681 0.00469198 0
1231203 551199 m2 0.010702 0.0504846 -0.080577 0 -0.0296634
1231203 234247 m2 0.0510064 -0.125016 -0.115511 0 -0.0514305
1231203 420494 m2 0.031026 0.27229 -0.172372 0.0272317 0
1231203 653322 m2 0.0127639 0.0732088 0.0370705 0 -0.0323284
1231203 294115 m2 0.0189985 0.142791 -0.0218347 0.0883479 0
1231203 630662 m2 0.0137457 -0.157459 0.0174955 0 -0.0440468
1231203 159009 m2 0.0141875 -0.158084 -0.158261 0 -0.133878
1231203 192835 m2 0.0619539 -0.214298 -0.336704 0.0206963 0
1231203 244159 m2 0.010702 0.200462 -0.0740691 0.0116564 0
1231203 440034 m2 0.0191458 -0.214297 -0.0306138 0 -0.0153193
1231203 411753 m2 0.0139421 -0.157459 0.0174955 -0.0665514 0
1231203 259437 m2 0.0628866 -0.190448 -0.129692 0 0.0226735
1231203 709063 m2 0.0168876 0.26651 -0.167503 0 -0.0108904
1231203 732461 m2 0.0135002 0.0485056 -0.0248399 0.0424936 0
1231203 522542 m2 0.0300442 0.154511 -0.168144 0.0597612 0
1231203 392463 m2 0.0638193 -0.190347 -0.131111 -0.048867 0
1231203 533197 m2 0.0274914 -0.199353 -0.184844 0 -0.00976808
1231203 597287 m2 0.0347079 -0.00605316 0.0351114 0 0.0766055
1231203 72882 m2 0.0266568 0.0382672 -0.281078 0 0.0751617
1231203 211091 m2 0.016053 -0.0371461 -0.151926 -0.0418281 0
1231203 298030 m2 0.0209131 0.191667 -0.194067 0.00698255 0
1231203 386125 m2 0.0426117 -0.0983178 -0.109286 0 0.0299141
1231203 456364 m2 0.0378007 0.207773 -0.134919 0.0735519 0
1231203 321261 m2 0.0283751 -0.124194 -0.199687 0.0903412 0
1231203 639646 m2 0.0135493 0.1246 -0.0179221 0.026648 0
1231203 272351 m2 0.0911635 0.312807 -0.315227 0 -0.0182276
1231203 443161 m2 0.0500245 -0.118272 -0.115779 0 -0.0185721
1231203 585601 m2 0.0602847 0.356723 -0.35101 -0.0160806 0
1231203 297771 m2 0.0196858 -0.217464 -0.0317071 0 -0.00518605
1231203 287980 m2 0.0243495 0.156804 -0.106131 0.0464915 0
1231203 419719 m2 0.0490427 -0.115252 -0.11544 0.0415747 0
1231203 728727 m2 0.0126657 0.0611558 -0.0273255 0.0197868 0
1231203 453749 m2 0.0277369 0.276331 -0.355613 -0.00885508 0
1231203 466016 m2 0.0365734 0.286967 -0.182177 0 0.0106714
1231203 107624 m2 0.0578792 0.303778 -0.243074 0 0.0112931
1231203 301070 m2 0.0183112 -0.103927 -0.258533 0 0.0357456
1231203 179119 m2 0.0141875 -0.158084 -0.158261 -0.0437618 0
1231203 343099 m2 0.0226313 -0.199953 -0.0745049 -0.0444655 0
1231203 626752 m2 0.0217477 0.158506 -0.103697 -0.0405642 0
1231203 552992 m2 0.0208149 0.163573 -0.100552 0.0378427 0
1231203 371472 m2 0.0329897 0.234453 -0.27811 0.0250656 0
1231203 257585 m2 0.0458027 -0.177301 -0.220677 0 -0.0102784
1231203 151444 m2 0.0868925 -0.0547449 -0.383214 0 -0.0390734
1231203 650023 m2 0.0132548 0.0874773 -0.0174955 0 0.0228718
1231203 562729 m2 0.0132057 0.234353 -0.157422 0.0212278 0
1231203 261976 m2 0.0661757 -0.116609 -0.0514709 -0.034136 0
1231203 121411 m2 0.0296514 0.0360161 -0.283714 0 0.0118707
1231203 720903 m2 0.0148748 -0.119979 -0.081279 -0.0798033 0
1231203 443416 m2 0.0378498 -0.0864888 -0.1041 0 -0.0417555
1231203 663741 m2 0.0175258 0.141994 -0.0216456 0.0583364 0
1231203 305528 m2 0.0125675 -0.191853 -0.0682035 -0.0419118 0
1231203 329649 m2 0.0167894 0.15145 -0.101707 0.00645868 0
1231203 279270 m2 0.0445263 0.356732 -0.334208 0.0516211 0
1231203 446891 m2 0.0104075 -0.0960917 -0.109295 0 -0.0364345
1231203 632160 m2 0.0238095 0.157664 -0.10395 0 -0.0696185
1231203 358634 m2 0.0169367 -0.180401 -0.104392 -0.0755589 0
1231203 580190 m2 0.0237604 -0.0176545 -0.0350318 0.0115337 0
1231203 422834 m2 0.0253314 0.157744 -0.105326 0 0.0613574
1231203 381851 m2 0.0271478 0.173732 -0.114962 0.00463767 0
1231203 119686 m2 0.0444281 -0.186085 -0.220061 -0.0163665 0
1231203 729397 m2 0.0207658 -0.111597 -0.2246 0 -0.0105331
1231203 514107 m2 0.0241532 -0.200439 -0.0752556 0 -0.0520386
1231203 232385 m2 0.0334806 -0.135347 -0.251819 0 0.0251978
1231203 657367 m2 0.0135002 -0.124694 -0.0538234 -0.0861667 0
1231203 413549 m2 0.0329406 0.17224 -0.173516 0.0429719 0
1231203 574186 m2 0.0124693 0.0115077 -0.0278054 0 0.0476376
1231203 403490 m2 0.0567501 0.280183 -0.25664 0 0.0266813
1231203 571572 m2 0.0256259 -0.0971722 -0.0892586 0.00183287 0
1231203 406784 m2 0.0376043 -0.152601 -0.215217 0.00679004 0
1231203 357580 m2 0.0104566 -0.00215649 -0.125581 0 -0.0459857
1231203 549900 m2 0.0388807 -0.0845205 -0.104929 0.00132651 0
1231203 384655 m2 0.0294551 -0.214297 -0.153069 0 -0.0771232
1231203 132211 m2 0.0212077 0.159029 -0.207184 0.0497991 0
1231203 410619 m2 0.0134021 0.00275536 -0.127629 0 -0.00926906
1231203 691097 m2 0.0359352 0.205585 -0.190577 0.0281522 0
1231203 362584 m2 0.0461954 -0.176083 -0.223606 0 -0.0346042
1231203 316432 m2 0.0243495 0.0409158 -0.279017 0 -0.0394646
1231203 344105 m2 0.013893 0.00289017 -0.127445 0 0.0657968
1231203 518205 m2 0.0137457 0.00304713 -0.127431 0 -0.0355621
1231203 622114 m2 0.0150712 0.155384 -0.0829764 0 0.00641529
1231203 459051 m2 0.0174276 -0.201626 -0.0741312 -0.0567911 0
1231203 277142 m2 0.0156603 -0.154125 -0.135328 0 -0.0224278
1231203 183395 m2 0.0615611 -0.185366 -0.307165 0 -0.00504827
1231203 484357 m2 0.0161512 -0.199211 -0.0724289 0 0.00369683
1231203 173661 m2 0.0110457 0.104233 -0.233705 0 -0.0759007
1231203 436066 m2 0.0209622 -0.102477 -0.0790347 0 -0.0806486
1231203 524581 m2 0.022484 0.151103 -0.104708 -0.035994 0
1231203 176553 m2 0.0296514 0.0360161 -0.283714 0.0447992 0
1231203 514840 m2 0.0150712 0.165972 -0.221824 0 0.0366996
1231203 706264 m2 0.0187531 0.173207 -0.0927088 -0.00020074 0
1231203 514338 m2 0.0363279 0.201276 -0.194176 0.0346843 0
1231203 142098 m2 0.0714286 -0.134673 -0.355204 0 -0.0235805
1231203 176282 m2 0.0261168 0.0352056 -0.281766 0 -0.0565548
1231203 450429 m2 0.016593 -0.0289993 -0.15738 -0.0350385 0
1231203 121661 m2 0.063623 -0.213974 -0.341751 -0.0195184 0
1231203 680379 m2 0.0112911 0.140395 -0.0242837 0 -0.0326463
1231203 339510 m2 0.083407 -0.159058 -0.426224 0 -0.0726427
1231203 247972 m2 0.045999 -0.176853 -0.221479 0 0.0179692
1231203 401954 m2 0.0569465 -0.202055 -0.279467 0 -0.0452482
1231203 469014 m2 0.0416789 -0.177218 -0.272237 0.0189298 0
1231203 475658 m2 0.0556701 -0.130525 -0.116846 0 -0.0170242
1231203 594259 m2 0.0102111 -0.0424177 -0.0298709 -0.0417831 0
1231203 405296 m2 0.031026 0.188258 -0.113637 0.0686742 0
1231203 243048 m2 0.0868925 -0.0547449 -0.383214 0 0.0592498
1231203 367929 m2 0.0450172 -0.200049 -0.299123 0 -0.0143863
1231203 400106 m2 0.0326951 -0.159221 -0.209598 0 -0.0164522
1231203 722652 m2 0.0134021 -0.122468 -0.0524864 0 0.0447558
1231203 579092 m2 0.0129602 -0.206512 -0.211461 0.00880399 0
1231203 344590 m2 0.0371134 0.152984 -0.203852 -0.050079 0
1231203 210834 m2 0.0792833 -0.0826958 -0.371791 0 -0.0419783
1231203 238033 m2 0.0135002 -0.167153 -0.094466 -0.0138695 0
1231203 242770 m2 0.0210604 0.0379932 -0.230902 -0.0167428 0
1231203 188002 m2 0.0311733 -0.149914 -0.208993 -0.00395973 0
1231203 561972 m2 0.0375552 -0.0937805 -0.103485 0 -0.0563206
1231203 514331 m2 0.0141875 -0.0351301 -0.153847 0 -0.0812397
1231203 136829 m2 0.0609229 -0.187458 -0.3057 0 -0.0352794
1231203 439465 m2 0.0490427 -0.115332 -0.115502 0 0.0152117
1231203 713807 m2 0.0120275 0.151056 -0.0247011 0 0.00458799
1231203 480427 m2 0.0350025 0.197181 -0.189179 0 0.00380946
1231203 533418 m2 0.0618066 0.360379 -0.357291 0.0532701 0
1231203 168075 m2 0.0123711 -0.158176 -0.158379 0.0313013 0
1231203 538822 m2 0.042759 -0.137345 -0.105262 0 0.0414687
1231203 224777 m2 0.0143348 -0.158078 -0.158252 -0.0278702 0
1231203 256790 m2 0.0139912 -0.158093 -0.158272 -0.0209318 0
1231203 300304 m2 0.0218459 0.158732 -0.211681 0 0.00360975
1231203 587178 m2 0.0145312 -0.198169 -0.0311607 0 0.0321373
1231203 446389 m2 0.0260187 -0.177278 -0.191077 0 -0.0291875
1231203 131923 m2 0.0261659 0.0274325 -0.279482 0 -0.0299441
1231203 477175 m2 0.0725086 0.323426 -0.375054 0.109547 0
1231203 214062 m2 0.0503682 -0.191073 -0.310692 0.0447557 0
1231203 571819 m2 0.010702 -0.122468 -0.0524864 0.0224466 0
1231203 722648 m2 0.0136475 0.285843 -0.161094 0.0207461 0
1231203 362567 m2 0.0409917 0.327249 -0.400026 0 -0.0852182
1231203 512057 m2 0.0313206 0.169266 -0.165996 0.000577886 0
1231203 192293 m2 0.0623957 -0.21425 -0.338104 -0.0331978 0
1231203 511562 m2 0.0603338 0.361494 -0.356562 0.0147718 0
1231203 433555 m2 0.0260677 -0.165281 -0.179428 0.0433971 0
1231203 692076 m2 0.0240059 0.162382 -0.106168 0.0595087 0
1231203 743115 m2 0.0297496 0.156705 -0.157151 -0.0679327 0
1231203 258877 m2 0.0517428 -0.149186 -0.335615 0.00484416 0
1231203 635193 m2 0.017624 -0.217214 -0.0353964 0 -0.0040211
1231203 270324 m2 0.0294551 -0.214297 -0.153069 0 -0.0692956
1231203 193339 m2 0.0285223 0.143442 -0.249916 0.0124878 0
1231203 418682 m2 0.0119784 -0.167877 -0.0949953 -0.0645957 0
1231203 596999 m2 0.0193913 -0.200383 -0.0737508 -0.0118213 0
1231203 470800 m2 0.029946 0.154774 -0.168365 0.0318726 0
1231203 383098 m2 0.0343643 0.112851 -0.292163 0.0422677 0
1231203 382266 m2 0.0123711 -0.158176 -0.158379 0 -0.00192768
1231203 340748 m2 0.0106038 -0.157877 -0.157995 0 -0.0149237
1231203 365364 m2 0.0294551 -0.214297 -0.153069 -0.0850027 0
1231203 299266 m2 0.0714286 -0.134673 -0.355204 0 0.00554054
1231203 207178 m2 0.0143348 -0.158078 -0.158252 0 -0.0471212
1231203 660866 m2 0.0209131 0.259364 -0.193719 0 -0.0816478
1231203 364050 m2 0.0252332 0.154069 -0.23482 0 -0.0174475
1231203 224318 m2 0.0768287 0.344759 -0.381665 0 0.000320786
1231203 366164 m2 0.0131075 0.0590489 -0.199544 -0.0439214 0
1231203 561456 m2 0.0223859 0.158727 -0.216875 0 0.0126095
1231203 409367 m2 0.0223859 -0.200048 -0.0744761 0 -0.0373607
1231203 435516 m2 0.0466372 -0.0333324 -0.342051 -0.058576 0
1231203 511798 m2 0.016593 -0.0289993 -0.15738 0.0152347 0
1231203 716792 m2 0.0223859 0.283521 -0.177823 -0.0185531 0
1231203 603545 m2 0.0171821 0.272585 -0.33117 0.0307714 0
1231203 427688 m2 0.0124693 -0.191597 -0.0680705 -0.031799 0
1231203 561452 m2 0.0166421 0.14956 -0.174058 0 -0.0415409
1231203 609432 m2 0.011782 0.00458711 -0.128446 -0.0280051 0
1231203 588117 m2 0.0276387 -0.124137 -0.241481 0.0277878 0
1231203 312336 m2 0.0115857 0.0521782 -0.235222 0.0454944 0
1231203 469508 m2 0.0245459 0.137351 -0.234421 0 -0.0536839
1231203 393895 m2 0.0583702 -0.19997 -0.283538 -0.122213 0
1231203 449402 m2 0.0584192 -0.199681 -0.279553 0 -0.0576855
1231203 429159 m2 0.0329406 -0.213629 -0.187429 -0.0788819 0
1231203 597738 m2 0.0580756 -0.20017 -0.279549 -0.0755552 0
1231203 247935 m2 0.0639666 -0.120164 -0.360998 0 -0.0333878
1231203 472357 m2 0.0180658 0.247662 -0.173133 0.0944067 0
1231203 391595 m2 0.0371134 0.217563 -0.199232 -0.0446601 0
1231203 540955 m2 0.0116838 0.199812 -0.0842402 -0.0550766 0
1231203 246113 m2 0.0639666 -0.200547 -0.350314 0 -0.00274754
1231203 282125 m2 0.0279332 0.0330922 -0.28192 0 -0.0232764
1231203 509230 m2 0.0217477 -0.221346 -0.0345883 -0.0385671 0
1231203 517674 m2 0.0161512 -0.153526 -0.140035 -0.0352519 0
1231203 541669 m2 0.0168876 -0.177037 -0.268047 0 0.0259782
1231203 295568 m2 0.0233186 0.154672 -0.215663 0 -0.0197168
1231203 352449 m2 0.0111929 0.0537237 -0.234626 -0.0482715 0
1231203 593985 m2 0.0124202 0.14971 -0.0248623 0 0.0236256
1231203 247182 m2 0.0561119 -0.150213 -0.315912 0.00183546 0
1231203 687296 m2 0.014973 0.148599 -0.174031 0.076605 0
1231203 533675 m2 0.0472754 0.310742 -0.339951 0.00590889 0
1231203 629595 m2 0.0156112 -0.0828254 -0.106915 0 -0.0567157
1231203 681896 m2 0.0167894 0.0430615 -0.025978 0 0.0296054
1231203 354963 m2 0.0113402 0.052342 -0.233861 0.134193 0
1231203 387851 m2 0.0284732 0.142134 -0.248734 0 0.017258
1231203 633167 m2 0.041728 0.209649 -0.185585 0 -0.0111619
1231203 310246 m2 0.0187531 -0.0174955 -0.157459 0.0609042 0
1231203 335964 m2 0.0244477 0.0400559 -0.282227 0 -0.00612538
1231203 313299 m2 0.0659794 -0.162818 -0.329455 0 -0.0160909
1231203 577841 m2 0.0466372 -0.167776 -0.295308 0 0.00139531
1231203 621831 m2 0.0144821 -0.137264 -0.0573748 0 -0.00444623
1231203 577631 m2 0.0166912 -0.0298409 -0.15603 0.00316445 0
1231203 394378 m2 0.0215022 0.0373748 -0.231175 0 -0.0922533
1231203 313575 m2 0.0203731 0.154221 -0.215822 0 0.00798424
1231203 727417 m2 0.0113402 -0.211851 -0.247562 0 -0.0103101
1231203 564179 m2 0.0125184 -0.0535091 -0.179809 0.0245262 0
1231203 313261 m2 0.0550319 -0.164672 -0.322337 0.0102137 0
1231203 740038 m2 0.019784 0.243753 -0.170292 -0.00333581 0
1231203 710084 m2 0.0131075 0.134953 -0.0984826 0 0.0548888
1231203 358834 m2 0.0296514 0.0360161 -0.283714 0.0258467 0
1231203 669637 m2 0.0350515 0.197458 -0.189388 0 -0.0489378
1231203 492214 m2 0.034757 -0.182541 -0.27354 -0.0156613 0
1231203 334678 m2 0.0180167 -0.0992856 -0.260601 0 -0.0397368
1231203 529045 m2 0.0124693 0.0530753 -0.246466 0 0.0517255
1231203 659934 m2 0.0314188 0.284578 -0.134799 -0.0198837 0
1231203 557748 m2 0.0169367 -0.0290107 -0.157335 0 -0.0223562
1231203 395387 m2 0.0175749 0.0110466 -0.242781 0 0.0372012
1231203 723671 m2 0.0292096 0.155241 -0.155573 0.00283587 0
1231203 455038 m2 0.0165439 -0.0303357 -0.155228 -0.00490381 0
1231203 438096 m2 0.0339224 0.113827 -0.291069 0 -0.0602523
1231203 624898 m2 0.0187531 -0.198854 -0.240885 -0.025244 0
1231203 385570 m2 0.026215 0.0386221 -0.280865 0.00863608 0
1231203 407780 m2 0.0124202 -0.166481 -0.093975 0 -0.0193569
1231203 751708 m2 0.0225822 0.156024 -0.15607 0.0652763 0
1231203 668134 m2 0.0325479 0.320785 -0.321833 0.0275526 0
1231203 512264 m2 0.0197349 0.0475558 -0.27723 0 0.0509227
1231203 401184 m2 0.0294551 -0.214297 -0.153069 0 -0.0613723
1231203 681883 m2 0.0155621 0.159082 -0.0859068 0 -0.0334833
1231203 697267 m2 0.0130093 0.234342 -0.157317 0 0.0414131
1231203 394148 m2 0.0196858 -0.181147 -0.291015 0 -0.0349964
1231203 450887 m2 0.0256259 0.0357853 -0.281602 -0.0127947 0
1231203 397762 m2 0.0500736 -0.156847 -0.304362 0.0123893 0
1231203 475352 m2 0.0154639 0.154233 -0.214316 0 -0.0404399
1231203 391861 m2 0.0323515 -0.21391 -0.183679 -0.0270505 0
1231203 710862 m2 0.0108493 0.129213 -0.0947986 0 0.0543248
1231203 641140 m2 0.0101129 -0.122468 -0.0524864 0 -0.0466958
1231203 400322 m2 0.0606284 -0.145828 -0.320257 0 -0.000848949
1231203 621285 m2 0.0383407 -0.196176 -0.278951 0 0.0257208
1231203 523488 m2 0.0141875 -0.158084 -0.158261 0 -0.0141913
1231203 468755 m2 0.0111929 -0.159769 -0.212813 -0.0364635 0
1231203 643720 m2 0.047619 0.319265 -0.345609 -0.0112503 0
1231203 609182 m2 0.0460481 -0.199984 -0.280709 0.0852248 0
1231203 416335 m2 0.0184585 -0.220069 -0.219782 -0.102065 0
1231203 411680 m2 0.0351006 -0.145303 -0.211571 0 0.0233618
1231203 474590 m2 0.0770741 -0.199681 -0.359425 -0.0573055 0
1231203 451895 m2 0.0243004 0.039758 -0.282325 0.0058736 0
1231203 504355 m2 0.0154639 0.153996 -0.214218 0 0.047018
1231203 678769 m2 0.0119784 0.000823038 -0.12517 -0.0142222 0
1231203 618226 m2 0.0294551 -0.214297 -0.153069 -0.0377493 0
1231203 405240 m2 0.0288169 -0.153172 -0.261386 0.00899916 0
1231203 591563 m2 0.0139912 0.00549453 -0.220502 0 -0.0641247
1231203 414284 m2 0.0444281 -0.154845 -0.282122 -0.00512463 0
1231203 484559 m2 0.0227295 0.159327 -0.229039 0.060127 0
1231203 483228 m2 0.0392734 -0.125994 -0.312023 -0.0593521 0
1231203 408520 m2 0.0132548 -0.0174955 -0.157459 0 -0.0184386
1231203 638348 m2 0.0363279 0.263959 -0.301123 0.0413268 0
1231203 405239 m2 0.0538046 -0.204667 -0.278737 0 -0.0251054
1231203 395893 m2 0.0296514 0.0360161 -0.283714 0 -0.083247
1231203 548326 m2 0.0544919 0.289825 -0.264902 0 0.0514499
1231203 673197 m2 0.0290623 -0.211842 -0.270988 0 -0.0249783
1231203 696276 m2 0.0264605 -0.184124 -0.310341 -0.0368156 0
1231203 487589 m2 0.054541 -0.204207 -0.279023 0.0407391 0
1231203 430674 m2 0.0158567 0.00392081 -0.22292 -0.00187529 0
1231203 415015 m2 0.045999 -0.168005 -0.292464 -0.0282551 0
1231203 443844 m2 0.020324 0.0116923 -0.24957 0 -0.0494529
1231203 409811 m2 0.0446244 -0.156122 -0.283405 -0.0591146 0
1231203 433510 m2 0.0209622 -0.00179747 -0.228798 -0.0255532 0
1231203 649961 m2 0.0141875 -0.146691 -0.158633 0 0.151269
1231203 467966 m2 0.0500245 -0.154223 -0.302858 0 -0.0422798
1231203 539829 m2 0.0294551 -0.214297 -0.153069 -0.00530156 0
1231203 572555 m2 0.0305351 -0.162729 -0.277902 0 -0.0451173
1231203 587870 m2 0.017133 0.150702 -0.17888 0 -0.0335772
1231203 554942 m2 0.0553265 -0.163469 -0.32241 0.0234416 0
1231203 531783 m2 0.0121257 -0.158191 -0.158398 -0.0784389 0
1231203 681080 m2 0.0136475 -0.219395 -0.209795 -0.0789885 0
1231203 696514 m2 0.0110947 0.0583387 -0.18511 -0.0195398 0
1231203 709261 m2 0.011782 0.00520885 -0.129194 0 -0.0076827
1231203 517361 m2 0.0599902 -0.214179 -0.329923 0 -0.0832691
1231203 509160 m2 0.0530682 -0.165923 -0.317765 -0.0720801 0
1231203 565431 m2 0.0257732 0.0224387 -0.271874 0 -0.0486125
1231203 611912 m2 0.0485027 -0.198599 -0.27919 0 0.0288321
1231203 578323 m2 0.0124202 -0.0174955 -0.157459 0.0112168 0
1231203 594970 m2 0.0108984 -0.0174955 -0.157459 0 -0.00480263
1231203 742329 m2 0.0207658 -0.130915 -0.231279 -0.0182802 0
1231203 618444 m2 0.041728 -0.120891 -0.281239 0.0353207 0
1231203 507671 m2 0.0211586 0.0456905 -0.231938 0.00877877 0
1231203 644753 m2 0.0115366 -0.12351 -0.0531104 -0.0509607 0
1231203 653983 m2 0.0393225 -0.15833 -0.306276 0.00197127 0
1231203 732878 m2 0.0126657 -0.11182 -0.22624 0.0598505 0
1231203 603996 m2 0.0140403 -0.158091 -0.158269 0.0109499 0
1231203 584022 m2 0.0204222 0.000583574 -0.225012 0.0300742 0
1231203 609649 m2 0.0148748 0.00500307 -0.222409 0.0484288 0
1231203 686226 m2 0.0142857 -0.171054 -0.0973344 0 -0.0310075
1231203 711647 m2 0.0186058 0.157552 -0.21288 0 -0.0223917
1231203 743835 m2 0.0108493 -0.0530383 -0.180825 0 -0.0300944
1231203 639550 m2 0.0101129 0.0545466 -0.233803 -0.0405657 0
1231203 628500 m2 0.0340697 -0.058974 -0.287219 0 0.022003
1231203 586063 m2 0.0479136 -0.208706 -0.27803 -0.0345938 0
1231203 605253 m2 0.0509082 -0.189807 -0.31389 -0.00900445 0
1231203 568937 m2 0.0349534 -0.154937 -0.27708 0 -0.0336257
1231203 673433 m2 0.0367698 -0.157659 -0.281277 0 -0.0912527
1231203 736734 m2 0.0123711 -0.152607 -0.127826 0 -0.0281963
1231203 580904 m2 0.0388316 -0.217745 -0.270821 0 -0.0977594
1231203 603488 m2 0.0108002 -0.158281 -0.158514 0 -0.00530153
1231203 680814 m2 0.0175258 -0.219066 -0.214066 0.0395625 0
1231203 702402 m2 0.0167403 -0.201256 -0.24902 0 0.0182977
1231203 633641 m2 0.0193913 -0.151021 -0.167534 -0.052917 0
1231203 698485 m2 0.0341679 -0.153201 -0.277863 0 -0.00550677
