// Initial random seed:
3542127278019

// RunInitializeCallbacks():
initializeTreeSeq();
initializeMutationRate(1e-10);
initializeSex("A");
initializeMutationType(2, 0.5, "f", 0);
initializeGenomicElementType(1, m2, 1);
initializeGenomicElement(g1, 0, 500000);
initializeRecombinationRate(c(1e-06, 0.5, 1e-06, 0.5, 1e-06, 0.5, 1e-06, 0.5, 1e-06, 0.5, 1e-06, 0.5, 1e-06, 0.5, 1e-06, 0.5, 1e-06, 0.5, 1e-06, 0.5, 1e-06, 0.5, 1e-06, 0.5, 1e-06, 0.5, 1e-06, 0.5, 1e-06, 0.5, 1e-06, 0.5, 1e-06, 0.5, 1e-06, 0.5, 1e-06, 0.5, 1e-06), c(50000, 50001, 100000, 100001, 150000, 150001, 200000, 200001, 250000, 250001, 300000, 300001, 350000, 350001, 400000, 400001, 450000, 450001, 500000, 500001, 550000, 550001, 600000, 600001, 650000, 650001, 700000, 700001, 750000, 750001, 800000, 800001, 850000, 850001, 900000, 900001, 950000, 950001, 1000000));

QTL DFE means: 
0 0

QTL DFE variance-covariance matrix: 
     [,0] [,1]
[0,]  0.4    0
[1,]    0  0.4

// Starting run at generation <start>:
1 

100:0.999895 0.999895 -7.43849e-15 -5.7714e-05 0.000181885 -0.0410331 -0.0457226 NAN NAN
200:0.999992 0.999992 1.55431e-15 0.00024752 -5.68783e-07 0.121726 0.0524864 NAN NAN
300:0.999939 0.999939 -1.23235e-14 -8.25887e-06 0.000126011 0.209805 -0.0634118 NAN NAN
400:0.999936 0.999936 -5.55112e-16 6.14898e-05 -0.000233117 0.0325893 -0.223431 NAN NAN
500:0.999968 0.999968 1.11022e-16 -0.000386474 -6.27144e-05 0.105373 -0.100266 NAN NAN
600:0.999994 0.999994 1.11022e-16 0.000180845 1.01787e-05 -0.268383 0.0174955 NAN NAN
700:0.999986 0.999986 -1.55431e-15 -0.000243483 2.23219e-05 0.173334 -0.0524864 NAN NAN
800:0.999988 0.999988 5.21805e-15 3.61026e-05 2.67724e-06 -0.180052 -0.157459 NAN NAN
900:0.999794 0.999794 -2.55351e-15 -1.0487e-05 0.000395609 -0.0983233 0.00600412 NAN NAN
1000:0.999917 0.999917 -4.77396e-15 -0.000246601 -8.52202e-05 -0.00425053 0.100494 NAN NAN
1100:0.995175 0.99519 -1.44577e-05 -0.0010844 0 -0.0772652 NAN -0.0515965 NAN
1200:0.980961 0.980821 0.000140207 -0.00136281 -0.000202642 0.172269 0.153107 0.0611322 0.0527914
1300:0.957038 0.957001 3.71706e-05 -1.96287e-05 0.000336324 -0.0710669 0.156454 -0.0110077 0.0196101
1400:0.924193 0.924124 6.82189e-05 -3.99931e-05 0.000159379 0.142134 0.173216 0.0132921 0.0222343
1500:0.882136 0.882001 0.000134508 -0.000213179 0.000391981 -0.106413 0.123576 -0.00855326 0.0274427
1600:0.844343 0.811614 0.032729 0.000880768 0.00874 0.140496 0.485475 0.12446 0.435632
1700:0.822377 0.703989 0.118388 0.00478916 0.0229631 0.210001 0.769367 0.276665 0.711061
1800:0.809481 0.583648 0.225833 0.00434092 -0.012921 0.252561 0.938895 0.334707 0.866209
1900:0.773897 0.477545 0.296352 0.0959288 -0.0315496 0.590405 0.956718 0.505303 0.897395
2000:0.771416 0.314905 0.456511 0.0636915 0.00560743 0.882502 0.962529 0.768984 0.918513
2100:0.796444 0.308473 0.48797 0.0256532 0.00236086 0.94449 0.962758 0.8393 0.917938
2200:0.798904 0.30891 0.489995 0.0234752 -0.00125867 0.948535 0.968375 0.839362 0.918392
2300:0.811402 0.309816 0.501586 0.0141804 0.00624897 0.948311 0.968758 0.861332 0.921774
2400:0.815314 0.30658 0.508734 0.00995905 0.0140096 0.94186 0.961212 0.879373 0.91714
2500:0.817317 0.308584 0.508733 0.000456119 0.0137434 0.937432 0.965949 0.881621 0.921614
2600:0.814497 0.311019 0.503477 -0.0208304 -0.00480746 0.94271 0.960826 0.874997 0.920281
2700:0.831518 0.310013 0.521504 -0.00676503 -0.0114768 0.944444 0.962631 0.897492 0.916715
2800:0.83598 0.313909 0.522071 -0.0301429 -0.00771909 0.93709 0.962644 0.90551 0.922585
2900:0.842384 0.311129 0.531256 -0.0171852 -0.0027571 0.946948 0.959789 0.907789 0.927564
3000:0.841414 0.307321 0.534093 -0.038495 0.0171015 0.952756 0.967011 0.907968 0.928634
