seed mutID muttype p cor_sal cor_temp mutSalEffect mutTempEffect
1231196 618702 m2 0.0177 -0.0962869 0.348146 0.00879919 0
1231196 485250 m2 0.0724 -0.0667104 0.524071 -0.0561654 0
1231196 453930 m2 0.04455 0.114863 0.53621 0 -0.00281928
1231196 619726 m2 0.0276 -0.0994161 0.389773 0 0.0446339
1231196 404840 m2 0.0178 -0.204232 0.339704 0 -0.0120348
1231196 64293 m2 0.0658 0.224753 0.597083 -0.0305162 0
1231196 530550 m2 0.02715 -0.254137 0.343086 -0.0137808 0
1231196 550493 m2 0.0516 0.16375 0.589664 0.00832549 0
1231196 393291 m2 0.0343 -0.138385 0.413815 0 -0.00803577
1231196 310413 m2 0.0196 0.0567408 0.447695 0 0.053129
1231196 214665 m2 0.2263 -0.0943018 0.755835 0 0.0426949
1231196 664407 m2 0.02575 -0.263881 0.329299 0 0.0807268
1231196 418508 m2 0.0194 -0.152177 0.408089 -0.0624415 0
1231196 482805 m2 0.04105 0.272089 0.454725 0 -0.034596
1231196 433413 m2 0.0197 -0.258806 0.313833 -0.0283614 0
1231196 676992 m2 0.0119 -0.041706 0.339381 0 0.0251099
1231196 496098 m2 0.0195 0.375113 0.372473 0.026216 0
1231196 470042 m2 0.10375 0.294795 0.58063 0.0575126 0
1231196 356376 m2 0.012 -0.0305609 0.386523 0.0259334 0
1231196 619721 m2 0.01385 -0.0471572 0.302637 0 -0.00023424
1231196 122849 m2 0.017 -0.0933834 0.402315 -0.0246847 0
1231196 351122 m2 0.0156 0.131788 0.486214 0.0450825 0
1231196 631873 m2 0.0256 -0.263084 0.333698 0.00701209 0
1231196 524879 m2 0.016 -0.176546 0.371828 0 -0.0316998
1231196 538007 m2 0.0212 -0.258591 0.261485 0 0.0269022
1231196 243096 m2 0.14265 -0.0515242 0.607765 0 0.0308487
1231196 525355 m2 0.01175 0.288033 0.352758 0 0.0642995
1231196 171612 m2 0.0213 -0.258679 0.262055 -0.0853911 0
1231196 626655 m2 0.07585 0.293883 0.627953 0 -0.000837994
1231196 172358 m2 0.2488 -0.00480064 0.789644 0 0.0770458
1231196 674217 m2 0.03025 0.347216 0.47752 -0.0352062 0
1231196 192818 m2 0.0221 -0.139459 0.297997 -0.0162827 0
1231196 340597 m2 0.06115 -0.151813 0.505357 0.0113206 0
1231196 573425 m2 0.03495 -0.0632839 0.511764 -0.0265796 0
1231196 534505 m2 0.06365 0.300574 0.599811 0 0.028242
1231196 480203 m2 0.02005 0.0445743 0.451635 -0.00903665 0
1231196 373556 m2 0.02635 -0.23717 0.350925 0 0.0115721
1231196 680720 m2 0.0227 -0.134487 0.370953 0.0418505 0
1231196 293461 m2 0.05715 -0.0491415 0.512881 0 0.0214541
1231196 698721 m2 0.01195 0.149143 0.281847 -0.0406284 0
1231196 482791 m2 0.0389 0.12377 0.507023 0 -0.00838644
1231196 131417 m2 0.0749 -0.0272766 0.530889 0.0228222 0
1231196 499424 m2 0.0278 0.135221 0.424409 0 0.00215203
1231196 382835 m2 0.0486 -0.0707271 0.454106 0.0185523 0
1231196 544507 m2 0.0802 -0.0432768 0.551956 -0.0112602 0
1231196 14959 m2 0.07335 -0.130081 0.522619 0.0132293 0
1231196 638620 m2 0.0157 -0.180237 0.278408 0 -0.0369906
1231196 471014 m2 0.03615 -0.237112 0.35799 -0.0562513 0
1231196 318427 m2 0.0436 -0.108141 0.542046 -0.0102326 0
1231196 455168 m2 0.0407 -0.227985 0.381683 -0.0280989 0
1231196 204689 m2 0.11 -0.072904 0.521709 -0.0627068 0
1231196 412373 m2 0.05125 0.252163 0.585129 0.0161322 0
1231196 121503 m2 0.05885 -0.101621 0.506834 0 0.0164072
1231196 269619 m2 0.0961 0.24519 0.631809 0.0157463 0
1231196 471765 m2 0.07435 -0.06952 0.487814 0 -0.0019921
1231196 672175 m2 0.01285 0.232493 0.387401 0 0.0296075
1231196 265572 m2 0.03175 0.139946 0.442791 0 0.0421781
1231196 604607 m2 0.01685 0.0294264 0.324181 0 -0.0201952
1231196 225070 m2 0.0244 0.0478087 0.149083 -0.0280424 0
1231196 168995 m2 0.29 0.0620472 0.81442 0 0.052694
1231196 637139 m2 0.01285 0.312125 0.326146 0 -0.00250552
1231196 657413 m2 0.01165 -0.199457 0.298191 0 0.0689677
1231196 221129 m2 0.02625 0.145319 0.41436 0 0.041558
1231196 7704 m2 0.11035 0.395195 0.606255 0.0770534 0
1231196 320863 m2 0.02235 0.112882 0.463301 0 0.0439333
1231196 144216 m2 0.01365 -0.0729109 0.322164 -0.0139735 0
1231196 269899 m2 0.02445 -0.218001 0.276386 -0.0713136 0
1231196 2729 m2 0.1171 -0.207106 0.694709 0 -0.00796989
1231196 149198 m2 0.08135 0.123131 0.646691 0 0.0259673
1231196 453154 m2 0.0636 0.0710507 0.672358 -0.00492309 0
1231196 606930 m2 0.01985 -0.142959 0.258733 0.0244924 0
1231196 324325 m2 0.0109 0.168089 0.332614 0.0191061 0
1231196 91961 m2 0.0306 -0.181503 0.345293 -0.0431965 0
1231196 518844 m2 0.02015 -0.234272 0.342477 -0.0272435 0
1231196 247011 m2 0.01245 0.255017 0.398266 0.0259511 0
1231196 84624 m2 0.0499 -0.034628 0.151435 0 -0.0266181
1231196 601938 m2 0.0348 -0.278144 0.28494 -0.114242 0
1231196 63504 m2 0.1297 -0.238313 0.615951 -0.0403896 0
1231196 571161 m2 0.0467 -0.223201 0.367178 -0.0581546 0
1231196 344119 m2 0.0574 -0.232167 0.585665 -0.035786 0
1231196 280391 m2 0.0355 0.0456426 0.432888 0 0.0663249
1231196 492402 m2 0.06845 -0.247742 0.393344 -0.0108288 0
1231196 101720 m2 0.1139 -0.103193 0.565603 0.00838177 0
1231196 75448 m2 0.0266 0.352044 0.390409 0.0711366 0
1231196 467729 m2 0.0471 -0.159969 0.43273 -0.0163808 0
1231196 525333 m2 0.02125 0.252612 0.430053 0.0265081 0
1231196 312117 m2 0.02655 -0.19663 0.374842 0 0.0598732
1231196 347091 m2 0.0194 -0.233511 0.298147 0 0.0630492
1231196 696394 m2 0.01385 -0.141309 0.230631 0.0350406 0
1231196 645963 m2 0.02825 0.315327 0.48851 0 -0.0200799
1231196 79116 m2 0.0278 0.141705 0.490293 0 0.0096183
1231196 566893 m2 0.02555 0.156453 0.391897 0 -0.00129982
1231196 580833 m2 0.0301 -0.0653361 0.37956 0.0135892 0
1231196 493847 m2 0.04845 -0.215398 0.379069 -0.0683705 0
1231196 401037 m2 0.02155 -0.172514 0.332681 8.01016e-05 0
1231196 266061 m2 0.04595 0.182027 0.457462 0 0.0508586
1231196 602676 m2 0.01375 0.0950261 0.354739 -0.0155876 0
1231196 341797 m2 0.0137 -0.256415 0.259339 0 0.0382306
1231196 707167 m2 0.01065 0.113987 0.292133 0.037714 0
1231196 89164 m2 0.03155 -0.112443 0.330372 0 -0.00881499
1231196 87420 m2 0.2406 0.0974578 0.740871 0.0219464 0
1231196 693684 m2 0.0132 -0.244538 0.27649 -0.00452341 0
1231196 322624 m2 0.074 0.295922 0.58866 0.0249128 0
1231196 266582 m2 0.01245 0.308075 0.340915 0.0389499 0
1231196 530016 m2 0.019 -0.16268 0.299061 0 -0.0488876
1231196 723929 m2 0.01265 0.0652638 0.343969 0 -0.0358958
1231196 176590 m2 0.08425 -0.144577 0.630172 0 -0.00769245
1231196 267119 m2 0.1055 0.172557 0.661441 0.0533182 0
1231196 331580 m2 0.03545 0.318032 0.394655 0.0589091 0
1231196 562672 m2 0.0142 0.0919858 0.347229 0 0.0264118
1231196 608471 m2 0.0193 0.208313 0.393367 0.0782963 0
1231196 324072 m2 0.0874 -0.0374601 0.469064 -0.028907 0
1231196 524582 m2 0.0309 0.0193104 0.495439 -0.0394009 0
1231196 271421 m2 0.124 0.220995 0.672147 0 0.0417096
1231196 299968 m2 0.0361 -0.0272701 0.458624 0.0300216 0
1231196 231536 m2 0.1006 0.360717 0.540251 0.0966018 0
1231196 409352 m2 0.0112 -0.114432 0.271546 0 -0.0322086
1231196 662928 m2 0.02085 0.317187 0.441093 -0.0157601 0
1231196 144196 m2 0.1451 -0.0908319 0.721035 -0.0137938 0
1231196 20171 m2 0.0341 -0.0782693 0.414446 -0.0161581 0
1231196 302997 m2 0.05615 -0.0423297 0.465485 -0.0412065 0
1231196 566885 m2 0.01935 -0.159089 0.376175 0.00794776 0
1231196 183925 m2 0.01235 -0.1562 0.364686 0 0.0266895
1231196 6890 m2 0.08415 -0.202567 0.561071 0 -0.0143676
1231196 247238 m2 0.1178 0.39146 0.516677 0.141886 0
1231196 578546 m2 0.02075 0.232279 0.474902 0 -0.00208355
1231196 202631 m2 0.10865 -0.115679 0.692999 0 0.0315983
1231196 216341 m2 0.08795 -0.190052 0.561055 0 0.0582774
1231196 665365 m2 0.016 0.143274 0.441609 0 0.0565079
1231196 405836 m2 0.02165 -0.149598 0.0869821 -0.0708613 0
1231196 540443 m2 0.0101 -0.234144 0.254113 -0.041956 0
1231196 292421 m2 0.05455 -0.225586 0.378187 -0.0562192 0
1231196 275907 m2 0.11525 -0.201255 0.613054 0 0.0501697
1231196 477869 m2 0.02695 0.0126207 0.471 -0.0377046 0
1231196 330099 m2 0.0453 -0.247869 0.339562 -0.0768249 0
1231196 259233 m2 0.1003 -0.177935 0.45873 0 0.0276006
1231196 86617 m2 0.0393 0.0834836 0.560049 0.0352029 0
1231196 152455 m2 0.0447 0.339358 0.414095 0 -0.0110364
1231196 75140 m2 0.07115 -0.185709 0.456686 -0.0713804 0
1231196 168491 m2 0.14105 0.140678 0.738011 0.040151 0
1231196 2650 m2 0.0811 -0.217287 -0.42803 0 -0.0404253
1231196 405557 m2 0.02405 0.246311 0.482427 0 0.0120751
1231196 548480 m2 0.0419 0.104971 0.492287 0 0.003688
1231196 290677 m2 0.01445 0.123958 0.392018 0 0.0634742
1231196 257214 m2 0.1103 0.156455 0.641038 0 0.0143708
1231196 545470 m2 0.01985 -0.146321 0.407733 0 0.0153592
1231196 504839 m2 0.02945 -0.0182898 0.311832 0 0.0357124
1231196 557676 m2 0.0148 -0.183429 0.388351 -0.0440692 0
1231196 406071 m2 0.0146 0.183685 0.40698 0.038697 0
1231196 429119 m2 0.01765 0.276405 0.381901 0 0.0169887
1231196 625128 m2 0.0135 -0.210849 0.344353 0 -0.03956
1231196 320593 m2 0.01255 0.0574413 0.353741 0 0.015607
1231196 144183 m2 0.0767 0.0365465 0.671353 0 0.0136079
1231196 281130 m2 0.08965 -0.187017 0.446391 -0.0783959 0
1231196 344562 m2 0.02095 -0.207906 0.288517 0 -0.015103
1231196 385813 m2 0.0767 -0.158795 0.459798 -0.0198631 0
1231196 11937 m2 0.01645 0.264034 0.00193366 -7.90453e-06 0
1231196 437384 m2 0.02895 -0.193046 0.359988 -0.0689245 0
1231196 567368 m2 0.01955 -0.0989525 0.344826 0 -0.00904254
1231196 561955 m2 0.01565 -0.209678 0.264094 0 -0.0789681
1231196 406794 m2 0.01265 0.25654 0.331734 0.0418307 0
1231196 515580 m2 0.05 -0.232363 0.425375 -0.000632823 0
1231196 225036 m2 0.0339 -0.00551633 0.478219 0 0.0333917
1231196 167477 m2 0.02555 -0.0390675 0.353425 0.0169171 0
1231196 591741 m2 0.05685 -0.0219801 0.481653 -0.0156245 0
1231196 13904 m2 0.1117 -0.102456 0.457737 -0.0119499 0
1231196 263316 m2 0.06035 -0.249963 0.39503 0 0.0271794
1231196 183162 m2 0.03795 0.179782 0.504185 0.0029988 0
1231196 365491 m2 0.02415 0.0650841 0.519162 0.0124932 0
1231196 643892 m2 0.01635 0.191112 0.120103 0 -0.0313504
1231196 353376 m2 0.01415 0.224166 0.330586 -0.0310193 0
1231196 166945 m2 0.0175 -0.125441 0.0930864 0 0.00320864
1231196 252661 m2 0.0205 -0.14927 0.0829351 -0.039351 0
1231196 5130 m2 0.1042 0.0745058 -0.268915 -0.000514321 0
1231196 724636 m2 0.01435 0.331968 0.327424 -0.0376846 0
1231196 413348 m2 0.0236 -0.188437 0.293536 -0.112377 0
1231196 22985 m2 0.01835 -0.137424 0.0979091 -0.0268217 0
1231196 683494 m2 0.0126 -0.208358 0.192488 -0.0178496 0
1231196 570113 m2 0.05045 0.112653 0.509471 0.0477297 0
1231196 92429 m2 0.09575 0.0812392 0.435574 -0.0207419 0
1231196 559890 m2 0.02575 -0.220791 0.389458 0 0.00244598
1231196 565133 m2 0.02005 0.255112 0.417917 0 0.00662192
1231196 426535 m2 0.08105 -0.231216 0.621678 -0.00368256 0
1231196 669557 m2 0.01385 -0.149696 0.0783235 0 0.0498429
1231196 633837 m2 0.01095 0.157515 0.292961 0.0498309 0
1231196 167743 m2 0.01585 -0.236513 0.259031 -0.0569073 0
1231196 440101 m2 0.058 0.146002 0.625515 0 0.0183777
1231196 513559 m2 0.1164 0.0338694 -0.012407 0.0273352 0
1231196 595630 m2 0.01215 -0.236875 0.315511 -0.0396682 0
1231196 652988 m2 0.0169 -0.00332074 0.295471 -0.0151822 0
1231196 619382 m2 0.03265 -0.190695 0.320244 -0.027271 0
1231196 172521 m2 0.04235 0.239408 0.0101018 -0.00471597 0
1231196 421491 m2 0.0257 0.104106 0.370512 0.0232941 0
1231196 453870 m2 0.05955 -0.00424255 0.555448 0 0.0374113
1231196 432877 m2 0.05985 0.155556 0.516067 0.00956879 0
1231196 310587 m2 0.0382 -0.204661 0.405535 -0.0259716 0
1231196 364710 m2 0.04165 0.194379 0.130426 0 0.0659458
1231196 332515 m2 0.0496 0.0271298 0.528968 0 0.016511
1231196 149664 m2 0.18455 0.0810106 0.723046 0 0.0346453
1231196 132380 m2 0.02195 -0.102805 0.11965 0 0.0283309
1231196 413101 m2 0.02985 -0.231574 0.346531 -0.0329931 0
1231196 40793 m2 0.05005 -0.132857 0.15596 0 0.00709022
1231196 177570 m2 0.0126 -0.154295 0.0726998 -0.0759481 0
1231196 141012 m2 0.0205 -0.12925 0.346033 -0.0152486 0
1231196 228453 m2 0.02905 -0.111728 0.113914 0.0260656 0
1231196 648740 m2 0.01175 0.0177043 0.364589 0 0.0350447
1231196 668562 m2 0.0163 0.366731 0.423889 0 -0.000295442
1231196 72065 m2 0.1922 0.023331 0.753425 -0.00970153 0
1231196 200554 m2 0.10575 -0.00392471 0.693246 0 0.0529022
1231196 198720 m2 0.02945 -0.123639 0.0981084 -0.0544046 0
1231196 679708 m2 0.01455 -0.107201 0.376881 0 0.0350433
1231196 588757 m2 0.03225 0.261173 0.533254 0 -0.000209548
1231196 310073 m2 0.02735 -0.179878 0.413635 0.0570336 0
1231196 611064 m2 0.0106 0.276487 0.371272 -0.0299624 0
1231196 298879 m2 0.1413 0.264473 0.638602 0.0484652 0
1231196 96646 m2 0.06675 -0.24499 0.388959 -0.0916397 0
1231196 264010 m2 0.06285 -0.0291122 0.502775 0 0.0243134
1231196 406045 m2 0.0131 -0.159051 0.0690054 -0.101001 0
1231196 613245 m2 0.0154 -0.15523 0.0826947 0 -0.00716907
1231196 298094 m2 0.02625 -0.142347 0.103424 0 0.0315904
1231196 295633 m2 0.05865 -0.0824269 0.558748 0 0.0623437
1231196 391722 m2 0.02765 -0.21072 0.410664 0.0133963 0
1231196 679229 m2 0.01405 -0.147429 0.0820274 -0.0902564 0
1231196 405535 m2 0.044 -0.0269918 -0.002269 0.00591215 0
1231196 629801 m2 0.01075 -0.132275 0.0937664 0.00262011 0
1231196 362038 m2 0.0272 -0.234629 0.347323 0 0.0376327
1231196 678992 m2 0.02515 0.225959 0.103513 0 0.0420655
1231196 551409 m2 0.0414 -0.134821 0.465316 0 0.0297529
1231196 470686 m2 0.01125 -0.141511 0.0900971 0.00554913 0
1231196 684293 m2 0.02715 0.254155 0.423796 0 0.00447792
1231196 198217 m2 0.10965 -0.0534464 0.170001 -0.0147771 0
1231196 378461 m2 0.0134 0.112563 0.112541 0 -0.00109571
1231196 176020 m2 0.05145 0.0491665 0.143042 0.00308345 0
1231196 244770 m2 0.04235 0.0152687 0.132658 0 -0.0249473
1231196 635313 m2 0.0204 -0.13828 0.0961851 0 -0.0432134
1231196 286414 m2 0.07715 0.0666637 0.158795 0 0.0444835
1231196 567579 m2 0.0145 -0.0648112 0.378074 0.0261222 0
1231196 310064 m2 0.02835 -0.125502 0.0945494 0 0.0877782
1231196 262278 m2 0.0275 -0.123795 0.0996721 -0.0577989 0
1231196 579778 m2 0.016 0.119577 0.472677 0 -0.0203788
1231196 409545 m2 0.0103 -0.0539147 0.101267 0.023231 0
1231196 705645 m2 0.0138 -0.117225 0.256344 0 -0.00661928
1231196 27508 m2 0.02185 0.134553 -0.0131823 0 -0.016186
1231196 650236 m2 0.0168 -0.220433 0.285644 0 -0.0827181
1231196 603597 m2 0.01225 0.0684001 0.143332 0 5.58536e-05
1231196 375170 m2 0.02465 -0.139026 0.096273 0 -0.00366005
1231196 264259 m2 0.02085 0.214791 0.105335 0.000944055 0
1231196 537438 m2 0.01735 0.289035 0.432313 0.0798389 0
1231196 208128 m2 0.0361 0.0176894 0.132976 0 0.0360656
1231196 19559 m2 0.0182 -0.106806 -0.102546 0.00376246 0
1231196 326552 m2 0.0312 -0.171252 0.0556762 -0.0332668 0
1231196 156201 m2 0.01465 0.262229 0.36388 0.0385087 0
1231196 18580 m2 0.1102 -0.00420988 0.0547565 0 0.0136323
1231196 480375 m2 0.0176 -0.100109 0.0938955 -0.021228 0
1231196 552372 m2 0.01295 -0.157494 0.078047 -0.00490191 0
1231196 110432 m2 0.0803 0.173806 0.188043 0.0762538 0
1231196 701384 m2 0.01095 0.0681856 0.082921 0 -0.00609157
1231196 57785 m2 0.0684 -0.0957809 0.0258863 0 0.0222082
1231196 7331 m2 0.01965 -0.0579911 -0.109298 -0.0368489 0
1231196 567570 m2 0.0124 0.0918483 0.129359 0.0858794 0
1231196 26760 m2 0.01375 -0.0890186 -0.0111751 -0.0126838 0
1231196 263508 m2 0.02005 0.083478 -0.0376262 -0.0152185 0
1231196 568073 m2 0.0392 -0.148073 0.456547 -0.0117301 0
1231196 502563 m2 0.01325 -0.109513 0.102552 0 0.00891785
1231196 502325 m2 0.0347 0.0316931 0.139726 0 0.0243999
1231196 638317 m2 0.01525 -0.0561413 0.304569 0 -0.0424803
1231196 344532 m2 0.01855 0.278585 0.168058 0.0691256 0
1231196 701378 m2 0.01105 0.204981 0.0981221 0 -0.074722
1231196 366226 m2 0.0442 -0.179892 0.117181 0 -0.00543994
1231196 230480 m2 0.01075 -0.157562 0.0689227 0.00889036 0
1231196 158924 m2 0.0277 -0.210937 0.00906813 -0.0439916 0
1231196 502322 m2 0.01505 0.0510645 0.128998 -0.000198822 0
1231196 628335 m2 0.01015 -0.0806872 0.0945083 -0.0152038 0
1231196 9371 m2 0.05185 -0.130103 -0.146966 0 0.0151313
1231196 208397 m2 0.041 -0.138089 0.242252 0.0191268 0
1231196 62696 m2 0.0395 -0.0210805 -0.000345978 0.0114092 0
1231196 198203 m2 0.02145 -0.222302 -0.00404467 -0.0761064 0
1231196 397960 m2 0.0245 0.226783 0.150358 0.0434761 0
1231196 424279 m2 0.081 0.0648265 0.598247 0 0.0854846
1231196 453587 m2 0.07645 0.161194 0.144011 0 0.0111779
1231196 89582 m2 0.0795 0.135405 -0.00945786 0.048552 0
1231196 138424 m2 0.03485 -0.224699 0.0068529 -0.0316985 0
1231196 304554 m2 0.05725 0.150838 0.213922 0.0310235 0
1231196 143653 m2 0.02395 -0.193582 0.00626834 -0.0200273 0
1231196 60018 m2 0.10785 0.29585 -0.0402321 0.0411587 0
1231196 298577 m2 0.03795 0.117627 0.151359 0 -0.00669398
1231196 45616 m2 0.0813 -0.0131149 -0.00129147 -0.018871 0
1231196 671112 m2 0.0162 -0.156325 0.0785861 0 -0.00569068
1231196 386503 m2 0.02005 0.191862 0.0209469 0 0.0117817
1231196 443831 m2 0.0261 0.0279012 0.265668 0.0357646 0
1231196 414385 m2 0.02955 -0.215481 0.0715262 -0.0741936 0
1231196 120141 m2 0.0272 0.173201 0.128784 0.0316535 0
1231196 533183 m2 0.03015 -0.185342 -0.0126785 0 -0.0235326
1231196 625587 m2 0.0102 -0.135744 0.0917121 0 0.00543928
1231196 579047 m2 0.0171 -0.112924 0.0976803 -0.0279438 0
1231196 553870 m2 0.02725 -0.0684808 0.108877 -0.00586013 0
1231196 316799 m2 0.0413 -0.205039 0.00665162 -0.111324 0
1231196 672096 m2 0.018 -0.216395 0.00149164 0.0216932 0
1231196 300655 m2 0.01135 0.182712 0.344673 0 0.000584063
1231196 691316 m2 0.01845 0.206059 0.105359 0 -0.0214245
1231196 405776 m2 0.0131 -0.159051 0.0690054 -0.0268382 0
1231196 554364 m2 0.05335 0.105541 0.147604 0 -0.0743061
1231196 238134 m2 0.08765 0.309652 0.0166958 0.0640878 0
1231196 94377 m2 0.1008 0.142379 -0.00291798 0 -0.013333
1231196 677406 m2 0.0193 0.272827 -0.00318087 -0.0260355 0
1231196 366434 m2 0.02025 0.119362 0.0179011 -0.00378759 0
1231196 381691 m2 0.02835 -0.125502 0.0945494 -0.0405533 0
1231196 36506 m2 0.12015 0.11941 0.00260177 0.0422038 0
1231196 46912 m2 0.0287 0.24693 -0.00167697 0 -0.0255607
1231196 367202 m2 0.03705 0.0180208 0.00356653 -0.0154093 0
1231196 551136 m2 0.01995 -0.154394 0.0798192 0 0.055232
1231196 696085 m2 0.01545 -0.141994 0.010228 -0.017976 0
1231196 436365 m2 0.0258 -0.113361 0.103848 -0.0660122 0
1231196 474519 m2 0.02465 0.241571 -0.115291 0 -0.0345082
1231196 586741 m2 0.0379 -0.170157 0.00916149 0 0.019799
1231196 503607 m2 0.03345 -0.10185 0.103719 0 0.0183904
1231196 143639 m2 0.0428 0.0224078 -0.134916 0 -0.0360246
1231196 440061 m2 0.06215 -0.236698 -0.061577 -0.0236305 0
1231196 388468 m2 0.0199 -0.155858 -0.0201035 0 -0.02879
1231196 413572 m2 0.06405 0.0698502 0.146588 -0.048655 0
1231196 421961 m2 0.02865 -0.0937301 0.010167 -0.0306588 0
1231196 501816 m2 0.0449 -0.138937 0.00188857 -0.00240962 0
1231196 392459 m2 0.0267 -0.103009 -0.101817 0 -0.0385107
1231196 497546 m2 0.0314 0.0773964 0.178843 0 -0.00601638
1231196 640545 m2 0.01425 -0.0929339 0.00324631 0 -0.0294687
1231196 660825 m2 0.022 -0.045067 0.109291 0.0583356 0
1231196 112427 m2 0.0689 0.0523973 -0.166892 0 0.0245035
1231196 293625 m2 0.0278 -0.0902885 -0.0122498 0 0.0212846
1231196 264517 m2 0.02455 -0.0132758 0.211458 0 0.0408607
1231196 671847 m2 0.0105 -0.11231 0.00618236 0 -0.0145955
1231196 565090 m2 0.0308 -0.0193235 0.124637 -0.0214483 0
1231196 468740 m2 0.05425 -0.0692952 -0.00575957 -0.0531708 0
1231196 246194 m2 0.014 0.170943 -0.0177017 0 -0.021744
1231196 29700 m2 0.04385 0.105322 -0.142493 0.0151349 0
1231196 624360 m2 0.01055 0.0882804 0.120676 -0.0263557 0
1231196 478314 m2 0.02385 -0.0613792 0.118159 -0.0376458 0
1231196 269825 m2 0.0219 -0.0700137 0.111738 -0.0813033 0
1231196 573332 m2 0.0354 0.0515099 0.132917 0.0471103 0
1231196 374916 m2 0.0136 0.0464424 -0.00527692 0.0304549 0
1231196 220023 m2 0.04895 0.155969 0.143391 0 0.0249417
1231196 262790 m2 0.0739 0.169964 0.00811425 0 0.0148769
1231196 435544 m2 0.03035 -0.0884542 0.0047889 0 0.0253985
1231196 515526 m2 0.01635 -0.143167 0.109457 0 -0.0295694
1231196 575621 m2 0.0185 -0.196049 0.00134601 0.0402451 0
1231196 398696 m2 0.01635 -0.176338 0.0107908 0 0.0979684
1231196 668780 m2 0.01065 0.135117 0.0893083 0 0.0657316
1231196 56261 m2 0.09185 -0.0463395 -0.0123679 -0.056074 0
1231196 78515 m2 0.07575 0.0282936 -0.0174369 -0.0224883 0
1231196 546625 m2 0.01475 0.329422 0.0111682 0.0319862 0
1231196 506258 m2 0.0153 0.207426 0.0993168 0.094724 0
1231196 263261 m2 0.0286 0.201613 0.124665 0 0.0423688
1231196 183101 m2 0.11575 -0.00714318 0.0046296 0.00591899 0
1231196 171744 m2 0.13935 0.0976173 -0.000427104 0.0560563 0
1231196 431316 m2 0.0555 0.120332 0.143499 0 0.00234782
1231196 570582 m2 0.02285 0.113108 0.141504 0 0.0228111
1231196 684768 m2 0.01175 0.128347 0.0269933 0 -0.016913
1231196 399703 m2 0.0918 0.270847 0.0744313 0 0.00629291
1231196 673348 m2 0.03705 -0.019545 0.00994408 0 0.00538194
1231196 580759 m2 0.0268 0.162397 -0.00862528 0 -0.0156776
1231196 37732 m2 0.0748 -0.1332 -0.324714 -0.0485424 0
1231196 268802 m2 0.07385 -0.0834663 -0.00234697 -0.00299278 0
1231196 666533 m2 0.01155 -0.13064 -0.00958346 -0.00182155 0
1231196 619330 m2 0.0109 -0.191493 -0.018804 -0.106626 0
1231196 554096 m2 0.0358 0.115768 0.0188226 0 0.0909069
1231196 508760 m2 0.03775 -0.119826 0.0105165 0 0.0640668
1231196 315055 m2 0.0682 -0.147744 0.0623108 -0.042616 0
1231196 682925 m2 0.01085 -0.159482 0.0717962 0 -0.0293852
1231196 82484 m2 0.01885 -0.0236143 -0.0996213 0.0470096 0
1231196 35976 m2 0.0762 -0.306566 -0.0258136 -0.0689237 0
1231196 412825 m2 0.01865 0.27913 0.167935 0.0391068 0
1231196 13291 m2 0.0916 0.0265306 -0.524923 0 -0.00161177
1231196 659102 m2 0.02005 -0.0834452 0.106449 0 0.0458222
1231196 646673 m2 0.01705 0.0373641 0.0102348 0.0121286 0
1231196 26256 m2 0.1142 -0.210951 -0.649137 0 -0.00526761
1231196 11302 m2 0.1428 0.0633227 -0.714529 0 -0.0360004
1231196 399690 m2 0.02525 -0.0582948 0.128651 0.014872 0
1231196 484395 m2 0.0437 -0.0684929 -0.00373276 0 -0.00637049
1231196 610212 m2 0.02585 -0.148793 -0.00454255 0 -0.00927234
1231196 189727 m2 0.0669 0.155289 -0.000688822 0.00732104 0
1231196 450243 m2 0.05355 0.119974 -0.0133012 -0.00788423 0
1231196 632776 m2 0.02305 0.0896756 -0.0033487 0 -0.00245642
1231196 185288 m2 0.0406 0.0108615 -0.144749 0 -0.00115109
1231196 584764 m2 0.0271 -0.142122 0.00671488 0.0233669 0
1231196 593159 m2 0.0353 0.273035 0.015642 0.02952 0
1231196 263711 m2 0.04005 0.196016 0.131036 0.109533 0
1231196 551363 m2 0.01565 0.306943 -0.00596194 0.0200713 0
1231196 222266 m2 0.035 0.215078 -0.00163477 0.026723 0
1231196 569776 m2 0.02715 -0.0284512 -0.00733252 0 0.0234697
1231196 436067 m2 0.0374 0.040535 -0.00798322 -0.0108847 0
1231196 374442 m2 0.02725 0.0567498 0.00661777 0.00502027 0
1231196 714799 m2 0.01245 0.037104 0.0037729 0 -0.00217989
1231196 233898 m2 0.01385 -0.164848 0.0118245 -0.0443159 0
1231196 644618 m2 0.01905 -0.211674 0.00816433 -0.0425194 0
1231196 565070 m2 0.0128 -0.206818 -0.00723385 0 -0.00829073
1231196 97091 m2 0.11565 0.347962 -0.0691393 0.0748184 0
1231196 446572 m2 0.0474 -0.0920332 0.00903838 0 -0.0175111
1231196 682657 m2 0.0248 -0.185114 -0.00144673 -0.01733 0
1231196 508197 m2 0.01905 0.278258 0.10863 0.0667164 0
1231196 465149 m2 0.01355 0.132233 0.0270359 0 -0.0291534
1231196 494492 m2 0.028 0.204682 0.128458 0 0.0311169
1231196 66643 m2 0.0107 -0.0535115 -0.0134131 0 -0.014259
1231196 723356 m2 0.01775 0.0244702 0.00318926 -0.0147123 0
1231196 231439 m2 0.1032 -0.100555 -0.0865155 -0.0147269 0
1231196 205087 m2 0.01535 0.127835 -0.127623 0 -0.00828072
1231196 142642 m2 0.025 -0.0740735 -0.109414 0 -0.0520997
1231196 628034 m2 0.018 -0.143624 -0.0124651 -0.0401239 0
1231196 616613 m2 0.01865 0.0734739 0.0158564 0 0.0857716
1231196 319294 m2 0.05495 0.112486 0.000196399 0 -0.0369989
1231196 473089 m2 0.0611 0.210402 -0.0113345 0.0262446 0
1231196 667038 m2 0.02405 -0.107432 0.102575 0.031181 0
1231196 99411 m2 0.1145 0.0348745 -0.0093176 -0.0893294 0
1231196 213749 m2 0.0557 -0.153051 -0.0958143 -0.0440865 0
1231196 610200 m2 0.0139 0.149138 -0.00947488 0 -0.0508809
1231196 230167 m2 0.07845 0.183897 -0.0463357 0.0309057 0
1231196 531920 m2 0.0571 0.128215 -0.00732293 0.0456663 0
1231196 499573 m2 0.05075 -0.272871 0.0459054 -0.0724857 0
1231196 497782 m2 0.02005 -0.116533 -0.012261 0.00636959 0
1231196 604772 m2 0.01405 0.230953 -0.0129905 0 -0.034556
1231196 374679 m2 0.03585 -0.0291074 -0.130482 0 -0.00613265
1231196 206528 m2 0.039 -0.0337108 -0.147119 -0.0042229 0
1231196 569295 m2 0.0319 -0.0152746 -0.00178122 0.0428654 0
1231196 473548 m2 0.01405 0.12408 -0.00215392 0 0.032486
1231196 209338 m2 0.1544 0.127822 -0.587862 0.0752803 0
1231196 376172 m2 0.0736 -0.131334 -0.0855183 -0.0629042 0
1231196 316751 m2 0.0524 0.160256 -0.0118228 0.023624 0
1231196 480579 m2 0.0385 0.269893 0.00500901 0.0554393 0
1231196 476794 m2 0.0213 -0.0888012 0.0769766 -0.0118767 0
1231196 254044 m2 0.0127 -0.14788 -0.081591 -0.0372561 0
1231196 658557 m2 0.01285 -0.206489 -0.00111899 -0.0522596 0
1231196 63150 m2 0.1112 -0.0202255 -0.261407 -0.030991 0
1231196 317282 m2 0.0171 -0.0657048 0.012659 0 0.000255113
1231196 18468 m2 0.0471 -0.180766 -0.405381 -0.0241124 0
1231196 508997 m2 0.0197 0.0817081 0.0155587 0 -0.0570557
1231196 618068 m2 0.02255 -0.118706 -0.00787513 -0.0346457 0
1231196 72736 m2 0.1297 0.119738 -0.146399 0.0793054 0
1231196 389128 m2 0.01265 0.159756 0.00450037 0.0272207 0
1231196 468709 m2 0.01105 0.102169 0.00139734 -0.0204322 0
1231196 382157 m2 0.07885 -0.144615 -0.0136403 0 -0.0366995
1231196 433030 m2 0.0391 -0.190318 0.00296394 -0.0776682 0
1231196 650677 m2 0.042 -0.064987 0.00587707 0 0.00472077
1231196 649919 m2 0.0152 0.0959103 -0.0611477 0 0.0289065
1231196 608890 m2 0.0159 -0.0209409 0.0256202 0 0.0666713
1231196 500539 m2 0.02845 -0.0183904 -0.124649 0.0614491 0
1231196 452514 m2 0.04855 0.107814 -0.114331 0 -0.0364226
1231196 625545 m2 0.0235 -0.207149 -0.00271258 0 -0.0133725
1231196 410205 m2 0.0507 -0.308073 -0.089826 -0.120229 0
1231196 48380 m2 0.0928 0.0962781 -0.592414 0.00845397 0
1231196 552566 m2 0.06185 0.0880094 -0.00276704 0.0147286 0
1231196 438269 m2 0.0248 0.0887448 0.00390569 0 0.0143116
1231196 132298 m2 0.0362 -0.0868114 -0.108203 -0.0487926 0
1231196 193681 m2 0.10565 0.0177093 0.00196354 0 -0.0200486
1231196 487096 m2 0.0546 0.00537344 -0.521899 0.0177757 0
1231196 474253 m2 0.04445 0.240387 0.00738808 0 0.0292396
1231196 480571 m2 0.01545 0.251587 -0.00709327 0.0907566 0
1231196 442064 m2 0.01045 0.120272 -0.0905596 -0.0373791 0
1231196 271564 m2 0.13095 0.430457 -0.0129875 0.089619 0
1231196 95332 m2 0.08725 0.0284685 0.00501897 -0.00643269 0
1231196 679371 m2 0.0133 0.215351 -0.401375 -0.0179373 0
1231196 502750 m2 0.0191 0.00513644 -0.000843003 0 0.0118836
1231196 583992 m2 0.0225 0.216611 -0.106495 0.0506638 0
1231196 702379 m2 0.01135 0.268326 0.011331 -0.0063272 0
1231196 594571 m2 0.0149 -0.136343 -0.00866203 0.0314225 0
1231196 489008 m2 0.0103 -0.243331 -0.253099 0.000688466 0
1231196 206771 m2 0.01545 0.0576166 -0.123151 -0.00552507 0
1231196 473278 m2 0.04075 0.164664 -0.172205 0.00949519 0
1231196 183787 m2 0.03875 0.123942 -0.179481 0.013461 0
1231196 446553 m2 0.02985 0.0795575 -0.1371 0 -0.00459189
1231196 392398 m2 0.0101 -0.0767463 -0.111161 0 0.0191846
1231196 142148 m2 0.0553 -0.134689 -0.482753 -0.00523441 0
1231196 661036 m2 0.0302 0.304364 -0.0089704 0.00456597 0
1231196 620323 m2 0.0101 0.163622 -0.102135 0 -0.0529938
1231196 39925 m2 0.1513 0.0537475 -0.642135 0.0339886 0
1231196 623292 m2 0.021 -0.083022 -0.105544 0.0011729 0
1231196 515751 m2 0.02265 0.221272 -0.00131984 0 -0.00221491
1231196 184761 m2 0.01865 0.00600425 -0.137837 0.0193255 0
1231196 273533 m2 0.04295 -0.136686 -0.173915 -0.00139209 0
1231196 174947 m2 0.0333 -0.101604 -0.111937 -0.017921 0
1231196 531159 m2 0.04535 0.158185 0.00545063 0.0130421 0
1231196 231417 m2 0.05865 -0.177092 0.00769359 -0.0890153 0
1231196 32411 m2 0.1072 -0.226659 -0.445227 -0.0645326 0
1231196 632747 m2 0.01555 -0.154052 -0.0836502 0.0037153 0
1231196 357389 m2 0.0118 0.214859 -0.434798 0.0232221 0
1231196 525754 m2 0.02385 -0.115873 0.00264129 0.0191381 0
1231196 426699 m2 0.02745 0.241039 -0.119859 0.108765 0
1231196 682349 m2 0.0228 -0.210728 -0.000498822 0.00226207 0
1231196 529896 m2 0.01695 -0.0991414 -0.334158 -0.0237367 0
1231196 551328 m2 0.0495 0.0291724 0.143635 0 0.0224611
1231196 503272 m2 0.01195 0.125818 -0.0802221 0 -0.00654004
1231196 108146 m2 0.0152 -0.217509 -0.202442 -0.0515268 0
1231196 59937 m2 0.0108 -0.184141 -0.369779 -0.052046 0
1231196 447757 m2 0.01525 -0.158842 -0.0739263 -0.0730123 0
1231196 513726 m2 0.01235 -0.124165 -0.086783 -0.030908 0
1231196 644069 m2 0.01875 -0.218686 0.00551955 -0.0769401 0
1231196 437773 m2 0.01535 0.295335 -0.0135626 0 -0.0279758
1231196 472324 m2 0.0276 0.164559 -0.120013 0.00690186 0
1231196 143324 m2 0.0786 -0.0464301 -0.138275 -0.050432 0
1231196 189685 m2 0.0367 -0.216007 -0.566169 0 -0.0012542
1231196 191666 m2 0.0909 0.0156056 -0.203434 0 -0.0142559
1231196 676577 m2 0.012 0.100662 -0.0969704 0.0158228 0
1231196 470367 m2 0.01525 -0.110926 -0.102405 -0.0497804 0
1231196 413262 m2 0.03785 0.213687 -0.134285 0 -0.0145157
1231196 478570 m2 0.0199 -0.116016 -0.00432019 0 -0.0182283
1231196 531615 m2 0.0259 0.0620059 -0.117433 0.0318307 0
1231196 646377 m2 0.0225 -0.178151 -0.00927074 0 0.00460663
1231196 693807 m2 0.019 -0.194871 0.0027842 0 -0.0584105
1231196 673095 m2 0.02745 0.248841 0.00704494 0.0105783 0
1231196 614567 m2 0.02225 0.335955 -0.454607 0 -0.0536818
1231196 678599 m2 0.0105 0.0475253 -0.0898895 -0.0341498 0
1231196 149548 m2 0.0662 -0.191232 -0.512066 -0.0334101 0
1231196 648662 m2 0.01735 0.227145 -0.116299 0.0378083 0
1231196 398389 m2 0.01155 -0.156331 -0.0647352 0 0.00283014
1231196 402944 m2 0.06395 0.057784 -0.624626 0 -0.0170171
1231196 564047 m2 0.0471 0.103191 -0.112389 -0.0132484 0
1231196 32637 m2 0.2637 0.0437541 -0.813282 0 -0.0313884
1231196 634266 m2 0.0123 0.0346018 0.0093876 0.0762721 0
1231196 671537 m2 0.01765 0.16284 -0.136916 0 -0.0258939
1231196 49143 m2 0.0997 -0.153326 -0.486667 -0.053333 0
1231196 436020 m2 0.0183 -0.153894 -0.0768926 0 -0.0254998
1231196 141886 m2 0.22045 0.102581 -0.709507 0 -0.0790368
1231196 191660 m2 0.03125 0.013468 -0.154267 0 -0.0209677
1231196 316722 m2 0.0473 -0.244253 -0.390755 -0.025448 0
1231196 289090 m2 0.0105 0.0765981 -0.102414 -0.00165104 0
1231196 271543 m2 0.01155 -0.156331 -0.0647352 -0.179153 0
1231196 87497 m2 0.0534 -0.158451 -0.457833 -0.0187337 0
1231196 204042 m2 0.01355 -0.121471 0.00180738 0.0084323 0
1231196 272016 m2 0.01955 -0.22868 -0.280373 0 -0.0402978
1231196 331938 m2 0.0245 -0.114465 0.00221014 0.00701832 0
1231196 254020 m2 0.0539 -0.177343 -0.39231 -0.00992611 0
1231196 486114 m2 0.0327 0.0011072 -0.129745 -0.0626341 0
1231196 278527 m2 0.08365 0.00816993 -0.620412 0 -0.0746061
1231196 319253 m2 0.04945 0.139281 -0.148517 0 -0.0274054
1231196 711452 m2 0.01135 0.127086 -0.0972883 -0.00203805 0
1231196 190650 m2 0.0844 0.112387 -0.599483 0.0248163 0
1231196 171693 m2 0.0729 -0.0474337 -0.52642 0 -0.00867436
1231196 319251 m2 0.01645 -0.0746848 -0.119389 0 0.011194
1231196 327448 m2 0.02065 -0.151321 -0.313426 -0.0215066 0
1231196 228591 m2 0.1437 -0.0330218 -0.650599 0 -0.0330792
1231196 103346 m2 0.03795 0.140371 -0.429621 -0.0290127 0
1231196 452748 m2 0.01315 -0.152575 -0.0803141 0 -0.0140107
1231196 428748 m2 0.03635 -0.016723 -0.150365 -0.0343581 0
1231196 536390 m2 0.02645 0.0827891 0.00215032 0.0326149 0
1231196 179013 m2 0.06525 -0.026274 -0.622547 0 -0.00242752
1231196 644837 m2 0.0142 0.230883 0.0220735 0 0.00302262
1231196 559067 m2 0.01395 -0.217715 -0.366544 0 -0.0108853
1231196 59418 m2 0.08375 -0.166093 -0.448916 -0.0734391 0
1231196 582753 m2 0.0115 -0.1672 -0.0169612 0 -0.0382502
1231196 572272 m2 0.01245 -0.199795 -0.287683 0 -0.0225738
1231196 252349 m2 0.0689 0.0523973 -0.166892 0.029227 0
1231196 277028 m2 0.01305 -0.23467 -0.313201 0 -0.00127982
1231196 350701 m2 0.0274 -0.198492 -0.115589 -0.0333853 0
1231196 106135 m2 0.06535 -0.136102 -0.606446 -0.0146167 0
1231196 536848 m2 0.01795 -0.0523254 -0.342045 0 0.0684351
1231196 71917 m2 0.0529 -0.0361339 -0.573943 0.0192232 0
1231196 244671 m2 0.09985 0.228359 -0.65632 0.0232701 0
1231196 107633 m2 0.02125 -0.240298 -0.341585 -0.0864292 0
1231196 354246 m2 0.01335 0.259612 -0.376991 -0.00209815 0
1231196 130702 m2 0.10665 -0.142886 -0.550778 -0.00396188 0
1231196 401681 m2 0.0265 0.0141156 -0.13885 0.0120671 0
1231196 507890 m2 0.01465 -0.132847 -0.310947 0.0369756 0
1231196 400625 m2 0.02095 0.249838 -0.341714 0.0376356 0
1231196 194868 m2 0.15865 -0.121543 -0.750899 0 -0.0109293
1231196 611668 m2 0.0202 -0.172174 -0.384002 0 0.00599172
1231196 80148 m2 0.022 -0.0875167 -0.423928 0.0120756 0
1231196 608859 m2 0.0128 0.154132 -0.0937025 0.0675128 0
1231196 496191 m2 0.0458 -0.198308 -0.46985 0 -0.0165154
1231196 399134 m2 0.0398 -0.209509 -0.401389 0.00730614 0
1231196 204521 m2 0.09365 -0.0675528 -0.684642 0 -0.0185304
1231196 576609 m2 0.0245 -0.0523862 -0.121526 0.0217972 0
1231196 639736 m2 0.0128 -0.100178 -0.101831 -0.0802538 0
1231196 590156 m2 0.01385 -0.232467 -0.309553 -0.0579914 0
1231196 239766 m2 0.10455 0.346404 -0.550521 0.0328058 0
1231196 575050 m2 0.0127 -0.158606 -0.0755155 -0.100542 0
1231196 251291 m2 0.04635 -0.222562 -0.40924 -0.0807296 0
1231196 89227 m2 0.0556 -0.262965 -0.356627 -0.0997988 0
1231196 497734 m2 0.0311 0.215498 -0.129306 0.0604148 0
1231196 80881 m2 0.1296 0.00989745 -0.67097 0 -0.029938
1231196 512701 m2 0.02195 -0.233692 -0.26097 -0.0809496 0
1231196 450951 m2 0.01205 -0.028107 -0.102097 0.0484383 0
1231196 666990 m2 0.0174 -0.130674 0.000960292 0 0.0422118
1231196 543106 m2 0.0146 -0.208458 -0.00348236 -0.0343449 0
1231196 379363 m2 0.03045 -0.181371 -0.440794 0 -0.0362931
1231196 610161 m2 0.02275 0.094096 -0.428344 0 -0.0403035
1231196 207761 m2 0.10095 -0.136053 -0.448219 -0.0239272 0
1231196 634243 m2 0.02095 0.0695556 -0.122296 0 0.0102987
1231196 544362 m2 0.0102 -0.105414 -0.093424 0 0.00706478
1231196 88231 m2 0.0532 -0.0359038 -0.632023 0.00568043 0
1231196 444753 m2 0.0221 0.0479368 -0.110982 0 -0.0140026
1231196 307663 m2 0.0227 0.258596 -0.445369 0.080692 0
1231196 497179 m2 0.0175 -0.212199 -0.340354 -0.0167409 0
1231196 629489 m2 0.0131 -0.12432 -0.0960839 0.0100191 0
1231196 104059 m2 0.0471 -0.257897 -0.345631 -0.0321259 0
1231196 426157 m2 0.0359 -0.154759 -0.438227 0 -0.0136059
1231196 263636 m2 0.06455 -0.0327331 -0.55904 0 -0.0197237
1231196 579435 m2 0.03505 -0.200947 -0.31727 0.015497 0
1231196 142105 m2 0.04765 0.142434 -0.430322 0 0.0218076
1231196 490988 m2 0.04015 -0.148099 -0.410063 -0.0676681 0
1231196 572764 m2 0.01325 -0.0775701 -0.100794 -0.0414436 0
1231196 140114 m2 0.08465 -0.0681129 -0.544874 -0.0039471 0
1231196 279456 m2 0.0801 0.279738 -0.626655 0.00709277 0
1231196 253759 m2 0.0177 -0.231952 -0.352461 -0.0121731 0
1231196 617487 m2 0.0121 0.0179242 -0.0763843 0 0.00330502
1231196 493258 m2 0.0535 0.013412 -0.134162 0.0218484 0
1231196 209532 m2 0.0253 -0.236489 -0.278604 0 0.0117553
1231196 565003 m2 0.022 0.236769 -0.276903 -0.0184235 0
1231196 564786 m2 0.01925 0.144789 -0.151958 0 0.0252757
1231196 468644 m2 0.0118 0.0246524 -0.268292 -0.047484 0
1231196 268214 m2 0.0955 -0.00223213 -0.568287 0 -0.0147467
1231196 572011 m2 0.0312 0.094807 -0.503309 -0.0303931 0
1231196 296775 m2 0.08115 -0.182602 -0.642031 0 -0.0358451
1231196 457592 m2 0.0399 0.0107897 -0.13248 -0.023344 0
1231196 138583 m2 0.08565 -0.209324 -0.600979 0 -0.0522692
1231196 583454 m2 0.01705 0.232091 -0.348949 0 0.0325138
1231196 621759 m2 0.016 -0.245454 -0.283116 -0.032519 0
1231196 259340 m2 0.10035 -0.0537083 -0.649291 0 0.00167845
1231196 292272 m2 0.01355 -0.162098 -0.372391 -0.0191577 0
1231196 116061 m2 0.1108 0.42963 -0.475404 0.0926608 0
1231196 479763 m2 0.0537 -0.0106204 -0.167235 -0.00653757 0
1231196 324150 m2 0.0119 -0.224252 -0.279385 -0.0286434 0
1231196 122864 m2 0.06655 -0.206341 -0.412742 0 -0.00601478
1231196 565947 m2 0.0104 0.224862 -0.342377 0 -0.0303963
1231196 566741 m2 0.02215 0.303756 -0.475096 0.0142405 0
1231196 343951 m2 0.03825 0.347077 -0.516953 0.0473877 0
1231196 669982 m2 0.0126 0.306802 -0.34379 0.0252865 0
1231196 679328 m2 0.02 0.312818 -0.339393 0 -0.0169229
1231196 633462 m2 0.0127 -0.158525 -0.0694813 0 0.0412852
1231196 610610 m2 0.03715 -0.195275 -0.429587 0 0.0075325
1231196 262922 m2 0.0949 0.0612242 -0.66085 0 -0.0653594
1231196 244645 m2 0.11385 -0.0506954 -0.58702 0 -0.0416665
1231196 648617 m2 0.01555 0.287561 -0.453264 0.050882 0
1231196 345890 m2 0.01745 0.193586 -0.412974 0 -0.0313788
1231196 394605 m2 0.0387 -0.25907 -0.333193 -0.0961768 0
1231196 505668 m2 0.02865 -0.183615 -0.424769 0 -0.0297832
1231196 412751 m2 0.0152 -0.0551011 -0.0909649 -0.0308945 0
1231196 289042 m2 0.026 -0.166464 -0.436238 0 -0.0428657
1231196 497707 m2 0.0143 0.250533 -0.373654 0 -0.0275833
1231196 463172 m2 0.0408 0.291602 -0.482773 0.0213324 0
1231196 683348 m2 0.01425 -0.0950768 -0.237326 -0.0100686 0
1231196 400356 m2 0.0441 -0.105893 -0.455686 0 -0.0111616
1231196 309438 m2 0.14055 0.252656 -0.724334 0.00465096 0
1231196 285561 m2 0.02235 -0.177435 -0.444792 0 0.0246684
1231196 619533 m2 0.02345 0.140965 -0.145344 -0.00471873 0
1231196 648367 m2 0.01635 -0.245334 -0.293258 -0.0399566 0
1231196 638709 m2 0.01725 -0.137956 -0.400756 0 -0.0160953
1231196 432731 m2 0.0366 -0.059017 -0.474672 -0.00867694 0
1231196 595270 m2 0.0104 -0.061282 -0.302203 0.0292487 0
1231196 203196 m2 0.06045 -0.259318 -0.368998 0 -0.0133582
1231196 485793 m2 0.0153 0.337867 -0.386886 0.051233 0
1231196 160749 m2 0.0714 0.175591 -0.60215 0.00455629 0
1231196 314189 m2 0.06715 -0.0261261 -0.537168 0.0492621 0
1231196 585447 m2 0.0127 0.267132 -0.230578 0 0.0462067
1231196 442237 m2 0.05675 0.296694 -0.573161 0 0.0123832
1231196 605745 m2 0.01035 0.153112 -0.30565 0.0582601 0
1231196 700049 m2 0.0123 -0.252305 -0.259255 0 0.0439846
1231196 516668 m2 0.01055 -0.0946012 -0.316874 0 0.0297406
1231196 481853 m2 0.07555 0.217263 -0.558226 0.000801246 0
1231196 595268 m2 0.01765 0.329792 -0.389812 0 -0.0247641
1231196 288271 m2 0.1475 0.280136 -0.641626 0 -0.0674119
1231196 388080 m2 0.03575 -0.110254 -0.380077 0 -0.00314298
1231196 383358 m2 0.08845 0.127786 -0.625128 0 -0.0105989
1231196 576850 m2 0.0114 0.0438084 -0.127187 0 -0.0123106
1231196 305418 m2 0.06045 -0.259318 -0.368998 -0.11562 0
1231196 304355 m2 0.0746 0.356465 -0.54461 0.111088 0
1231196 268700 m2 0.02275 0.207394 -0.327938 0.0159576 0
1231196 215382 m2 0.05965 -0.0358974 -0.447588 0 -0.0181351
1231196 300261 m2 0.01205 -0.259829 -0.308485 -0.0244773 0
1231196 555762 m2 0.03705 -0.217271 -0.405235 -0.0685775 0
1231196 236377 m2 0.04215 -0.170901 -0.0947648 0 -0.069748
1231196 229820 m2 0.1315 0.20137 -0.660539 0 -0.0429383
1231196 465538 m2 0.01535 -0.165098 -0.407358 0.0354196 0
1231196 602751 m2 0.0208 0.248398 -0.261775 0.00221937 0
1231196 610912 m2 0.0281 0.124199 -0.466835 -0.000163086 0
1231196 333636 m2 0.10105 -0.195136 -0.556032 -0.0635012 0
1231196 245351 m2 0.01155 -0.0265247 -0.267535 0.0336621 0
1231196 572734 m2 0.01355 -0.182225 -0.380257 -0.0105101 0
1231196 330397 m2 0.0171 -0.0602178 -0.330702 -0.0206833 0
1231196 282210 m2 0.0191 -0.115489 -0.383888 -0.0785341 0
1231196 270728 m2 0.07495 -0.180994 -0.413864 -0.0334386 0
1231196 520911 m2 0.05345 0.128023 -0.499267 0 0.00179319
1231196 611388 m2 0.0203 -0.0720707 -0.448296 -0.01152 0
1231196 381843 m2 0.04225 0.0224719 -0.457641 0.00934091 0
1231196 359836 m2 0.02745 -0.0967882 -0.393999 0 -0.0223075
1231196 609835 m2 0.0128 -0.236868 -0.235045 -0.0163757 0
1231196 261118 m2 0.0485 0.100393 -0.480846 0 -0.0154032
1231196 336628 m2 0.02475 0.285357 -0.309594 0 -0.0378506
1231196 253223 m2 0.0122 -0.247783 -0.285853 -0.0198099 0
1231196 667703 m2 0.0114 -0.0722336 -0.350182 0.0271264 0
1231196 328680 m2 0.08875 0.188351 -0.61622 0 -0.0701553
1231196 261866 m2 0.0288 0.246112 -0.557792 0 -0.0299127
1231196 300514 m2 0.0426 -0.219843 -0.375461 0.0266788 0
1231196 659731 m2 0.01035 0.0319664 -0.340606 0.0400107 0
1231196 325359 m2 0.12735 0.0322532 -0.631947 0.0294811 0
1231196 359083 m2 0.01895 -0.188885 -0.297942 0 0.0307709
1231196 372808 m2 0.0559 0.27585 -0.554849 0.0703453 0
1231196 376092 m2 0.027 0.190016 -0.39724 0.0585504 0
1231196 262409 m2 0.06035 0.0390434 -0.634008 0.0503032 0
1231196 269188 m2 0.0578 0.0554171 -0.648333 0 -0.0337824
1231196 520380 m2 0.0158 0.309776 -0.326947 0.0918644 0
1231196 479717 m2 0.06145 -0.0655442 -0.564756 0 0.0207678
1231196 660485 m2 0.01235 -0.11939 -0.0922855 0 -0.0260978
1231196 380585 m2 0.01495 -0.182831 -0.280182 -0.00338706 0
1231196 302815 m2 0.02615 0.245334 -0.342585 0.0412358 0
1231196 674015 m2 0.01265 0.0149789 -0.405401 -0.0375515 0
1231196 304409 m2 0.0741 -0.124303 -0.577553 -0.00627229 0
1231196 580660 m2 0.01505 -0.00449773 -0.302283 0 0.025767
1231196 296456 m2 0.01745 0.30228 -0.435008 -0.00665166 0
1231196 429442 m2 0.0331 0.260929 -0.468101 0.0467589 0
1231196 649359 m2 0.01785 0.236096 -0.440072 0.0228311 0
1231196 625994 m2 0.01435 0.231276 -0.302812 0.0107683 0
1231196 366847 m2 0.10415 0.0979557 -0.718119 -0.0120799 0
1231196 354189 m2 0.1303 0.322215 -0.601696 0.0809001 0
1231196 375287 m2 0.02105 0.0607543 -0.462448 0.0174646 0
1231196 338292 m2 0.01025 -0.0888064 -0.255129 0 0.0404589
1231196 339122 m2 0.0145 0.0669228 -0.411469 -0.0135897 0
1231196 594024 m2 0.03675 0.321293 -0.470856 0.029244 0
1231196 346574 m2 0.0543 -0.241101 -0.395598 0 -0.0376205
1231196 360350 m2 0.0132 0.295583 -0.348231 0.083931 0
1231196 461676 m2 0.0107 -0.0456843 -0.208308 0 -0.00761192
1231196 634911 m2 0.01755 0.0822652 -0.433691 0 -0.0625782
1231196 528368 m2 0.03435 0.0190564 -0.391541 0 0.0313009
1231196 424122 m2 0.0381 -0.113246 -0.466644 0 -0.0410399
1231196 366577 m2 0.0459 -0.248491 -0.367508 -0.0292725 0
1231196 640448 m2 0.0188 -0.174037 -0.320612 0 -0.0161245
1231196 671004 m2 0.0243 0.113343 -0.284139 0.042197 0
1231196 546008 m2 0.011 0.163889 -0.346789 -0.0208301 0
1231196 553970 m2 0.0145 -0.253314 -0.329558 0 -0.0466832
1231196 368763 m2 0.09885 -0.0362033 -0.60347 0 -0.0246174
1231196 376047 m2 0.0564 -0.158505 -0.444781 -0.0582286 0
1231196 586148 m2 0.01515 0.0465003 -0.411109 -0.0132289 0
1231196 529113 m2 0.07485 -0.11106 -0.47065 0 0.0214752
1231196 595976 m2 0.01945 0.222725 -0.468678 0.021077 0
1231196 684122 m2 0.01085 0.140213 -0.359196 0 0.000486398
1231196 642422 m2 0.01455 0.248518 -0.367271 -0.0221016 0
1231196 459485 m2 0.03575 -0.0358062 -0.504937 0 0.00351137
1231196 412717 m2 0.0242 0.237306 -0.437163 -0.0279709 0
1231196 472011 m2 0.0181 0.0773408 -0.3808 0.0384607 0
1231196 513172 m2 0.0271 0.185715 -0.457695 0.00033552 0
1231196 594987 m2 0.01325 -0.0421436 -0.433676 0 -0.0122426
1231196 624937 m2 0.01165 -0.249178 -0.355348 -0.00511778 0
1231196 474675 m2 0.05585 0.266002 -0.553555 0.0140261 0
1231196 716660 m2 0.01045 -0.18871 -0.231607 0 0.0194122
1231196 581626 m2 0.0116 0.0456958 -0.293672 0.0322113 0
1231196 675487 m2 0.01955 -0.234002 -0.345286 0.0183363 0
1231196 615777 m2 0.015 -0.189129 -0.293726 0.00682651 0
1231196 557741 m2 0.01145 0.144572 -0.102977 0 0.0218611
1231196 516621 m2 0.0477 0.146836 -0.547442 0 -0.00299227
1231196 700998 m2 0.02965 -0.0425301 -0.48634 0 -0.058359
1231196 557495 m2 0.02445 -0.0312298 -0.415946 0.0711552 0
1231196 685173 m2 0.01425 0.128916 -0.142816 0.0506754 0
1231196 538746 m2 0.0135 0.178106 -0.29274 0 -0.0115602
1231196 701737 m2 0.01105 -0.217555 -0.282469 -0.0443909 0
1231196 709924 m2 0.01265 -0.242059 -0.283676 -0.0226749 0
1231196 679779 m2 0.01455 -0.187538 -0.310395 0 -0.0311212
1231196 687872 m2 0.032 -0.259066 -0.319579 -0.0670734 0
1231196 568431 m2 0.02665 0.373635 -0.402997 0.00451141 0
1231196 589142 m2 0.01265 0.314365 -0.370157 0.0171169 0
1231196 640879 m2 0.0229 -0.274443 -0.316188 0 -0.0502592
1231196 646036 m2 0.02295 -0.191558 -0.359285 -0.0589543 0
1231196 655754 m2 0.0124 -0.165978 -0.32184 0.0118592 0
1231196 733114 m2 0.0103 0.0237225 -0.264341 0 -0.0230047
