// Initial random seed:
1910046216356

// RunInitializeCallbacks():
initializeTreeSeq();
initializeMutationRate(2.5e-08);
initializeSex("A");
initializeMutationType(2, 0.5, "f", 0);
initializeGenomicElementType(1, m2, 1);
initializeGenomicElement(g1, 0, 500000);
initializeRecombinationRate(c(1e-06, 0.5, 1e-06, 0.5, 1e-06, 0.5, 1e-06, 0.5, 1e-06, 0.5, 1e-06, 0.5, 1e-06, 0.5, 1e-06, 0.5, 1e-06, 0.5, 1e-06, 0.5, 1e-06, 0.5, 1e-06, 0.5, 1e-06, 0.5, 1e-06, 0.5, 1e-06, 0.5, 1e-06, 0.5, 1e-06, 0.5, 1e-06, 0.5, 1e-06, 0.5, 1e-06), c(50000, 50001, 100000, 100001, 150000, 150001, 200000, 200001, 250000, 250001, 300000, 300001, 350000, 350001, 400000, 400001, 450000, 450001, 500000, 500001, 550000, 550001, 600000, 600001, 650000, 650001, 700000, 700001, 750000, 750001, 800000, 800001, 850000, 850001, 900000, 900001, 950000, 950001, 1000000));

QTL DFE means: 
0 0

QTL DFE variance-covariance matrix: 
      [,0]  [,1]
[0,] 0.002     0
[1,]     0 0.002

// Starting run at generation <start>:
1 

100:0.999091 0.999091 -5.973e-14 -0.0113134 0.00703934 0.0957497 -0.217916 NAN NAN
200:0.998778 0.998778 2.57572e-14 -0.00167862 -0.011841 0.116835 0.0436854 NAN NAN
300:0.997576 0.997576 -9.65894e-15 -0.0143571 -0.014769 0.171982 0.291128 NAN NAN
400:0.996201 0.996201 -3.87468e-14 -0.0155771 -0.0231594 0.0985129 0.317195 NAN NAN
500:0.996292 0.996292 -5.70655e-14 -0.00720236 -0.00909202 0.00712877 0.238934 NAN NAN
600:0.995659 0.995659 2.15383e-14 -0.00875222 -0.0259496 0.0362478 0.203487 NAN NAN
700:0.995762 0.995762 5.57332e-14 -0.00291576 -0.0142497 -0.0828388 0.24753 NAN NAN
800:0.996047 0.996047 1.89848e-14 0.00876674 -0.0112818 0.148986 0.222295 NAN NAN
900:0.994985 0.994985 -7.00551e-14 -0.000757264 -0.00240073 0.192857 0.262302 NAN NAN
1000:0.994105 0.994105 3.59712e-14 -0.00121712 -0.00930356 -0.00347274 0.247894 NAN NAN
1100:0.992567 0.991967 0.000600058 -0.00650654 -0.0154811 -0.0130314 0.270446 0.0526455 0.28298
1200:0.988929 0.987111 0.00181844 0.000780973 -0.0290647 0.0918553 0.268694 0.112232 0.210259
1300:0.9857 0.981578 0.00412139 0.000204249 0.00345455 0.201767 0.351687 0.238096 0.304132
1400:0.979553 0.969226 0.0103262 0.00156529 0.0017409 0.312788 0.541654 0.390055 0.536705
1500:0.974232 0.951413 0.022819 -0.0236987 0.0338614 0.55144 0.641425 0.522971 0.623514
1600:0.963545 0.924506 0.0390394 -0.0214527 0.0271311 0.604256 0.687088 0.623201 0.696121
1700:0.957016 0.884452 0.0725644 -0.0157873 0.036605 0.714914 0.822015 0.714155 0.802908
1800:0.947766 0.822533 0.125233 -0.0251017 0.0269613 0.788491 0.873979 0.793137 0.866098
1900:0.935473 0.7377 0.197772 -0.0183209 0.0104894 0.867337 0.887627 0.85752 0.874799
2000:0.916529 0.58903 0.3275 -0.0236351 -0.00606154 0.920055 0.882266 0.920073 0.877466
2100:0.941169 0.571472 0.369697 -0.0138348 -0.00941373 0.951441 0.902765 0.941565 0.896975
2200:0.955165 0.558084 0.397081 -0.0057105 0.00865737 0.97084 0.918454 0.9589 0.906438
2300:0.958285 0.554557 0.403728 -0.0162806 0.0123627 0.972126 0.911105 0.95902 0.904361
2400:0.957047 0.554475 0.402572 -0.023008 0.0246614 0.972756 0.903543 0.959136 0.910256
2500:0.954703 0.551595 0.403108 -0.00991899 0.00349713 0.969092 0.885158 0.957953 0.903999
2600:0.959165 0.551814 0.407352 -0.00887512 0.0148862 0.973524 0.896985 0.961265 0.906651
2700:0.958182 0.551875 0.406307 -0.017793 0.0423195 0.971752 0.907588 0.960832 0.916971
2800:0.957492 0.549597 0.407895 -0.00817119 0.0280922 0.971399 0.900678 0.958595 0.917468
2900:0.960261 0.549932 0.410329 -0.00061938 0.0391869 0.973016 0.925356 0.960151 0.924617
3000:0.957178 0.548224 0.408954 0.00381082 0.0528032 0.966699 0.942116 0.957354 0.940666
