// Initial random seed:
3856369795672

// RunInitializeCallbacks():
initializeTreeSeq();
initializeMutationRate(1e-10);
initializeSex("A");
initializeMutationType(2, 0.5, "f", 0);
initializeGenomicElementType(1, m2, 1);
initializeGenomicElement(g1, 0, 500000);
initializeRecombinationRate(c(1e-06, 0.5, 1e-06, 0.5, 1e-06, 0.5, 1e-06, 0.5, 1e-06, 0.5, 1e-06, 0.5, 1e-06, 0.5, 1e-06, 0.5, 1e-06, 0.5, 1e-06, 0.5, 1e-06, 0.5, 1e-06, 0.5, 1e-06, 0.5, 1e-06, 0.5, 1e-06, 0.5, 1e-06, 0.5, 1e-06, 0.5, 1e-06, 0.5, 1e-06, 0.5, 1e-06), c(50000, 50001, 100000, 100001, 150000, 150001, 200000, 200001, 250000, 250001, 300000, 300001, 350000, 350001, 400000, 400001, 450000, 450001, 500000, 500001, 550000, 550001, 600000, 600001, 650000, 650001, 700000, 700001, 750000, 750001, 800000, 800001, 850000, 850001, 900000, 900001, 950000, 950001, 1000000));

QTL DFE means: 
0 0

QTL DFE variance-covariance matrix: 
     [,0] [,1]
[0,]  0.4    0
[1,]    0  0.4

// Starting run at generation <start>:
1 

100:0.999952 0.999952 5.32907e-15 -3.97054e-05 -0.000115016 -0.103696 -0.0618214 NAN NAN
200:0.999958 0.999958 -4.66294e-15 -0.000554452 -3.79579e-05 -0.210915 0.146448 NAN NAN
300:0.999884 0.999884 -5.55112e-16 -1.01444e-05 0.000260952 0.137133 0.0819862 NAN NAN
400:0.999924 0.999924 -1.11022e-16 -3.53978e-06 -4.68841e-05 0.0571688 -0.069596 NAN NAN
500:1 1 6.66134e-16 1.26385e-06 -1.01646e-06 -0.0710669 0.0874773 NAN NAN
600:0.999929 0.999929 2.44249e-15 -0.000191678 0.000167114 0.142134 0.0174955 NAN NAN
700:0.999994 0.999994 1.44329e-15 -0.000116201 1.8191e-05 1.65771e-19 -0.0524864 NAN NAN
800:0.999923 0.999923 7.88258e-15 -0.00111396 -2.74839e-05 -0.188439 -0.245649 NAN NAN
900:0.999865 0.999865 3.55271e-15 0.000265905 -0.000122397 -0.0972784 -0.121663 NAN NAN
1000:0.999881 0.999881 6.66134e-15 0.000669254 -0.000271673 0.0324756 -0.125098 NAN NAN
1100:0.995259 0.995259 -2.80886e-14 0 0 NAN NAN NAN NAN
1200:0.980917 0.980859 5.84575e-05 0.000313774 1.76945e-06 0.173785 0.0526522 0.0453538 0.0110308
1300:0.957127 0.957105 2.26601e-05 8.73244e-05 0.000198845 -0.161608 0.0264777 -0.0161779 0.00445974
1400:0.925793 0.920402 0.00539057 0.00161246 -0.00906027 -0.129435 0.344587 -0.0504923 0.194862
1500:0.89979 0.849952 0.0498381 0.00969971 -0.0761843 -0.0387069 0.724842 -0.0218554 0.534108
1600:0.915822 0.739183 0.176638 0.0201246 -0.00537624 0.594439 0.957159 0.448743 0.82952
1700:0.914996 0.63967 0.275327 -0.0892202 0.0070064 0.861147 0.968681 0.70967 0.890467
1800:0.897606 0.548803 0.348803 -0.13264 -0.00736154 0.89118 0.98287 0.762641 0.920122
1900:0.891568 0.455606 0.435961 -0.0885822 0.00767658 0.945205 0.984789 0.853263 0.929288
2000:0.849953 0.345111 0.504842 -0.0939706 0.0219496 0.951145 0.976605 0.887382 0.931387
2100:0.888912 0.324938 0.563974 -0.0157622 0.00738401 0.983795 0.985547 0.92578 0.938117
2200:0.893899 0.319552 0.574347 -0.0132524 0.0064749 0.982588 0.990552 0.92984 0.944955
2300:0.895971 0.321358 0.574613 -0.00242069 0.00698687 0.986472 0.989938 0.929802 0.945805
2400:0.896242 0.31942 0.576823 0.00181313 0.00412641 0.985558 0.989912 0.930583 0.946965
2500:0.895339 0.32016 0.575179 -0.0155294 0.0159395 0.983689 0.990398 0.93041 0.945808
2600:0.897641 0.320677 0.576963 -0.00630391 0.0140176 0.984609 0.990303 0.932022 0.94675
2700:0.900028 0.321398 0.57863 -0.0102033 0.00162813 0.988304 0.990914 0.93573 0.944764
2800:0.904669 0.322212 0.582457 -0.0117411 -0.00100274 0.989939 0.991705 0.939507 0.946385
2900:0.906121 0.3239 0.582221 -0.00591831 -0.00883573 0.988233 0.990814 0.942861 0.944652
3000:0.907869 0.322501 0.585368 -0.0136582 -0.000961748 0.988381 0.991313 0.94379 0.946899
