seed mutID muttype p cor_sal cor_temp mutSalEffect mutTempEffect
1231187 609725 m2 0.0163 -0.119424 0.482316 -0.0517016 0
1231187 486561 m2 0.0301 0.102336 0.564095 0.0694296 0
1231187 652286 m2 0.01685 -0.0731099 0.65275 0.0153663 0
1231187 187071 m2 0.11435 -0.109147 0.742634 -0.0684235 0
1231187 554961 m2 0.03985 0.0172099 0.581023 0.0664876 0
1231187 681948 m2 0.02995 0.0135319 0.585054 -0.0015899 0
1231187 259535 m2 0.05015 0.0929517 0.741964 0.0390027 0
1231187 683961 m2 0.0132 -0.180907 0.41976 -0.0547599 0
1231187 704728 m2 0.0125 0.214847 0.411299 0.0443134 0
1231187 464201 m2 0.0114 0.123675 0.361646 0.0762436 0
1231187 240599 m2 0.0365 0.032059 0.689401 0 0.0364611
1231187 67787 m2 0.0374 0.0194077 0.566792 0.000103511 0
1231187 475451 m2 0.0518 0.164167 0.708954 0.0468309 0
1231187 647796 m2 0.0158 0.195454 0.581102 0.0872863 0
1231187 262942 m2 0.0494 0.0436001 0.774112 -0.00499292 0
1231187 590975 m2 0.0857 -0.0152404 0.592953 -0.0447368 0
1231187 14816 m2 0.07185 -0.0156253 0.607576 -0.0249323 0
1231187 362835 m2 0.03765 -0.0191752 0.511819 0 -0.012287
1231187 698595 m2 0.0109 0.11077 0.539786 0 0.0286776
1231187 354371 m2 0.1295 0.0851233 0.802453 0.0408482 0
1231187 582871 m2 0.07925 -0.00359082 0.678237 0 0.0129884
1231187 490795 m2 0.01185 0.0111939 0.460041 -0.0297895 0
1231187 621670 m2 0.0139 -0.0931918 0.652342 -0.011029 0
1231187 650267 m2 0.0284 0.0513259 0.534169 -0.000568528 0
1231187 388074 m2 0.0465 0.154494 0.565577 0.0917753 0
1231187 454016 m2 0.02755 0.071161 0.556716 0.0263903 0
1231187 676834 m2 0.02815 -0.113235 0.442193 -0.0317452 0
1231187 56781 m2 0.05795 0.0179269 0.614682 0 0.0245128
1231187 168237 m2 0.03515 -0.0433605 0.440254 -0.0153568 0
1231187 337176 m2 0.0896 0.185623 0.621487 0.088248 0
1231187 497650 m2 0.0502 -0.172545 0.57408 -0.0113662 0
1231187 581342 m2 0.0171 -0.0155576 0.563869 0 0.0148014
1231187 644517 m2 0.01735 -0.0720439 0.467294 0 -0.00911771
1231187 228536 m2 0.3143 0.0214303 0.859377 0 0.0637968
1231187 267714 m2 0.1294 -0.0190234 0.810222 -0.0211114 0
1231187 279258 m2 0.0993 0.000780438 0.677507 0 0.0432628
1231187 669875 m2 0.0239 -0.00962496 0.555574 0 0.021773
1231187 507977 m2 0.013 0.142649 0.550314 0 0.0375242
1231187 400377 m2 0.0863 0.0365892 0.735994 0 -0.00750482
1231187 690199 m2 0.01545 -0.113755 0.481512 -0.0221355 0
1231187 12762 m2 0.0912 0.380388 0.708707 0.096115 0
1231187 668341 m2 0.03475 0.0900191 0.608939 0.0316083 0
1231187 469157 m2 0.02825 -0.170996 0.548367 0 0.00486722
1231187 187285 m2 0.0457 -0.000406121 0.548263 -0.00782626 0
1231187 627448 m2 0.0567 -0.0911071 0.500402 -0.0468864 0
1231187 566302 m2 0.01545 0.0731166 0.527552 0.0435804 0
1231187 297305 m2 0.0692 0.0811317 0.30203 0.0404163 0
1231187 682900 m2 0.0116 0.0109048 0.462592 0 0.0114631
1231187 305759 m2 0.0278 -0.148179 0.685039 -0.0550919 0
1231187 395277 m2 0.03615 -0.0779581 0.229583 0 0.0252557
1231187 409573 m2 0.11765 0.0932814 0.696513 0.0963312 0
1231187 436385 m2 0.06085 0.013711 0.569728 0.0366935 0
1231187 684687 m2 0.0111 0.177303 0.510739 0.020591 0
1231187 476447 m2 0.06475 0.188625 0.658005 0.0352325 0
1231187 400371 m2 0.0307 -0.124094 0.482089 -0.0417755 0
1231187 525540 m2 0.05255 0.244825 0.669678 0.0527847 0
1231187 39672 m2 0.1268 0.0244755 0.783643 0.0353842 0
1231187 511032 m2 0.02755 -0.0146319 0.480678 0 0.0283995
1231187 149090 m2 0.0421 0.00964132 0.600067 0 0.0060509
1231187 618491 m2 0.0432 0.107219 0.496677 0 0.00181418
1231187 574875 m2 0.0151 -0.111038 0.670834 0 0.01358
1231187 643331 m2 0.0114 -0.133464 0.448966 -0.0756522 0
1231187 245444 m2 0.14935 0.00958817 0.708625 0 0.0575934
1231187 169172 m2 0.24295 0.032347 0.812604 0 0.0166776
1231187 593738 m2 0.018 -0.0378301 0.513727 0.0246116 0
1231187 266495 m2 0.2542 0.0687547 0.895392 0 0.0139554
1231187 412044 m2 0.04675 0.0307982 0.58583 0 -0.00036122
1231187 703229 m2 0.01125 -0.0284123 0.669309 0.032659 0
1231187 430770 m2 0.07615 -0.177783 0.648601 -0.153656 0
1231187 378922 m2 0.06895 -0.241569 0.629538 -0.103459 0
1231187 620899 m2 0.0322 -0.0167074 0.480615 -0.0604328 0
1231187 490309 m2 0.0215 0.0173103 0.522285 0 0.0666924
1231187 679658 m2 0.0131 0.0460129 0.455946 0.0324841 0
1231187 667040 m2 0.01025 0.127943 0.578101 0.0591496 0
1231187 516971 m2 0.0438 0.124728 0.7051 0 0.00901139
1231187 621132 m2 0.0144 -0.0795023 0.537709 -0.0436947 0
1231187 715316 m2 0.0104 -0.158675 0.445548 0.042063 0
1231187 28414 m2 0.01545 -0.114184 0.517483 0 -0.0271614
1231187 360276 m2 0.03365 -0.0511335 0.591769 0 0.0369161
1231187 137669 m2 0.10255 0.00466451 0.738397 0.0215836 0
1231187 608791 m2 0.01325 -0.0600628 0.556017 0 0.0482683
1231187 222540 m2 0.28615 0.00905024 0.846144 0 0.0739648
1231187 686209 m2 0.0111 -0.102724 0.362774 -0.0160868 0
1231187 243063 m2 0.03415 0.0516538 0.755608 -0.0536668 0
1231187 426017 m2 0.01755 0.0213998 0.541954 0 -0.0356854
1231187 376663 m2 0.07225 -0.0148124 0.388838 -0.0563665 0
1231187 494227 m2 0.03225 -0.0819562 -0.187736 0 -0.0321589
1231187 567266 m2 0.0237 0.125257 0.626652 0.0342013 0
1231187 634408 m2 0.0122 0.129628 0.639671 0 -0.00957272
1231187 56753 m2 0.188 0.0220788 0.772649 0 0.0581866
1231187 699033 m2 0.01945 -0.14621 0.349031 -0.0845457 0
1231187 232249 m2 0.05925 0.0195999 0.614158 0.0161987 0
1231187 680167 m2 0.01015 0.27113 0.515107 0.0166543 0
1231187 170181 m2 0.0944 -0.108808 0.725419 -0.0535211 0
1231187 431513 m2 0.02095 -0.0871253 0.583949 0 0.0568918
1231187 211603 m2 0.14145 0.0112952 0.728266 0 0.0838703
1231187 407437 m2 0.05695 -0.0674631 0.58546 -0.0191877 0
1231187 568529 m2 0.02065 -0.061473 0.449946 -0.0408314 0
1231187 572315 m2 0.0315 -0.15183 0.444934 -0.0672217 0
1231187 654538 m2 0.01185 -0.051652 0.518788 0 0.0178669
1231187 71269 m2 0.0909 -0.0181221 0.254848 0 0.0409116
1231187 122029 m2 0.1028 -0.117371 0.597895 -0.0920018 0
1231187 485110 m2 0.04795 0.023929 0.518687 0 -0.0212688
1231187 258772 m2 0.08865 -0.207067 0.682369 -0.0760455 0
1231187 343589 m2 0.1216 0.0758222 0.756244 0.0439515 0
1231187 485814 m2 0.04905 0.0838028 0.72337 0 -0.0297381
1231187 554460 m2 0.0393 -0.0703334 0.491118 -0.0463148 0
1231187 153771 m2 0.0212 0.0836219 0.645137 -0.0227719 0
1231187 362083 m2 0.02855 -0.0630334 0.339012 0 0.0158092
1231187 710705 m2 0.01345 -0.0657168 0.380753 -0.0390874 0
1231187 662207 m2 0.0228 0.0233923 0.459227 -0.0104496 0
1231187 106533 m2 0.0572 -0.0295216 0.708334 -0.0311836 0
1231187 251444 m2 0.0299 0.200717 0.470803 0.0714519 0
1231187 478214 m2 0.01975 -0.0398964 0.338844 -0.0302477 0
1231187 436905 m2 0.0311 0.149972 0.682757 0.0621149 0
1231187 505498 m2 0.0396 -0.0541941 0.634162 -0.0305289 0
1231187 3958 m2 0.0826 -0.0162254 0.162883 0.0132787 0
1231187 477420 m2 0.01745 -0.130916 0.261382 -0.0353924 0
1231187 650012 m2 0.0152 0.167946 0.499403 0.0257099 0
1231187 302250 m2 0.10025 0.152583 0.839113 0.0293222 0
1231187 251184 m2 0.01115 -0.0490538 0.40538 0 0.0196589
1231187 69452 m2 0.0441 0.0529565 0.571887 0 6.31636e-05
1231187 107276 m2 0.1209 -0.0713645 0.734151 0.0386052 0
1231187 352108 m2 0.12325 -0.119029 0.748425 -0.102515 0
1231187 461858 m2 0.0673 -0.0414409 0.664138 -0.00877317 0
1231187 509723 m2 0.01435 -0.103265 0.419325 -0.0302846 0
1231187 437166 m2 0.0165 -0.0741965 0.54235 0 -0.00404253
1231187 642594 m2 0.01095 -0.00635845 0.49505 0 -0.0349784
1231187 333416 m2 0.0214 -0.100985 0.431156 -0.0338541 0
1231187 163312 m2 0.12855 0.0378903 0.535831 0.00737907 0
1231187 671772 m2 0.0153 0.169662 0.363659 0.0221407 0
1231187 56996 m2 0.0117 0.0667051 0.205428 0 -0.000798897
1231187 686469 m2 0.01345 0.19068 0.473962 0 0.0289951
1231187 377399 m2 0.078 0.094416 0.0657161 0.0615677 0
1231187 450171 m2 0.0333 -0.0480075 0.539645 0.0153664 0
1231187 282196 m2 0.0701 0.140078 0.342095 0.0687423 0
1231187 634146 m2 0.0233 -0.0619867 0.277964 -0.0197444 0
1231187 479443 m2 0.03 0.163136 0.552719 0.041322 0
1231187 712535 m2 0.013 -0.0733652 0.503076 -0.036597 0
1231187 439679 m2 0.01245 0.00172242 0.536165 -0.0176283 0
1231187 2136 m2 0.03745 -0.0271316 0.394571 0.0421774 0
1231187 461106 m2 0.0478 0.0558873 0.608591 0 0.0354312
1231187 103708 m2 0.0393 -0.0802677 0.43135 -0.00457368 0
1231187 703965 m2 0.0104 0.196685 0.474574 9.66198e-05 0
1231187 602559 m2 0.0172 -0.0714483 0.183614 -0.0111696 0
1231187 121008 m2 0.02055 -0.0777128 0.278749 0.0387917 0
1231187 544653 m2 0.0191 -0.129577 0.449483 -0.075445 0
1231187 320270 m2 0.0893 0.0921643 0.211757 0.0428009 0
1231187 666755 m2 0.01795 -0.139885 0.35531 0 -0.0151089
1231187 256489 m2 0.04915 0.013831 0.544877 0 0.0737422
1231187 285674 m2 0.07125 -0.216279 0.557148 -0.0340244 0
1231187 326079 m2 0.04115 -0.136399 0.637633 0 -0.000501585
1231187 624876 m2 0.0151 -0.00165852 0.665066 0 -0.00937893
1231187 149538 m2 0.04405 -0.135609 0.549644 0 0.0154562
1231187 93264 m2 0.09095 -0.201803 0.705517 -0.0402907 0
1231187 452172 m2 0.0489 -0.0469592 0.57659 0 0.0309695
1231187 99701 m2 0.0456 -0.0732358 0.568957 -0.0289479 0
1231187 146499 m2 0.01065 -0.0737273 0.553421 0 0.00857419
1231187 256996 m2 0.09815 -0.0912791 0.54158 0 0.0172842
1231187 51489 m2 0.0654 -0.0276788 0.692357 0 0.0308286
1231187 610148 m2 0.03 0.155917 0.519519 0.0417115 0
1231187 603525 m2 0.0193 0.121694 0.127589 0.0235439 0
1231187 584367 m2 0.0237 0.125257 0.626652 0 0.0656763
1231187 553945 m2 0.0229 -0.152918 0.527285 -0.0577758 0
1231187 285158 m2 0.03215 0.137852 0.570232 0.0174343 0
1231187 671507 m2 0.03445 0.00398112 0.470158 0.0187264 0
1231187 44893 m2 0.1598 0.0657019 0.455722 0 0.0173483
1231187 513017 m2 0.0228 0.122168 0.70916 0 0.00348604
1231187 439673 m2 0.0429 -0.148944 0.466069 -0.045105 0
1231187 611369 m2 0.02335 0.216652 0.388293 0 -0.0122847
1231187 129785 m2 0.13905 -0.0181324 0.506691 0 0.0238244
1231187 15230 m2 0.02425 -0.0334134 0.615549 0.00491431 0
1231187 253974 m2 0.02225 -0.119846 0.147143 0 0.0333
1231187 617729 m2 0.01215 -0.131685 0.36541 0 -0.0393404
1231187 544359 m2 0.04115 0.112008 -0.367131 0.0618849 0
1231187 526728 m2 0.0165 0.195846 0.0631589 0.0539961 0
1231187 637102 m2 0.01305 -0.0463946 0.309528 0 0.0332829
1231187 447359 m2 0.05665 0.0736181 0.475506 0.0635106 0
1231187 369485 m2 0.05235 -0.0519685 0.603961 -0.00567593 0
1231187 621101 m2 0.02585 -0.038735 0.311479 -0.0126254 0
1231187 419204 m2 0.0812 0.0772605 0.635084 0.0304017 0
1231187 589117 m2 0.0312 -0.0576805 0.646991 0 0.053586
1231187 418903 m2 0.02275 0.0476446 0.403766 -0.0253639 0
1231187 43153 m2 0.09945 -0.0266898 0.658564 0 0.00152886
1231187 693366 m2 0.0105 -0.0924894 0.269761 0 0.0196108
1231187 414028 m2 0.04135 -0.045008 0.299059 -0.0238794 0
1231187 160016 m2 0.04325 0.144978 0.0897014 0 0.025959
1231187 551347 m2 0.0226 -0.195522 0.162099 -0.049449 0
1231187 399292 m2 0.02675 0.242189 -0.256007 0.0755226 0
1231187 567983 m2 0.01065 -0.165556 0.467025 0 -0.0271443
1231187 380386 m2 0.0158 0.0265478 0.533326 0 0.00647466
1231187 442384 m2 0.0354 -0.173614 0.240264 -0.128043 0
1231187 497361 m2 0.0276 0.18304 0.496111 0.0622028 0
1231187 89666 m2 0.02025 -0.00900367 0.296576 0 0.0519843
1231187 159044 m2 0.0221 -0.0284042 0.677361 0 -0.00462172
1231187 261853 m2 0.04965 0.0885971 0.223161 0 -0.00365316
1231187 555612 m2 0.01045 -0.115097 0.394479 0 -0.015341
1231187 539626 m2 0.0137 -0.0615889 0.272978 0.00488924 0
1231187 681892 m2 0.01265 0.0325677 0.288767 0 -0.0188715
1231187 320723 m2 0.02905 -0.0302071 0.469869 0.0382191 0
1231187 37077 m2 0.13315 0.0380303 0.876577 0.0271988 0
1231187 295514 m2 0.08955 0.175965 0.0239829 0.0775262 0
1231187 696795 m2 0.0168 -0.124542 0.263587 -0.0263184 0
1231187 702975 m2 0.01705 0.18522 0.405622 0.0614025 0
1231187 357716 m2 0.0579 0.220464 0.354318 0.0283841 0
1231187 590662 m2 0.0153 -0.00193448 0.526565 0 -0.0144187
1231187 164042 m2 0.11 -0.153523 0.393258 -0.0912904 0
1231187 632883 m2 0.0116 0.040252 0.296281 0 0.0216806
1231187 554883 m2 0.0114 -0.0415878 0.0533967 -0.0287363 0
1231187 521499 m2 0.0211 0.0143277 -0.067545 0.00454841 0
1231187 706459 m2 0.0111 0.117813 0.336694 -0.012838 0
1231187 706216 m2 0.01265 0.0347593 0.365667 0 -0.00545193
1231187 326542 m2 0.08685 0.161259 0.712342 0.0367861 0
1231187 556832 m2 0.03095 -0.0998252 0.183343 0.0387926 0
1231187 420445 m2 0.053 0.14059 0.714754 0.00734138 0
1231187 127974 m2 0.1315 -0.0192975 0.233212 0.0135258 0
1231187 452693 m2 0.03355 -0.13109 0.261946 -0.074187 0
1231187 422730 m2 0.0293 0.118663 0.347982 0 -0.00404268
1231187 271413 m2 0.01885 -0.174222 0.126804 -0.0463954 0
1231187 102673 m2 0.02 -0.10455 0.216218 0 -0.0214065
1231187 595630 m2 0.01345 0.0537636 0.585284 0 0.0399243
1231187 629595 m2 0.0355 -0.0360159 0.18075 0 0.028038
1231187 463122 m2 0.04135 -0.084568 0.0955106 -0.0338106 0
1231187 374811 m2 0.02005 0.0410062 0.35204 -0.0802634 0
1231187 176585 m2 0.05745 -0.166931 0.152632 -0.0622835 0
1231187 48375 m2 0.07285 0.0401887 0.69316 0 0.0185739
1231187 583276 m2 0.0459 -0.0147728 0.291463 0 0.0376916
1231187 686434 m2 0.0133 0.0460126 0.479144 0 0.0141148
1231187 588833 m2 0.01555 0.0747188 0.316084 0 0.0534597
1231187 286668 m2 0.0264 0.0742891 0.177151 -0.0255732 0
1231187 459563 m2 0.0998 0.194011 0.577154 0 -0.0174032
1231187 185465 m2 0.0276 0.00790972 -0.624868 -0.0306902 0
1231187 516415 m2 0.01375 -0.150041 0.275118 0.0523738 0
1231187 239251 m2 0.19395 0.432381 0.66182 0.116186 0
1231187 695527 m2 0.01175 -0.0761493 0.32611 0 0.0199558
1231187 572744 m2 0.01085 -0.114525 0.0514458 -0.0413723 0
1231187 365012 m2 0.05655 -0.096732 0.807825 0 0.0038677
1231187 402774 m2 0.08055 0.110222 0.351965 0.0121263 0
1231187 609638 m2 0.03645 0.211654 0.0580497 0.0472588 0
1231187 369233 m2 0.0153 -0.0186137 0.234533 0 -0.00919052
1231187 636344 m2 0.0175 -0.123692 0.248232 -0.064844 0
1231187 285119 m2 0.1036 0.0120902 0.294885 0.00781541 0
1231187 409268 m2 0.0752 -0.158321 0.106118 -0.0708819 0
1231187 444334 m2 0.01195 0.0572254 0.17564 -0.0774865 0
1231187 597167 m2 0.01355 -0.0744916 0.0647077 0 0.00445868
1231187 573316 m2 0.03725 -0.00503081 0.304833 0 0.0350202
1231187 46357 m2 0.0819 -0.0272284 -0.413779 0 -0.00419098
1231187 426445 m2 0.0297 0.0979992 0.297767 0.029812 0
1231187 348893 m2 0.01695 -0.145068 -0.226654 0 0.00337522
1231187 680640 m2 0.01115 -0.0953378 0.271651 0 0.0146528
1231187 5809 m2 0.04045 -0.130322 -0.355165 -0.0328786 0
1231187 561684 m2 0.0146 -0.112525 0.162728 0.0501777 0
1231187 591646 m2 0.0263 0.182338 0.33236 -0.012808 0
1231187 396501 m2 0.0318 -0.177736 0.169122 -0.0613301 0
1231187 54400 m2 0.02525 0.103399 0.340485 0 0.0106523
1231187 409052 m2 0.02515 -0.0884193 0.52896 0.0264867 0
1231187 214807 m2 0.1419 -0.0801719 0.613321 -0.031241 0
1231187 609885 m2 0.03395 -0.0177471 -0.195521 0.0282455 0
1231187 611861 m2 0.034 -0.0746651 0.447991 -0.06984 0
1231187 163003 m2 0.01335 -0.0500689 -0.558903 0.00543919 0
1231187 451850 m2 0.1039 -0.12224 0.101917 -0.0582823 0
1231187 264370 m2 0.045 0.000814691 0.577616 0 0.0218739
1231187 518722 m2 0.0252 0.192115 0.164623 0 0.0201245
1231187 355199 m2 0.03995 -0.0838637 0.447587 0 -0.0216378
1231187 341521 m2 0.0202 0.0753822 0.15375 -0.0445987 0
1231187 295491 m2 0.05735 -0.211845 0.0212846 -0.0837336 0
1231187 655988 m2 0.0123 -0.122651 0.199688 0 -0.0146997
1231187 297987 m2 0.063 -0.088146 0.621022 0 0.0550551
1231187 414266 m2 0.0178 -0.0541412 0.031752 -0.0239016 0
1231187 420932 m2 0.06115 0.000463053 0.662999 0 -0.00769509
1231187 21185 m2 0.04085 -0.131477 0.079453 -0.0186112 0
1231187 612356 m2 0.04285 0.103165 0.478919 0 0.0209068
1231187 630560 m2 0.0366 0.0124277 0.0795006 0 -0.0108253
1231187 506434 m2 0.05625 -0.15759 -0.0122875 -0.00893847 0
1231187 7788 m2 0.10835 0.0832709 -0.206251 0.0257095 0
1231187 502717 m2 0.0566 0.23746 0.395209 0.0896629 0
1231187 322458 m2 0.03655 -0.0889999 0.222086 0 0.0237654
1231187 583524 m2 0.02725 0.0300113 0.530798 -0.00419862 0
1231187 635578 m2 0.01485 0.0214123 0.173196 0.0156715 0
1231187 216499 m2 0.05885 -0.0881228 0.275436 -0.059319 0
1231187 430470 m2 0.01445 0.0212997 0.0568645 -0.116815 0
1231187 648962 m2 0.01755 -0.157495 0.358343 0.0275067 0
1231187 219019 m2 0.0628 -0.0992074 0.194259 -0.0380464 0
1231187 271169 m2 0.10705 0.0582955 0.174296 0.0203379 0
1231187 272681 m2 0.0393 -0.0900461 -0.283713 -0.0361981 0
1231187 630818 m2 0.0153 -0.0173682 0.139911 -0.0011926 0
1231187 657479 m2 0.0305 -0.040539 0.206 -0.00258194 0
1231187 349861 m2 0.03915 0.0591476 0.341514 0 -0.0126767
1231187 585551 m2 0.0261 0.0267751 -0.133121 0 0.00836328
1231187 25802 m2 0.1229 -0.0450952 -0.385088 -0.00351925 0
1231187 418355 m2 0.07885 -0.276922 0.107428 -0.129461 0
1231187 514890 m2 0.01735 -0.0739568 0.138096 0.00419476 0
1231187 540335 m2 0.026 -0.00981582 0.190367 0 -0.0256193
1231187 132903 m2 0.09825 -0.0905665 0.200805 -0.00588949 0
1231187 541312 m2 0.0563 -0.0961703 0.165952 -0.0985638 0
1231187 205974 m2 0.01095 -0.0378524 0.16843 -0.0405838 0
1231187 11110 m2 0.02315 0.0679094 -0.481139 0.0251725 0
1231187 646935 m2 0.0262 -0.0595367 0.18198 -0.030577 0
1231187 641523 m2 0.03075 -0.0498267 0.225607 -0.0195431 0
1231187 519451 m2 0.02505 -0.0362926 0.516225 0 0.0525177
1231187 373514 m2 0.03285 -0.16548 0.263338 -0.0867533 0
1231187 669029 m2 0.01895 -0.175822 0.161341 0 0.0349609
1231187 11893 m2 0.0729 -0.0572569 -0.0559129 -0.0577253 0
1231187 629578 m2 0.01775 0.0574998 0.171338 -0.00302103 0
1231187 434265 m2 0.01355 0.182934 0.102635 0.141839 0
1231187 384198 m2 0.03615 -0.029572 0.0174681 0.0526821 0
1231187 352787 m2 0.04345 0.267078 0.644113 0.0839958 0
1231187 51908 m2 0.1166 -0.039703 0.437135 -0.0194009 0
1231187 574053 m2 0.0179 0.0153014 0.179703 0.0059575 0
1231187 375285 m2 0.02825 0.0123771 0.0529741 -0.0160811 0
1231187 168631 m2 0.08855 0.0258883 -0.00776081 -0.00606358 0
1231187 564159 m2 0.0136 -0.0101233 -0.25702 0 -0.0136876
1231187 165922 m2 0.0188 -0.0233211 -0.0535755 0 0.00185669
1231187 337828 m2 0.03505 0.014991 -0.106136 0 -0.0136291
1231187 46580 m2 0.12335 0.0110532 -0.567652 0 -0.0542134
1231187 448033 m2 0.025 0.161023 0.175622 0.0473349 0
1231187 224746 m2 0.0226 -0.00581936 0.123298 0 0.0164585
1231187 33226 m2 0.27465 -0.0371878 0.509692 -0.0178704 0
1231187 468317 m2 0.0399 -0.0124404 -0.00180952 0 0.00796932
1231187 501009 m2 0.023 0.146636 -0.00575041 0.0816315 0
1231187 282644 m2 0.05985 0.137043 -0.746361 0.0226371 0
1231187 525707 m2 0.0108 -0.123252 0.187891 0 -0.00296584
1231187 253100 m2 0.10095 0.215481 0.809296 0.0882791 0
1231187 216994 m2 0.0264 0.0649905 0.189446 0 0.0116291
1231187 696758 m2 0.0135 -0.00536197 0.179179 -0.0407231 0
1231187 435026 m2 0.02185 0.14474 0.534194 0.00642503 0
1231187 483835 m2 0.04885 0.00402065 -0.0144987 0 0.00404661
1231187 658699 m2 0.02915 -0.0723839 -0.192441 -0.0610024 0
1231187 198974 m2 0.0685 -0.0472051 0.0454833 -0.0181149 0
1231187 219484 m2 0.0866 -0.121118 -0.452543 0 -0.0086333
1231187 328220 m2 0.065 -0.109585 0.0251853 0 0.00927648
1231187 169818 m2 0.10665 -0.0255131 0.720686 0 0.0202296
1231187 548376 m2 0.06835 -0.192364 0.792936 0.000341817 0
1231187 362973 m2 0.03665 -0.104737 0.185569 -0.0637711 0
1231187 183622 m2 0.1729 0.0170175 -0.192121 -0.000318675 0
1231187 397194 m2 0.0189 -0.0165301 -0.537622 0 -0.0400398
1231187 99623 m2 0.1313 -0.0893078 0.120802 -0.0202972 0
1231187 594151 m2 0.02085 -0.149697 -0.238596 0 -0.0280088
1231187 166367 m2 0.0253 -0.00980193 -0.545968 0 0.0137604
1231187 325232 m2 0.06065 -0.0914639 0.280305 -0.0729224 0
1231187 652964 m2 0.0135 -0.173996 0.346917 0 0.0312167
1231187 639298 m2 0.0419 0.181223 0.04298 0.0596655 0
1231187 135056 m2 0.0181 0.295829 0.034571 0 0.011031
1231187 191223 m2 0.02115 0.0648623 0.442516 0.0584714 0
1231187 99119 m2 0.2622 0.0220578 -0.488541 -0.0379716 0
1231187 262319 m2 0.0828 0.0129306 -0.045577 0.00700833 0
1231187 53847 m2 0.08855 0.011595 0.0952142 0.00588589 0
1231187 503191 m2 0.03555 0.00872935 -0.00944683 -0.0743639 0
1231187 444299 m2 0.041 -0.19966 0.146233 -0.0426562 0
1231187 673705 m2 0.0171 -0.105112 0.203049 0 -0.0306426
1231187 519667 m2 0.04585 -0.0605601 0.0502182 0 0.0134511
1231187 480586 m2 0.0488 -0.0811697 -0.30165 -0.0360283 0
1231187 530394 m2 0.02255 -0.106651 0.147685 -0.03385 0
1231187 446021 m2 0.03635 -0.0125777 0.489842 -0.00331531 0
1231187 471301 m2 0.027 -0.0168205 -0.312049 0 0.00682881
1231187 424653 m2 0.02395 0.160102 0.48981 0.0500739 0
1231187 579716 m2 0.0374 0.114629 -0.179619 0 -0.00229611
1231187 449025 m2 0.01085 -0.0314294 0.469506 0.0393031 0
1231187 495833 m2 0.0281 -0.137006 0.0516549 -0.0261947 0
1231187 642984 m2 0.0118 -0.0853315 -0.344057 -0.0389695 0
1231187 498788 m2 0.0906 -0.0523871 0.565592 0 0.0315148
1231187 546628 m2 0.01615 -0.104571 -0.0118886 0.0114898 0
1231187 603700 m2 0.04365 -0.051371 0.0547374 -0.0459265 0
1231187 80620 m2 0.045 0.118563 -0.455996 0.0150275 0
1231187 434500 m2 0.0262 0.00974486 0.0621564 0 0.0140525
1231187 361231 m2 0.07225 -0.0661004 0.128223 -0.046879 0
1231187 620052 m2 0.0324 -0.0585149 -0.264338 0.00441385 0
1231187 683847 m2 0.01305 -0.203146 -0.101197 0 0.0287808
1231187 508881 m2 0.0515 -0.0673668 -0.137766 0.0014844 0
1231187 713725 m2 0.0182 0.191376 0.040185 0.0301865 0
1231187 318471 m2 0.03995 -0.038095 -0.147131 0 0.00318153
1231187 52086 m2 0.11585 0.0498694 -0.738688 0 -0.0184637
1231187 663863 m2 0.0152 -0.0818995 0.0548402 0 0.0507329
1231187 469035 m2 0.0219 -0.0902718 -0.0551802 -0.074167 0
1231187 590604 m2 0.03975 -0.00897343 -0.122561 0 -0.00377715
1231187 544578 m2 0.03125 -0.0680961 0.0540557 -0.0573428 0
1231187 400758 m2 0.07635 0.0448921 -0.146863 0.0289212 0
1231187 615124 m2 0.0269 0.0320307 0.0766718 -0.0340357 0
1231187 25266 m2 0.0341 0.0665194 -0.515947 0 -0.0861756
1231187 53383 m2 0.02075 0.00718374 -0.651002 -0.0401175 0
1231187 150417 m2 0.11755 0.0271311 -0.87672 0.0255409 0
1231187 207703 m2 0.01345 -0.21467 0.0146762 0 -0.0188092
1231187 78361 m2 0.04095 -0.0912882 -0.758636 0.00240873 0
1231187 447293 m2 0.03595 0.0364468 0.0029219 -0.0341744 0
1231187 238424 m2 0.097 0.0733366 -0.0719713 0 0.00977357
1231187 490213 m2 0.01845 0.00500505 0.307379 0.0128948 0
1231187 643226 m2 0.01185 0.115113 0.0744244 0 0.00466762
1231187 113211 m2 0.021 0.0526549 0.0798659 -0.00141804 0
1231187 401715 m2 0.05325 -0.0763593 -0.0788084 -0.00927361 0
1231187 539556 m2 0.0321 0.134647 -0.069921 0.0296715 0
1231187 420141 m2 0.037 -0.0622243 0.00806611 -0.0491677 0
1231187 554098 m2 0.06245 0.0870741 -0.0602821 0.0250284 0
1231187 462521 m2 0.03085 0.21745 0.723954 0 0.0142814
1231187 132847 m2 0.0302 0.0331668 -0.103521 -0.0212521 0
1231187 367281 m2 0.04085 -0.131477 0.079453 0 -0.00273166
1231187 400975 m2 0.0332 0.112982 -0.222595 0.0901753 0
1231187 432964 m2 0.0739 -0.0272848 -0.0345205 0 -0.0138073
1231187 706659 m2 0.01245 -0.136594 0.0504316 0.0150611 0
1231187 521427 m2 0.01955 -0.0674571 0.210579 -0.00898106 0
1231187 600908 m2 0.01125 0.0954204 -0.0543534 0 -0.0381463
1231187 331591 m2 0.11675 -0.138807 -0.756803 -0.0889988 0
1231187 236616 m2 0.06215 -0.0725478 -0.0646891 -0.0813979 0
1231187 476321 m2 0.0632 -0.0598521 -0.0713531 0 -0.053134
1231187 84613 m2 0.02245 0.115996 -0.273371 0 0.0102419
1231187 424883 m2 0.01855 0.0301439 0.0745275 0 -0.00692407
1231187 695918 m2 0.0113 -0.131323 -0.309355 0.0756997 0
1231187 471280 m2 0.0635 0.00647475 -0.1801 0 0.00486591
1231187 28252 m2 0.1032 0.200773 -0.649315 0.0558459 0
1231187 208677 m2 0.06265 0.000284188 -0.54763 0 -0.0181544
1231187 128155 m2 0.01195 -0.00364665 -0.38695 0 -0.0135217
1231187 479840 m2 0.0489 0.0346119 -0.255002 0 -0.0199666
1231187 16617 m2 0.31615 0.0112113 -0.868972 0 -0.0469261
1231187 607646 m2 0.0121 -0.109126 -0.167057 -0.01595 0
1231187 471068 m2 0.01485 0.232499 0.0539677 0.0971345 0
1231187 182882 m2 0.01555 0.072742 -0.0219459 -0.00305419 0
1231187 586973 m2 0.0127 -0.0931803 0.054214 -0.110104 0
1231187 80843 m2 0.15005 -0.0521622 -0.842973 -0.0493593 0
1231187 605122 m2 0.02345 -0.0588116 0.0269196 0 -0.0280533
1231187 100825 m2 0.064 0.189511 -0.588106 0.0346395 0
1231187 251332 m2 0.0552 0.263147 -0.0886887 0.0793802 0
1231187 713156 m2 0.0103 -0.176329 -0.0440822 -0.0217087 0
1231187 552838 m2 0.0191 0.0677504 -0.00979524 0 -0.00727032
1231187 568412 m2 0.0136 -0.0272417 0.0604426 0 0.0445555
1231187 641002 m2 0.0311 -0.109352 -0.020444 -0.07416 0
1231187 534921 m2 0.01265 -0.0202348 -0.215734 -0.0151235 0
1231187 636771 m2 0.0241 0.0267684 -0.322982 0 -0.0165272
1231187 657192 m2 0.0236 -0.144899 -0.0674414 0 -0.0175785
1231187 381068 m2 0.05265 -0.0816291 -0.0965301 -0.0784811 0
1231187 476550 m2 0.06115 -0.138729 -0.16166 -0.12385 0
1231187 380064 m2 0.22365 0.215746 -0.181446 0.109385 0
1231187 595100 m2 0.0255 -0.0615244 -0.289985 0 -0.0354736
1231187 493331 m2 0.0738 -0.0147525 -0.406262 0 -0.0390026
1231187 165869 m2 0.177 -0.0623397 -0.820233 0 -0.0226888
1231187 637986 m2 0.0144 -0.0366822 -0.199871 0 0.00701049
1231187 70071 m2 0.07115 -0.150765 -0.256347 -0.0301337 0
1231187 318181 m2 0.1104 -0.0622962 -0.782508 -0.0515831 0
1231187 493079 m2 0.0349 0.0910145 -0.213406 0 -0.0397467
1231187 212985 m2 0.0248 0.089787 -0.602412 -0.000703474 0
1231187 673401 m2 0.0272 0.177334 -0.387245 -0.0601251 0
1231187 702905 m2 0.01225 -0.0726782 -0.0531385 0 0.00957824
1231187 704361 m2 0.01625 -0.0622198 -0.319956 -0.0124807 0
1231187 462497 m2 0.0937 -0.116921 -0.0804457 -0.0436156 0
1231187 462268 m2 0.03745 0.158384 -0.222845 0 -0.0159206
1231187 134318 m2 0.0283 -0.106778 -0.454687 0 -0.0317331
1231187 682780 m2 0.0156 0.202073 -0.252482 0.0523252 0
1231187 120171 m2 0.07035 -0.0596008 -0.51858 0 0.0117542
1231187 353474 m2 0.0342 -0.0934555 -0.186221 0 -0.0337267
1231187 273847 m2 0.06665 0.0397702 -0.34864 0 -0.0411749
1231187 693551 m2 0.0111 -0.155711 -0.0495242 -0.0965148 0
1231187 386642 m2 0.0675 -0.10242 -0.19035 -0.0518737 0
1231187 324448 m2 0.02565 -0.1369 -0.137526 -0.031327 0
1231187 462772 m2 0.02015 -0.149696 -0.117224 -0.0790696 0
1231187 591106 m2 0.02065 0.0644642 0.00965977 0 -0.0100933
1231187 340440 m2 0.09855 0.0764187 0.113503 0.0348718 0
1231187 632778 m2 0.0133 -0.090588 -0.278114 0 0.066986
1231187 227378 m2 0.1339 0.0343625 -0.742781 0.0600471 0
1231187 485696 m2 0.0707 -0.0617464 -0.159059 -0.0192579 0
1231187 451561 m2 0.03325 0.432947 0.325985 0.071646 0
1231187 600675 m2 0.01625 -0.0951081 -0.0514237 0 -0.0404398
1231187 686829 m2 0.0131 0.0362858 -0.12016 -0.0648065 0
1231187 341444 m2 0.1018 -0.0944665 -0.288576 -0.0294442 0
1231187 561609 m2 0.0159 0.0160099 -0.176999 0 0.0415489
1231187 365742 m2 0.1872 0.201738 -0.647344 0.109298 0
1231187 383884 m2 0.23485 0.0532228 -0.498734 0.0520707 0
1231187 321092 m2 0.02855 0.104881 -0.57716 0.0820186 0
1231187 327441 m2 0.0506 0.106921 -0.553809 0.0787789 0
1231187 210466 m2 0.07095 -0.108519 -0.576249 -0.0302158 0
1231187 578941 m2 0.0145 0.0563138 -0.270634 0 -0.00311753
1231187 271326 m2 0.14815 -0.132847 -0.590313 -0.0567933 0
1231187 293222 m2 0.0744 -0.0433493 -0.498517 -0.0589352 0
1231187 638985 m2 0.0215 -0.093683 -0.177839 0 0.0523174
1231187 611548 m2 0.04265 -0.0131644 -0.185625 0 0.0046173
1231187 605369 m2 0.027 -0.142029 -0.270208 -0.0582917 0
1231187 409418 m2 0.0397 -0.00701275 -0.370098 0 -0.0394197
1231187 629518 m2 0.01635 -0.134663 -0.156337 -0.036331 0
1231187 182627 m2 0.0136 -0.0737922 -0.207636 0 0.00336888
1231187 697727 m2 0.01335 0.164336 -0.370894 0 0.00263706
1231187 278118 m2 0.16185 0.000325699 -0.54873 0 -0.0289002
1231187 655155 m2 0.0148 0.092207 -0.0504615 0 0.0126488
1231187 657173 m2 0.01445 0.199401 -0.245392 0.0460157 0
1231187 658879 m2 0.0175 -0.173922 -0.143117 -0.0648723 0
1231187 148658 m2 0.0948 0.123922 -0.334691 -0.00163012 0
1231187 613025 m2 0.0342 -0.0934555 -0.186221 0 0.0220585
1231187 594102 m2 0.05995 -0.124226 -0.18864 0 0.0113519
1231187 466067 m2 0.0965 -0.195123 -0.290564 -0.0960652 0
1231187 593592 m2 0.01325 0.186292 0.0704243 0 -0.00509587
1231187 605090 m2 0.01735 -0.00628829 -0.100829 0.0561766 0
1231187 362435 m2 0.0172 -0.0835498 -0.0826749 0.00385895 0
1231187 535175 m2 0.10105 0.122538 -0.729636 0.0334438 0
1231187 170010 m2 0.02595 0.0782427 0.177119 0.035832 0
1231187 527641 m2 0.01075 -0.016264 -0.51325 0 -0.0241734
1231187 626792 m2 0.02375 -0.10841 -0.173536 0 -0.0149378
1231187 171968 m2 0.0745 -0.0102442 -0.656403 -0.0489689 0
1231187 276566 m2 0.0197 0.103306 -0.363546 0.00502605 0
1231187 651579 m2 0.01235 0.0486487 -0.318785 0.0282559 0
1231187 633802 m2 0.0186 0.29838 -0.297411 0.129987 0
1231187 91088 m2 0.10375 0.337668 -0.613377 0.0827403 0
1231187 701097 m2 0.02245 -0.0893383 -0.164179 0.0246799 0
1231187 61103 m2 0.13545 -0.128724 -0.770413 -0.0280732 0
1231187 416000 m2 0.02185 -0.0237923 -0.0581432 0 -0.0249355
1231187 601941 m2 0.0423 0.116193 -0.269804 0.0476577 0
1231187 398932 m2 0.09835 -0.210865 -0.298407 -0.0458766 0
1231187 444968 m2 0.0675 -0.0977714 -0.338087 -0.109983 0
1231187 521635 m2 0.01035 -0.0277181 0.0111593 -0.0448668 0
1231187 616873 m2 0.0211 0.00981364 -0.136301 0 0.0126315
1231187 229844 m2 0.0645 -0.0462588 -0.766627 0.0285486 0
1231187 458713 m2 0.0181 0.00818874 -0.360816 0 0.00113433
1231187 442010 m2 0.03105 -0.0413076 -0.642783 0.0205687 0
1231187 362190 m2 0.011 -0.119776 -0.155004 -0.0859896 0
1231187 537514 m2 0.06285 0.0795221 -0.21273 0.033902 0
1231187 339948 m2 0.13525 -0.003964 -0.776892 0 -0.0616922
1231187 359126 m2 0.0251 0.19381 -0.341685 0 0.000804385
1231187 218150 m2 0.0446 -0.0505949 -0.47309 0 -0.0388313
1231187 678444 m2 0.03255 0.066262 -0.195544 0.00633347 0
1231187 712891 m2 0.01005 -0.000910058 -0.31579 0 0.0183201
1231187 583186 m2 0.0542 0.15637 -0.672309 0.0157315 0
1231187 595305 m2 0.0176 -0.126555 -0.285633 0 -0.0341254
1231187 382652 m2 0.02225 0.078496 -0.201261 -0.034148 0
1231187 127601 m2 0.08125 0.00589249 -0.395927 0 -0.00174187
1231187 403392 m2 0.04045 -0.149353 -0.317911 -0.108126 0
1231187 393844 m2 0.3408 0.600421 -0.525885 0.177748 0
1231187 716188 m2 0.0128 0.0276428 -0.178296 0.0304709 0
1231187 191684 m2 0.0315 0.0270862 -0.518578 -0.00814319 0
1231187 300331 m2 0.03205 0.0564042 -0.737913 0 -0.0474681
1231187 548794 m2 0.0986 0.197208 -0.580375 0.0811858 0
1231187 699660 m2 0.0122 -0.0786802 -0.29632 -0.00904885 0
1231187 683539 m2 0.0127 -0.114511 -0.15751 0 -0.078858
1231187 666881 m2 0.01125 -0.123799 -0.454353 0 -0.0281687
1231187 601661 m2 0.01485 0.189041 -0.26354 0.0142816 0
1231187 466556 m2 0.04075 -0.156106 -0.501834 0 0.0151556
1231187 619766 m2 0.02175 -0.0622419 -0.71634 -0.050595 0
1231187 360374 m2 0.06385 0.057706 -0.536546 0 -0.0226876
1231187 458942 m2 0.05815 0.00582457 -0.582976 0 0.0316379
1231187 184850 m2 0.07505 0.0602068 -0.650139 0 -0.0097972
1231187 621258 m2 0.0193 0.0307771 -0.617183 0.0702858 0
1231187 646078 m2 0.0118 0.126544 -0.407411 0 0.0246831
1231187 506589 m2 0.01775 -0.00543502 -0.676069 -0.00215202 0
1231187 231363 m2 0.0227 -0.025256 -0.542467 0 -0.0131459
1231187 500921 m2 0.01195 0.0283003 -0.523925 -0.0311095 0
1231187 331279 m2 0.06385 -0.200998 -0.523324 -0.0715169 0
1231187 241907 m2 0.01715 -0.0626605 -0.417201 0 -0.00531549
1231187 697205 m2 0.0101 -0.192195 -0.129989 -0.0248921 0
1231187 444953 m2 0.0327 -0.106508 -0.672987 -0.0257788 0
1231187 674820 m2 0.0167 -0.164086 -0.541828 0 -0.0159269
1231187 496758 m2 0.093 -0.0292077 -0.737795 0 -0.0230487
1231187 644613 m2 0.0279 0.142786 -0.191114 0 0.00572677
1231187 306763 m2 0.01335 0.116827 -0.0823537 0.072001 0
1231187 105055 m2 0.08725 0.05236 -0.744781 0.00652596 0
1231187 667659 m2 0.01775 -0.00856817 -0.171525 -0.0416696 0
1231187 611232 m2 0.0102 -0.104113 -0.424735 -0.0909398 0
1231187 287037 m2 0.0672 -0.0202514 -0.539375 0 -0.0419281
1231187 282560 m2 0.02015 -0.0919801 -0.165509 -0.0173958 0
1231187 132557 m2 0.04035 -0.0249345 -0.531575 0 -0.0229832
1231187 588466 m2 0.0204 0.110859 -0.474827 0.0468125 0
1231187 290769 m2 0.0149 -0.00111506 -0.498058 0.00737716 0
1231187 473551 m2 0.03865 0.295958 -0.226286 0.0742191 0
1231187 275789 m2 0.0375 -0.0804505 -0.401843 0 -0.0393441
1231187 586417 m2 0.04945 -0.0681846 -0.324355 0 0.00145899
1231187 398912 m2 0.0243 0.0634428 0.149777 0.0279809 0
1231187 251785 m2 0.04575 -0.00470629 -0.617641 0 -0.0945983
1231187 315289 m2 0.0264 0.0391753 -0.51428 0.0382441 0
1231187 609518 m2 0.01575 -0.171972 -0.431071 -0.0482019 0
1231187 268488 m2 0.21025 -0.0104706 -0.73554 0 -0.0940509
1231187 528424 m2 0.0242 0.0486453 -0.527157 0.0969085 0
1231187 334453 m2 0.08145 0.0450724 -0.76774 0 -0.00292413
1231187 299563 m2 0.0198 -0.0506128 -0.495935 0 -0.00918755
1231187 661295 m2 0.0126 0.15832 -0.245123 0.00477837 0
1231187 692756 m2 0.0232 0.153328 -0.542651 0 -0.0529729
1231187 327912 m2 0.0213 -0.126957 -0.189276 -0.0866918 0
1231187 428913 m2 0.0579 -0.0543861 -0.20357 0 -0.00663764
1231187 129110 m2 0.01465 -0.156986 -0.488138 -0.0601564 0
1231187 673850 m2 0.01275 0.0759746 -0.439286 0 -0.0352704
1231187 724385 m2 0.0103 0.248764 -0.383381 0 -0.00630813
1231187 177690 m2 0.0784 0.162982 -0.712811 0.00737447 0
1231187 533172 m2 0.0391 0.0555708 -0.723494 0 -0.0622682
1231187 333489 m2 0.0356 0.0114247 -0.750603 0.0468141 0
1231187 535890 m2 0.04395 -0.0485935 -0.442646 -0.0154928 0
1231187 214174 m2 0.01675 0.0852053 -0.49959 0.0227831 0
1231187 389131 m2 0.0236 0.0501587 -0.0424677 0 0.0055285
1231187 595038 m2 0.0108 -0.0584901 -0.506387 0 -0.000104896
1231187 702853 m2 0.01105 -0.0516902 -0.296622 0 -0.0389866
1231187 676905 m2 0.011 -0.0727937 -0.274223 -0.0150882 0
1231187 302075 m2 0.09285 0.0596097 -0.682309 0 -0.00424324
1231187 583710 m2 0.0506 0.220608 -0.0350757 0.00735131 0
1231187 640945 m2 0.0294 -0.0667696 -0.391365 0.0341894 0
1231187 468967 m2 0.03315 -0.0198299 -0.468368 -0.0489364 0
1231187 552272 m2 0.01065 -0.0504222 -0.285362 -0.0056959 0
1231187 563308 m2 0.0249 -0.15004 -0.6257 -0.0415329 0
1231187 680270 m2 0.0124 -0.0833383 -0.169882 0 0.051697
1231187 563580 m2 0.01425 0.136506 -0.384828 0 -0.01696
1231187 452560 m2 0.052 -0.010284 -0.606298 0 0.0199784
1231187 357827 m2 0.03935 0.186018 -0.618123 0.0619076 0
1231187 692509 m2 0.014 0.105951 -0.338503 0 -0.013479
1231187 491806 m2 0.034 0.102325 -0.590564 0 0.0126379
1231187 192659 m2 0.031 -0.126085 -0.319232 -2.67761e-05 0
1231187 339134 m2 0.01275 0.0269237 -0.563404 -0.023571 0
1231187 448679 m2 0.07475 -0.250116 -0.663706 -0.0947493 0
1231187 614303 m2 0.0367 0.0907449 -0.586983 0.0214539 0
1231187 298561 m2 0.02735 -0.0720446 -0.466776 0 -0.0473694
1231187 435476 m2 0.01615 0.126722 -0.533595 0.015533 0
1231187 370862 m2 0.071 -0.0456264 -0.672239 -0.0264432 0
1231187 171703 m2 0.0371 0.0410041 -0.696817 0.0414442 0
1231187 628006 m2 0.05195 -0.0740161 -0.775959 -0.0152693 0
1231187 578450 m2 0.0125 -0.100315 -0.382125 0.00246489 0
1231187 501654 m2 0.05765 0.166729 -0.579365 0.0161516 0
1231187 167081 m2 0.01055 0.193829 -0.470824 -0.0457365 0
1231187 389627 m2 0.0222 -0.0533 -0.555795 0 -0.0179891
1231187 650066 m2 0.0209 0.0766273 -0.535234 0.0453942 0
1231187 172659 m2 0.03685 0.00821154 -0.732848 0.00926847 0
1231187 235267 m2 0.0115 0.0529515 -0.204404 0.0472595 0
1231187 526336 m2 0.02955 0.149876 -0.61421 0.0212839 0
1231187 222360 m2 0.0237 -0.16227 -0.431552 0 0.00734122
1231187 497701 m2 0.0717 0.00105977 -0.561468 0 0.0030027
1231187 624195 m2 0.03025 0.0462961 -0.584441 -0.0287166 0
1231187 293163 m2 0.05965 -0.0467049 -0.563563 0 -0.0444488
1231187 413873 m2 0.024 -0.0113414 -0.454976 -0.0469468 0
1231187 689534 m2 0.0114 0.0152556 -0.639129 0.0511766 0
1231187 184059 m2 0.14625 -0.0233949 -0.731853 0 -0.0189572
1231187 355591 m2 0.1081 -0.0466782 -0.0965137 0 -0.00925801
1231187 650552 m2 0.01445 0.0107253 -0.4267 0.00636058 0
1231187 513573 m2 0.0306 0.138234 -0.730083 0.0248164 0
1231187 442447 m2 0.10445 0.0457503 -0.634019 0 -0.00423596
1231187 372594 m2 0.06335 0.0393305 -0.681587 -0.00145276 0
1231187 470734 m2 0.0351 0.00864064 -0.68582 -0.00835427 0
1231187 466771 m2 0.043 0.152235 -0.536705 0.065845 0
1231187 535610 m2 0.033 -0.0106872 -0.569787 0 0.043218
1231187 381287 m2 0.0687 -0.0124767 -0.186822 -0.048092 0
1231187 263956 m2 0.0754 0.248781 -0.586948 0.0776912 0
1231187 451252 m2 0.01155 0.0547288 -0.411419 -0.0366472 0
1231187 632972 m2 0.0258 -0.0621363 -0.585656 0 -0.0279715
1231187 649605 m2 0.01285 -0.0846401 -0.511276 0 0.0273843
1231187 653898 m2 0.0292 -0.00755828 -0.499476 0 0.0229832
1231187 452015 m2 0.0141 0.03671 -0.47417 0.00375635 0
1231187 571101 m2 0.0137 0.00639191 -0.522858 0 -0.00119958
1231187 292434 m2 0.0233 -0.0764631 -0.677449 0 -0.0261999
1231187 208842 m2 0.087 -0.0672519 -0.68392 0 -0.0176519
1231187 257351 m2 0.0487 -0.0144355 -0.621028 0.0198357 0
1231187 521358 m2 0.04605 -0.0289353 -0.733558 -0.0393423 0
1231187 437976 m2 0.17375 -0.0504807 -0.829461 -0.013436 0
1231187 243652 m2 0.03365 -0.0464684 -0.580191 0 0.00923348
1231187 317861 m2 0.0578 -0.109221 -0.742099 -0.0326254 0
1231187 685039 m2 0.0176 -0.161166 -0.336095 -0.0336985 0
1231187 708514 m2 0.01395 0.0430528 -0.511125 0.0840436 0
1231187 319869 m2 0.04875 -0.105013 -0.565893 -0.0252101 0
1231187 480033 m2 0.02615 0.144982 -0.624725 0.0298143 0
1231187 357813 m2 0.0591 -0.100385 -0.485978 -0.0410502 0
1231187 576418 m2 0.06 -0.00834764 -0.67 0 -0.00621505
1231187 535131 m2 0.01375 -0.0226386 -0.526725 0.0103994 0
1231187 253224 m2 0.08625 0.0083879 -0.663432 0 -0.02727
1231187 618061 m2 0.01305 0.0289284 -0.582496 0 -0.0207612
1231187 206089 m2 0.0299 -0.108924 -0.621704 -0.0320312 0
1231187 315525 m2 0.0377 -0.128805 -0.488584 -0.104414 0
1231187 389080 m2 0.0243 0.0863649 -0.600169 0.0377223 0
1231187 676357 m2 0.0111 0.0670408 -0.479049 -0.0370993 0
1231187 642162 m2 0.03755 -0.0860807 -0.366927 -0.0829825 0
1231187 445418 m2 0.06305 -0.104469 -0.665535 -0.0379459 0
1231187 548245 m2 0.04635 0.111091 -0.624049 0 -0.0517231
1231187 559101 m2 0.01445 -0.0476703 -0.497953 -0.0280877 0
1231187 431579 m2 0.0179 -0.0574676 -0.58454 -0.013148 0
1231187 247680 m2 0.07655 -0.0456449 -0.673673 -0.0331616 0
1231187 586902 m2 0.04035 -0.0117279 -0.34667 0 0.00332829
1231187 600575 m2 0.02655 -0.0024314 -0.423411 0 0.0392064
1231187 331250 m2 0.05295 -0.113986 -0.634729 -0.0992217 0
1231187 383594 m2 0.0107 0.257047 -0.273948 0 -0.0474669
1231187 487633 m2 0.0289 0.123689 -0.569158 0.0108111 0
1231187 681258 m2 0.0107 0.145225 -0.283874 0 0.000321972
1231187 594524 m2 0.03725 0.0443022 -0.641508 0.0105962 0
1231187 313225 m2 0.04335 -0.108055 -0.676622 0 -0.0219146
1231187 482732 m2 0.0149 -0.129685 -0.500827 0 -0.014475
1231187 542452 m2 0.037 0.186115 -0.649609 0.0864552 0
1231187 610714 m2 0.036 0.0852723 -0.724553 -0.00602889 0
1231187 445657 m2 0.0148 -0.0396459 -0.454436 -0.0577931 0
1231187 656597 m2 0.0233 -0.148543 -0.248997 -0.0562703 0
1231187 399369 m2 0.0144 0.22803 -0.52367 0.1204 0
1231187 616820 m2 0.0101 -0.00632283 -0.551351 0 -0.0208962
1231187 539724 m2 0.0334 0.130754 -0.640139 0.0406407 0
1231187 368377 m2 0.0245 -0.0744802 -0.249023 -0.0277579 0
1231187 421768 m2 0.0268 -0.0256266 -0.445904 -0.0702155 0
1231187 682980 m2 0.01175 0.0317106 -0.26372 0.0595879 0
1231187 438235 m2 0.0347 -0.10011 -0.439729 -0.0763643 0
1231187 357805 m2 0.0684 -0.0138993 -0.545953 0 -0.0710391
1231187 358081 m2 0.0797 -0.0761344 -0.215543 0 -0.00843767
1231187 616031 m2 0.0303 0.047094 -0.58452 0 -0.0291428
1231187 466758 m2 0.0113 -0.0766465 -0.386672 -0.087626 0
1231187 432639 m2 0.0278 0.0489235 -0.624985 0 -0.0067588
1231187 479749 m2 0.0308 -0.109716 -0.48426 -0.0575045 0
1231187 398876 m2 0.11805 -0.0449149 -0.32085 0 -0.0354442
1231187 431807 m2 0.03075 -0.109953 -0.484126 -0.0522836 0
1231187 553531 m2 0.02165 -0.20237 -0.543168 -0.000245123 0
1231187 580375 m2 0.0167 0.134507 -0.497241 0.0284911 0
1231187 588932 m2 0.04255 -0.0775024 -0.715298 0 -0.00980669
1231187 677411 m2 0.03375 -0.00888231 -0.430158 0 -0.0637382
1231187 399918 m2 0.01695 -0.170315 -0.423498 -0.0922802 0
1231187 557365 m2 0.04725 0.145713 -0.568072 0.0188952 0
1231187 637683 m2 0.031 -0.0861162 -0.429556 0.0212865 0
1231187 372067 m2 0.0515 0.14399 -0.537165 0.0977819 0
1231187 609308 m2 0.0106 -0.0569019 -0.500526 -0.0300573 0
1231187 462969 m2 0.07085 -0.0854665 -0.441014 -0.113432 0
1231187 687764 m2 0.01095 0.147678 -0.452903 0.0431593 0
1231187 631220 m2 0.02005 0.0961312 -0.43105 0 -0.00454309
1231187 469455 m2 0.02305 -0.0207815 -0.354536 0 -0.0302751
1231187 428856 m2 0.0751 0.0807805 -0.779115 0.0177382 0
1231187 609974 m2 0.0182 0.1286 -0.489947 0.0134809 0
1231187 498175 m2 0.0551 0.0369975 -0.62145 0.0191964 0
1231187 625228 m2 0.03445 0.0966629 -0.611203 0.0644144 0
1231187 592526 m2 0.02495 -0.0189023 -0.559997 0 -0.0726267
1231187 499667 m2 0.0457 0.0203831 -0.583282 -0.0477001 0
1231187 392756 m2 0.02605 0.0190494 -0.627875 0.0627721 0
1231187 688508 m2 0.01505 -0.0984434 -0.492584 -0.0311454 0
1231187 472194 m2 0.048 -0.0351568 -0.568729 0 0.00198928
1231187 654570 m2 0.0158 -0.117063 -0.487647 -0.0119644 0
1231187 498179 m2 0.0614 -0.0955813 -0.695116 0 0.0173386
1231187 576386 m2 0.01625 0.210464 -0.457278 0.01965 0
1231187 713305 m2 0.01185 -0.0275439 -0.524823 -0.0532058 0
1231187 633729 m2 0.0157 -0.0870094 -0.497398 -0.0373554 0
1231187 500197 m2 0.0521 -0.0305934 -0.467661 0 -0.040822
1231187 555706 m2 0.02755 0.00482049 -0.634514 0.0601631 0
1231187 471448 m2 0.0507 -0.0324338 -0.518145 0 -0.0976712
1231187 706837 m2 0.0104 0.0605484 -0.504158 0.0208038 0
1231187 615800 m2 0.0156 0.196304 -0.363162 0.0015585 0
1231187 587615 m2 0.0143 -0.0199493 -0.537356 0.00387754 0
1231187 657629 m2 0.0112 0.0522081 -0.304828 -0.0349641 0
1231187 659279 m2 0.0327 -0.101812 -0.499511 -0.0657298 0
1231187 668388 m2 0.02175 -0.0803875 -0.403804 -0.0502652 0
1231187 577419 m2 0.06055 0.177427 -0.694398 0.0942606 0
1231187 685017 m2 0.0118 0.0525085 -0.416029 -0.0196341 0
1231187 700787 m2 0.0103 0.0399337 -0.519137 0 0.030328
1231187 649054 m2 0.0551 -0.075243 -0.668843 -0.035677 0
1231187 725174 m2 0.01055 0.0199803 -0.395076 0 0.0192885
