seed mutID muttype p cor_sal cor_temp mutSalEffect mutTempEffect
1231191 279587 m2 0.0369 -0.149083 0.465624 0 0.0560122
1231191 115806 m2 0.11025 0.154147 0.7005 0 0.03531
1231191 609082 m2 0.0337 0.326746 0.430511 0 0.0711937
1231191 153946 m2 0.12145 0.424469 0.564089 0.0708136 0
1231191 654246 m2 0.01085 0.308017 0.279907 0.0708167 0
1231191 407121 m2 0.0133 0.335232 0.290326 0 0.0177112
1231191 398543 m2 0.03065 0.352332 0.467889 0.0242275 0
1231191 298054 m2 0.0145 0.0637997 0.473181 0 0.0792637
1231191 394574 m2 0.01125 0.235164 0.209708 0 0.00667481
1231191 570042 m2 0.01515 0.325781 0.372532 0.0100131 0
1231191 310623 m2 0.04235 0.342935 0.500801 0 0.00252621
1231191 173793 m2 0.25715 0.109901 0.718908 0 0.0340391
1231191 590966 m2 0.03005 0.0401362 0.580244 0 0.0265066
1231191 228929 m2 0.0983 0.385659 0.490859 0.0573682 0
1231191 1161 m2 0.05525 -0.253711 0.550707 -0.0454024 0
1231191 225150 m2 0.01515 -0.32827 0.380128 0 -0.0197894
1231191 687106 m2 0.0218 0.148648 0.473797 0.0317847 0
1231191 519241 m2 0.0151 -0.0751842 0.39424 0 0.0188525
1231191 134633 m2 0.0462 -0.25204 0.558379 0 0.0141122
1231191 229207 m2 0.02665 -0.363552 0.391422 0 0.048524
1231191 680064 m2 0.01045 0.0229088 0.248695 0 0.0260642
1231191 487722 m2 0.08045 0.371954 0.516397 0.0206523 0
1231191 679561 m2 0.01255 0.0376751 0.460626 0.0443256 0
1231191 322422 m2 0.16505 0.120804 0.769289 0 0.0298033
1231191 636252 m2 0.0105 0.279226 0.36924 0 -0.00740541
1231191 657484 m2 0.01545 0.26827 0.311436 0.0170195 0
1231191 701346 m2 0.0113 0.150361 0.329669 -0.0447782 0
1231191 516883 m2 0.0406 -0.371436 0.407036 -0.0196177 0
1231191 362297 m2 0.0446 0.364512 0.512248 0 0.0277452
1231191 353443 m2 0.01385 -0.303514 0.335147 0 -0.0091891
1231191 468814 m2 0.05285 -0.320425 0.530004 -0.013673 0
1231191 4663 m2 0.1587 -0.322572 0.628687 -0.0214096 0
1231191 171502 m2 0.01355 -0.332446 0.403424 -0.0377198 0
1231191 598260 m2 0.01745 0.152103 0.373256 0 1.30232e-05
1231191 712181 m2 0.01935 0.196503 0.432466 0 0.0382536
1231191 466342 m2 0.02185 -0.321977 0.419929 0 0.0296144
1231191 631062 m2 0.01425 -0.332486 0.307546 0 0.0184488
1231191 546592 m2 0.0186 0.125437 0.352811 0 0.0158285
1231191 304976 m2 0.05905 -0.211712 0.507818 0 0.0339828
1231191 278270 m2 0.03355 -0.331632 0.489316 0 0.0766296
1231191 598516 m2 0.01005 0.29466 0.383784 0 -0.0104768
1231191 298039 m2 0.0601 0.131592 0.619937 0 0.0485135
1231191 438961 m2 0.0229 -0.182757 0.466759 0 0.0382923
1231191 299954 m2 0.03705 0.323865 0.516335 0.0407654 0
1231191 47919 m2 0.0648 0.1799 0.250211 -0.0282313 0
1231191 572991 m2 0.01395 0.293313 0.26666 0.0245514 0
1231191 234393 m2 0.0403 0.0695124 0.587678 -0.0230742 0
1231191 654473 m2 0.01545 -0.318821 0.424923 0 0.075539
1231191 178203 m2 0.0578 0.256559 0.484263 0.0116755 0
1231191 615024 m2 0.0367 0.326092 0.426511 0.0611205 0
1231191 15665 m2 0.0367 0.421373 0.343567 0.0875737 0
1231191 603272 m2 0.0106 0.26502 0.239178 0.0123174 0
1231191 583388 m2 0.0224 0.153269 0.512431 0 0.011396
1231191 499654 m2 0.0254 0.288689 0.422851 0 0.0465642
1231191 591965 m2 0.0171 -0.298733 0.378303 0 0.0548754
1231191 294327 m2 0.01315 -0.334266 0.357449 -0.0153178 0
1231191 618424 m2 0.0284 -0.366437 0.437212 0 0.00552086
1231191 451471 m2 0.01065 -0.257505 0.28395 0 -0.0395815
1231191 464361 m2 0.0493 0.059844 0.46344 0.00229866 0
1231191 396234 m2 0.0343 -0.387745 0.42409 0 0.0199979
1231191 616038 m2 0.0124 0.307205 0.29666 0.0194735 0
1231191 328179 m2 0.0538 0.0384464 0.627329 0 -0.0120533
1231191 328942 m2 0.01235 0.139652 0.386286 0 -0.00838697
1231191 84045 m2 0.0948 0.32836 0.594621 0 0.0458606
1231191 326959 m2 0.03855 -0.00452558 0.491811 0 0.0405798
1231191 118966 m2 0.02615 0.126579 0.389482 0 -0.00750979
1231191 325502 m2 0.0409 0.314609 0.533092 0 0.0351498
1231191 655494 m2 0.02515 0.368254 0.404229 -0.0129567 0
1231191 333736 m2 0.02645 0.309661 0.481397 0.00914089 0
1231191 626064 m2 0.0293 -0.366918 0.411387 0.00240166 0
1231191 260245 m2 0.03005 -0.235777 0.51405 0 0.0629191
1231191 143598 m2 0.0166 0.334548 0.32749 0 -0.0228833
1231191 368308 m2 0.038 0.0279604 0.564674 0.0452512 0
1231191 598504 m2 0.0448 0.275865 0.550927 -0.0146746 0
1231191 496186 m2 0.01595 0.304475 0.25848 0.00917963 0
1231191 503663 m2 0.0243 0.313239 0.39916 0 -0.0399268
1231191 678741 m2 0.011 0.258815 0.365037 0 0.0276003
1231191 453192 m2 0.02 0.225493 0.440972 0.0283695 0
1231191 276509 m2 0.0845 0.330016 0.60274 0 0.0522437
1231191 294559 m2 0.162 -0.336197 0.620696 0 0.100969
1231191 354174 m2 0.0761 -0.313541 0.577124 0 0.0323285
1231191 690133 m2 0.0154 -0.0289526 0.397065 -0.0138564 0
1231191 273432 m2 0.0557 -0.358305 0.519155 0 0.0122383
1231191 372123 m2 0.05055 -0.382786 0.357127 0 -0.0122751
1231191 711376 m2 0.0107 -0.222035 0.231769 0.0243694 0
1231191 11920 m2 0.0894 0.339886 0.588187 0.0850641 0
1231191 401544 m2 0.0795 0.32919 0.55584 0.0108125 0
1231191 668540 m2 0.01325 -0.268287 0.367795 0.00865347 0
1231191 201706 m2 0.0703 -0.114377 0.656422 0 0.028145
1231191 439427 m2 0.02375 0.356407 0.354031 0.0380777 0
1231191 197193 m2 0.02505 -0.0544864 0.506542 0 0.0052248
1231191 265834 m2 0.05125 -0.210672 0.564922 0 -0.000696022
1231191 322896 m2 0.02905 0.291888 0.485324 0.0305598 0
1231191 706547 m2 0.01365 0.275566 0.224552 0.00626666 0
1231191 107572 m2 0.03175 0.0165833 0.589415 0 0.0184652
1231191 253799 m2 0.12995 0.162779 0.700079 0 0.0249123
1231191 548028 m2 0.02805 0.322181 0.447856 0.013492 0
1231191 717583 m2 0.01185 -0.316624 0.388649 0 -0.107645
1231191 107808 m2 0.10985 -0.322087 0.615344 0 0.0198433
1231191 240222 m2 0.01195 0.324323 0.301434 0.077196 0
1231191 672002 m2 0.0159 -0.307314 0.256423 0 -0.000948632
1231191 369840 m2 0.025 -0.300893 0.371134 0 0.0725045
1231191 432687 m2 0.04495 0.354592 0.498551 0 0.0430071
1231191 107801 m2 0.08125 -0.163042 0.685231 -0.0124055 0
1231191 688613 m2 0.019 -0.216513 0.377234 -0.0372641 0
1231191 104315 m2 0.02405 -0.311454 0.493455 0 0.0191258
1231191 201700 m2 0.04625 0.375986 0.455172 0 -0.00382488
1231191 230666 m2 0.06735 0.0954201 0.61973 0.0146767 0
1231191 642670 m2 0.03305 -0.0308548 0.426778 0.0222761 0
1231191 425775 m2 0.02555 0.356557 0.326545 0.0401639 0
1231191 459555 m2 0.02215 -0.309821 0.484284 -0.0314786 0
1231191 550252 m2 0.0146 -0.0141724 0.406886 0 -0.0510098
1231191 456880 m2 0.0105 0.175558 0.339221 0.0127336 0
1231191 437737 m2 0.0579 0.292343 0.586915 0 0.0088269
1231191 290845 m2 0.07 0.188755 0.531704 0.0142395 0
1231191 28850 m2 0.05895 -0.244065 0.473618 -0.0851033 0
1231191 160332 m2 0.05385 0.266749 0.597836 0 0.0288024
1231191 120752 m2 0.014 -0.284989 0.426218 0 0.00117451
1231191 205746 m2 0.12425 -0.0223347 0.698722 0.00664289 0
1231191 185179 m2 0.0337 -0.107939 0.448939 0.0404477 0
1231191 589159 m2 0.0374 0.308675 0.465674 0.0434221 0
1231191 680809 m2 0.0228 -0.00486465 0.401555 0 0.0363764
1231191 598720 m2 0.028 -0.336717 0.442248 0 0.00589865
1231191 611841 m2 0.02155 0.306902 0.289569 0.0339256 0
1231191 261954 m2 0.0102 -0.220289 0.0920882 -0.0439867 0
1231191 474641 m2 0.0237 0.37958 0.387341 0 -0.0288075
1231191 125194 m2 0.0308 0.345272 0.338813 0 0.0203864
1231191 520458 m2 0.02915 -0.328793 0.389677 0 0.00651162
1231191 511778 m2 0.03575 0.322125 0.447758 0 0.0728891
1231191 260475 m2 0.01245 0.186726 0.326915 -0.00399833 0
1231191 333462 m2 0.05305 -0.11906 0.563743 0 -0.000678185
1231191 354681 m2 0.0143 -0.32667 0.333938 -0.0271975 0
1231191 618635 m2 0.01745 -0.287276 0.346021 -0.0107965 0
1231191 503364 m2 0.01015 -0.349268 0.299804 -0.0681382 0
1231191 380508 m2 0.0176 0.166994 0.421668 0.00544612 0
1231191 3592 m2 0.09845 0.158461 0.534533 0 -0.00265836
1231191 73752 m2 0.12135 -0.192794 0.682341 -0.0450087 0
1231191 400545 m2 0.0112 -0.252491 0.515677 0.0106556 0
1231191 233360 m2 0.0942 0.117035 0.719123 0.0181576 0
1231191 148710 m2 0.05385 0.2354 0.156247 0.0694101 0
1231191 700818 m2 0.02055 0.259417 0.311013 0 0.0383796
1231191 282320 m2 0.0127 -0.0599652 0.430803 0 -0.0189013
1231191 266565 m2 0.1039 -0.403351 0.480524 -0.0341513 0
1231191 88274 m2 0.0979 0.179554 0.632199 0 0.0225038
1231191 648949 m2 0.011 -0.328327 0.395444 -0.0522409 0
1231191 191694 m2 0.01995 0.295126 0.428331 0.000374904 0
1231191 158883 m2 0.0618 0.0835428 0.657539 0 0.00219441
1231191 702298 m2 0.01195 -0.359385 0.375419 -0.0452171 0
1231191 664796 m2 0.0184 -0.247435 0.345706 -0.0169866 0
1231191 512310 m2 0.02185 -0.127009 0.515653 0 -9.08025e-05
1231191 412099 m2 0.0363 -0.317071 0.456733 -0.0148154 0
1231191 238474 m2 0.03945 0.344561 0.391134 0 0.0664864
1231191 603716 m2 0.01885 0.083981 0.448069 0.00951626 0
1231191 195916 m2 0.17925 -0.0369247 0.770287 0 0.0717533
1231191 267814 m2 0.0447 0.319893 0.504195 0.0624738 0
1231191 378068 m2 0.0492 0.348825 0.526747 0 0.00784243
1231191 425763 m2 0.02925 0.0781397 0.554382 0.0144881 0
1231191 565458 m2 0.01175 0.00384987 0.330481 0 -0.0615582
1231191 140623 m2 0.0196 -0.169629 0.447322 0 0.0171456
1231191 580297 m2 0.0312 -0.281273 0.388825 0 -0.0394757
1231191 305699 m2 0.03515 0.105804 0.561917 0 0.0865541
1231191 540030 m2 0.0316 0.202935 0.401025 0.0337472 0
1231191 693570 m2 0.0116 0.00586537 0.334745 0 -0.0265837
1231191 268802 m2 0.07155 0.381718 0.497114 0 0.0119261
1231191 714107 m2 0.01195 -0.172866 0.354406 0.00408465 0
1231191 33581 m2 0.0114 0.2234 0.0808989 0.0217572 0
1231191 24071 m2 0.035 0.199376 0.495717 -0.000568326 0
1231191 592168 m2 0.03755 -0.236321 0.581671 0 0.00212631
1231191 96348 m2 0.02965 -0.368244 0.427488 0 0.0583622
1231191 346339 m2 0.04705 -0.332606 0.483244 -0.0460788 0
1231191 413545 m2 0.0377 -0.0162613 0.564472 -0.00221363 0
1231191 54698 m2 0.15135 -0.307037 0.630256 -0.0358856 0
1231191 236271 m2 0.12745 -0.37381 0.550524 -0.0291005 0
1231191 468758 m2 0.0446 -0.276668 0.557132 0 0.00441558
1231191 196890 m2 0.01705 -0.106698 0.133929 0.00832425 0
1231191 370062 m2 0.0675 -0.292774 0.566358 -0.0302285 0
1231191 350153 m2 0.0724 0.136389 0.60857 0.0232009 0
1231191 579758 m2 0.0455 -0.0767331 0.491261 0 -0.0446861
1231191 334956 m2 0.0849 0.293163 0.62002 0.0192137 0
1231191 518100 m2 0.01825 0.253142 -0.000155397 0 -0.0503965
1231191 264207 m2 0.05365 -0.176318 0.141949 -0.0671848 0
1231191 644413 m2 0.019 0.190783 0.431229 -0.0567736 0
1231191 137351 m2 0.04955 -0.365651 0.464073 0 0.00586876
1231191 590440 m2 0.0289 0.22054 0.497867 0 0.059242
1231191 198893 m2 0.0478 0.129331 0.239434 0 0.000122995
1231191 337747 m2 0.018 -0.329491 0.278477 -0.0244268 0
1231191 572946 m2 0.01105 -0.0131673 0.398947 0 -0.0167334
1231191 535909 m2 0.01545 0.183844 0.124414 -0.00376017 0
1231191 621705 m2 0.0329 0.374417 0.449021 0.0177516 0
1231191 284573 m2 0.07435 0.312013 0.485779 0 -0.0177948
1231191 552676 m2 0.01875 0.209778 0.508328 0 -0.0471674
1231191 39306 m2 0.06715 -0.382988 0.449801 -0.0612704 0
1231191 257699 m2 0.0188 0.0638701 0.49201 0 0.0177731
1231191 502150 m2 0.03365 0.315328 0.458029 0.0335934 0
1231191 503344 m2 0.032 -0.208693 0.121348 0 -0.0122512
1231191 417304 m2 0.01055 -0.12148 0.308373 -0.0433894 0
1231191 626734 m2 0.029 0.0695862 0.50009 0 -0.0108253
1231191 290317 m2 0.0786 0.34385 0.535866 0.0169991 0
1231191 624457 m2 0.01565 -0.321414 0.419322 0.0222809 0
1231191 524430 m2 0.0463 -0.389387 0.474845 -0.00559335 0
1231191 196148 m2 0.01145 0.349439 0.404134 0.0616425 0
1231191 451418 m2 0.01415 0.222528 0.0926561 0.0230161 0
1231191 498061 m2 0.01225 0.00319122 0.452416 -0.00819686 0
1231191 382837 m2 0.03345 -0.125361 0.152458 0 -0.0270464
1231191 665792 m2 0.0124 0.359949 0.350842 -0.00692633 0
1231191 290059 m2 0.02495 -0.217627 0.106144 -0.0425629 0
1231191 13337 m2 0.04905 0.34375 -0.0845649 0.0162878 0
1231191 249715 m2 0.0819 0.223467 0.436705 0.0202149 0
1231191 337263 m2 0.02145 -0.222838 0.107373 -0.0378613 0
1231191 350640 m2 0.0436 0.302497 0.460023 -0.0092728 0
1231191 645165 m2 0.0177 -0.1236 0.456314 -0.0187799 0
1231191 604219 m2 0.0134 -0.3267 0.429508 0 0.013613
1231191 381524 m2 0.0172 0.238433 0.45314 0.0218643 0
1231191 704504 m2 0.0188 0.321803 0.261623 0 0.00416442
1231191 439149 m2 0.02395 -0.133025 0.531591 0 0.0246782
1231191 148433 m2 0.04275 0.357252 0.46118 0.0200428 0
1231191 643609 m2 0.01515 -0.327752 0.290069 0 0.00984518
1231191 480660 m2 0.01205 0.0468561 0.250125 0.0450872 0
1231191 241931 m2 0.0583 -0.0540824 0.075854 0 0.0018578
1231191 352862 m2 0.0159 -0.104494 0.324445 0 0.0326988
1231191 417024 m2 0.02455 0.200941 0.143989 -0.0423443 0
1231191 277446 m2 0.05365 -0.191782 0.13274 0 0.0531278
1231191 294512 m2 0.01305 -0.205033 0.417248 0 0.0132816
1231191 699604 m2 0.01355 -0.119312 0.295828 0.10318 0
1231191 245914 m2 0.02435 -0.217858 0.0882426 -0.048881 0
1231191 672447 m2 0.0212 -0.252241 0.524184 0 0.0252142
1231191 453421 m2 0.0105 -0.349912 0.322312 -0.0494928 0
1231191 394495 m2 0.0239 0.218898 0.108092 0.103798 0
1231191 550925 m2 0.0204 0.332928 0.256529 0 -0.019351
1231191 655439 m2 0.02175 0.329965 0.277152 0.00630357 0
1231191 293325 m2 0.01195 -0.0961008 0.262309 0 -0.010115
1231191 630996 m2 0.0137 -0.191053 0.118974 -0.0212668 0
1231191 528063 m2 0.0431 -0.15263 0.593008 0 0.0330403
1231191 79879 m2 0.01765 0.293451 -0.0174371 0 -0.0227388
1231191 81159 m2 0.07785 -0.209574 0.582489 -0.00832522 0
1231191 514554 m2 0.0239 0.218 0.107116 0 0.0179687
1231191 595184 m2 0.02595 -0.193957 0.131592 0 0.0101814
1231191 427220 m2 0.03985 -0.368432 0.342059 -0.0994552 0
1231191 670272 m2 0.01515 -0.27342 0.347248 0 0.00241217
1231191 622665 m2 0.0101 -0.0892298 0.254879 0 -0.0258323
1231191 230119 m2 0.10205 0.0417747 0.237979 -0.00464554 0
1231191 385523 m2 0.0573 0.0228248 0.597173 -0.00962778 0
1231191 412310 m2 0.01115 -0.247114 0.374247 0 0.0371849
1231191 400261 m2 0.01155 0.212969 0.0841913 0.064985 0
1231191 612260 m2 0.01365 -0.119779 0.129589 0 0.0394789
1231191 539010 m2 0.02025 -0.219659 0.106287 -0.0188052 0
1231191 293787 m2 0.05125 0.192001 0.550589 0 0.0848618
1231191 663057 m2 0.0158 -0.276239 0.303889 0 -0.0500709
1231191 32050 m2 0.01855 -0.202781 0.1423 0 0.0329448
1231191 560352 m2 0.01315 -0.167384 0.362511 -0.0160615 0
1231191 262155 m2 0.01045 -0.292814 0.441978 0 0.0386371
1231191 725987 m2 0.0111 -0.02778 0.0973763 0.00247498 0
1231191 281537 m2 0.0876 0.0869289 0.260229 0 0.0365907
1231191 381767 m2 0.02135 0.120483 0.138669 0 0.0376047
1231191 5979 m2 0.0537 0.109782 -0.601647 -0.00653753 0
1231191 173451 m2 0.04035 -0.196057 0.143869 0 -0.0144531
1231191 241918 m2 0.013 0.212906 -0.0954404 0.020961 0
1231191 125655 m2 0.0967 0.0162768 0.173599 0.00285604 0
1231191 271873 m2 0.0901 -0.184406 0.622463 0 -0.00613157
1231191 532112 m2 0.0303 0.195444 0.128181 -0.00080554 0
1231191 637927 m2 0.01515 0.220729 0.0938022 0 0.00311629
1231191 197888 m2 0.04465 -0.107755 -0.0136934 -0.00989792 0
1231191 256208 m2 0.02685 -0.161864 0.133656 -0.0642146 0
1231191 605770 m2 0.03915 0.199667 0.126728 0.00304722 0
1231191 460511 m2 0.018 -0.119227 0.115796 -0.0287375 0
1231191 310540 m2 0.0388 0.216514 0.125075 0.0313492 0
1231191 429911 m2 0.0457 0.195678 0.156198 0.0115928 0
1231191 86154 m2 0.08485 -0.314503 -0.00241899 -0.0875561 0
1231191 579486 m2 0.02085 -0.331827 0.456535 0 0.0282521
1231191 32257 m2 0.0166 0.174213 -0.118522 0.0668642 0
1231191 484657 m2 0.03075 0.132468 0.585549 0 0.0340538
1231191 345575 m2 0.0499 0.209719 0.156931 0 0.0402098
1231191 546982 m2 0.0117 -0.162665 0.0913526 -0.0194458 0
1231191 350349 m2 0.12445 0.438334 0.192064 0.0680355 0
1231191 696438 m2 0.01125 0.00779522 0.150647 0.0165193 0
1231191 510983 m2 0.0141 0.189064 0.375188 0.00120697 0
1231191 730784 m2 0.01415 -0.295928 0.238291 -0.0108617 0
1231191 171914 m2 0.0359 0.204221 0.117871 0.00819891 0
1231191 364463 m2 0.0672 0.244982 0.509589 -0.012454 0
1231191 81141 m2 0.06545 -0.197476 -0.0367854 0.0137743 0
1231191 568467 m2 0.01355 0.0356806 0.105485 -0.0389478 0
1231191 41255 m2 0.06975 0.174324 -0.00315892 0.00161147 0
1231191 516814 m2 0.03665 -0.142449 0.249728 0.00168982 0
1231191 362210 m2 0.04595 -0.181005 0.106114 0 -0.00692837
1231191 255228 m2 0.017 0.225394 -0.000728253 0.0227218 0
1231191 319800 m2 0.04745 0.364868 0.0427452 0 0.0175666
1231191 133049 m2 0.0255 0.15993 0.00513143 -0.000712788 0
1231191 297717 m2 0.0238 0.297887 0.0165493 0.0113374 0
1231191 497075 m2 0.0338 0.336356 -0.0116813 0 -0.0316584
1231191 434628 m2 0.0367 -0.267495 0.140535 0 -0.0185091
1231191 330402 m2 0.02005 -0.0984071 0.143844 -0.0332044 0
1231191 608267 m2 0.0115 0.0258142 0.127227 0 -0.0178831
1231191 522698 m2 0.01965 0.280086 -0.00566298 0.067411 0
1231191 321569 m2 0.05655 -0.0865912 0.164218 0 0.0252722
1231191 702992 m2 0.0148 -0.00510876 0.119906 0 0.00742736
1231191 574390 m2 0.0231 0.197268 0.377568 0 -0.0604997
1231191 463300 m2 0.01505 -0.213586 0.0958115 -0.0791331 0
1231191 24020 m2 0.1311 0.194275 -0.00908003 0.0220471 0
1231191 267766 m2 0.0194 0.139108 0.0158512 0.0111016 0
1231191 676577 m2 0.0149 0.147101 0.00671856 0.00294539 0
1231191 118896 m2 0.0828 0.0952854 -0.00174415 0.0172076 0
1231191 651905 m2 0.0171 0.297905 -0.00271811 -0.0671832 0
1231191 238704 m2 0.03485 0.32314 0.380888 0 0.0627333
1231191 130584 m2 0.07795 -0.143697 -0.00474993 0.0387709 0
1231191 559551 m2 0.01095 0.163977 0.163562 0.00175561 0
1231191 625724 m2 0.0127 0.0780313 0.134525 0 0.0106419
1231191 205435 m2 0.0364 -0.160671 0.127324 -0.067194 0
1231191 436621 m2 0.02015 0.282394 0.139179 0.0807909 0
1231191 8195 m2 0.0906 -0.12283 -0.656503 -0.00780635 0
1231191 274912 m2 0.08415 -0.317686 0.55456 -0.0681939 0
1231191 636922 m2 0.03715 -0.133187 0.139443 0 -0.00561946
1231191 467508 m2 0.033 -0.209933 0.00225075 0 -0.0116056
1231191 642123 m2 0.0125 0.293806 -0.00823754 0.0584881 0
1231191 358580 m2 0.01615 0.338001 -0.0231365 0 0.0230821
1231191 148412 m2 0.01035 0.101676 0.335608 0 0.0436022
1231191 506906 m2 0.01895 -0.005038 0.127293 0.00349772 0
1231191 561359 m2 0.01705 0.272076 -0.00873193 0.0381287 0
1231191 318068 m2 0.0197 0.213645 -0.112135 0.0787953 0
1231191 721207 m2 0.01045 -0.189056 0.0915353 0 -0.0427832
1231191 275885 m2 0.0172 -0.195742 0.0121663 0 -0.0138509
1231191 476866 m2 0.0418 -0.197685 0.133207 -0.02162 0
1231191 660443 m2 0.0139 -0.174353 -0.00393574 -0.0252508 0
1231191 560063 m2 0.0197 0.299511 0.00635809 0 0.0673091
1231191 644375 m2 0.01625 -0.214802 0.0905455 0.0220141 0
1231191 365446 m2 0.02555 -0.0466745 0.132521 0 -0.00353256
1231191 217901 m2 0.02805 0.306159 0.00851713 0 0.0283679
1231191 550418 m2 0.01525 -0.275998 0.00321105 0 -0.0069287
1231191 326379 m2 0.0433 -0.23774 -0.0152852 -0.00108711 0
1231191 155724 m2 0.0185 0.298921 -0.0151255 0.0690566 0
1231191 402946 m2 0.01075 0.3067 -0.0450431 -0.00510714 0
1231191 624691 m2 0.03535 0.300738 0.000244702 0.0140359 0
1231191 551123 m2 0.02075 0.294227 -0.00848467 0 -0.00496903
1231191 206435 m2 0.0341 -0.219365 -0.00516379 -0.0431172 0
1231191 14036 m2 0.08425 0.275051 -0.597125 0.0357219 0
1231191 487637 m2 0.0161 -0.220954 -0.089531 -0.0122983 0
1231191 370014 m2 0.0384 -0.155452 0.132554 0 0.030138
1231191 376750 m2 0.0152 -0.222099 0.0958156 -0.0151683 0
1231191 653637 m2 0.02325 -0.103278 0.123668 0 0.0264779
1231191 235758 m2 0.02315 0.309556 -0.0238902 -0.00993589 0
1231191 641894 m2 0.03535 -0.20785 0.126572 0.00823417 0
1231191 481604 m2 0.03045 0.0290566 -0.0188695 -0.0128167 0
1231191 113940 m2 0.01865 0.00489251 -0.132781 0 -0.0581225
1231191 616240 m2 0.0154 -0.217148 0.100222 -0.0364588 0
1231191 161914 m2 0.1552 0.0603187 -0.474168 0.0302042 0
1231191 17719 m2 0.01775 -0.0942646 -0.372999 0.00349288 0
1231191 674875 m2 0.0213 0.125276 -0.0198745 -0.012416 0
1231191 484107 m2 0.0317 -0.317463 0.0255449 -0.00491445 0
1231191 589614 m2 0.01005 -0.212882 0.0816069 0 0.0279548
1231191 239397 m2 0.06095 0.378039 0.0527327 0.0789474 0
1231191 537544 m2 0.01795 0.282922 0.0112722 0 0.027535
1231191 504345 m2 0.04825 -0.325278 -0.000622163 -0.0633762 0
1231191 422224 m2 0.0105 0.142683 -0.00348953 -0.0102753 0
1231191 340430 m2 0.0647 0.252165 0.00250164 0.0398055 0
1231191 679443 m2 0.01745 -0.19831 0.00890134 0 0.000560726
1231191 410570 m2 0.034 -0.193623 0.128746 0 0.0192736
1231191 458719 m2 0.0162 0.147833 -0.00322155 -0.0035919 0
1231191 48260 m2 0.13275 0.36009 -0.595273 0.0422822 0
1231191 431115 m2 0.02165 0.0706155 -0.21524 0 -0.037562
1231191 86395 m2 0.0268 0.32403 -0.427814 -0.0220124 0
1231191 360129 m2 0.0335 -0.0234394 0.141907 0 0.00093753
1231191 460708 m2 0.0182 0.0611585 -0.120337 0 0.0362001
1231191 300633 m2 0.0356 -0.355691 0.0406278 -0.0823987 0
1231191 646392 m2 0.01455 -0.21369 0.0840701 -0.0165901 0
1231191 512246 m2 0.01325 -0.216019 0.085144 0 -0.0133071
1231191 566146 m2 0.0189 -0.158895 0.132881 0 -0.0421805
1231191 400721 m2 0.0175 -0.252636 -0.00141931 -0.0700173 0
1231191 609738 m2 0.02795 -0.199661 0.111695 0 0.0321867
1231191 62229 m2 0.1189 0.0367055 -0.118587 0 0.00886652
1231191 262929 m2 0.11015 0.149997 -0.00473077 0.0188328 0
1231191 322790 m2 0.06845 -0.016591 -0.00297232 0 0.00499801
1231191 203398 m2 0.0124 -0.297218 0.0201896 0 -0.0250652
1231191 308486 m2 0.02305 -0.291664 0.0116806 -0.0396612 0
1231191 631199 m2 0.04375 0.0929122 0.00213338 0.0312009 0
1231191 348549 m2 0.01695 -0.276549 0.0279874 -0.0904422 0
1231191 583297 m2 0.0319 0.307772 -0.00950549 0 -0.0311316
1231191 201588 m2 0.06645 -0.025043 -0.179088 0 -0.0599343
1231191 484333 m2 0.0105 0.142683 -0.00348953 0 -0.0251752
1231191 278417 m2 0.0214 -0.254971 0.00865224 -0.0391919 0
1231191 537277 m2 0.03145 0.313651 0.00744364 0 -0.000144317
1231191 600861 m2 0.0136 -0.150049 0.000303743 0 0.0299282
1231191 584547 m2 0.01285 -0.080468 0.0290308 0 0.0218729
1231191 345261 m2 0.02755 0.188813 -0.14802 0.0101816 0
1231191 532553 m2 0.0341 -0.00177911 0.0286635 0 0.0446472
1231191 511956 m2 0.03085 -0.180009 9.41964e-05 0 -0.0256401
1231191 341125 m2 0.06845 0.289534 -4.61555e-05 0 -0.0133548
1231191 54074 m2 0.0623 0.0437425 -0.679997 -0.0205495 0
1231191 460939 m2 0.01555 0.0538506 0.0164386 0 -0.0449441
1231191 115906 m2 0.0414 0.212243 -0.00292144 0.0417938 0
1231191 57423 m2 0.0104 0.0528627 -0.0416049 -0.00489583 0
1231191 407255 m2 0.0242 -0.229646 -0.0102576 0 -0.0226208
1231191 702704 m2 0.01095 0.00797509 0.020013 0.0265336 0
1231191 257626 m2 0.071 -0.330399 0.059412 -0.031061 0
1231191 271827 m2 0.02205 -0.228995 0.000942368 0.00804955 0
1231191 356369 m2 0.0244 -0.104202 0.020144 -0.029372 0
1231191 175381 m2 0.09835 0.322302 0.0261286 0.0371049 0
1231191 305616 m2 0.0406 0.184754 0.0162597 0 -0.0181144
1231191 545683 m2 0.01765 0.00396228 -0.0051363 -0.0182188 0
1231191 274611 m2 0.18445 -0.00248881 0.00943778 -0.00536116 0
1231191 514986 m2 0.026 0.121914 -1.06297e-16 0 0.0121051
1231191 46687 m2 0.01215 -0.0435741 -0.27398 0 0.00734204
1231191 625193 m2 0.03255 -0.30342 0.0028494 -0.0493183 0
1231191 192086 m2 0.03545 -0.174634 -0.0992599 -0.0312278 0
1231191 229052 m2 0.05775 -0.250656 -0.0148508 -0.0178633 0
1231191 399701 m2 0.0116 0.235076 0.021403 0 0.050032
1231191 327281 m2 0.0495 -0.20334 -0.132482 -0.052025 0
1231191 618558 m2 0.0139 -0.174353 -0.00393574 0.0256654 0
1231191 530049 m2 0.01395 -0.130808 0.0213181 0 -0.0198962
1231191 713026 m2 0.0112 -0.0397074 -0.0317067 0 -0.076073
1231191 605204 m2 0.018 -0.18192 -0.00968989 0 -0.0382097
1231191 130535 m2 0.0246 -0.190419 -0.135753 -0.0381403 0
1231191 564389 m2 0.0257 0.143429 0.0100257 0 0.0283482
1231191 536301 m2 0.02465 0.020406 0.0268369 0.0231292 0
1231191 491888 m2 0.01765 0.259927 0.00539995 1.50837e-05 0
1231191 524614 m2 0.018 0.0569577 0.011457 0 0.0148514
1231191 452569 m2 0.03145 0.0486963 -0.0176136 -0.0313594 0
1231191 319494 m2 0.12935 -0.118462 -0.10928 0 -0.00369177
1231191 574852 m2 0.0109 0.171863 0.0219734 0.0499371 0
1231191 637638 m2 0.01435 -0.182117 -0.01506 -0.0207005 0
1231191 668694 m2 0.0127 0.278511 -0.0027305 0 -0.0741707
1231191 33906 m2 0.16195 -0.0689862 -0.733629 0 -0.0322794
1231191 232531 m2 0.0691 0.152326 -0.48258 0.0141782 0
1231191 628922 m2 0.02075 0.146477 -0.131481 -0.0470555 0
1231191 526985 m2 0.02005 -0.0984988 0.00303741 0 0.0330249
1231191 457280 m2 0.02445 -0.309732 0.0176827 -0.0307615 0
1231191 37232 m2 0.1167 -0.297133 -0.622597 -0.0124667 0
1231191 384732 m2 0.03185 -0.304467 0.00874605 -0.000865418 0
1231191 634895 m2 0.0148 -0.0317243 -0.11171 0 -0.0233722
1231191 577581 m2 0.035 -0.29728 0.0102713 0 0.0284488
1231191 442607 m2 0.06945 -0.311246 -0.00807693 -0.0326282 0
1231191 468667 m2 0.0113 -0.100902 -0.0971759 0 0.0523113
1231191 413973 m2 0.0102 0.14538 -0.016467 0.0119256 0
1231191 483365 m2 0.02925 -0.266606 -0.124914 0.00507663 0
1231191 684458 m2 0.0223 -0.220419 -0.106803 0.00360062 0
1231191 597653 m2 0.02425 -0.306417 0.0110728 0 0.0588902
1231191 32917 m2 0.0779 -0.0518398 -0.697772 0 -0.0337776
1231191 179565 m2 0.01505 -0.191329 -0.309361 0 0.00884513
1231191 680161 m2 0.01425 -0.0802695 -0.123658 0 0.0224806
1231191 261569 m2 0.0862 -0.186562 -0.0409974 -0.0257596 0
1231191 175611 m2 0.0498 -0.394634 -0.448638 0 -0.0716945
1231191 67906 m2 0.0672 -0.0921059 -0.60588 0 -0.0179044
1231191 514972 m2 0.039 -0.198801 -0.134279 0 -0.00834074
1231191 515256 m2 0.03935 -0.280408 -0.0172879 0 -0.0314144
1231191 456502 m2 0.0343 -0.378223 -0.266308 -0.00372207 0
1231191 432827 m2 0.0353 -0.0386323 -0.0093712 -0.020464 0
1231191 398112 m2 0.0366 0.134767 -0.142907 0.0396946 0
1231191 481571 m2 0.01435 -0.180418 -0.132352 0 -0.0330126
1231191 74551 m2 0.06045 -0.30641 -0.488399 0 -0.036974
1231191 474282 m2 0.0411 -0.0321646 -0.161873 -0.0110251 0
1231191 276108 m2 0.0166 -0.338758 0.0248758 -0.0529522 0
1231191 510423 m2 0.04915 -0.0434005 -0.012052 0 -0.0141405
1231191 91150 m2 0.0268 0.32403 -0.427814 0.0639078 0
1231191 653348 m2 0.0361 -0.227161 0.00976286 -0.00554317 0
1231191 555716 m2 0.01225 0.057721 -0.304025 0.0358278 0
1231191 92906 m2 0.0427 -0.160138 -0.567006 0 -0.0312331
1231191 98013 m2 0.0507 -0.266817 0.0108065 -0.00462842 0
1231191 34863 m2 0.03015 -0.2863 -0.443577 0 0.00448293
1231191 675072 m2 0.01585 0.132386 -0.102108 0 -0.0636221
1231191 112184 m2 0.0733 0.121298 -0.201762 0.0359775 0
1231191 118091 m2 0.0326 0.33787 -0.339537 0.0298221 0
1231191 552348 m2 0.0217 0.310436 -0.00150423 0.0677854 0
1231191 198527 m2 0.2235 -0.0429657 -0.774826 0 -0.0371541
1231191 27902 m2 0.022 -0.265107 -0.350197 0 -0.0202499
1231191 288193 m2 0.01805 0.0483332 -0.12736 0 0.00568019
1231191 151041 m2 0.09065 0.230384 -0.201512 0.0276471 0
1231191 697862 m2 0.0104 0.204262 -0.0834158 0 -0.0163669
1231191 604685 m2 0.0255 -0.299461 -0.00160044 0.0112549 0
1231191 335385 m2 0.01835 0.268362 0.00462498 0.0312658 0
1231191 207635 m2 0.07755 -0.402666 -0.0768955 0 -0.012593
1231191 607446 m2 0.02145 -0.223338 -0.0958163 0 -0.00117228
1231191 128450 m2 0.0144 0.288589 -0.325107 0 -0.0298351
1231191 329863 m2 0.01185 0.0313748 -0.0272935 0 -0.0263124
1231191 248660 m2 0.059 -0.176742 -0.152745 -0.00465445 0
1231191 674836 m2 0.01445 -0.00888544 -0.10553 0 -0.0197499
1231191 666974 m2 0.01965 -0.132804 0.0872546 0.0224162 0
1231191 180361 m2 0.0424 0.203449 -0.13024 0.0462784 0
1231191 260104 m2 0.07505 -0.0253499 -0.170251 0 -0.0539322
1231191 410977 m2 0.04575 -0.294785 0.00638775 0 0.0164909
1231191 203355 m2 0.0548 -0.0895244 -0.607065 0 -0.0194913
1231191 674833 m2 0.0122 0.215486 -0.113643 0 0.0449779
1231191 272016 m2 0.12245 -0.24795 -0.641374 -0.0347584 0
1231191 130262 m2 0.0357 -0.136504 -0.147226 0 -0.00491036
1231191 210591 m2 0.09215 -0.376354 -0.0528827 -0.0169954 0
1231191 343533 m2 0.02435 0.297291 -0.50775 0 0.00294884
1231191 319732 m2 0.01845 0.0221521 -0.0032129 -0.0167566 0
1231191 454837 m2 0.0201 -0.290197 0.01252 -0.0646439 0
1231191 87570 m2 0.0696 -0.141866 -0.63044 0 -0.0240688
1231191 706413 m2 0.01255 -0.221737 -0.0879834 0.0221354 0
1231191 455295 m2 0.0103 0.178706 -0.301163 0 0.0650769
1231191 629419 m2 0.015 -0.336134 -0.273163 0 0.0346463
1231191 275327 m2 0.06875 0.136593 -0.164159 0.0170042 0
1231191 92149 m2 0.10125 0.433054 -0.474138 0.0650059 0
1231191 333596 m2 0.0139 0.1179 -0.114422 -0.0393205 0
1231191 352762 m2 0.16535 0.291143 -0.682845 0 -0.0140721
1231191 265429 m2 0.05235 0.177001 -0.32095 0.00463492 0
1231191 513973 m2 0.02695 -0.222333 -0.10537 -0.0250123 0
1231191 420947 m2 0.06275 0.265407 -0.13273 0 -0.0372539
1231191 224715 m2 0.04165 0.292014 -0.452715 -0.0023046 0
1231191 335112 m2 0.0139 0.1179 -0.114422 -0.0168342 0
1231191 600339 m2 0.0107 -0.159365 -0.124467 0.0126478 0
1231191 549392 m2 0.02135 0.257758 -0.450663 -0.0255973 0
1231191 210582 m2 0.09685 -0.030344 -0.67864 0 -0.051186
1231191 647562 m2 0.0115 -0.153127 -0.23975 -0.0563738 0
1231191 183506 m2 0.0298 -0.343622 -0.396006 -0.0616003 0
1231191 430831 m2 0.0656 0.375643 -0.397644 0 0.00192936
1231191 147298 m2 0.0625 0.378689 -0.422532 0.0351598 0
1231191 714475 m2 0.01275 -0.263827 -0.387198 0 -0.0225829
1231191 348737 m2 0.02355 0.108165 -0.492843 -0.00412317 0
1231191 112161 m2 0.03235 0.235502 -0.478815 0 0.000844654
1231191 504061 m2 0.04435 -0.0229559 0.0113665 0 0.0322022
1231191 504796 m2 0.0247 0.214795 -0.120669 0.0414607 0
1231191 320493 m2 0.01155 0.0605545 0.000215496 -0.00234042 0
1231191 85827 m2 0.0129 -0.0748899 -0.333672 0 0.0150695
1231191 579652 m2 0.0264 -0.262569 -0.115877 -0.0498049 0
1231191 437333 m2 0.01145 -0.0210265 -0.134387 0 0.0279246
1231191 609701 m2 0.04315 0.308346 -0.000865579 0.00469219 0
1231191 664216 m2 0.0112 -0.0598125 0.022475 0.0382832 0
1231191 239341 m2 0.0767 0.0433405 -0.171976 -0.0223397 0
1231191 195048 m2 0.0102 0.0910527 -0.359289 -0.022325 0
1231191 373185 m2 0.0509 -0.245447 -0.17583 -0.0580792 0
1231191 242074 m2 0.02075 0.0908492 -0.437994 0 0.0111943
1231191 632884 m2 0.01225 0.29669 -0.321102 0 -0.0395896
1231191 497724 m2 0.01325 -0.2114 -0.0908117 0 0.0264849
1231191 674815 m2 0.0221 -0.242395 -0.112597 0 0.0459851
1231191 345216 m2 0.0549 0.177248 -0.622871 0 -0.0364907
1231191 271016 m2 0.03095 -0.0127505 -0.142393 0.00509402 0
1231191 661144 m2 0.0267 0.217582 -0.114284 -0.0152934 0
1231191 588566 m2 0.0121 0.197642 -0.107886 0 -0.00311511
1231191 279412 m2 0.0163 -0.101792 -0.12931 0 -0.0240974
1231191 678872 m2 0.01565 0.10367 -0.165971 0 -0.0350925
1231191 518278 m2 0.0465 0.202028 -0.131819 0 0.0087059
1231191 696849 m2 0.0113 0.143581 -0.104675 0 -0.0279405
1231191 324061 m2 0.03825 0.211855 -0.120617 0.0950634 0
1231191 533481 m2 0.0136 0.143555 -0.311035 -0.0171006 0
1231191 682991 m2 0.01195 0.146115 -0.111489 -0.00416699 0
1231191 550826 m2 0.01525 -0.103546 -0.112166 0.0273945 0
1231191 341797 m2 0.0251 0.253274 -0.403987 0.0539996 0
1231191 102691 m2 0.1182 0.232521 -0.670147 0.00947472 0
1231191 90588 m2 0.01985 0.450529 -0.323005 0.0365383 0
1231191 714007 m2 0.0103 -0.166381 -0.0256551 -0.00439495 0
1231191 657585 m2 0.0175 -0.281944 -0.0135629 -0.0506535 0
1231191 351798 m2 0.02015 -0.293475 -0.471347 0 -0.0339127
1231191 669384 m2 0.0189 0.308455 -0.497221 0 0.0291986
1231191 257118 m2 0.05625 0.273332 -0.257245 0.0597683 0
1231191 352069 m2 0.02185 0.305091 -0.4418 0.0137724 0
1231191 474012 m2 0.0116 -0.100254 -0.422095 0 -0.0136466
1231191 369452 m2 0.01375 -0.200293 -0.120702 0.010542 0
1231191 61378 m2 0.13275 -0.0748589 -0.699827 0 -0.0159421
1231191 66604 m2 0.0501 -0.266154 -0.561831 0 -0.00815024
1231191 156445 m2 0.09685 0.213747 -0.684 0.0173226 0
1231191 422165 m2 0.046 -0.212513 -0.12593 -0.087262 0
1231191 412226 m2 0.0167 0.147246 -0.0132144 0 -0.0142065
1231191 491849 m2 0.0229 0.164014 -0.120609 0 0.0268966
1231191 600591 m2 0.0101 0.221971 -0.0916311 0 -0.0377931
1231191 248134 m2 0.01405 0.206788 -0.0773047 0 -0.0707286
1231191 201293 m2 0.08535 -0.0625075 -0.233515 0 -0.033964
1231191 603373 m2 0.02295 -0.176438 -0.133853 0 -0.0719408
1231191 606739 m2 0.0298 -0.224664 -0.340401 0.0214644 0
1231191 383961 m2 0.01155 0.101793 -0.360507 0 -0.0280906
1231191 248375 m2 0.09375 -0.311842 -0.63205 0 -0.0613765
1231191 309435 m2 0.0401 -0.161077 -0.597257 -0.0217979 0
1231191 596156 m2 0.03495 -0.0593227 -0.143087 0 0.0302693
1231191 309219 m2 0.04985 -0.183008 -0.139023 -0.0734261 0
1231191 689951 m2 0.01475 0.330723 -0.299757 -0.0176873 0
1231191 650576 m2 0.01475 0.149406 -0.263811 0 -0.0108165
1231191 437321 m2 0.0402 0.123392 -0.150843 0.0238006 0
1231191 139962 m2 0.0487 -0.332022 -0.540145 0 -0.0213244
1231191 328780 m2 0.12695 0.088234 -0.758332 0.0087152 0
1231191 229746 m2 0.05285 -0.22305 -0.542221 0.00287168 0
1231191 345676 m2 0.019 0.211734 -0.418464 0 -0.0157207
1231191 210782 m2 0.097 0.00545061 -0.723389 0 -0.0503478
1231191 650572 m2 0.01595 0.34422 -0.427327 0.0476778 0
1231191 189323 m2 0.04635 0.0937776 -0.550739 0 -0.0261828
1231191 370466 m2 0.02135 0.167312 -0.12919 0.0364877 0
1231191 449336 m2 0.04735 -0.161809 -0.143987 -0.0485621 0
1231191 689498 m2 0.02085 -0.209406 -0.123197 0.0360611 0
1231191 577539 m2 0.0154 0.163112 -0.440476 0.0184997 0
1231191 313684 m2 0.02355 -0.0554412 -0.156855 -0.0475435 0
1231191 409967 m2 0.0125 0.342811 -0.377171 0 -0.0207073
1231191 383226 m2 0.02535 0.248776 -0.424611 0.00475255 0
1231191 178761 m2 0.15315 0.301185 -0.635941 0.0244445 0
1231191 422900 m2 0.055 -0.370054 -0.504675 -0.0364544 0
1231191 226217 m2 0.13375 0.276505 -0.692479 -0.000591019 0
1231191 388786 m2 0.0908 0.136852 -0.54068 0 -0.0387289
1231191 439814 m2 0.0483 0.166594 -0.348652 0.0106087 0
1231191 573310 m2 0.0267 -0.0786209 -0.490207 -0.0106488 0
1231191 238811 m2 0.11695 -0.400758 -0.492102 -0.155907 0
1231191 335333 m2 0.0171 0.0414995 -0.40716 0 -0.037899
1231191 302252 m2 0.02455 0.0859495 -0.489692 0 -0.0252411
1231191 488564 m2 0.0122 -0.199901 -0.0837115 0 -0.0502139
1231191 506824 m2 0.03365 -0.0213176 -0.126501 0.00159375 0
1231191 278085 m2 0.0373 -0.375788 -0.487484 -0.0764933 0
1231191 286646 m2 0.239 0.104395 -0.786786 0 -0.0357004
1231191 428140 m2 0.0244 -0.17587 -0.130971 0 -0.0152332
1231191 285176 m2 0.03905 -0.211013 -0.499407 -0.0168754 0
1231191 398066 m2 0.01685 -0.0179971 -0.369508 0 -0.0472795
1231191 348189 m2 0.01695 0.325085 -0.417139 0 -0.0107179
1231191 245028 m2 0.0545 0.360968 -0.531432 0 -0.0476173
1231191 321734 m2 0.0284 -0.356028 -0.401533 0 -0.0383021
1231191 274800 m2 0.0129 -0.274662 -0.466037 0 -0.0282214
1231191 397311 m2 0.0352 -0.269864 -0.108744 -0.0191856 0
1231191 367884 m2 0.0153 0.195944 -0.262557 0 -0.0485026
1231191 145054 m2 0.0626 0.0643116 -0.600429 0.0145568 0
1231191 688938 m2 0.029 -0.36315 -0.390362 -0.0215111 0
1231191 218782 m2 0.1435 0.337363 -0.603331 0 -0.0526638
1231191 426655 m2 0.01765 -0.230506 -0.103518 0 -0.00330541
1231191 522337 m2 0.01285 -0.0527268 -0.455182 -0.0307774 0
1231191 533712 m2 0.04115 -0.166011 -0.44674 -0.0134922 0
1231191 288641 m2 0.0289 -0.144429 -0.468098 -0.00250606 0
1231191 681973 m2 0.01685 0.16648 0.0233294 -0.0308629 0
1231191 653042 m2 0.02055 0.147957 -0.131151 0.0148263 0
1231191 286397 m2 0.019 0.241972 -0.482884 0 -0.0264018
1231191 455040 m2 0.1315 -0.177758 -0.712687 0 -0.0124455
1231191 232236 m2 0.08425 -0.385671 -0.508355 -0.0836977 0
1231191 671123 m2 0.01695 0.35481 -0.384821 0 8.15971e-05
1231191 622523 m2 0.05525 0.263928 -0.546061 0.0283981 0
1231191 485057 m2 0.0712 0.334287 -0.544981 0.0250506 0
1231191 274790 m2 0.0577 -0.193696 -0.593385 0 -0.0444991
1231191 280938 m2 0.0522 -0.150895 -0.583306 0 0.00670853
1231191 412723 m2 0.01795 -0.158675 -0.402152 0 -0.0664596
1231191 262027 m2 0.0545 0.273201 -0.521163 0 -0.00666571
1231191 184964 m2 0.04235 -0.0245424 -0.619991 0 0.024675
1231191 511362 m2 0.01575 -0.236313 -0.413832 0.00878999 0
1231191 209291 m2 0.03435 -0.10154 -0.554256 0 -0.0108063
1231191 318442 m2 0.06905 -0.0213815 -0.171258 -0.0144063 0
1231191 637818 m2 0.016 -0.224147 -0.450808 -0.012342 0
1231191 362853 m2 0.0408 -0.214447 -0.129416 0 -0.0374364
1231191 195241 m2 0.03155 0.241036 -0.555102 0 -0.0222288
1231191 393602 m2 0.04375 0.0475918 -0.653483 0 -0.0568465
1231191 625129 m2 0.01915 0.281662 -0.391767 0.021944 0
1231191 274019 m2 0.1246 0.195443 -0.65613 -0.0292731 0
1231191 699956 m2 0.0139 0.0197333 -0.234444 0.0391328 0
1231191 683212 m2 0.01605 0.326869 -0.26413 0 -0.053156
1231191 276006 m2 0.05515 0.37855 -0.45888 -0.0028974 0
1231191 369668 m2 0.01075 0.147655 -0.34825 0.0183816 0
1231191 666924 m2 0.0371 0.149651 -0.438505 0.00528709 0
1231191 650048 m2 0.02605 0.065132 -0.464081 0.0416719 0
1231191 508083 m2 0.0169 -0.245144 -0.480845 0 -0.0236934
1231191 320955 m2 0.0234 0.0781049 -0.418439 0 -0.0192286
1231191 212005 m2 0.054 -0.247614 -0.574711 0 0.00137352
1231191 361795 m2 0.02225 -0.301688 -0.217593 0.0131132 0
1231191 628119 m2 0.02015 0.36724 -0.347258 0.0204111 0
1231191 225941 m2 0.07905 -0.259647 -0.531894 0 0.00405478
1231191 470200 m2 0.03095 0.322219 -0.426881 -0.0119176 0
1231191 727068 m2 0.0106 -0.289628 -0.29936 0 -0.0380745
1231191 512931 m2 0.03475 -0.00798604 -0.49588 0 -0.0167676
1231191 307861 m2 0.05215 -0.348808 -0.518711 0.0146516 0
1231191 251603 m2 0.07395 0.401486 -0.407094 0.0537835 0
1231191 298531 m2 0.013 -0.139949 -0.422655 0 -0.041653
1231191 327439 m2 0.1562 0.160348 -0.727672 0 -0.0539776
1231191 648778 m2 0.01305 -0.210892 -0.29135 0.0206004 0
1231191 330286 m2 0.029 0.244667 -0.463152 0 -0.000748889
1231191 590280 m2 0.0501 0.335411 -0.495278 0 -0.0146878
1231191 240507 m2 0.0827 -0.267712 -0.627494 0 -0.0416604
1231191 384889 m2 0.02175 0.0266636 -0.429238 0.0224579 0
1231191 661910 m2 0.01085 0.0578149 -0.135875 -0.00688634 0
1231191 304767 m2 0.05875 0.27741 -0.554146 0 -0.0544627
1231191 272983 m2 0.0166 -0.358355 -0.361826 -0.0423964 0
1231191 677551 m2 0.01225 0.0779834 -0.420801 0.0437428 0
1231191 408412 m2 0.02335 -0.30679 -0.481381 0 -0.0457804
1231191 612116 m2 0.01275 -0.196014 -0.322836 0 -0.0275046
1231191 562778 m2 0.01445 -0.34941 -0.343679 -0.0203017 0
1231191 371375 m2 0.01615 0.106666 -0.40705 0 -0.00572171
1231191 522821 m2 0.01105 0.280541 -0.262009 0 0.0491598
1231191 281626 m2 0.0194 -0.288501 -0.356708 -0.0035641 0
1231191 502453 m2 0.01645 0.316643 -0.401227 0.0186483 0
1231191 274515 m2 0.0362 -0.371919 -0.458803 -0.0127643 0
1231191 287123 m2 0.04385 -0.203713 -0.565315 0 -0.0374449
1231191 319663 m2 0.01045 0.18414 -0.250201 0.0329601 0
1231191 377159 m2 0.0394 0.194861 -0.522208 0 -0.0693711
1231191 603328 m2 0.0349 -0.193247 -0.576446 0 -0.00820329
1231191 481271 m2 0.05805 0.320019 -0.523342 0 -0.00919796
1231191 662927 m2 0.01055 -0.135576 -0.354767 0 -0.00704404
1231191 460847 m2 0.0404 0.0481535 -0.495503 0 0.00558576
1231191 300981 m2 0.09905 -0.196976 -0.681571 0 -0.00186128
1231191 465433 m2 0.0551 0.271578 -0.581599 0 -0.0234241
1231191 657495 m2 0.0247 -0.357656 -0.334339 0 -0.0130541
1231191 344178 m2 0.0517 -0.304953 -0.462728 -0.0658654 0
1231191 516958 m2 0.0114 -0.096626 -0.345624 0 -0.0809467
1231191 666403 m2 0.01455 -0.310595 -0.269765 -0.00238251 0
1231191 671556 m2 0.01025 0.0425649 -0.305561 0 0.0670518
1231191 362064 m2 0.04965 0.0500976 -0.607791 0 -0.014992
1231191 584449 m2 0.0105 0.3139 -0.261765 0 0.00295513
1231191 582134 m2 0.0116 -0.269916 -0.417998 0 0.00806239
1231191 436219 m2 0.08205 -0.39563 -0.494401 -0.0442235 0
1231191 609589 m2 0.01075 0.0863549 -0.213962 0.0144493 0
1231191 406668 m2 0.04535 0.386958 -0.412251 0.0423653 0
1231191 618466 m2 0.01305 0.345366 -0.387571 0.087277 0
1231191 469088 m2 0.1023 0.394596 -0.512585 0 -0.0379431
1231191 427555 m2 0.0278 0.211461 -0.36737 -0.0219478 0
1231191 502695 m2 0.03055 0.15904 -0.554763 0 0.00884006
1231191 661081 m2 0.011 -0.286079 -0.269656 0 -0.000326704
1231191 438743 m2 0.0153 0.198816 -0.297139 0 0.0129184
1231191 419121 m2 0.01925 -0.338914 -0.305138 -0.0747719 0
1231191 625329 m2 0.0308 -0.142239 -0.468565 -0.00334514 0
1231191 569317 m2 0.01795 0.14225 -0.363961 0 0.0468316
1231191 378874 m2 0.04645 -0.338988 -0.493235 -0.0578506 0
1231191 609869 m2 0.0361 0.26257 -0.431635 0 0.0321493
1231191 428562 m2 0.04105 0.262352 -0.474275 0.0227078 0
1231191 389440 m2 0.0402 -0.320236 -0.46969 0.00974064 0
1231191 481742 m2 0.02895 -0.183661 -0.4773 0.0130476 0
1231191 625572 m2 0.0255 -0.327377 -0.393659 0 0.0221289
1231191 562766 m2 0.01215 -0.0104776 -0.396804 0.00457266 0
1231191 662132 m2 0.016 -0.0526471 -0.362799 0.0151623 0
1231191 434004 m2 0.04795 -0.059977 -0.632931 0 0.0100201
1231191 722513 m2 0.0106 -0.272007 -0.303711 0 -0.0228573
1231191 444026 m2 0.06725 0.390781 -0.459999 0.130409 0
1231191 637039 m2 0.012 0.0200538 -0.307364 0 -0.0196481
1231191 694394 m2 0.01645 0.175841 -0.421598 0 -0.0262494
1231191 591739 m2 0.01125 0.186272 -0.25281 0 0.0561095
1231191 714691 m2 0.0109 -0.166813 -0.368643 0 0.0236625
