// Initial random seed:
2250299484635

// RunInitializeCallbacks():
initializeTreeSeq();
initializeMutationRate(2.5e-08);
initializeSex("A");
initializeMutationType(2, 0.5, "f", 0);
initializeGenomicElementType(1, m2, 1);
initializeGenomicElement(g1, 0, 500000);
initializeRecombinationRate(c(1e-06, 0.5, 1e-06, 0.5, 1e-06, 0.5, 1e-06, 0.5, 1e-06, 0.5, 1e-06, 0.5, 1e-06, 0.5, 1e-06, 0.5, 1e-06, 0.5, 1e-06, 0.5, 1e-06, 0.5, 1e-06, 0.5, 1e-06, 0.5, 1e-06, 0.5, 1e-06, 0.5, 1e-06, 0.5, 1e-06, 0.5, 1e-06, 0.5, 1e-06, 0.5, 1e-06), c(50000, 50001, 100000, 100001, 150000, 150001, 200000, 200001, 250000, 250001, 300000, 300001, 350000, 350001, 400000, 400001, 450000, 450001, 500000, 500001, 550000, 550001, 600000, 600001, 650000, 650001, 700000, 700001, 750000, 750001, 800000, 800001, 850000, 850001, 900000, 900001, 950000, 950001, 1000000));

QTL DFE means: 
0 0

QTL DFE variance-covariance matrix: 
      [,0]  [,1]
[0,] 0.002     0
[1,]     0 0.002

// Starting run at generation <start>:
1 

100:0.998896 0.998896 1.70974e-14 -0.00673273 0.00766026 0.269877 0.375212 NAN NAN
200:0.997629 0.997629 -6.9722e-14 -0.00791073 -0.0074918 0.201413 0.364248 NAN NAN
300:0.996373 0.996373 -3.24185e-14 -0.0216369 -0.00527689 -0.0555061 0.441922 NAN NAN
400:0.99572 0.99572 -3.14193e-14 -0.0299902 -0.016238 0.147414 0.164382 NAN NAN
500:0.99497 0.99497 -2.22045e-15 -0.0326902 0.00594755 -0.0627263 -0.239344 NAN NAN
600:0.994754 0.994754 -3.06422e-14 -0.000853593 0.00607158 -0.320788 0.235795 NAN NAN
700:0.99364 0.99364 -1.79856e-14 -0.0216668 0.00581031 -0.0988182 0.633093 NAN NAN
800:0.992911 0.992911 -4.77396e-14 -0.0154102 0.0163247 -0.140838 0.475411 NAN NAN
900:0.992185 0.992185 4.66294e-15 -0.00510702 0.0192724 -0.112716 0.339097 NAN NAN
1000:0.992104 0.992104 6.32827e-15 0.0213845 0.0199057 -0.043246 -0.170896 NAN NAN
1100:0.989299 0.989384 -8.47236e-05 0.0303262 0.04347 0.115617 -0.267124 0.03257 -0.0321196
1200:0.987579 0.985027 0.00255199 0.0403804 0.0179983 0.342458 0.68416 0.0724497 0.265839
1300:0.984816 0.976247 0.00856886 0.0325264 -0.00411947 0.468763 0.916258 0.119766 0.445913
1400:0.979477 0.965923 0.0135538 0.00196652 0.0136506 0.568202 0.949648 0.167593 0.513124
1500:0.971478 0.946395 0.0250828 -0.0215898 0.0402057 0.696723 0.973916 0.240958 0.65612
1600:0.96053 0.920205 0.040325 -0.0022404 0.0290988 0.842198 0.959006 0.312822 0.745283
1700:0.946931 0.880818 0.0661133 -0.00632807 0.0295082 0.889895 0.939936 0.448992 0.76701
1800:0.93369 0.820974 0.112716 -0.00786316 0.0233328 0.942864 0.962085 0.574894 0.810749
1900:0.914495 0.723944 0.190551 -0.010158 0.072393 0.975995 0.96142 0.651842 0.837491
2000:0.872223 0.572444 0.299779 0.0211767 0.0561544 0.980094 0.985317 0.716687 0.860299
2100:0.874707 0.562764 0.311944 -0.00249974 0.0141423 0.980225 0.984516 0.719138 0.878212
2200:0.870364 0.554572 0.315792 0.000726453 -0.0116105 0.98732 0.984499 0.706982 0.893197
2300:0.873359 0.555417 0.317942 -0.0102139 0.00732853 0.982347 0.992677 0.713803 0.885758
2400:0.875532 0.550084 0.325448 0.00748603 0.0128658 0.984857 0.993247 0.716672 0.888937
2500:0.877031 0.546128 0.330903 0.00906823 0.0195935 0.987408 0.992459 0.717273 0.885437
2600:0.873178 0.55269 0.320488 0.00362797 0.0277959 0.986003 0.991452 0.714245 0.875515
2700:0.875189 0.548837 0.326352 0.00651871 0.000592528 0.988264 0.990352 0.717673 0.872044
2800:0.87508 0.549702 0.325378 -0.00597423 -0.0199781 0.989135 0.992625 0.717017 0.881872
2900:0.876545 0.551105 0.325439 -0.00178184 0.00382098 0.988821 0.992584 0.719153 0.863162
3000:0.871353 0.547679 0.323674 -0.00605776 0.0591576 0.988947 0.986249 0.717675 0.861427
