seed mutID muttype p cor_sal cor_temp mutSalEffect mutTempEffect
1231182 129254 m2 0.0551 -0.113407 0.527559 0 0.0155326
1231182 683770 m2 0.01855 0.105116 0.369876 0 -0.00238325
1231182 226344 m2 0.123 -0.134691 -0.0483538 0 0.00893426
1231182 570043 m2 0.0244 0.158736 0.54002 0 -0.0059032
1231182 553299 m2 0.0129 -0.0856398 0.390538 0 -0.0287414
1231182 682537 m2 0.01835 -0.145668 0.394155 0 0.046261
1231182 104806 m2 0.0596 0.174027 0.383928 0 0.00791705
1231182 463071 m2 0.03395 -0.0483102 0.124229 0 0.0390329
1231182 378098 m2 0.0169 -0.174631 0.354816 0 0.0748367
1231182 38619 m2 0.0428 0.102657 0.372193 0 0.0155102
1231182 233035 m2 0.18095 0.00232626 0.795356 0 0.033642
1231182 680822 m2 0.0101 -0.0702045 0.335421 0 0.0521785
1231182 249822 m2 0.0165 0.145082 0.539953 0 0.018186
1231182 534040 m2 0.0473 0.224359 0.637642 0 0.0244151
1231182 472583 m2 0.0106 0.256724 -0.0519152 0 -0.0226134
1231182 399375 m2 0.0415 0.222679 0.329155 0 0.00139915
1231182 610349 m2 0.03605 0.134799 0.567082 0 0.0233911
1231182 387608 m2 0.01225 -0.0356448 -0.365798 0 -0.0339136
1231182 224912 m2 0.0657 -0.131429 0.524231 0 0.0489171
1231182 697153 m2 0.01035 -0.0507504 0.254774 0 -0.00969763
1231182 511174 m2 0.03585 -0.0757318 0.372114 0 0.00445262
1231182 517115 m2 0.03615 -0.0387704 0.515111 0 0.0281563
1231182 594900 m2 0.0537 0.235376 0.524207 0 -0.00855844
1231182 45277 m2 0.0896 0.206083 0.533795 0 -0.00447273
1231182 538842 m2 0.02525 0.25251 0.241175 0 0.0268157
1231182 170471 m2 0.0235 0.398858 -0.194832 0 -0.0213192
1231182 524308 m2 0.031 0.112422 0.50118 0 0.0351101
1231182 406685 m2 0.0571 -0.044561 0.523393 0 0.0258581
1231182 537833 m2 0.0245 -0.185966 0.422889 0 0.0299492
1231182 516152 m2 0.01825 -0.192087 0.395907 0 0.0559051
1231182 529228 m2 0.0128 0.0724922 0.250764 0 0.00820637
1231182 188178 m2 0.0394 0.0514799 -0.336521 0 0.0031343
1231182 522339 m2 0.0238 -0.034837 0.420378 0 -0.0128443
1231182 162540 m2 0.1227 0.221765 0.614493 0 0.0314532
1231182 114397 m2 0.11715 -0.0342319 0.689971 0 0.0363608
1231182 547798 m2 0.01185 0.0983975 0.299013 0 0.0168239
1231182 569796 m2 0.01615 0.25893 -0.0469978 0 0.0529753
1231182 20148 m2 0.0728 -0.10936 -0.525147 0 0.009988
1231182 316324 m2 0.03015 0.122315 -0.462989 0 -0.00925577
1231182 294411 m2 0.01405 -0.149185 0.342932 0 0.0391884
1231182 699328 m2 0.0216 -0.289092 0.280408 0 0.0394883
1231182 14899 m2 0.01715 0.401518 0.0169707 0 -0.00495966
1231182 256806 m2 0.02495 0.301972 0.478778 0 -0.00568687
1231182 480827 m2 0.01945 0.235402 0.0487762 0 -0.0225814
1231182 7751 m2 0.2042 0.0296452 -0.420021 0 0.00388669
1231182 158990 m2 0.04615 -0.244566 0.363858 0 0.0205008
1231182 347917 m2 0.02045 -0.22208 0.251057 0 0.0391185
1231182 622697 m2 0.0187 -0.129827 0.249089 0 -0.0328236
1231182 623929 m2 0.0232 0.253383 0.504439 0 0.00953226
1231182 395106 m2 0.037 -0.00894692 0.431461 0 0.0230267
1231182 718651 m2 0.01505 0.041468 0.434318 0 -0.0315953
1231182 512202 m2 0.01055 -0.053026 0.128136 0 0.020205
1231182 642064 m2 0.02055 0.21344 0.478254 0 -0.0274493
1231182 669071 m2 0.0192 0.276709 0.434503 0 0.013319
1231182 627444 m2 0.03065 0.0372415 0.510984 0 0.0445338
1231182 230951 m2 0.0144 -0.0349072 -0.242703 0 0.010903
1231182 421427 m2 0.01165 -0.276828 0.296016 0 0.0381398
1231182 649490 m2 0.01355 0.24126 0.438655 0 -0.0157646
1231182 669311 m2 0.01825 0.302818 0.385302 0 -0.0291342
1231182 84854 m2 0.08505 0.0675194 -0.199072 0 0.013772
1231182 677051 m2 0.02445 -0.250871 0.32672 0 -0.0297682
1231182 484299 m2 0.01145 0.0692241 0.177045 0 -0.0326573
1231182 95517 m2 0.03215 -0.291167 0.347124 0 0.0376816
1231182 329719 m2 0.0244 0.0688092 0.474052 0 0.0503249
1231182 648508 m2 0.0156 -0.0498271 0.330454 0 0.0466821
1231182 254342 m2 0.11045 0.0984803 0.749162 0 0.0263123
1231182 526538 m2 0.0271 0.407326 0.243653 0 0.00900378
1231182 641529 m2 0.011 0.119926 0.306576 0 0.000374863
1231182 650469 m2 0.0107 -0.265681 0.188443 0 -0.00089472
1231182 15649 m2 0.0417 -0.267293 -0.115521 0 -0.0257317
1231182 577019 m2 0.05655 -0.0996496 0.455229 0 -0.0157362
1231182 313266 m2 0.0278 -0.172057 0.413741 0 0.0139177
1231182 635068 m2 0.02175 0.427482 0.376102 0 0.00368426
1231182 386628 m2 0.0202 -0.264033 0.310661 0 0.00359385
1231182 200009 m2 0.0128 -0.199873 -0.318973 0 -0.00541736
1231182 492839 m2 0.02695 -0.127997 0.478737 0 0.0237375
1231182 531200 m2 0.03015 -0.105538 0.540586 0 0.00830347
1231182 4155 m2 0.0521 -0.0198316 0.434329 0 0.0029231
1231182 601157 m2 0.01165 -0.136766 0.199553 0 0.0124464
1231182 157963 m2 0.0234 -0.230494 0.384089 0 0.00885632
1231182 296833 m2 0.09155 -0.0822274 0.625509 0 0.0340834
1231182 335649 m2 0.02345 0.197794 -0.439198 0 -0.0125598
1231182 503327 m2 0.04335 0.28078 0.485483 0 0.0192594
1231182 21106 m2 0.06075 0.24368 -0.295646 0 -0.0075887
1231182 380848 m2 0.04775 0.00267915 0.483459 0 0.0277824
1231182 359012 m2 0.0564 0.30391 0.542202 0 0.0253472
1231182 624911 m2 0.01065 0.175119 0.289042 0 0.0196915
1231182 597912 m2 0.01105 -0.0362582 0.251585 0 0.0167101
1231182 594650 m2 0.0329 0.0284441 0.479668 0 -0.00761961
1231182 680799 m2 0.0163 -0.127861 0.348294 0 0.000587898
1231182 343614 m2 0.0649 0.0532042 0.507406 0 0.0311957
1231182 653050 m2 0.01625 0.364594 0.0390333 0 -0.00686916
1231182 600908 m2 0.0459 -0.191571 0.508638 0 0.00579774
1231182 666366 m2 0.01515 -0.140854 0.127764 0 -0.0221856
1231182 688199 m2 0.0143 0.0770309 0.146355 0 0.0232197
1231182 62741 m2 0.1715 -0.21971 0.391674 0 0.00343084
1231182 662879 m2 0.03215 -0.0203962 0.330772 0 0.0301416
1231182 722036 m2 0.02295 -0.0697141 0.34418 0 -0.0190934
1231182 169431 m2 0.12965 -0.262473 0.2285 0 -0.00718227
1231182 266162 m2 0.17915 0.0665747 0.841296 0 0.0966623
1231182 479030 m2 0.0146 0.112337 0.365721 0 -0.00107655
1231182 530188 m2 0.0136 0.0988851 0.209212 0 0.0317198
1231182 445872 m2 0.0237 -0.162265 0.297219 0 0.017973
1231182 635817 m2 0.01455 0.276938 0.0590223 0 0.00830411
1231182 407897 m2 0.0208 0.129752 0.512109 0 0.00211384
1231182 110118 m2 0.18 0.129436 -0.573894 0 0.00717643
1231182 278070 m2 0.1184 -0.0805985 0.477821 0 0.024012
1231182 674235 m2 0.0206 0.0270973 0.406184 0 -0.0274202
1231182 581780 m2 0.02245 -0.00984988 0.430069 0 -0.0306962
1231182 559369 m2 0.0519 -0.0738527 0.620977 0 0.0139121
1231182 609106 m2 0.0109 -0.258277 0.365545 0 0.00990088
1231182 428915 m2 0.03395 0.0545448 0.602981 0 0.0337948
1231182 441563 m2 0.0503 -0.362171 0.127699 0 0.0535715
1231182 214835 m2 0.03775 0.00626348 -0.487903 0 0.0271755
1231182 547768 m2 0.01945 -0.237876 0.0668572 0 -0.0291691
1231182 711249 m2 0.0156 -0.28326 0.242955 0 -0.0157756
1231182 393868 m2 0.0433 0.333089 0.539538 0 0.0369453
1231182 90990 m2 0.01105 -0.276671 0.0655654 0 -0.0216788
1231182 613198 m2 0.0322 -0.148895 0.454929 0 0.0277833
1231182 251556 m2 0.06325 -0.124116 0.526719 0 0.0195464
1231182 604152 m2 0.0172 0.170869 -0.347271 0 0.00218589
1231182 579726 m2 0.0147 -0.163783 0.356537 0 0.000513294
1231182 191352 m2 0.01885 -0.176705 0.246291 0 -0.0196052
1231182 182873 m2 0.03175 -0.0492946 -0.430955 0 -0.0194771
1231182 593681 m2 0.0246 0.302025 0.0221414 0 0.00830283
1231182 576763 m2 0.0239 0.0239775 0.445075 0 -0.0112041
1231182 509849 m2 0.01495 -0.20979 -0.0463817 0 0.0217246
1231182 317990 m2 0.0111 0.174033 0.478652 0 0.0203507
1231182 613923 m2 0.0195 0.266192 0.517703 0 0.0171589
1231182 320279 m2 0.0825 -0.107436 0.648647 0 0.0246256
1231182 644485 m2 0.03105 -0.110345 0.108277 0 0.0127443
1231182 223062 m2 0.03205 -0.367908 0.149944 0 -0.00952308
1231182 523032 m2 0.0242 0.098193 0.416085 0 0.042705
1231182 509127 m2 0.05785 0.050696 0.598821 0 -0.00060217
1231182 481303 m2 0.0158 -0.214766 -0.36461 0 0.0280632
1231182 430625 m2 0.01275 0.234728 0.429684 0 0.000998312
1231182 168926 m2 0.03265 -0.0514285 0.172881 0 0.0428168
1231182 324511 m2 0.133 -0.033173 0.629967 0 0.0760459
1231182 520996 m2 0.025 0.363624 0.388748 0 0.0219097
1231182 637811 m2 0.01065 -0.124351 0.33819 0 0.0097054
1231182 656064 m2 0.0132 -0.0341884 0.334006 0 0.0424762
1231182 603398 m2 0.02135 -0.252356 0.17228 0 -0.00781593
1231182 530677 m2 0.0139 0.0819779 0.293021 0 -0.0103606
1231182 147623 m2 0.096 -0.00914687 0.519993 0 0.01665
1231182 186581 m2 0.02905 -0.265671 -0.203799 0 0.0277142
1231182 404859 m2 0.01365 0.0447849 -0.378535 0 -0.00270293
1231182 80854 m2 0.0252 0.169272 0.361742 0 0.00919539
1231182 216293 m2 0.0472 0.229351 -0.301209 0 -0.0393638
1231182 388560 m2 0.01985 0.0506449 0.322125 0 0.00755755
1231182 710984 m2 0.01075 -0.0641383 0.323146 0 -0.043505
1231182 666821 m2 0.0185 0.115717 0.346261 0 -0.0218903
1231182 124117 m2 0.0152 -0.137878 -0.187819 0 -0.0121894
1231182 685190 m2 0.0152 -0.00326918 0.407238 0 0.0263295
1231182 340809 m2 0.02865 -0.12957 0.356664 0 -0.00451912
1231182 257190 m2 0.07095 -0.089626 -0.604208 0 -0.0654254
1231182 545731 m2 0.0126 0.0411877 0.430027 0 0.00914489
1231182 450069 m2 0.0132 0.127949 -0.161184 0 -0.00207683
1231182 162477 m2 0.1306 0.142324 0.652262 0 0.012112
1231182 139669 m2 0.0733 -0.266616 0.0498766 0 -0.0164845
1231182 325481 m2 0.03235 0.057533 0.519297 0 0.0231837
1231182 504237 m2 0.01275 0.196829 -0.266754 0 0.0123319
1231182 519798 m2 0.0435 -0.104497 -0.23908 0 -0.0211032
1231182 503532 m2 0.0231 -0.0857063 0.454838 0 -0.00743411
1231182 203456 m2 0.07605 0.24878 -0.414566 0 -0.00513297
1231182 690958 m2 0.01045 0.142663 0.335325 0 0.010692
1231182 590363 m2 0.02785 0.0466647 0.350896 0 -0.018282
1231182 426213 m2 0.02215 -0.109358 0.338872 0 0.0113719
1231182 670771 m2 0.0181 0.0785936 0.388095 0 -0.0099471
1231182 306847 m2 0.03915 0.203989 -0.0402944 0 -0.01319
1231182 40508 m2 0.0747 0.345173 0.333306 0 0.00385586
1231182 428421 m2 0.0361 0.0795588 0.55929 0 0.0488248
1231182 403358 m2 0.03075 0.394989 0.26019 0 0.0222286
1231182 434568 m2 0.0583 0.0327392 0.230904 0 -0.0120873
1231182 190072 m2 0.0164 0.0667966 -0.443993 0 -0.0202811
1231182 330151 m2 0.02165 0.0973669 0.406786 0 0.0194141
1231182 49969 m2 0.07685 -0.219986 0.368139 0 0.0413414
1231182 472770 m2 0.01305 -0.0125791 -0.00350965 0 0.00276209
1231182 104494 m2 0.0193 -0.0385899 -0.346177 0 0.0145257
1231182 599602 m2 0.03925 -0.0928676 0.456957 0 0.0170811
1231182 366936 m2 0.0124 0.229235 -0.0641407 0 0.0120814
1231182 628856 m2 0.01705 -0.119331 0.358309 0 0.0199127
1231182 496566 m2 0.01275 0.194045 0.340591 0 -0.0015895
1231182 519511 m2 0.01065 0.146282 -0.143721 0 -0.041266
1231182 34164 m2 0.1087 -0.0924533 0.295886 0 0.0154411
1231182 579481 m2 0.0128 -0.263277 0.262858 0 -0.0336788
1231182 571211 m2 0.019 -0.0421538 0.303024 0 -0.00425279
1231182 562899 m2 0.0601 -0.169183 0.0246308 0 -0.0432319
1231182 545204 m2 0.0125 -0.114041 0.38252 0 0.0517515
1231182 113554 m2 0.11315 -0.213189 -0.282608 0 -0.0129038
1231182 630593 m2 0.02825 0.040585 -0.197261 0 0.00199911
1231182 447543 m2 0.04815 -0.0269651 -0.40859 0 -0.0264233
1231182 300918 m2 0.0244 0.109099 0.454847 0 0.0317467
1231182 15304 m2 0.0379 -0.0988453 0.173614 0 0.0243717
1231182 582230 m2 0.033 -0.368388 0.132183 0 -0.0336183
1231182 676997 m2 0.01685 0.109236 0.351838 0 -0.043927
1231182 668998 m2 0.0117 0.216393 0.388662 0 -0.0437228
1231182 285084 m2 0.12885 -0.12949 0.480316 0 0.0191821
1231182 4539 m2 0.10695 -0.0519062 0.373287 0 0.00423712
1231182 555498 m2 0.02345 -0.0230728 0.386129 0 0.00958156
1231182 121073 m2 0.08735 0.075439 -0.102071 0 0.00468882
1231182 584212 m2 0.0225 -0.0680698 0.402518 0 0.000319256
1231182 533706 m2 0.03715 -0.0157606 0.467607 0 0.0138251
1231182 680228 m2 0.0177 -0.0443972 0.276772 0 -0.0635583
1231182 311930 m2 0.04855 0.149577 -0.58854 0 -0.0473879
1231182 697310 m2 0.01005 -0.0806543 0.0615779 0 -0.0237191
1231182 568966 m2 0.01325 -0.196677 0.17731 0 0.0149063
1231182 158136 m2 0.0198 -0.271985 0.010795 0 0.00294431
1231182 584694 m2 0.0171 -0.0617924 0.264946 0 0.00138076
1231182 407339 m2 0.0469 -0.0379435 0.60471 0 0.0447025
1231182 378781 m2 0.02585 -0.221077 0.128902 0 0.0012159
1231182 708744 m2 0.01245 0.0691457 -0.0580892 0 -0.0301063
1231182 686661 m2 0.02515 -0.236843 0.168579 0 0.0843158
1231182 572459 m2 0.051 -0.152632 0.579795 0 0.018909
1231182 609563 m2 0.01125 -0.167664 0.40062 0 -0.0248275
1231182 214781 m2 0.0316 0.250022 0.453413 0 0.0114127
1231182 525494 m2 0.0143 -0.00362166 0.404069 0 0.0221131
1231182 672746 m2 0.0243 -0.0158432 -0.0270856 0 -0.00814603
1231182 558815 m2 0.04665 -0.0692989 0.520734 0 0.0199773
1231182 393024 m2 0.02565 0.0779838 0.508544 0 0.0158878
1231182 505683 m2 0.01445 0.263453 0.330543 0 0.0394625
1231182 102984 m2 0.1202 0.0124909 -0.494137 0 -0.0337117
1231182 602876 m2 0.01105 -0.277442 0.145204 0 0.0317936
1231182 567932 m2 0.014 0.147897 0.276714 0 0.0461581
1231182 373792 m2 0.0265 -0.140313 0.279839 0 -0.00712276
1231182 368895 m2 0.08225 -0.102461 0.517559 0 0.00265703
1231182 6802 m2 0.03535 -0.355176 0.211301 0 0.0176326
1231182 572190 m2 0.01755 -0.258204 0.338775 0 -0.041663
1231182 209241 m2 0.0514 -0.266359 0.334265 0 0.0254532
1231182 674178 m2 0.0135 0.262938 0.169608 0 -0.0156217
1231182 107185 m2 0.0281 -0.12317 -0.235631 0 0.0029802
1231182 532192 m2 0.0153 0.0296014 -0.0423137 0 -0.0300476
1231182 193397 m2 0.01035 0.144955 -0.327485 0 0.00658656
1231182 363910 m2 0.08275 0.1337 0.522636 0 0.0163511
1231182 547444 m2 0.01915 -0.00227454 0.420152 0 0.0408071
1231182 656539 m2 0.01705 0.38108 0.317293 0 0.0436391
1231182 670003 m2 0.01015 -0.193852 0.2564 0 -0.0353543
1231182 622143 m2 0.0117 -0.0230313 0.0098607 0 -0.0326429
1231182 612695 m2 0.02355 -0.231037 0.250597 0 0.00398124
1231182 33181 m2 0.05105 -0.00648451 0.642896 0 -0.00325094
1231182 330833 m2 0.03145 0.00631011 0.416779 0 0.0485271
1231182 638476 m2 0.0158 -0.304008 0.329571 0 0.0239583
1231182 327673 m2 0.0164 -0.00682781 0.216415 0 -0.0233934
1231182 420368 m2 0.0118 0.350545 0.279442 0 0.0403536
1231182 229099 m2 0.0893 0.0664899 0.3241 0 0.000149498
1231182 74216 m2 0.04785 -0.370497 0.468218 0 0.00508834
1231182 314945 m2 0.0201 -0.118276 0.457144 0 0.0791579
1231182 448283 m2 0.0378 0.184355 0.0269641 0 0.0212337
1231182 469552 m2 0.0205 -0.223062 0.0926675 0 -0.0139273
1231182 633531 m2 0.01055 -0.202514 0.25169 0 -0.0119583
1231182 506863 m2 0.0105 0.133235 0.177407 0 0.0181793
1231182 594353 m2 0.0163 0.256463 0.394542 0 0.0534571
1231182 204644 m2 0.04965 0.325761 -0.161714 0 0.00537987
1231182 676970 m2 0.01465 0.409392 0.189125 0 -0.0123042
1231182 651980 m2 0.01605 -0.324742 0.0213461 0 0.0301363
1231182 579442 m2 0.01355 0.189013 0.401687 0 0.0582407
1231182 39220 m2 0.1156 -0.21482 -0.113722 0 0.00454455
1231182 165940 m2 0.1163 -0.0656845 0.417838 0 0.0004277
1231182 646692 m2 0.01615 -0.103054 0.442069 0 -0.0478702
1231182 348594 m2 0.07195 0.0382682 0.562872 0 0.0176492
1231182 465557 m2 0.07115 -0.0436865 -0.522687 0 -0.0422347
1231182 277999 m2 0.0241 0.0376329 0.355836 0 0.0430494
1231182 342778 m2 0.04915 0.000721067 -0.53778 0 -0.0123153
1231182 583474 m2 0.0141 0.137244 -0.17628 0 0.0108577
1231182 686368 m2 0.01275 0.257836 -0.163796 0 0.00525491
1231182 168865 m2 0.0969 0.110071 0.665355 0 0.0271033
1231182 397010 m2 0.0205 -0.0993624 0.418487 0 0.0107814
1231182 254246 m2 0.04335 -0.227839 0.312906 0 0.0250965
1231182 602355 m2 0.0306 -0.100655 -0.0835806 0 -0.0187202
1231182 414493 m2 0.0824 0.141769 0.305339 0 -0.00107858
1231182 429571 m2 0.01485 0.0580841 -0.366026 0 -0.0242979
1231182 568418 m2 0.0191 0.381839 -0.242349 0 0.0269327
1231182 686144 m2 0.0128 -0.276979 0.238578 0 -0.0106334
1231182 586657 m2 0.04275 0.20422 0.465745 0 0.0247351
1231182 131194 m2 0.09265 -0.0444178 0.113374 0 -0.00291551
1231182 540725 m2 0.01415 0.118356 0.0316709 0 0.0093885
1231182 230603 m2 0.08705 0.101053 -0.629454 0 -0.0544027
1231182 486483 m2 0.04215 -0.21735 0.433154 0 0.0285697
1231182 22982 m2 0.01115 0.0314931 -0.139288 0 -0.0156156
1231182 48688 m2 0.0613 -0.215012 -0.320734 0 0.00685648
1231182 114275 m2 0.22845 -0.126928 0.621207 0 0.0135041
1231182 444341 m2 0.0348 -0.0820669 0.536587 0 0.026873
1231182 174138 m2 0.05395 -0.243016 0.312255 0 0.0223965
1231182 43134 m2 0.02335 -0.382917 0.190256 0 0.0322525
1231182 499489 m2 0.0191 -0.155497 -0.376579 0 -0.0012314
1231182 326673 m2 0.0208 -0.0437256 0.405195 0 0.0627156
1231182 616607 m2 0.0102 0.00124847 -0.459799 0 0.0132476
1231182 677711 m2 0.01015 0.201213 -0.0155456 0 0.00263811
1231182 489771 m2 0.0373 0.0268304 -0.369341 0 0.0155934
1231182 593112 m2 0.01385 -0.019965 0.0429532 0 0.0572702
1231182 465303 m2 0.0676 -0.0428249 -0.506634 0 0.00191763
1231182 362455 m2 0.02135 0.173041 0.388283 0 -0.0267524
1231182 425648 m2 0.07 -0.127212 -0.444158 0 -0.00557993
1231182 517009 m2 0.0233 0.0912735 -0.40981 0 0.00541269
1231182 680700 m2 0.01075 -0.0299718 -0.136651 0 0.03496
1231182 708461 m2 0.0107 -0.265681 0.188443 0 0.00391654
1231182 105593 m2 0.02685 0.160584 0.482969 0 0.0144693
1231182 326161 m2 0.03985 -0.188695 -0.313409 0 -0.0180463
1231182 552420 m2 0.01965 0.394287 -0.260581 0 0.010594
1231182 684662 m2 0.01145 -0.124407 0.140239 0 0.0253907
1231182 473211 m2 0.02535 -0.0932785 0.510418 0 0.00664321
1231182 76204 m2 0.0141 -0.175306 0.0590282 0 0.0101981
1231182 32632 m2 0.0238 -0.112586 0.384956 0 -0.00886609
1231182 368119 m2 0.0228 0.204135 -0.506148 0 -0.0236869
1231182 136156 m2 0.0152 0.356462 -0.0686778 0 -0.00139628
1231182 186503 m2 0.19785 0.173113 0.7254 0 0.0296333
1231182 336815 m2 0.035 0.0788014 0.259845 0 0.0169866
1231182 160832 m2 0.03345 -0.0190372 -0.418419 0 -0.0155119
1231182 351342 m2 0.09575 -0.0247066 0.284991 0 0.0269223
1231182 694951 m2 0.0166 0.0722764 -0.225524 0 0.0116588
1231182 592373 m2 0.0107 0.284476 -0.310103 0 0.00511274
1231182 481225 m2 0.02585 0.428699 -0.0424774 0 0.0250591
1231182 692175 m2 0.0128 -0.194789 -0.0499798 0 -0.0353744
1231182 571922 m2 0.01995 -0.0999823 0.0649429 0 -0.00403105
1231182 328144 m2 0.0841 0.163331 0.485889 0 0.018432
1231182 349095 m2 0.0139 0.0112138 0.310196 0 0.030025
1231182 452518 m2 0.0407 0.173846 -0.0372661 0 0.00786957
1231182 324169 m2 0.0168 0.0323879 -0.417803 0 -0.00910561
1231182 194136 m2 0.0872 -0.233741 -0.265938 0 -0.00731102
1231182 104408 m2 0.0814 0.0761972 -0.460343 0 -0.0164291
1231182 241270 m2 0.01005 0.15641 -0.278058 0 -0.0188075
1231182 470992 m2 0.0445 0.241332 -0.216904 0 0.00536396
1231182 619128 m2 0.04105 0.156692 0.43879 0 0.0127176
1231182 460531 m2 0.0164 -0.124272 -0.361614 0 0.0312416
1231182 405518 m2 0.05095 -0.109467 -0.113678 0 -0.00540401
1231182 52119 m2 0.012 0.0769603 0.108692 0 -0.00351993
1231182 227760 m2 0.0336 -0.133041 0.393942 0 0.0433526
1231182 675177 m2 0.01245 -0.0447518 0.398258 0 0.00772505
1231182 644640 m2 0.024 0.302285 0.113353 0 -0.00992953
1231182 215244 m2 0.0249 0.0359753 0.148851 0 0.00948609
1231182 481214 m2 0.0234 0.281776 -0.292636 0 0.0123763
1231182 300353 m2 0.02575 -0.17928 -0.455936 0 -0.0625911
1231182 623066 m2 0.03305 -0.0244777 -0.397387 0 -0.016531
1231182 478672 m2 0.01695 -0.0209268 0.389522 0 0.0446263
1231182 640439 m2 0.0267 0.320476 -0.41556 0 -0.0137465
1231182 436051 m2 0.02705 0.0477981 0.266534 0 -0.00832761
1231182 39702 m2 0.07205 0.163589 0.113412 0 0.0137362
1231182 467953 m2 0.06855 0.102028 -0.265648 0 -0.0154855
1231182 341990 m2 0.0268 0.325405 0.435254 0 0.0254085
1231182 475482 m2 0.02045 -0.028539 -0.521619 0 -0.0328419
1231182 622351 m2 0.01965 -0.156188 0.226931 0 0.0168963
1231182 619356 m2 0.0166 -0.0451283 -0.453978 0 -0.0455741
1231182 249914 m2 0.01375 -0.304736 -0.30897 0 0.0179834
1231182 315685 m2 0.0964 0.0512269 -0.11505 0 -0.0123383
1231182 246835 m2 0.12885 -0.104707 -0.67972 0 -0.0213363
1231182 401433 m2 0.10965 0.0369272 0.201872 0 -0.00885474
1231182 573359 m2 0.025 0.219033 -0.460444 0 0.0297492
1231182 716317 m2 0.01115 -0.147241 0.0352943 0 -0.00195235
1231182 660246 m2 0.0151 0.354872 -0.0565663 0 0.0462908
1231182 448033 m2 0.01295 0.218628 -0.327488 0 -0.0430379
1231182 84428 m2 0.1552 -0.227758 0.53727 0 0.0138276
1231182 679936 m2 0.01235 -0.295893 0.268919 0 0.0241779
1231182 665024 m2 0.0133 -0.160586 0.200569 0 0.0409015
1231182 395434 m2 0.01565 -0.152629 -0.128211 0 0.0192261
1231182 352303 m2 0.01755 -0.0589118 -0.246552 0 0.0205314
1231182 315951 m2 0.0435 0.0839689 -0.317664 0 0.0110071
1231182 518735 m2 0.01775 0.117816 0.337122 0 -0.00748722
1231182 681876 m2 0.023 0.215131 -0.385045 0 -0.025036
1231182 164874 m2 0.0381 0.237057 0.170404 0 0.022997
1231182 463940 m2 0.01085 0.208382 -0.0678486 0 -0.0342741
1231182 637463 m2 0.0107 0.0260422 -0.247526 0 0.00454946
1231182 621350 m2 0.0334 0.345815 -0.386972 0 -0.0219237
1231182 214419 m2 0.0368 -0.0161096 0.131259 0 -0.00257638
1231182 586123 m2 0.0149 -0.109727 -0.248193 0 -0.0326882
1231182 256645 m2 0.1164 0.204849 -0.621179 0 -0.0243634
1231182 459572 m2 0.03095 -0.196171 0.28817 0 0.0129212
1231182 620851 m2 0.01405 -0.112219 -0.00710394 0 -0.0227981
1231182 430768 m2 0.04265 -0.205261 -0.366198 0 -0.0403673
1231182 635451 m2 0.0196 -0.12854 -0.0714549 0 0.0268638
1231182 272880 m2 0.03425 -0.359359 0.214819 0 0.00150038
1231182 332444 m2 0.03845 0.0171122 -0.130174 0 -0.001141
1231182 598564 m2 0.0595 0.223254 0.39683 0 0.0257849
1231182 524421 m2 0.0859 0.184376 0.223826 0 0.00303616
1231182 226137 m2 0.02085 -0.182114 -0.410839 0 -0.030713
1231182 314356 m2 0.07505 0.0315546 -0.614111 0 -0.00373489
1231182 510262 m2 0.01865 -0.0657948 0.233141 0 -0.0169724
1231182 580642 m2 0.04595 -0.0196151 0.46924 0 0.0273452
1231182 477662 m2 0.016 0.0785878 -0.221611 0 0.011793
1231182 271356 m2 0.07185 -0.173436 -0.326688 0 -0.0336109
1231182 645920 m2 0.01375 -0.145109 0.365092 0 -0.0228195
1231182 300590 m2 0.06075 -0.240732 -0.469052 0 -0.0441452
1231182 329360 m2 0.0391 0.107572 0.269764 0 0.00579433
1231182 200860 m2 0.01825 0.157536 -0.0821927 0 -0.0406393
1231182 602813 m2 0.01645 -0.105099 -0.0850132 0 0.0142319
1231182 619100 m2 0.01285 -0.13749 -0.379278 0 -0.0742487
1231182 376413 m2 0.01185 -0.249413 -0.277061 0 -0.0491722
1231182 95365 m2 0.05345 0.137523 -0.433267 0 0.00876446
1231182 345699 m2 0.01105 -0.0196075 -0.155884 0 -0.0559208
1231182 311333 m2 0.0102 -0.02351 -0.348655 0 -0.0376894
1231182 318118 m2 0.0557 -0.0425663 -0.530526 0 -0.0538192
1231182 370297 m2 0.02235 -0.186409 -0.0268677 0 -0.0169332
1231182 598559 m2 0.0244 -0.262106 -0.0863994 0 -0.0358052
1231182 264015 m2 0.03035 -0.20237 -0.42839 0 -0.00369484
1231182 706208 m2 0.0201 -0.338646 -0.121559 0 0.0283693
1231182 41079 m2 0.1425 -0.138517 -0.541503 0 -0.00480051
1231182 697007 m2 0.0139 -0.254556 0.234147 0 0.0206341
1231182 504125 m2 0.01875 -0.216756 0.109302 0 0.0171715
1231182 320930 m2 0.05625 0.0541954 0.120078 0 0.016321
1231182 282186 m2 0.01275 -0.204999 -0.358135 0 -0.0697268
1231182 697005 m2 0.0112 -0.207695 0.122577 0 0.0395887
1231182 686083 m2 0.01405 -0.0124115 -0.267496 0 -0.0325534
1231182 478427 m2 0.05405 0.226963 -0.119305 0 -0.0111393
1231182 556416 m2 0.0176 -0.250124 -0.351528 0 -0.0429867
1231182 377408 m2 0.13995 -0.0464939 -0.159522 0 0.0149284
1231182 578394 m2 0.01095 0.274695 -0.253168 0 0.00877794
1231182 418975 m2 0.01195 0.218821 0.235681 0 -0.0360397
1231182 684861 m2 0.0131 0.0372122 0.0122147 0 -0.0158262
1231182 698962 m2 0.0168 0.217533 -0.188919 0 -0.0294634
1231182 480679 m2 0.0177 -0.111096 -0.157382 0 0.0194072
1231182 546632 m2 0.01605 -0.0686934 -0.464477 0 -0.0177325
1231182 513531 m2 0.0242 0.093024 0.237651 0 0.00819608
1231182 464741 m2 0.0221 0.0692476 -0.254619 0 -0.0325561
1231182 549398 m2 0.01385 -0.196851 0.0217241 0 -0.0211464
1231182 419518 m2 0.0184 0.0993528 0.427449 0 -0.00112599
1231182 525889 m2 0.02435 -0.20328 -0.453644 0 -0.0543445
1231182 205851 m2 0.06615 -0.373876 -0.161457 0 -0.025119
1231182 402739 m2 0.0147 0.040836 0.413765 0 0.0660447
1231182 707235 m2 0.01055 0.0592803 0.0156994 0 -0.0235428
1231182 661274 m2 0.0106 -0.288738 -0.096837 0 -0.0488845
1231182 366825 m2 0.1074 -0.143898 -0.71286 0 0.0104511
1231182 667468 m2 0.0126 0.368584 0.115578 0 0.0350989
1231182 408776 m2 0.0305 -0.240012 -0.385194 0 -0.0271065
1231182 189247 m2 0.0741 0.0703555 -0.648439 0 -0.0315027
1231182 407232 m2 0.0835 -0.21241 -0.482704 0 -0.0154332
1231182 212355 m2 0.0633 -0.366967 -0.436278 0 -0.0277285
1231182 323129 m2 0.05545 -0.0160174 0.47074 0 0.010375
1231182 538420 m2 0.0134 -0.326923 -0.19199 0 -0.00395782
1231182 204102 m2 0.0363 -0.0364969 0.402864 0 0.0138358
1231182 529297 m2 0.0186 -0.110232 -0.539403 0 0.0128833
1231182 343179 m2 0.01225 -0.141068 -0.230028 0 -0.0283798
1231182 590270 m2 0.01525 0.126804 0.174631 0 0.059499
1231182 407749 m2 0.1451 0.107613 -0.605573 0 -0.0185287
1231182 708136 m2 0.016 -0.128335 -0.382845 0 -0.0239338
1231182 301847 m2 0.0152 0.209014 -0.466912 0 -0.00939638
1231182 282694 m2 0.02865 0.335494 -0.534354 0 -0.00720556
1231182 398678 m2 0.01945 0.317261 -0.212498 0 0.00650998
1231182 284209 m2 0.07755 0.0464266 -0.3193 0 -0.0267429
1231182 641151 m2 0.02 0.293631 -0.206484 0 -0.00408436
1231182 251924 m2 0.06405 0.0195607 -0.456269 0 -0.00852334
1231182 657206 m2 0.01645 -0.0884716 -0.379308 0 -0.0163703
1231182 613312 m2 0.02495 0.284235 -0.525305 0 -0.0183734
1231182 300567 m2 0.06435 -0.00713203 -0.642549 0 -0.0341097
1231182 691073 m2 0.01445 -0.138215 -0.175353 0 -0.0374949
1231182 549867 m2 0.0265 -0.243065 -0.348201 0 -0.0282777
1231182 653935 m2 0.0204 -0.171105 -0.00639494 0 0.026211
1231182 694895 m2 0.0119 0.114597 -0.217161 0 -0.0155147
1231182 562293 m2 0.01825 -0.109891 -0.307501 0 -0.0256806
1231182 231253 m2 0.07175 -0.0666352 -0.265429 0 -0.01507
1231182 535398 m2 0.0125 0.114354 -0.33123 0 -0.050483
1231182 218207 m2 0.28195 -0.0997839 -0.67554 0 -0.0200354
1231182 208118 m2 0.07855 0.325458 -0.563029 0 -0.038924
1231182 652161 m2 0.0114 0.310699 -0.287754 0 -0.0100648
1231182 419497 m2 0.04415 0.132834 -0.480069 0 -0.0694701
1231182 110218 m2 0.1001 -0.0351743 -0.597332 0 -0.00882995
1231182 634902 m2 0.01025 -0.256149 -0.13201 0 -0.0473361
1231182 449642 m2 0.03725 0.158914 -0.390202 0 -0.00703439
1231182 161017 m2 0.0334 0.110036 0.392674 0 -0.00530932
1231182 575911 m2 0.06125 -0.023609 -0.318364 0 -0.0136836
1231182 315117 m2 0.04375 -0.329366 -0.420507 0 -0.00926712
1231182 153699 m2 0.03755 0.171577 -0.14953 0 -0.0334794
1231182 624754 m2 0.02035 -0.127968 -0.291811 0 -0.00413312
1231182 553870 m2 0.02595 0.193679 -0.52234 0 0.00304235
1231182 322381 m2 0.0292 -0.184577 -0.415061 0 -0.0204123
1231182 300036 m2 0.0611 0.403643 -0.445225 0 -0.0552614
1231182 601268 m2 0.0175 -0.319619 -0.275941 0 -0.00652563
1231182 384935 m2 0.01545 -0.223421 -0.374639 0 -0.0328126
1231182 213865 m2 0.0891 0.116342 -0.520585 0 -0.0392579
1231182 255670 m2 0.0383 -0.202708 -0.321081 0 -0.0437157
1231182 516409 m2 0.012 0.00289804 -0.305356 0 0.00738265
1231182 640109 m2 0.03215 -0.0311567 -0.493854 0 -0.000970947
1231182 362605 m2 0.0107 0.256824 -0.18164 0 -0.017791
1231182 210086 m2 0.105 -0.25866 0.401056 0 -0.00296816
1231182 258987 m2 0.11295 -0.122765 -0.660438 0 -0.0184839
1231182 243680 m2 0.17185 0.087961 -0.80027 0 -0.0407428
1231182 597745 m2 0.0196 -0.0963158 -0.394398 0 -0.0052092
1231182 642415 m2 0.01135 0.019744 -0.473372 0 -0.038245
1231182 557388 m2 0.0192 0.116736 -0.460199 0 0.0256197
1231182 652645 m2 0.0394 -0.193656 -0.395078 0 -0.0357193
1231182 263681 m2 0.15545 0.0981027 -0.792578 0 -0.0316675
1231182 324871 m2 0.06025 -0.0746037 -0.406284 0 -0.00560336
1231182 401620 m2 0.0604 0.446096 -0.240643 0 0.0183091
1231182 348202 m2 0.0401 0.170634 -0.610757 0 -0.065223
1231182 362828 m2 0.0226 -0.147158 -0.336095 0 -0.0430426
1231182 216392 m2 0.05865 0.312556 -0.579668 0 -0.0324411
1231182 297118 m2 0.08265 -0.101072 -0.543499 0 -0.0124304
1231182 453957 m2 0.02415 0.115958 -0.551743 0 -0.0234133
1231182 314525 m2 0.06 0.153555 -0.272391 0 -0.0495174
1231182 650046 m2 0.02185 -0.0211701 -0.268487 0 -0.00558881
1231182 355011 m2 0.0295 -0.241278 -0.346887 0 -0.00123097
1231182 271051 m2 0.0672 -0.0731029 -0.526031 0 -0.0706564
1231182 332894 m2 0.0115 -0.0457034 -0.512091 0 -0.0294187
1231182 258505 m2 0.0476 -0.00215234 -0.382565 0 -0.0141254
1231182 631456 m2 0.02475 0.304541 -0.421389 0 -0.0284818
1231182 577888 m2 0.01385 -0.177355 -0.339811 0 -0.0643346
1231182 395370 m2 0.04185 0.00113734 -0.375053 0 -0.0231292
1231182 713587 m2 0.01705 0.286377 -0.326438 0 -0.00248186
1231182 493662 m2 0.03705 -0.0853689 -0.369419 0 -0.0106436
1231182 690065 m2 0.01535 -0.155496 -0.324369 0 -0.00937795
1231182 531272 m2 0.0134 0.0122198 -0.267739 0 -0.0114599
1231182 708642 m2 0.01455 0.170068 -0.325914 0 -0.133763
1231182 367781 m2 0.07635 0.0210885 -0.459459 0 -0.0181406
1231182 268699 m2 0.04055 0.127318 -0.478537 0 -1.4932e-05
1231182 683360 m2 0.01085 -0.0993595 -0.288286 0 -0.0483345
1231182 402410 m2 0.0352 -0.0793817 -0.18533 0 0.0302669
1231182 283391 m2 0.03335 -0.141658 -0.0532215 0 -0.0345605
1231182 267247 m2 0.0161 -0.144725 -0.115225 0 -0.0233885
1231182 509455 m2 0.0254 0.162087 -0.468023 0 0.0137059
1231182 529021 m2 0.03315 -0.249153 -0.158269 0 0.0211645
1231182 284932 m2 0.1033 -0.0311797 -0.766449 0 -0.0201127
1231182 633921 m2 0.01085 -0.245458 -0.243518 0 -0.0517264
1231182 435178 m2 0.0741 -0.0842216 -0.276715 0 -0.0130069
1231182 485394 m2 0.01335 -0.253047 -0.276276 0 -0.003671
1231182 424569 m2 0.01415 0.242958 -0.204489 0 -0.0840042
1231182 616504 m2 0.02835 -0.154936 -0.403359 0 -0.00600888
1231182 667667 m2 0.0106 -0.32801 -0.131817 0 0.0332735
1231182 349256 m2 0.1078 0.29211 -0.263519 0 -0.0123827
1231182 645606 m2 0.02895 -0.212593 -0.393449 0 -0.0175893
1231182 323321 m2 0.14805 -0.0651887 -0.599217 0 -0.0704559
1231182 588975 m2 0.01115 0.24154 -0.32192 0 0.00431367
1231182 593485 m2 0.06185 0.114355 -0.547977 0 0.0168491
1231182 348455 m2 0.0121 0.130128 -0.361745 0 -0.0576502
1231182 593962 m2 0.01665 0.231857 0.261712 0 0.0194102
1231182 522875 m2 0.09335 0.0552302 -0.603935 0 -0.0179629
1231182 576362 m2 0.01855 0.262063 -0.402552 0 -0.00740829
1231182 592542 m2 0.0122 -0.0989085 -0.492118 0 0.0158594
1231182 424036 m2 0.0658 -0.0395419 -0.569471 0 -0.0545613
1231182 464632 m2 0.0333 0.309546 0.0763433 0 0.0145261
1231182 630678 m2 0.01335 0.203976 -0.272233 0 0.0347653
1231182 411883 m2 0.0243 -0.0060592 -0.445264 0 -0.0273567
1231182 509932 m2 0.03615 0.439393 0.403411 0 0.0192752
1231182 655880 m2 0.01635 0.180379 -0.458114 0 -0.0285911
1231182 585543 m2 0.0129 0.163656 -0.298679 0 -0.0235577
1231182 721268 m2 0.01285 0.21152 -0.351532 0 -0.0258616
1231182 723366 m2 0.0123 -0.15778 -0.351051 0 -0.0198098
1231182 426507 m2 0.12805 0.14745 -0.632128 0 -0.00989284
1231182 652129 m2 0.0156 0.274998 -0.211999 0 -0.0273077
1231182 682809 m2 0.0327 -0.0450562 -0.40597 0 0.0161939
1231182 675567 m2 0.0239 0.216059 -0.605132 0 0.00877313
1231182 647570 m2 0.0146 0.0577654 -0.37128 0 -0.0165484
1231182 536084 m2 0.0125 0.25227 -0.144125 0 0.0316995
1231182 635913 m2 0.0136 -0.0276914 -0.0444738 0 0.00690847
1231182 456178 m2 0.0542 0.0291512 -0.488004 0 -0.0204021
1231182 442112 m2 0.03665 0.276687 -0.0195296 0 0.0179932
1231182 573521 m2 0.0785 0.0983977 -0.291793 0 0.00341191
1231182 595482 m2 0.022 -0.21778 -0.282503 0 -0.0189621
1231182 500819 m2 0.0585 0.0804859 -0.432094 0 -0.0211356
1231182 654345 m2 0.025 0.305865 -0.205003 0 -0.0159345
1231182 585292 m2 0.04595 0.160535 -0.450165 0 0.0232354
1231182 679284 m2 0.01995 -0.229717 -0.401124 0 -0.0478437
1231182 555580 m2 0.0141 -0.164018 -0.425508 0 -0.034709
1231182 667636 m2 0.01175 0.280651 -0.25403 0 0.0190753
1231182 539656 m2 0.03025 0.134887 -0.475469 0 0.014925
1231182 625960 m2 0.02265 -0.224786 -0.429971 0 0.00159976
1231182 706910 m2 0.0115 -0.264464 -0.308299 0 0.0193701
1231182 651538 m2 0.0166 -0.243393 -0.216186 0 0.0386602
1231182 572058 m2 0.1005 0.339573 -0.388473 0 -0.00162755
1231182 633872 m2 0.0157 -0.0472223 -0.125457 0 0.0203107
1231182 591225 m2 0.03265 0.248372 0.209527 0 -0.00451192
1231182 569067 m2 0.04435 0.0381047 -0.497454 0 -0.0443634
1231182 617019 m2 0.01745 -0.247686 -0.311643 0 0.00273071
1231182 661697 m2 0.01025 0.0404235 0.0863146 0 -0.00482303
1231182 645030 m2 0.0204 0.223785 -0.451419 0 0.0030412
1231182 660933 m2 0.01315 0.240713 -0.322183 0 -0.0202648
1231182 649761 m2 0.0172 0.046705 -0.260766 0 -0.00181569
