seed mutID muttype p cor_sal cor_temp mutSalEffect mutTempEffect
1231205 144113 m2 0.0488 0.199632 0.423108 0.0368289 0
1231205 447427 m2 0.01225 0.244343 0.385419 0 -0.069671
1231205 569904 m2 0.0186 0.469237 0.200459 -0.00152802 0
1231205 255062 m2 0.1169 0.199962 0.267 0 0.0051674
1231205 180229 m2 0.05625 0.364758 0.507972 0 0.0221721
1231205 91562 m2 0.01255 0.067734 0.273184 -0.0302287 0
1231205 285831 m2 0.01775 -0.225466 -0.392251 0 -0.00601
1231205 508421 m2 0.027 0.0860994 0.393134 0 -0.0292317
1231205 280992 m2 0.0187 0.323841 0.210753 0 0.101154
1231205 652426 m2 0.01705 0.266183 0.316455 0 0.0606056
1231205 373569 m2 0.0443 0.248733 0.19196 0 0.0351375
1231205 341433 m2 0.0155 0.372488 -0.208803 0.0644476 0
1231205 61717 m2 0.0172 -0.154524 -0.0327676 0 -0.0395698
1231205 275241 m2 0.0112 0.201568 0.396022 0 0.0150539
1231205 565021 m2 0.01245 0.227291 0.411401 0.0263541 0
1231205 273667 m2 0.1005 0.497427 0.465499 0 0.0879484
1231205 667638 m2 0.0209 0.361795 0.238503 0.0459697 0
1231205 440786 m2 0.0172 0.161631 0.43725 0.064579 0
1231205 653163 m2 0.0246 0.382647 0.493134 -0.000933541 0
1231205 15310 m2 0.02515 0.315225 0.421496 0.0727608 0
1231205 578338 m2 0.0137 0.362976 0.355209 0.0302872 0
1231205 534640 m2 0.07505 0.504405 0.144825 0.0385852 0
1231205 331189 m2 0.0149 0.428517 -0.0697552 0.0269951 0
1231205 504273 m2 0.0393 0.327272 0.476352 0 0.022725
1231205 261396 m2 0.0242 0.0741587 0.081898 0 0.0216628
1231205 211926 m2 0.0231 -0.360878 0.326229 -0.0520236 0
1231205 48453 m2 0.0203 0.232377 0.368289 0 0.0412643
1231205 671141 m2 0.01635 0.305333 0.393857 -0.0237184 0
1231205 393016 m2 0.0138 0.294279 0.41337 0.0317682 0
1231205 487974 m2 0.0326 0.415132 0.32685 0.00930325 0
1231205 101165 m2 0.0532 0.471882 0.174177 0 0.00927097
1231205 686383 m2 0.03555 0.372056 0.400326 0.00796232 0
1231205 513772 m2 0.03305 0.358662 0.446079 0 0.0250349
1231205 546275 m2 0.03235 0.401544 0.414529 -0.00148346 0
1231205 278732 m2 0.0284 0.318449 0.447891 0 0.0183894
1231205 180219 m2 0.0531 -0.180478 0.510284 0.00024125 0
1231205 320326 m2 0.02835 0.108005 0.424752 0 0.0830054
1231205 381614 m2 0.01285 0.348569 0.319812 -0.0365155 0
1231205 418283 m2 0.0481 0.478128 0.328435 0 -0.0350917
1231205 173366 m2 0.04645 0.478574 -0.373448 0.0120709 0
1231205 368642 m2 0.0248 -0.012257 0.288328 0 -0.0249748
1231205 122833 m2 0.01705 -0.338685 0.103679 0 0.00107499
1231205 338398 m2 0.01685 0.390389 0.317689 0.0215634 0
1231205 610060 m2 0.0218 -0.110713 0.514796 0 -0.00438692
1231205 534912 m2 0.01585 0.41505 0.377693 0 0.0198276
1231205 175459 m2 0.01945 -0.0349204 0.408425 -0.00154576 0
1231205 186974 m2 0.0884 0.0358237 -0.399811 0 -0.0200246
1231205 281529 m2 0.12165 0.675804 0.283672 0 0.0261258
1231205 295718 m2 0.0149 -0.19945 0.337506 -0.00112035 0
1231205 678282 m2 0.01195 0.286666 0.275884 -0.0173131 0
1231205 419022 m2 0.04295 0.165086 0.401192 0.00114552 0
1231205 439520 m2 0.01195 0.290063 0.402317 0 0.0236161
1231205 675993 m2 0.0125 0.0990486 0.0593493 0 0.0317453
1231205 613270 m2 0.0122 -0.383886 0.136657 -0.0824286 0
1231205 255799 m2 0.07815 0.0968351 -0.264796 0 0.0543959
1231205 563241 m2 0.02845 0.181378 0.341193 0 0.0238957
1231205 330919 m2 0.04905 0.534335 0.229141 0.0661612 0
1231205 667116 m2 0.01295 0.237993 0.319786 0.058842 0
1231205 685628 m2 0.01245 0.258577 0.46512 -0.0375003 0
1231205 213920 m2 0.08125 -0.502667 0.457734 0 -0.0189335
1231205 299707 m2 0.1805 0.525628 -0.0159834 0 0.0276505
1231205 576758 m2 0.0142 -0.0397004 0.435563 -0.0292548 0
1231205 155697 m2 0.02615 -0.248677 0.264063 0 -0.00830766
1231205 484689 m2 0.03345 0.360517 0.220608 -0.0011005 0
1231205 518028 m2 0.0197 0.0900521 0.229065 0 -0.00537931
1231205 676727 m2 0.01055 0.095105 0.407603 -0.0496047 0
1231205 11894 m2 0.08145 -0.279123 0.556939 0 0.058733
1231205 267915 m2 0.02915 0.199324 0.0715491 0.035637 0
1231205 246569 m2 0.038 -0.408986 0.328483 -0.0491776 0
1231205 359566 m2 0.0613 -0.260978 0.571701 0 0.0476244
1231205 591176 m2 0.0114 -0.204716 0.342178 0 0.0644854
1231205 499396 m2 0.03475 -0.201426 0.49224 0 -0.00920702
1231205 702086 m2 0.01415 0.21962 0.43471 0.00702292 0
1231205 568045 m2 0.05265 -0.527339 0.250481 -0.0167941 0
1231205 635057 m2 0.0127 0.112629 0.423517 0 0.0158346
1231205 672382 m2 0.0145 0.0369487 0.452252 0 -0.0343708
1231205 628294 m2 0.02015 -0.286069 0.350024 0.0495631 0
1231205 213666 m2 0.02975 -0.255743 -0.28078 0 0.0557277
1231205 332136 m2 0.0345 -0.482969 -0.176918 0 0.0199521
1231205 600339 m2 0.01755 -0.308848 0.407201 0.0568004 0
1231205 377303 m2 0.0412 -0.257936 0.396505 -8.16411e-05 0
1231205 179222 m2 0.01435 0.35145 0.0433637 0.0388986 0
1231205 538464 m2 0.0333 -0.123655 0.45606 0 0.0705355
1231205 613013 m2 0.0142 -0.359433 0.335915 0 0.0574687
1231205 384097 m2 0.0129 -0.0113293 0.428728 0.0300312 0
1231205 706149 m2 0.01205 0.0336882 0.355246 0 0.0397193
1231205 635055 m2 0.01305 -0.2392 0.406911 0 -0.0526793
1231205 567299 m2 0.01975 -0.176298 0.352986 -0.0250722 0
1231205 347403 m2 0.04805 -0.576708 0.103821 -0.0467195 0
1231205 535134 m2 0.01125 -0.42137 0.246395 0.00368376 0
1231205 677209 m2 0.01475 -0.217355 0.369904 0 0.0514135
1231205 156678 m2 0.04515 0.107345 0.474315 0 -0.00626404
1231205 441547 m2 0.04545 -0.359344 0.128055 -0.0193507 0
1231205 502952 m2 0.0519 -0.555707 0.266546 0 0.00159965
1231205 2172 m2 0.10265 0.265518 0.652454 0 -0.0132574
1231205 314613 m2 0.0959 -0.57501 0.00941455 -0.0535402 0
1231205 484675 m2 0.0348 -0.269807 0.0700672 0 0.0869267
1231205 599840 m2 0.01655 -0.308126 0.0308824 -0.0748713 0
1231205 597129 m2 0.0274 -0.0895072 0.306983 -0.00479031 0
1231205 664875 m2 0.01535 0.0729772 0.479652 -1.27466e-05 0
1231205 462686 m2 0.01065 -0.31445 0.271453 -0.00801365 0
1231205 378024 m2 0.0156 -0.330868 -0.00174872 0 0.00471575
1231205 436038 m2 0.02035 -0.195711 -0.224313 0 0.0176512
1231205 13701 m2 0.03155 -0.424866 0.112302 -0.0276219 0
1231205 299927 m2 0.06345 -0.364819 0.555005 -0.0479545 0
1231205 653869 m2 0.0126 0.39486 0.313895 0 0.0891597
1231205 699590 m2 0.01335 -0.0739591 0.390025 -0.0395866 0
1231205 453223 m2 0.0129 -0.418411 0.263917 0 0.0451936
1231205 702840 m2 0.01765 -0.151585 0.414394 0 0.0222683
1231205 670867 m2 0.03 -0.0989899 0.279882 -0.0269646 0
1231205 690368 m2 0.0124 0.304335 0.224337 0 -0.0084474
1231205 391960 m2 0.0106 0.180581 0.343172 0 0.057933
1231205 525944 m2 0.01905 -0.418707 -0.241725 0 -0.0143818
1231205 125315 m2 0.05025 0.477449 0.220856 0.036825 0
1231205 41358 m2 0.046 -0.1995 0.245523 -0.0275825 0
1231205 394234 m2 0.02795 -0.21458 0.531167 0 0.0187153
1231205 330160 m2 0.0412 -0.257936 0.396505 -0.0795163 0
1231205 701572 m2 0.01125 -0.333831 0.343227 0 0.0979412
1231205 331406 m2 0.0174 -0.347942 0.171401 0 -0.0600861
1231205 589221 m2 0.02105 0.428023 0.228936 0.0304666 0
1231205 177603 m2 0.07865 -0.575552 0.304156 -0.0162509 0
1231205 572546 m2 0.02865 -0.335209 0.427457 0 0.101694
1231205 393475 m2 0.0103 0.172595 0.00817641 0.0880679 0
1231205 365985 m2 0.01055 0.322936 0.248821 0 0.0600845
1231205 381581 m2 0.045 -0.483236 -0.384216 0 0.0078059
1231205 248533 m2 0.0494 -0.451633 -0.278115 -0.0214539 0
1231205 172796 m2 0.011 0.381754 0.317503 0.0258739 0
1231205 156655 m2 0.08545 0.185052 0.502872 0 0.0494533
1231205 667833 m2 0.0115 0.493171 0.186556 0 -0.0360576
1231205 148863 m2 0.1622 -0.27939 0.678532 0 0.0960644
1231205 436993 m2 0.0127 -0.365469 0.104632 -0.0186648 0
1231205 576731 m2 0.0184 -0.286129 0.436242 0 0.00685977
1231205 440743 m2 0.04625 0.23433 0.17424 -0.000662108 0
1231205 700051 m2 0.0165 0.36413 0.320255 0.01281 0
1231205 464429 m2 0.07315 0.32236 0.574116 0 0.00742484
1231205 9627 m2 0.0456 0.371866 0.361178 0 -0.00733796
1231205 17245 m2 0.04335 -0.0674502 0.341982 -0.043357 0
1231205 263375 m2 0.0787 0.117787 -0.344092 0.0619733 0
1231205 387109 m2 0.05055 0.433991 0.410828 0 0.103746
1231205 463707 m2 0.04725 0.432039 0.343364 0.0150939 0
1231205 566226 m2 0.01455 0.350545 0.0466146 -0.0348614 0
1231205 124814 m2 0.0891 -0.142028 0.597863 0 0.0281109
1231205 622266 m2 0.0223 0.4272 0.218878 0.01163 0
1231205 610020 m2 0.0167 -0.0347246 0.354917 0 0.026748
1231205 75788 m2 0.032 0.482675 0.4335 0.0150456 0
1231205 678774 m2 0.0107 0.198128 0.344567 0 -0.0383482
1231205 564965 m2 0.02475 0.154563 0.413674 0 0.0616285
1231205 224167 m2 0.02985 0.256019 0.200403 0.023068 0
1231205 342151 m2 0.01565 -0.270739 0.322066 -0.0385141 0
1231205 547658 m2 0.01015 -0.288455 -0.0364328 0 -0.0129023
1231205 198379 m2 0.0732 0.059868 -0.069887 0 0.000216904
1231205 393972 m2 0.0106 0.259942 0.283522 0 0.0356524
1231205 75017 m2 0.058 0.420549 0.530021 0 0.0497783
1231205 577522 m2 0.0155 -0.176368 0.129551 0 0.0395642
1231205 185699 m2 0.0308 -0.0703112 0.474093 -0.00958852 0
1231205 646394 m2 0.024 0.373041 0.374634 -0.0151181 0
1231205 214082 m2 0.042 0.0965194 0.186305 0 0.0363225
1231205 662861 m2 0.0133 0.219399 0.393314 0 0.0740989
1231205 670353 m2 0.02155 0.0330947 0.494926 0 0.0446983
1231205 654651 m2 0.01855 0.373278 0.345752 -0.0255223 0
1231205 566742 m2 0.01465 0.145329 0.400158 0.0296126 0
1231205 151385 m2 0.01045 0.34024 -0.279334 0.0754317 0
1231205 667579 m2 0.01955 0.269646 0.511434 0 0.0599522
1231205 61390 m2 0.1103 -0.670639 -0.330438 -0.0725584 0
1231205 703827 m2 0.01335 0.403162 0.355344 -0.0386004 0
1231205 360277 m2 0.027 0.295783 0.313684 0 0.00420145
1231205 664856 m2 0.01365 -0.302949 0.410699 0 0.0276784
1231205 622257 m2 0.01025 0.149665 0.34098 0 -0.0188832
1231205 415013 m2 0.02745 0.449459 0.465219 0.0164075 0
1231205 343332 m2 0.02645 -0.445131 0.379709 -0.0357096 0
1231205 659444 m2 0.01315 0.28413 0.440493 -0.0012166 0
1231205 227140 m2 0.1436 -0.0684767 0.274118 -0.0206832 0
1231205 309272 m2 0.09735 -0.563874 -0.157266 -0.0465478 0
1231205 315302 m2 0.0355 -0.284597 0.574732 0 0.0196825
1231205 321001 m2 0.0853 0.0857606 0.628936 0 0.092316
1231205 69477 m2 0.0289 -0.0975881 0.568897 0 0.0467749
1231205 597539 m2 0.0429 0.367594 0.443614 0.0410019 0
1231205 539176 m2 0.0154 0.304911 0.366997 0.0224108 0
1231205 625717 m2 0.0157 -0.380278 0.305158 0 -0.0183561
1231205 368097 m2 0.1599 0.561316 0.499605 0.0274443 0
1231205 234158 m2 0.02325 0.0717496 -0.156931 0 0.0173496
1231205 325952 m2 0.05585 0.381073 0.582813 0.0166607 0
1231205 168450 m2 0.05 -0.363575 0.500753 -0.0222123 0
1231205 660626 m2 0.0126 -0.0602744 0.350922 0 -0.016802
1231205 227411 m2 0.0259 0.355287 -0.182629 0.0227771 0
1231205 482544 m2 0.06085 0.399836 0.395209 0.0300993 0
1231205 698294 m2 0.0171 0.405503 0.30477 0.0492986 0
1231205 118953 m2 0.04715 -0.484781 -0.355149 -0.0614514 0
1231205 391173 m2 0.0476 -0.49826 0.374916 -0.0406574 0
1231205 233927 m2 0.078 0.0168464 0.496595 0.0141009 0
1231205 8601 m2 0.10165 -0.0766947 0.634788 0.00808474 0
1231205 421969 m2 0.0797 0.295241 0.564532 0 0.0738928
1231205 112421 m2 0.086 0.263392 0.292431 0 -0.0244241
1231205 400975 m2 0.02805 -0.193393 0.434955 0 0.0947408
1231205 446831 m2 0.04725 0.392732 0.489816 0 0.0579483
1231205 653829 m2 0.0246 -0.396584 0.379739 0 -0.00847346
1231205 15180 m2 0.1045 0.614328 0.180224 0.00685581 0
1231205 626723 m2 0.03575 -0.336664 0.500003 0 0.0746817
1231205 14926 m2 0.0498 0.096762 0.145946 0 -0.0224431
1231205 364254 m2 0.043 -0.32206 0.514622 -0.0123492 0
1231205 407205 m2 0.0155 -0.279314 0.0502706 0 -0.0507511
1231205 510426 m2 0.01545 -0.354624 0.236802 0 0.0896099
1231205 163127 m2 0.0399 0.406209 0.42088 0 0.0345181
1231205 69457 m2 0.0703 0.368709 0.575786 0 0.04886
1231205 278391 m2 0.0624 -0.246686 0.573027 0 0.0213445
1231205 567990 m2 0.0717 0.240512 0.598892 0 0.0326129
1231205 409119 m2 0.0632 -0.192764 -0.226435 0 -0.0284568
1231205 660858 m2 0.0114 -0.355753 0.0462053 0 -0.00400262
1231205 465352 m2 0.0119 -0.0244385 0.313777 -0.0131822 0
1231205 32108 m2 0.06005 0.548056 -0.146368 0 0.0120217
1231205 538679 m2 0.01465 0.304185 0.306357 0 0.0271584
1231205 436226 m2 0.01295 0.0234408 0.430912 0.0432943 0
1231205 373482 m2 0.0316 -0.453587 0.325477 -0.0778369 0
1231205 575685 m2 0.01495 0.107281 0.164001 0.0506175 0
1231205 678995 m2 0.01255 -0.387433 0.304867 -0.0425954 0
1231205 400749 m2 0.0615 0.243699 0.248479 -0.0064403 0
1231205 591103 m2 0.01265 -0.378486 0.378326 -0.0179466 0
1231205 622236 m2 0.0171 -0.264728 0.448467 0 0.028688
1231205 530272 m2 0.0337 -0.152823 0.427766 0 -0.0139619
1231205 269554 m2 0.10025 -0.406599 0.627853 0 0.0292896
1231205 25880 m2 0.03695 -0.350365 0.116764 0 0.0198271
1231205 242725 m2 0.26345 0.640547 0.503411 0.0828885 0
1231205 669286 m2 0.01985 -0.350479 0.400514 -0.0116477 0
1231205 713435 m2 0.01275 -0.336932 0.303235 0.014996 0
1231205 527941 m2 0.0444 0.0610131 0.295765 0.0376304 0
1231205 621966 m2 0.0133 -0.281932 0.324897 -0.0472541 0
1231205 542625 m2 0.0169 -0.348152 0.213537 0.0344314 0
1231205 187632 m2 0.0709 0.438156 0.510344 0 0.00408879
1231205 302845 m2 0.0351 -0.475193 0.0557055 -0.0649335 0
1231205 626443 m2 0.027 0.22133 0.397196 -0.00733439 0
1231205 320705 m2 0.11985 0.697142 0.106347 0.0616791 0
1231205 601292 m2 0.0137 -0.347487 0.326947 0 0.0475484
1231205 476827 m2 0.0606 -0.390366 0.471559 -0.023772 0
1231205 612452 m2 0.02585 -0.151659 0.462803 0 -0.00338177
1231205 600278 m2 0.02 -0.42379 0.392051 -0.0190292 0
1231205 676161 m2 0.0139 0.355621 0.0997266 0 -0.0132647
1231205 232636 m2 0.03755 0.0913653 0.165375 -0.00481785 0
1231205 594806 m2 0.0264 0.084513 -0.431349 0 -0.0500527
1231205 540640 m2 0.0242 0.201658 0.515523 0.0350335 0
1231205 353729 m2 0.05175 0.371314 -0.31773 0 0.010952
1231205 134241 m2 0.0296 -0.368256 0.434336 -0.0578321 0
1231205 542619 m2 0.03515 0.153659 0.530147 0 -0.00424187
1231205 158689 m2 0.0174 0.303251 0.326408 0.0398558 0
1231205 213587 m2 0.0295 0.330744 0.528836 0 0.0729253
1231205 278624 m2 0.06725 -0.331919 0.538346 0 0.00807584
1231205 617939 m2 0.01315 0.399152 0.430588 0 -0.0357696
1231205 344056 m2 0.02655 0.0408284 0.0929037 0.00729115 0
1231205 374733 m2 0.0193 -0.0283204 0.52865 0.00421924 0
1231205 18414 m2 0.24045 -0.38726 0.658108 0 0.0771054
1231205 634006 m2 0.0109 0.321649 0.334558 -0.0293063 0
1231205 696527 m2 0.01185 -0.376654 0.376383 0 0.0836829
1231205 647356 m2 0.0211 -0.449969 0.263986 0 0.0276559
1231205 349999 m2 0.04715 -0.104787 0.580573 0 0.0111409
1231205 291269 m2 0.0157 0.372233 0.22524 0.0419561 0
1231205 92975 m2 0.1691 -0.356573 -0.487318 0 0.0547823
1231205 288773 m2 0.08625 -0.563729 0.299209 -0.0255956 0
1231205 186625 m2 0.0316 -0.468656 0.435116 0 0.0133091
1231205 425899 m2 0.01345 -0.100015 0.00104524 0 0.043041
1231205 253464 m2 0.0268 -0.351617 0.534597 0 0.0876228
1231205 545145 m2 0.0101 0.494339 0.299025 0.0298612 0
1231205 677930 m2 0.01155 -0.252912 0.0360233 0 0.0364407
1231205 696769 m2 0.0109 0.272277 0.343036 0 -0.0121076
1231205 303539 m2 0.0156 0.313805 0.216098 0.0513298 0
1231205 324717 m2 0.02515 0.217324 0.183275 0 -0.0716846
1231205 193362 m2 0.01125 -0.322286 0.282407 0 0.0297973
1231205 407407 m2 0.04425 0.339437 0.545662 0 0.02857
1231205 219459 m2 0.1179 -0.594674 0.212797 -0.046774 0
1231205 484833 m2 0.012 0.390536 0.28702 -0.0313122 0
1231205 201994 m2 0.0221 0.277393 0.326268 0.0798301 0
1231205 285002 m2 0.0729 -0.45953 -0.474875 -0.0380792 0
1231205 706301 m2 0.0127 -0.336172 0.167035 0 -0.00866977
1231205 535819 m2 0.0113 -0.357029 0.221174 0 0.0898953
1231205 648556 m2 0.03075 0.482172 0.280257 -0.00498614 0
1231205 514895 m2 0.0224 0.00947122 0.419483 0.00928941 0
1231205 124998 m2 0.02475 -0.423443 0.289504 0 -0.0202505
1231205 10284 m2 0.04545 -0.295015 0.346909 0 -0.000272431
1231205 438194 m2 0.03625 -0.35503 0.349421 0 0.055291
1231205 223040 m2 0.02435 0.0934191 0.379596 0 0.0607989
1231205 554687 m2 0.0255 -0.362625 0.299849 -0.000416095 0
1231205 123463 m2 0.0451 -0.539954 -0.302848 0 -0.0325163
1231205 402435 m2 0.0181 0.113408 -0.4153 -0.0458674 0
1231205 317771 m2 0.0392 0.313608 0.388108 0 -0.000924538
1231205 320197 m2 0.0236 0.388795 -0.0274617 0 0.0395935
1231205 443518 m2 0.0238 0.370499 0.238759 0 -0.0144416
1231205 697780 m2 0.0108 -0.232658 0.23309 0 -0.0429539
1231205 671524 m2 0.01765 -0.0244671 0.391609 0 0.00917428
1231205 582813 m2 0.01625 0.0441188 0.253033 0 -0.00255052
1231205 580039 m2 0.018 -0.143853 0.414298 0 0.0576125
1231205 190348 m2 0.10775 0.618036 0.226206 0 -0.000340118
1231205 583884 m2 0.03105 -0.105239 0.297585 0 0.0243398
1231205 638708 m2 0.0188 -0.38855 0.0378172 0.00552451 0
1231205 678966 m2 0.04655 -0.368655 0.424872 0 0.0332869
1231205 573729 m2 0.03285 0.397039 0.0382235 0 -0.00310978
1231205 572237 m2 0.01255 -0.0957495 0.00215134 0 -0.0870344
1231205 380974 m2 0.0149 0.45292 0.240064 0.0675039 0
1231205 10994 m2 0.08395 0.0928443 0.226478 -0.0170935 0
1231205 631454 m2 0.02205 0.0440977 0.398297 0 -0.00926259
1231205 653047 m2 0.0124 -0.127244 0.289125 0 -0.0174815
1231205 592330 m2 0.01525 -0.0600123 0.264228 0 -0.0034191
1231205 642364 m2 0.01105 -0.363438 0.108901 0.0130344 0
1231205 330559 m2 0.0155 -0.259775 0.38517 0 0.0163191
1231205 303079 m2 0.0987 0.325017 0.616225 0 0.0859378
1231205 663529 m2 0.01075 -0.0136444 0.118678 -0.00364332 0
1231205 397245 m2 0.071 0.296133 0.396906 0 0.0497887
1231205 594071 m2 0.0168 -0.352079 0.286579 0 -0.0263441
1231205 210325 m2 0.05405 -0.17316 0.55613 -0.0144869 0
1231205 76516 m2 0.0404 -0.494626 0.15749 -0.0338667 0
1231205 511598 m2 0.06495 0.613633 -0.129039 0 0.0104025
1231205 101794 m2 0.0521 -0.478065 0.356775 -0.0227765 0
1231205 368037 m2 0.03085 -0.385453 0.185619 0 0.00433674
1231205 21780 m2 0.2878 -0.313744 0.499783 0 0.0315374
1231205 494813 m2 0.04395 -0.294994 -0.183294 0 0.0412284
1231205 123445 m2 0.03215 -0.364796 0.234667 -0.0181643 0
1231205 517664 m2 0.06635 0.581565 -0.0521533 0 -0.0202983
1231205 392129 m2 0.01475 -0.153116 0.184258 0.0162889 0
1231205 397484 m2 0.03 -0.416726 0.0642733 0 -0.00404616
1231205 135192 m2 0.01535 -0.320945 0.0896666 -0.0263262 0
1231205 306449 m2 0.044 0.306198 0.0228985 0.0569801 0
1231205 581998 m2 0.02725 -0.148668 0.362643 0 0.0668938
1231205 651816 m2 0.0106 0.153318 -0.0225638 0 0.0891651
1231205 703255 m2 0.01085 -0.428133 0.222929 0 -0.058838
1231205 474997 m2 0.036 -0.347192 0.413386 0 0.0512958
1231205 261989 m2 0.02945 0.402987 -0.221751 0.028341 0
1231205 14838 m2 0.3771 -0.287752 -0.671549 -0.0283356 0
1231205 512617 m2 0.04655 -0.376016 0.477503 0 -0.0328935
1231205 323437 m2 0.04335 -0.392434 0.410449 0 -8.22398e-05
1231205 495533 m2 0.0354 -0.00913572 0.536377 0.0305319 0
1231205 526636 m2 0.0121 0.0634461 -0.165391 0 -0.0152594
1231205 393666 m2 0.01505 0.273925 0.42069 -0.00969974 0
1231205 312220 m2 0.03345 -0.460035 0.197249 0 0.025305
1231205 616160 m2 0.0107 -0.320609 0.334145 0.0171692 0
1231205 15835 m2 0.23485 -0.538973 -0.371985 -0.0239693 0
1231205 352929 m2 0.05095 -0.495009 0.345832 -0.0433164 0
1231205 261984 m2 0.03885 0.228696 0.172872 0 0.0785253
1231205 532254 m2 0.0119 -0.142697 0.300156 0 -0.0557223
1231205 379203 m2 0.03565 0.426645 0.423432 0.0442968 0
1231205 251224 m2 0.03205 -0.364393 0.234159 0 0.0598057
1231205 520611 m2 0.06825 -0.287347 0.329426 0 0.0188606
1231205 675360 m2 0.0243 0.129988 0.0671182 -0.0188773 0
1231205 544599 m2 0.0182 -0.0579935 0.385872 0 0.000314049
1231205 108348 m2 0.09635 -0.543412 0.403459 0 -0.000772364
1231205 381740 m2 0.0301 0.318446 0.446558 0 0.0129908
1231205 486066 m2 0.0456 0.52579 0.199625 0.00996835 0
1231205 601998 m2 0.0501 0.25177 0.61084 0 0.048146
1231205 201000 m2 0.02655 -0.372075 0.348406 -0.0407005 0
1231205 542318 m2 0.05655 -0.613817 0.125033 0 0.0225737
1231205 551777 m2 0.01685 0.269908 0.273364 0.0295334 0
1231205 709826 m2 0.0164 -0.187784 0.142317 0.00748539 0
1231205 689279 m2 0.0169 0.177255 0.441231 0.0320412 0
1231205 296058 m2 0.0163 -0.297936 0.27595 -0.0160885 0
1231205 148755 m2 0.0218 0.316941 0.381521 0.0539807 0
1231205 690269 m2 0.0143 0.129631 0.345552 0.0405225 0
1231205 238313 m2 0.1226 0.567052 -0.0961101 0 -0.006949
1231205 649307 m2 0.0117 -0.377167 0.260266 0.0553022 0
1231205 437656 m2 0.0445 0.585193 0.179439 0.0665887 0
1231205 494308 m2 0.0179 0.0895673 0.338145 0 0.0290998
1231205 677632 m2 0.01155 -0.113745 0.127928 -0.00748609 0
1231205 204417 m2 0.11035 -0.0556836 -0.711691 0 -0.0597257
1231205 670536 m2 0.01815 0.378603 0.181411 0 -0.0846559
1231205 630172 m2 0.02635 -0.459069 0.243354 -0.0490236 0
1231205 711568 m2 0.01195 -0.369886 0.109126 0 0.066112
1231205 615938 m2 0.0513 0.280081 0.162084 0.046741 0
1231205 153046 m2 0.01805 0.208124 0.264156 0.0250058 0
1231205 30989 m2 0.06005 -0.441864 0.115339 -0.0399784 0
1231205 574686 m2 0.0222 -0.371008 0.179524 -0.012129 0
1231205 677355 m2 0.0158 0.361037 0.337587 0 0.0366541
1231205 683959 m2 0.0109 0.0636189 0.226119 -0.0108285 0
1231205 628422 m2 0.0119 -0.249611 0.275903 0 0.0478324
1231205 625157 m2 0.04465 0.2532 0.510348 0 0.0507999
1231205 338015 m2 0.03795 -0.359298 0.0757195 0 0.0880675
1231205 710582 m2 0.02045 -0.30504 0.418279 0.0258128 0
1231205 200296 m2 0.0172 0.434091 0.0765751 0 -0.0741391
1231205 709116 m2 0.019 -0.117565 0.382275 0 -0.0553769
1231205 63761 m2 0.05655 -0.171337 -0.00491898 0 -0.0371627
1231205 409288 m2 0.01855 -0.0751806 0.416605 0 0.0411404
1231205 164041 m2 0.0213 0.333284 0.443558 0.0172436 0
1231205 206217 m2 0.0832 0.197546 0.628109 0 0.0499835
1231205 225813 m2 0.0607 -0.190851 0.664903 0 0.0400506
1231205 518611 m2 0.01505 0.0982936 0.354367 -1.80931e-05 0
1231205 438911 m2 0.0302 0.390936 0.351511 0 0.139456
1231205 420421 m2 0.01805 0.188933 0.540022 0 -0.0374199
1231205 681165 m2 0.0192 0.0637731 0.468154 0 -0.0278794
1231205 498759 m2 0.02425 0.30776 0.251552 0 0.0127409
1231205 212029 m2 0.04055 -0.449344 -0.421061 -0.0850905 0
1231205 120085 m2 0.0467 -0.1773 0.485793 -0.0181277 0
1231205 48249 m2 0.0928 -0.526828 -0.333098 -0.0188682 0
1231205 55570 m2 0.11145 0.545176 0.405653 0.085217 0
1231205 353430 m2 0.0416 -0.202091 0.145916 0 0.0744838
1231205 435165 m2 0.0123 -0.138535 0.0398017 0 -0.045006
1231205 567161 m2 0.01125 0.260445 0.401863 0 -0.0366535
1231205 464802 m2 0.0315 -0.0509814 0.621652 0 0.0102475
1231205 659590 m2 0.02145 0.368212 0.398965 0 -0.0534305
1231205 642339 m2 0.01515 0.4119 0.329998 0.039343 0
1231205 113820 m2 0.0248 -0.460831 0.121534 -0.0337045 0
1231205 687041 m2 0.01005 0.377967 -0.0678694 0.0518715 0
1231205 116059 m2 0.10535 -0.47783 0.548783 0 -0.00341414
1231205 148742 m2 0.134 0.223916 0.425391 0.00743569 0
1231205 439641 m2 0.05625 0.518562 0.0735992 0 -0.00321682
1231205 48537 m2 0.06305 0.0679804 0.542586 0 0.0904051
1231205 637941 m2 0.0232 -0.221031 0.0224355 0 -0.0564097
1231205 261727 m2 0.0152 -0.175746 0.278525 0.00916158 0
1231205 390300 m2 0.01515 0.414292 0.320872 0 -0.0767427
1231205 370302 m2 0.01435 -0.0107724 -0.469752 0.047939 0
1231205 607695 m2 0.0273 -0.414832 0.359456 0.000320807 0
1231205 516113 m2 0.01915 -0.44891 0.336205 0 0.0608075
1231205 556672 m2 0.0432 -0.290666 0.578766 0 -0.0187761
1231205 411313 m2 0.01045 0.213 0.362161 -0.002182 0
1231205 433615 m2 0.01935 -0.413143 0.0978046 -0.0278619 0
1231205 667723 m2 0.01575 -0.219277 -0.0741682 -0.0149325 0
1231205 648786 m2 0.0102 -0.351224 0.136172 0 0.020527
1231205 417409 m2 0.0575 0.514784 -0.251628 0.00695676 0
1231205 445988 m2 0.05045 -0.263632 0.57776 -0.0428754 0
1231205 100523 m2 0.0683 -0.404859 -0.23657 0.0200494 0
1231205 170671 m2 0.02925 -0.208003 0.190353 0 0.0680582
1231205 492040 m2 0.0407 0.465223 0.344413 0.0391393 0
1231205 221164 m2 0.0153 0.142722 -0.0605652 0 -0.0107651
1231205 418879 m2 0.0165 -0.38446 0.384205 0 -5.61837e-06
1231205 606954 m2 0.02515 0.102977 0.519396 0 0.0649033
1231205 612140 m2 0.0308 0.188918 0.459766 0.0073669 0
1231205 254403 m2 0.198 -0.410596 0.644508 0 0.0378451
1231205 464582 m2 0.0218 -0.213741 0.278785 0.010051 0
1231205 588867 m2 0.0547 0.546946 0.0698475 0.0633984 0
1231205 639888 m2 0.0105 -0.351612 0.124717 0 0.0136468
1231205 376666 m2 0.0586 -0.309175 0.577522 0 0.027811
1231205 459832 m2 0.0178 0.0535187 0.448884 0 0.0792743
1231205 467487 m2 0.0419 -0.0656554 0.267923 0.0110372 0
1231205 476989 m2 0.0102 0.0843481 -0.0953897 -0.0500825 0
1231205 678921 m2 0.0288 0.189172 0.363783 0 -0.0414923
1231205 74323 m2 0.1774 -0.655953 -0.250642 -0.0151876 0
1231205 74867 m2 0.246 -0.24382 -0.87836 0 -0.0829697
1231205 385262 m2 0.09165 -0.44129 -0.253291 0 0.0626179
1231205 398904 m2 0.02995 -0.0295046 -0.039954 0 -0.0570974
1231205 265249 m2 0.0237 0.233072 0.517563 0 0.0348325
1231205 78904 m2 0.10465 0.623044 0.340547 0.00336871 0
1231205 539611 m2 0.03205 -0.0499301 -0.139398 0 -0.0661201
1231205 601705 m2 0.0287 0.408889 0.356238 0 0.0513612
1231205 723175 m2 0.01305 0.0457942 0.0601265 0 0.0704245
1231205 453107 m2 0.01255 0.298562 0.305558 0 0.0169965
1231205 528420 m2 0.0114 -0.26606 0.312796 0 0.0693388
1231205 399926 m2 0.024 -0.128688 -0.337825 -0.120387 0
1231205 399925 m2 0.01205 -0.426792 0.305532 0 0.0152045
1231205 80866 m2 0.0278 -0.111756 0.326295 0.0159743 0
1231205 595959 m2 0.01685 -0.155147 0.292204 0 -0.000640615
1231205 513840 m2 0.0276 0.0375095 0.490666 0 0.0205945
1231205 66930 m2 0.27635 -0.566384 0.491415 0 0.0385879
1231205 185042 m2 0.0369 0.10444 0.620449 -0.0278702 0
1231205 235505 m2 0.0198 0.383723 0.167731 0 -0.0494028
1231205 349157 m2 0.01785 0.288571 0.269974 0.0755544 0
1231205 574413 m2 0.01405 -0.184316 0.163375 0 0.0112816
1231205 46931 m2 0.02335 -0.414831 0.232334 -0.0211388 0
1231205 386009 m2 0.03945 -0.454402 -0.172506 0 0.0322707
1231205 116589 m2 0.0422 -0.268003 -0.350326 0 -0.00965367
1231205 507983 m2 0.0189 0.469401 0.150791 0 -0.00108223
1231205 570726 m2 0.0182 -0.498185 0.293942 0 -0.0946532
1231205 597978 m2 0.0499 0.498351 0.251356 0 0.045704
1231205 632695 m2 0.03515 0.398827 0.275524 0 -0.00890587
1231205 505669 m2 0.02275 0.455406 0.239189 -0.0287371 0
1231205 94823 m2 0.0419 0.131676 0.20736 0 0.0913237
1231205 353407 m2 0.0242 0.422004 -0.292851 0 -0.000505301
1231205 212276 m2 0.2121 0.308304 0.65808 0.00771519 0
1231205 67623 m2 0.0867 0.310881 -0.0462211 0 -0.0253536
1231205 67143 m2 0.04365 0.467314 0.323304 -0.0409982 0
1231205 478204 m2 0.03035 0.381296 0.0723425 0 0.00660335
1231205 661481 m2 0.01095 -0.307285 0.054946 -0.00624693 0
1231205 116586 m2 0.07135 -0.478304 0.461447 -0.0394171 0
1231205 614126 m2 0.0124 -0.25514 -0.101189 0 -0.0383182
1231205 419886 m2 0.0649 -0.612758 -0.234782 0 -0.028264
1231205 262451 m2 0.0192 0.00888838 0.319811 -0.0134055 0
1231205 625863 m2 0.0109 -0.0683293 0.346973 -0.00625218 0
1231205 114267 m2 0.0649 0.359574 -0.224352 -0.0180931 0
1231205 601211 m2 0.01465 0.211336 -0.158775 -0.0548611 0
1231205 56740 m2 0.3613 -0.014969 -0.932853 0 -0.0727056
1231205 417612 m2 0.04795 -0.381763 0.430061 -0.015004 0
1231205 62216 m2 0.2258 -0.420872 0.577229 0 0.0272975
1231205 198026 m2 0.02465 0.0457798 0.273284 0 -0.0142379
1231205 541056 m2 0.06215 0.439855 0.0182427 0.0142178 0
1231205 67374 m2 0.18655 -0.534058 -0.349431 0.0143603 0
1231205 425821 m2 0.07945 0.428068 0.459994 0.0549447 0
1231205 671218 m2 0.01625 0.241675 -0.194605 0 -0.0086849
1231205 62516 m2 0.1205 -0.0438326 0.456993 0 0.0315412
1231205 346241 m2 0.0357 0.505991 -0.373178 0.0981155 0
1231205 258105 m2 0.01675 0.337625 0.131373 0.00919978 0
1231205 67387 m2 0.12725 -0.411976 0.109588 0.00995946 0
1231205 680393 m2 0.0104 0.375982 -0.0273636 0.0519132 0
1231205 102725 m2 0.15645 0.678755 -0.380036 0.0481797 0
1231205 564555 m2 0.03825 0.038499 0.253218 0 -0.0774032
1231205 550994 m2 0.02315 -0.2459 0.29044 0 0.00125741
1231205 565839 m2 0.024 0.129928 -0.128801 -0.0184644 0
1231205 397911 m2 0.0145 0.0708453 0.403517 0.0340465 0
1231205 462542 m2 0.0753 0.413928 0.530059 0.0292018 0
1231205 701642 m2 0.02045 -0.31668 0.0640533 0.0112867 0
1231205 679644 m2 0.029 0.288762 -0.183251 0.0139259 0
1231205 126138 m2 0.05165 0.204795 0.524286 0 -0.0179988
1231205 513098 m2 0.01175 0.131715 0.516783 0 -0.0131055
1231205 152220 m2 0.074 0.294309 0.539553 0 0.0542932
1231205 387498 m2 0.0308 -0.463279 -0.389703 -0.0206496 0
1231205 90341 m2 0.1168 -0.438781 0.397207 0 0.0502115
1231205 647741 m2 0.0234 -0.00425835 -0.171038 0 0.000846765
1231205 576611 m2 0.02125 -0.148737 0.321949 0 -0.0571866
1231205 637421 m2 0.03325 0.305225 0.0738779 0.00484043 0
1231205 72074 m2 0.07275 0.381211 -0.433617 0.00428915 0
1231205 676815 m2 0.0202 -0.404807 0.294797 0 0.0883744
1231205 503303 m2 0.01095 0.0746048 0.157722 0 0.00571902
1231205 173696 m2 0.02475 -0.197329 0.337333 -0.0720113 0
1231205 572162 m2 0.01525 0.293048 -0.0413681 0 -0.0443293
1231205 170633 m2 0.0195 0.281069 0.342552 0 0.00870406
1231205 141428 m2 0.0888 0.535216 0.440589 0 -0.0132504
1231205 363348 m2 0.0193 -0.0553817 0.40375 0 0.0445042
1231205 532197 m2 0.0465 0.294769 0.118852 0 0.051069
1231205 513819 m2 0.0175 0.195894 0.425689 0.0190444 0
1231205 326614 m2 0.0678 0.585091 -0.0559662 0.0684837 0
1231205 670975 m2 0.01195 -0.248448 0.0891585 0.0223253 0
1231205 359140 m2 0.0244 -0.230625 0.41004 0 0.0318149
1231205 572909 m2 0.01545 0.170029 0.0514758 0 0.000191327
1231205 213704 m2 0.0355 0.202024 0.460575 0 0.000338979
1231205 172370 m2 0.0386 0.0965103 0.569033 -0.0112603 0
1231205 380418 m2 0.0453 0.114312 0.593653 0.00057135 0
1231205 177718 m2 0.16635 0.559382 -0.0975932 0 0.00902463
1231205 584500 m2 0.07885 -0.548806 -0.411141 -0.0263437 0
1231205 511077 m2 0.01005 -0.0924811 0.299162 -0.0713948 0
1231205 97506 m2 0.04965 0.238104 0.512304 0 -0.0343624
1231205 151201 m2 0.14575 0.320695 -0.266449 0.0015955 0
1231205 108806 m2 0.22575 0.153488 -0.00842526 0.00426798 0
1231205 229992 m2 0.01015 0.186978 0.338537 -0.0143827 0
1231205 145994 m2 0.06415 -0.491431 0.223925 -0.0387847 0
1231205 124654 m2 0.1816 0.511005 -0.529397 0 -0.0656361
1231205 132649 m2 0.0194 0.203194 0.504858 0 -0.0192067
1231205 111518 m2 0.0124 0.247323 -0.0162554 -0.00944876 0
1231205 191787 m2 0.15855 0.380408 0.621171 0 0.0328403
1231205 200691 m2 0.08775 0.594367 0.0285242 0.0900998 0
1231205 498948 m2 0.0137 0.0871242 0.374944 -0.0306446 0
1231205 600195 m2 0.0283 0.505164 0.262627 0 -0.00526239
1231205 237188 m2 0.33895 0.738659 -0.123234 0.0298594 0
1231205 616852 m2 0.0242 -0.420638 0.0816999 -0.0169791 0
1231205 462804 m2 0.03775 0.538498 0.302841 0 0.0327138
1231205 228282 m2 0.06035 -0.104336 0.0284056 0 0.0548045
1231205 148169 m2 0.03025 -0.110501 0.0743144 0.00963047 0
1231205 152951 m2 0.0592 0.222498 -0.216337 0 -0.0165157
1231205 150436 m2 0.19185 -0.255807 -0.472438 0 0.0252826
1231205 140421 m2 0.01865 -0.392794 -0.270501 -0.0270781 0
1231205 426280 m2 0.0145 0.0994485 0.251641 -0.055783 0
1231205 228280 m2 0.07925 -0.194835 0.655957 -0.000114737 0
1231205 275027 m2 0.0184 -0.312464 -0.349938 0.0133943 0
1231205 145122 m2 0.0529 0.552752 0.0528402 0.00528873 0
1231205 457776 m2 0.01285 -0.189407 0.384922 -0.0152928 0
1231205 179522 m2 0.04665 -0.418733 0.275302 0 0.0498025
1231205 412598 m2 0.01605 -0.284149 -0.273286 0 -0.0277459
1231205 634642 m2 0.0369 -0.041619 0.0864785 0 -0.0164425
1231205 573641 m2 0.03025 0.234901 0.0533371 0.0227558 0
1231205 473154 m2 0.0109 0.440978 0.298611 0.0449882 0
1231205 167310 m2 0.03425 -0.454438 0.440147 0 0.0226431
1231205 433314 m2 0.05255 -0.355195 0.313359 0 -0.0333794
1231205 656103 m2 0.01385 -0.309563 0.314043 0.0384483 0
1231205 477935 m2 0.03275 0.395745 0.263455 0 0.0276538
1231205 219615 m2 0.0584 -0.519889 0.282871 -0.0817967 0
1231205 232024 m2 0.0866 -0.50185 0.0782122 0 0.00870097
1231205 637135 m2 0.02845 -0.483171 0.0960615 0 0.0668522
1231205 447461 m2 0.01195 0.0299669 -0.250129 0 -0.00370439
1231205 650721 m2 0.01665 -0.418639 0.268045 0 -0.0566441
1231205 368708 m2 0.0387 0.468097 0.208968 0.0700121 0
1231205 194256 m2 0.0199 -0.291784 -0.374344 -0.0409481 0
1231205 625781 m2 0.0615 0.339906 -0.484553 0 -0.0210804
1231205 688747 m2 0.011 0.38041 -0.00555382 -0.0213054 0
1231205 323608 m2 0.03565 0.421927 0.118972 0.105058 0
1231205 188268 m2 0.0437 0.499336 0.0730846 0 -0.011565
1231205 249914 m2 0.06195 0.345413 0.621297 0 0.0862672
1231205 212956 m2 0.2102 -0.63114 0.286367 0 0.0331111
1231205 530411 m2 0.04145 0.602271 0.129255 0.0184577 0
1231205 563046 m2 0.0551 -0.125142 0.655502 0 0.00585039
1231205 195519 m2 0.0877 0.024367 0.663131 0 -0.0444408
1231205 252861 m2 0.0605 0.0226646 0.610484 0 -0.00166029
1231205 327098 m2 0.0356 0.305253 0.122211 -0.00117353 0
1231205 690905 m2 0.01255 -0.0862498 -0.251892 -0.0155708 0
1231205 627127 m2 0.01785 -0.304764 -0.236116 -0.0278157 0
1231205 479705 m2 0.0196 0.307233 0.135018 0 0.00772291
1231205 441150 m2 0.01545 0.00929132 0.156647 0 -0.0292804
1231205 595872 m2 0.01115 0.342723 0.136623 -0.0254735 0
1231205 371731 m2 0.01205 0.375324 0.367218 0.0108225 0
1231205 608909 m2 0.0157 0.39454 0.428803 0 0.0108649
1231205 364099 m2 0.04705 0.249156 -0.31971 -0.00669364 0
1231205 649483 m2 0.0168 -0.441913 0.285136 -0.043747 0
1231205 171348 m2 0.04335 -0.0413132 0.30179 0 0.0370899
1231205 346471 m2 0.1316 -0.271714 0.293583 -0.0301771 0
1231205 645024 m2 0.019 0.267213 0.378278 0 0.0269195
1231205 400131 m2 0.0453 0.469455 0.41488 0 0.0181265
1231205 576834 m2 0.0346 -0.453563 0.332007 0 -0.0458144
1231205 665451 m2 0.01145 -0.150006 -0.0509034 0 -0.00358506
1231205 475660 m2 0.06695 -0.530388 0.332424 -0.0220553 0
1231205 235226 m2 0.11155 0.285003 -0.314926 0 -0.0143667
1231205 445933 m2 0.03515 0.394656 -0.0107108 0 0.00159366
1231205 463042 m2 0.02545 0.382913 0.451135 0 0.0855919
1231205 309862 m2 0.08575 -0.264432 -0.58961 0 -0.0930084
1231205 661446 m2 0.01705 0.381523 -0.248129 0 0.0385245
1231205 533193 m2 0.0315 -0.230944 0.406283 0 0.00924757
1231205 271147 m2 0.24595 -0.135381 -0.883042 0 -0.0396379
1231205 240423 m2 0.11305 0.287177 0.113391 0.0398935 0
1231205 575338 m2 0.01675 -0.243546 -0.399802 -0.0426623 0
1231205 291434 m2 0.01225 -0.359026 -0.0250035 0 -0.0456293
1231205 221098 m2 0.22315 0.0909487 -0.414916 -0.034892 0
1231205 435614 m2 0.0281 0.0935397 0.372125 0 0.0124248
1231205 679106 m2 0.0205 -0.359616 -0.370803 0.00720158 0
1231205 268688 m2 0.0167 -0.0788273 -0.0880676 -0.0278088 0
1231205 302222 m2 0.0807 0.504141 -0.324078 0.0783034 0
1231205 636645 m2 0.01095 -0.355845 -0.358046 0.015211 0
1231205 221369 m2 0.11795 -0.380305 -0.535442 0.0131156 0
1231205 314428 m2 0.03005 0.0207173 -0.13073 0 -0.0151128
1231205 605372 m2 0.0152 0.223613 -0.0623325 0.0489209 0
1231205 635613 m2 0.01165 -0.292147 -0.0683757 -0.10171 0
1231205 369190 m2 0.01315 -0.16119 0.186484 0 -0.0714
1231205 427279 m2 0.01375 -0.184303 -0.0582817 0 0.00282391
1231205 463317 m2 0.0121 0.234967 -0.0870667 0 0.00370289
1231205 226213 m2 0.09545 -0.562224 0.340263 -0.0111298 0
1231205 246627 m2 0.11545 0.00678208 0.573041 -0.0238083 0
1231205 397092 m2 0.027 0.179314 0.146508 0.0395386 0
1231205 560740 m2 0.01795 -0.25459 0.154307 0 -0.0427552
1231205 426262 m2 0.04265 -0.0684871 0.124435 0 0.0436982
1231205 464742 m2 0.1105 0.398048 -0.61655 0 -0.0619691
1231205 358577 m2 0.1156 -0.257281 -0.369051 0 -0.00484447
1231205 589327 m2 0.0215 -0.206422 0.0520953 -0.0305571 0
1231205 535685 m2 0.01755 0.312643 -0.404556 0.0251816 0
1231205 247830 m2 0.0938 0.0398496 0.682426 0 0.0816107
1231205 395794 m2 0.06285 0.532988 0.191642 0.0734055 0
1231205 341989 m2 0.07745 -0.594998 -0.0413658 -0.0520842 0
1231205 497924 m2 0.01255 0.0719997 -0.145152 0.0372996 0
1231205 504078 m2 0.01325 -0.357409 0.194671 0 -0.025935
1231205 704404 m2 0.01095 -0.0933808 -0.154558 0 0.0220835
1231205 676300 m2 0.0179 -0.269873 -0.0184239 0 -0.0550433
1231205 288357 m2 0.02415 -0.170231 0.227947 0 0.0213534
1231205 594703 m2 0.06055 -0.328958 0.457675 -0.013248 0
1231205 583998 m2 0.0205 0.417374 0.021694 0 -0.0174669
1231205 523014 m2 0.0503 -0.342644 0.0999939 0 -0.0565159
1231205 331683 m2 0.0334 0.111768 -0.305265 0 -0.0445936
1231205 380081 m2 0.01115 -0.447767 0.165138 0 -0.0706406
1231205 325589 m2 0.2116 -0.275997 -0.530674 0 -0.00619063
1231205 253854 m2 0.1779 -0.353981 0.59107 0 0.0413806
1231205 246878 m2 0.1828 -0.63522 0.275614 -0.00701749 0
1231205 537991 m2 0.01635 -0.400958 -0.322664 0 0.0019658
1231205 701407 m2 0.0154 0.324305 -0.100047 0.0397798 0
1231205 524026 m2 0.0481 0.1677 -0.407055 -0.010961 0
1231205 631897 m2 0.0183 -0.317251 0.118915 0 -0.00368911
1231205 244817 m2 0.0916 -0.596874 0.213558 -0.0523718 0
1231205 277736 m2 0.0186 -0.35192 0.118645 -0.0223995 0
1231205 379575 m2 0.04 -0.531682 0.172707 -0.0203711 0
1231205 389493 m2 0.09895 0.448544 -0.261899 0 0.023299
1231205 455502 m2 0.03445 0.390893 0.432038 0 -0.0165819
1231205 400847 m2 0.08765 -0.39347 -0.213076 0 0.000590124
1231205 508690 m2 0.0184 -0.208081 0.21173 0 0.0228742
1231205 380340 m2 0.0428 0.249873 0.179047 0 -0.0297682
1231205 298228 m2 0.04485 -0.0123071 -0.265947 -0.00775297 0
1231205 319379 m2 0.0676 -0.196183 -0.362061 -0.0407499 0
1231205 576324 m2 0.02295 -0.344533 0.353697 0.0290033 0
1231205 483943 m2 0.01245 -0.371386 -0.117095 0 0.0100645
1231205 339676 m2 0.0165 -0.168614 0.323621 0 0.0376061
1231205 453285 m2 0.01305 -0.0922249 0.483938 0 -0.00969736
1231205 452546 m2 0.0234 -0.371792 -0.0110637 -0.00696113 0
1231205 501011 m2 0.0281 0.158292 0.464704 -0.0376153 0
1231205 346456 m2 0.01165 0.0412348 0.038834 0.00253673 0
1231205 312114 m2 0.17685 -0.145 0.139129 -0.0445916 0
1231205 651445 m2 0.02695 0.231275 -0.0249649 0.012174 0
1231205 305352 m2 0.02725 0.0537671 0.451425 -0.033393 0
1231205 365319 m2 0.09535 -0.0264305 0.255259 -0.0103404 0
1231205 310634 m2 0.02025 0.190549 0.420591 0.0149796 0
1231205 565042 m2 0.02345 -0.371078 0.37712 0 -0.00453686
1231205 401117 m2 0.013 -0.271798 0.362536 0.0298163 0
1231205 552653 m2 0.02735 -0.410535 -0.422621 0 0.0117211
1231205 591456 m2 0.01035 -0.18007 -0.221481 0 0.0555792
1231205 681867 m2 0.01475 0.216338 -0.126098 0 -0.00603976
1231205 440311 m2 0.15075 -0.105346 -0.601833 0 -0.00957902
1231205 495441 m2 0.02675 0.40819 -0.0811264 0 -0.023453
1231205 483450 m2 0.06855 0.378126 -0.112009 0 -0.0215261
1231205 689425 m2 0.0285 -0.14566 -0.200484 0 -0.0932046
1231205 345386 m2 0.03625 -0.490797 -0.0922535 -0.0425928 0
1231205 441122 m2 0.0104 0.444197 0.00288252 0 0.0389346
1231205 347662 m2 0.0127 0.322772 0.188889 0.0543533 0
1231205 409964 m2 0.08205 -0.611215 -0.407122 -0.0287957 0
1231205 688722 m2 0.01375 0.385696 -0.0866328 0 -0.0063393
1231205 576290 m2 0.0204 -0.353127 -0.089887 0 -0.0609758
1231205 670203 m2 0.0213 0.411474 -0.214205 0 0.0466469
1231205 547270 m2 0.0227 -0.15858 0.0607268 -0.0389416 0
1231205 610083 m2 0.0195 0.400139 -0.436521 0.103384 0
1231205 482375 m2 0.09365 -0.504518 0.446408 -0.00666135 0
1231205 397119 m2 0.02235 -0.26476 0.253401 0 -0.062581
1231205 695880 m2 0.02845 -0.20987 -0.233833 0.0176184 0
1231205 441076 m2 0.04755 -0.0532862 0.0413775 0 -0.0191332
1231205 544753 m2 0.01385 -0.302939 0.0857428 -0.00183192 0
1231205 468637 m2 0.06185 0.412791 0.363113 0.0108102 0
1231205 608890 m2 0.05165 0.148776 0.203736 0 0.0270054
1231205 410765 m2 0.0134 -0.183676 0.152903 0.0342886 0
1231205 543005 m2 0.0104 -0.212385 0.392048 -0.0202605 0
1231205 387415 m2 0.0313 0.358058 -0.412927 0.114552 0
1231205 615851 m2 0.027 -0.354447 0.234427 0 0.0114852
1231205 430444 m2 0.03095 0.336092 -0.195926 0 -0.0247457
1231205 587233 m2 0.0299 0.0689785 -0.169789 0.0471618 0
1231205 492959 m2 0.02675 0.40819 -0.0811264 0 0.0506973
1231205 482919 m2 0.0101 0.214022 0.296418 0 0.000285125
1231205 605356 m2 0.01585 0.127772 -0.333915 0 0.00390166
1231205 467923 m2 0.04165 -0.496585 0.0947836 -0.030181 0
1231205 426494 m2 0.0258 -0.358223 0.334234 0 -0.0105319
1231205 536217 m2 0.03955 -0.39506 0.421033 -0.0562499 0
1231205 655813 m2 0.02425 -0.444734 0.339905 0 0.0222276
1231205 708478 m2 0.01015 0.441016 -0.0611852 0.0137024 0
1231205 582129 m2 0.033 0.36421 -0.343914 0 -0.00343875
1231205 507105 m2 0.01785 0.332953 0.402495 0 -0.0144357
1231205 563788 m2 0.01815 -0.40721 0.385373 0 0.0280685
1231205 555304 m2 0.01635 0.307002 -0.10697 0 0.0195037
1231205 558526 m2 0.04535 -0.595187 0.241174 -0.0671148 0
1231205 610824 m2 0.02455 0.444567 -0.229442 0 -0.0316193
1231205 619833 m2 0.0106 -0.310415 0.18297 0 -0.06807
1231205 551683 m2 0.0464 -0.461863 0.135094 0 0.0289454
1231205 525988 m2 0.0683 -0.563645 -0.430924 -0.0274943 0
1231205 459008 m2 0.0191 0.392424 0.340919 0 -0.045732
1231205 666883 m2 0.0211 -0.300726 -0.228951 0 0.0168158
1231205 529892 m2 0.02645 -0.373107 0.117095 0 0.0105649
1231205 690435 m2 0.0229 0.278308 -0.349927 0 0.0105957
1231205 665913 m2 0.01015 -0.164827 0.294363 0.0191078 0
1231205 435043 m2 0.074 -0.571092 -0.248059 0 -0.0780829
1231205 716525 m2 0.01075 0.326272 -0.288484 0.00663223 0
1231205 438326 m2 0.0722 -0.519474 0.412239 -0.0423132 0
1231205 511958 m2 0.0563 -0.352658 -0.335343 0 0.0187584
1231205 462989 m2 0.0199 0.168512 -0.191534 0 0.0222072
1231205 667151 m2 0.01035 -0.120957 0.0117118 0 0.0388566
1231205 699629 m2 0.0133 -0.297521 -0.390676 0 -0.0292345
1231205 434268 m2 0.0126 0.317576 0.0805962 0 0.0255478
1231205 641023 m2 0.0118 0.339255 0.00770084 0.000729575 0
1231205 629096 m2 0.01275 0.0395899 0.420937 0 -0.0254172
1231205 613314 m2 0.0284 -0.251773 -0.168086 -0.0157847 0
1231205 577078 m2 0.0311 0.0234294 0.0514087 0.0607534 0
1231205 689706 m2 0.0106 0.362737 0.106392 -0.0188651 0
1231205 575799 m2 0.06305 0.264214 -0.279292 0.00699199 0
1231205 584248 m2 0.0117 -0.0640874 0.112854 -0.0699465 0
1231205 572603 m2 0.04245 -0.516991 -0.367452 0 -0.000601953
1231205 572839 m2 0.01295 -0.161514 0.0319487 -0.0420236 0
1231205 611598 m2 0.01685 -0.338033 -0.403014 -0.0323205 0
1231205 662951 m2 0.02915 0.243444 -0.0315744 -0.0101041 0
1231205 669675 m2 0.01535 0.402174 -0.271402 0.0639401 0
1231205 694581 m2 0.02615 -0.0106757 -0.350471 0.0463231 0
1231205 706653 m2 0.013 0.404087 -0.299943 0.0249745 0
1231205 668694 m2 0.0349 -0.375812 -0.29316 0 -0.0997538
1231205 698381 m2 0.0156 0.111076 -0.371969 0.0561949 0
