seed mutID muttype p cor_sal cor_temp mutSalEffect mutTempEffect
1231243 548211 m2 0.068647 0.326319 0.425888 -0.0319261 0.0459485
1231243 724641 m2 0.0325012 0.225296 0.372147 0.0313647 -0.0479959
1231243 93879 m2 0.0761857 0.348517 0.41434 0.0528452 -0.0303941
1231243 522870 m2 0.0425861 0.316529 0.179423 -0.0144078 0.0761866
1231243 228783 m2 0.148827 0.507072 0.414993 -0.0395036 0.0493171
1231243 669429 m2 0.0103345 -0.0683498 0.198973 -0.0184914 -0.0351933
1231243 137151 m2 0.0987019 0.431803 0.419472 0.0699814 -0.0568245
1231243 544258 m2 0.0162756 0.29763 0.295761 -0.0357577 -0.000186395
1231243 217894 m2 0.0902646 0.393541 0.40175 -0.0686722 -0.00610192
1231243 501058 m2 0.122466 0.445246 0.441464 0.0769979 -0.0535456
1231243 143417 m2 0.0752871 0.377364 0.406143 -0.0355816 -0.0160282
1231243 541849 m2 0.0299551 0.205393 0.366361 0.0630734 0.0132478
1231243 463056 m2 0.0583125 0.295233 0.409456 0.0149176 -0.0221806
1231243 654797 m2 0.0437843 0.246007 0.394675 -0.0239058 -0.00256018
1231243 240617 m2 0.153869 0.554793 0.390171 0.0699045 0.114717
1231243 736486 m2 0.010634 0.105342 0.284151 -0.0832325 -0.00505733
1231243 24507 m2 0.0296056 0.308943 -0.0165279 -0.000365943 0.0321534
1231243 566677 m2 0.129755 0.537046 0.373232 0.0609175 0.0233467
1231243 306168 m2 0.097304 0.449635 0.342386 0.00130831 0.0131585
1231243 134199 m2 0.076635 0.366654 0.394094 -0.00300246 -0.0647491
1231243 106035 m2 0.13989 0.506439 0.347437 0.00764342 0.000941068
1231243 425344 m2 0.0512731 0.272364 0.401336 0.0169718 0.0881374
1231243 161780 m2 0.0912132 0.386858 0.436394 -0.00111802 0.0153706
1231243 647303 m2 0.0276585 0.19458 0.364807 -0.00132692 -0.102688
1231243 561734 m2 0.0430854 0.248247 0.378146 0.0114082 0.0566123
1231243 134198 m2 0.065302 0.298588 0.421741 -0.0182691 0.0298823
1231243 237075 m2 0.14688 0.277556 0.226121 0.0260372 -0.00562495
1231243 346988 m2 0.0740389 0.33946 0.426828 0.00916463 0.0333831
1231243 599781 m2 0.0488767 0.249303 0.393859 -0.0249636 -0.0259841
1231243 257291 m2 0.0221667 -0.0233071 0.177276 0.00571452 0.0119307
1231243 125827 m2 0.155267 0.556284 0.410977 -0.01171 -0.0572479
1231243 695767 m2 0.0466301 0.260064 0.389006 -0.0191474 0.0602783
1231243 360388 m2 0.0998502 0.476113 0.359878 -0.0310724 -0.00827751
1231243 535501 m2 0.047329 0.265889 0.40602 -0.0186996 -0.0206106
1231243 217406 m2 0.0929106 0.538934 0.158717 0.0591361 -0.0266216
1231243 531691 m2 0.115726 0.41644 0.436845 -0.0368365 -0.056505
1231243 553165 m2 0.0504244 0.27154 0.402135 0.0628754 -0.0135597
1231243 83540 m2 0.242137 0.499094 0.350356 0.0757963 0.03001
1231243 562738 m2 0.0396405 0.239743 0.391351 0.00145033 0.0426214
1231243 386066 m2 0.125412 0.462793 0.424792 0.0668061 0.0832114
1231243 726839 m2 0.0144284 0.266752 0.284592 0.0057437 -0.0555113
1231243 678668 m2 0.0411383 0.247069 0.383946 -0.0270531 0.0157032
1231243 537778 m2 0.0501248 0.379085 0.131529 0.0381946 0.00243485
1231243 673397 m2 0.0127309 0.284008 0.296906 0.0541768 0.0298203
1231243 640589 m2 0.0571643 0.277854 0.414121 0.00656249 0.0563636
1231243 539084 m2 0.0209186 -0.0502891 0.185622 -0.0286834 -0.0935368
1231243 175171 m2 0.0522217 0.268442 0.393322 -0.0177716 0.0195209
1231243 484328 m2 0.0603595 0.303864 0.415605 0.0946168 0.0852976
1231243 315823 m2 0.0462307 0.256832 0.385229 -0.0322039 0.021931
1231243 720426 m2 0.0321018 0.219424 0.376124 0.057156 0.0200609
1231243 433140 m2 0.106091 -0.167871 0.42996 0.0245891 0.0836319
1231243 102271 m2 0.0397404 -0.329331 0.233466 -0.0120681 0.0567978
1231243 700351 m2 0.0173739 0.145869 0.327854 -0.124259 0.0244334
1231243 318574 m2 0.0402896 0.0691721 0.299094 -0.0384229 -0.0435142
1231243 671420 m2 0.0150275 0.36611 0.327969 -0.00222177 0.0830946
1231243 729852 m2 0.0131303 0.291535 0.29187 0.00347981 0.0722127
1231243 601558 m2 0.0783824 0.366109 0.406557 0.0299024 0.000876695
1231243 350660 m2 0.0294558 -0.231094 0.225333 0.0136844 -0.0519342
1231243 686615 m2 0.0116825 0.26158 0.274475 -0.043448 -0.0633372
1231243 476305 m2 0.0533699 0.0849885 0.310388 0.0949099 -0.026538
1231243 437012 m2 0.0242137 -0.209941 0.21052 -0.00883437 0.0378724
1231243 714603 m2 0.0109835 -0.148374 0.164169 0.0368414 0.000822389
1231243 278333 m2 0.0400399 -0.320109 0.223002 -0.0957014 -0.00621334
1231243 511237 m2 0.0691962 -0.112132 0.359774 0.00474429 -0.0476303
1231243 727880 m2 0.0189216 0.071096 0.255977 -0.030863 0.0223979
1231243 561968 m2 0.0278083 -0.234526 0.232475 -0.0304655 0.00390626
1231243 15659 m2 0.0287069 -0.31455 0.208913 -0.0227783 -0.0166629
1231243 598228 m2 0.0286071 -0.221704 0.229913 -0.058579 0.0300671
1231243 474840 m2 0.0292561 -0.215946 0.232594 -0.0803207 0.045219
1231243 125321 m2 0.0901648 -0.183344 0.412029 0.0118465 0.0173682
1231243 407732 m2 0.0833749 0.0350645 0.371961 0.0150808 -0.0304702
1231243 557186 m2 0.0480779 -0.114985 0.254266 0.0742561 0.0484519
1231243 551438 m2 0.0117324 -0.204272 0.199858 0.0220143 0.0245433
1231243 182919 m2 0.105392 -0.199863 0.41902 0.0186771 0.04805
1231243 646482 m2 0.0545681 0.06959 0.302432 0.000106089 -0.0243851
1231243 617683 m2 0.0242636 -0.2358 0.233534 -0.0392817 -0.0248613
1231243 315546 m2 0.0221168 -0.174749 0.297106 0.0145484 0.0101042
1231243 691556 m2 0.0143285 -0.15776 0.16669 -0.0909495 0.00723102
1231243 178990 m2 0.0921118 -0.223043 0.389465 0.0224813 -0.00364647
1231243 120101 m2 0.0976535 -0.0316982 0.397515 0.00185053 0.0428976
1231243 350646 m2 0.0425362 0.414657 0.3176 0.0351701 0.0196362
1231243 345225 m2 0.117124 -0.0786912 0.432216 -0.00913679 0.0946857
1231243 656031 m2 0.0238642 0.107079 0.303311 0.00799308 -0.0700659
1231243 283047 m2 0.111732 -0.00624462 0.398613 -0.046204 0.0697699
1231243 658209 m2 0.0267099 -0.244699 0.227669 0.00318417 0.0356446
1231243 335025 m2 0.0125312 -0.199418 0.201405 -0.0468788 0.0205527
1231243 702646 m2 0.0158762 -0.0537603 0.182905 0.0114983 0.0239329
1231243 203096 m2 0.0109336 0.08882 0.264393 0.0809147 0.0515333
1231243 701076 m2 0.0133799 -0.0600903 0.188349 0.107226 0.0583972
1231243 211161 m2 0.137993 -0.086651 0.457906 -0.0144527 0.0235085
1231243 14356 m2 0.116925 -0.136459 0.452013 -0.0580482 0.0484182
1231243 20714 m2 0.134398 -0.118694 0.443883 -0.0147012 0.0634674
1231243 189519 m2 0.0428357 -0.289923 0.173952 -0.0318467 -0.00333428
1231243 392031 m2 0.081328 0.4292 0.133278 -0.0107126 -0.125566
1231243 278551 m2 0.0480779 0.103285 0.305931 0.024505 -0.00467921
1231243 386283 m2 0.0524214 -0.117325 0.266249 -0.00993102 0.0661697
1231243 704165 m2 0.0292062 -0.166037 0.288117 -0.00264194 -0.0373135
1231243 564932 m2 0.044683 -0.000671382 0.392793 -0.056501 0.0335128
1231243 161254 m2 0.0725911 0.0646028 0.353728 -0.0341755 0.00338946
1231243 412649 m2 0.12017 0.0420067 0.196481 0.025207 0.0321795
1231243 162246 m2 0.0795307 -0.231159 0.342963 -0.113993 -0.027905
1231243 495667 m2 0.017324 -0.117794 0.260318 -0.0706719 -0.0399017
1231243 702365 m2 0.0205192 0.0755935 0.283363 0.0759315 -0.058284
1231243 591480 m2 0.0315527 -0.165559 0.305351 -0.00948475 0.0229758
1231243 393537 m2 0.0417873 0.0513594 0.291393 0.0062472 0.0104479
1231243 292848 m2 0.0796306 0.0834378 0.382513 0.0451406 -0.0161833
1231243 393036 m2 0.0374938 0.0964161 0.292168 0.0215971 0.0411768
1231243 346442 m2 0.0296555 0.308988 -0.0164018 0.0707733 0.0320877
1231243 411721 m2 0.0425861 0.0359896 0.335471 -0.0504302 0.0627633
1231243 234541 m2 0.0300549 0.177848 0.201096 -0.00180193 -0.0313491
1231243 251721 m2 0.0831752 -0.23101 0.362596 -0.060868 0.00624447
1231243 358920 m2 0.0300549 -0.207851 0.234069 0.0050153 0.0486212
1231243 585236 m2 0.0865202 -0.0570176 0.428128 0.0267645 -0.0300505
1231243 283795 m2 0.0217174 0.114171 0.246351 -0.0106916 -0.0181477
1231243 441265 m2 0.0912631 -0.00819984 0.409862 -0.00533536 -0.0232096
1231243 423801 m2 0.0186221 -0.193733 0.0854684 -0.00466576 -0.00708072
1231243 282026 m2 0.0270594 0.0548208 0.300697 -0.0477747 0.0010961
1231243 617385 m2 0.0343984 -0.239602 0.29461 0.0239358 -0.0189302
1231243 363461 m2 0.0604094 0.275403 0.411374 0.00813686 0.00563371
1231243 645690 m2 0.0564154 -0.00153493 0.377976 0.0298982 0.0278699
1231243 71035 m2 0.152871 -0.158034 0.468616 -0.00171497 0.0771744
1231243 515308 m2 0.0531702 -0.126162 0.282503 0.0156014 0.0080739
1231243 557411 m2 0.0855716 0.0243711 0.374689 0.0472736 0.0939629
1231243 666245 m2 0.0216675 0.0548368 0.263692 -0.0338481 0.0245497
1231243 636796 m2 0.0308537 -0.0149391 0.345066 0.00531333 0.0484994
1231243 183409 m2 0.144134 -0.118801 0.459846 -0.00726582 -0.0263814
1231243 421565 m2 0.083325 -0.0296588 0.381734 -0.0402367 -0.00641717
1231243 680698 m2 0.011333 -0.114674 0.26567 -0.014196 -0.0223718
1231243 591719 m2 0.0704443 -0.065417 0.352032 -0.0148535 -0.0489331
1231243 57208 m2 0.320469 0.226194 0.581258 0.0637532 0.067122
1231243 350900 m2 0.0477284 0.0694606 0.306562 0.0313066 0.00346913
1231243 590728 m2 0.0207688 -0.213587 0.216137 -0.00749216 -0.00786009
1231243 440518 m2 0.0563655 0.329824 0.139581 -0.032683 0.0147885
1231243 471312 m2 0.0677484 -0.169548 0.429556 -0.018844 -0.0265973
1231243 492368 m2 0.0267599 -0.213406 0.228414 0.0698751 0.0386019
1231243 669090 m2 0.0427359 -0.123481 0.273103 0.0325894 0.0130262
1231243 105225 m2 0.0382426 0.135002 0.308466 0.023711 -0.0240302
1231243 546736 m2 0.0612082 0.143058 0.337314 0.0247157 0.00800933
1231243 546230 m2 0.0548178 -0.0947215 0.402382 -0.0267657 -0.00658711
1231243 493660 m2 0.0788318 0.0751217 0.395123 0.0232119 0.0217196
1231243 107722 m2 0.161907 0.376473 0.254974 0.0689287 0.0300152
1231243 645206 m2 0.0392911 -0.117634 0.245266 -0.0225817 0.0485126
1231243 410260 m2 0.0601098 0.0258689 0.345371 -0.00812185 0.0360864
1231243 693687 m2 0.0242137 0.100894 0.29097 0.000346321 0.00619495
1231243 599726 m2 0.0648028 -0.0111747 0.368777 0.00187528 -0.0512486
1231243 662650 m2 0.0156765 0.309501 0.143715 -0.00843945 -0.0527323
1231243 704661 m2 0.0134299 0.231984 0.0728036 0.00275582 0.0272726
1231243 691999 m2 0.0309536 0.018811 0.354307 0.0334015 0.0225176
1231243 631991 m2 0.0189216 -0.241955 0.0950638 -0.00481005 0.0520156
1231243 262224 m2 0.078033 -0.030573 0.382164 0.0405572 -0.0104133
1231243 459176 m2 0.0498752 0.0901034 0.319215 -0.0499162 -0.00214369
1231243 267835 m2 0.0345482 -0.178347 0.348826 -0.0529586 0.0120597
1231243 668573 m2 0.0292062 0.0600722 0.28526 -0.0168718 -0.0239605
1231243 708084 m2 0.0155267 0.296502 0.132278 0.00904116 0.0612723
1231243 413133 m2 0.122766 0.474237 0.155058 0.0872111 -0.0436439
1231243 350405 m2 0.0538692 0.0537919 0.356162 0.0365278 -0.00171908
1231243 693189 m2 0.0176236 0.100355 0.223806 0.049283 0.058353
1231243 281226 m2 0.0332002 0.284018 0.170449 0.0312095 -0.0168003
1231243 542511 m2 0.0880679 0.479907 0.133226 -0.0222302 -0.0770787
1231243 666231 m2 0.0650524 0.474413 0.0942236 0.0234542 -0.00442221
1231243 354375 m2 0.1331 0.546346 -0.11722 0.0470421 -0.0357542
1231243 430315 m2 0.101098 0.510814 0.127875 -0.000747843 0.0399034
1231243 711742 m2 0.0114329 0.244975 0.0292462 -0.00656012 -0.025857
1231243 684519 m2 0.0155766 0.0846234 0.208181 -0.0159096 -0.0199325
1231243 727324 m2 0.0143285 -0.0297746 0.349538 -0.0022074 0.0353674
1231243 599164 m2 0.0118323 -0.128328 -0.138176 -0.000267291 0.0206887
1231243 699792 m2 0.0211682 -0.118845 0.237141 -0.0250343 -0.0169522
1231243 340719 m2 0.0284573 -0.327272 0.216906 -0.0558084 -0.0780194
1231243 640987 m2 0.0347978 -0.237677 0.293771 0.042185 0.0204627
1231243 526816 m2 0.0128308 -0.0823661 0.206346 -0.0412399 0.0598102
1231243 317507 m2 0.138093 -0.327046 0.337616 -0.0683231 0.0564704
1231243 541782 m2 0.0177234 -0.0491829 0.193017 -0.0373533 0.0612622
1231243 220490 m2 0.0597604 -0.122493 0.315742 -0.00110041 -0.0512141
1231243 396043 m2 0.22686 -0.164331 0.480529 0.0311657 -0.00870035
1231243 683732 m2 0.0259611 0.309719 0.174382 0.0127132 0.0370607
1231243 346174 m2 0.141737 -0.221959 0.439859 -0.00291873 -0.0290122
1231243 291563 m2 0.0582127 0.341727 0.133662 0.0611464 0.0475016
1231243 681660 m2 0.0323515 -0.340942 0.273445 -0.0952378 -0.00939666
1231243 663896 m2 0.0205691 -0.110396 0.26769 -0.027869 0.0591519
1231243 342247 m2 0.237194 0.0783789 0.361176 -0.0295732 -0.050468
1231243 374437 m2 0.0255117 -0.296389 0.19825 -0.0149428 -0.0375037
1231243 608768 m2 0.0254618 0.06447 0.286427 0.0102386 0.00244503
1231243 663403 m2 0.0135297 0.208656 0.0749921 -0.0422201 0.0589354
1231243 319006 m2 0.155816 -0.232098 0.267241 -0.011024 -0.049897
1231243 18916 m2 0.0448827 -0.279625 0.269083 0.0435263 -0.0267325
1231243 689299 m2 0.0387918 -0.169779 0.299074 -0.012787 -0.0611827
1231243 369989 m2 0.0919121 -0.172294 0.0397813 -0.0793353 0.037067
1231243 365214 m2 0.0327009 -0.308141 0.209798 -0.0619028 -0.0376845
1231243 697465 m2 0.0308038 0.298973 0.151871 0.0783089 0.0600539
1231243 638803 m2 0.0868697 -0.303876 0.240734 0.0015025 -0.0474227
1231243 648229 m2 0.0193709 0.326317 0.180436 -0.0485507 0.0243206
1231243 498229 m2 0.127808 -0.336705 0.336187 0.00487508 -0.00547029
1231243 562672 m2 0.115277 -0.327716 0.259668 0.0113886 -0.00454988
1231243 518307 m2 0.0121318 -0.252321 0.108291 0.00308562 0.035294
1231243 495634 m2 0.101248 0.0782068 -0.0827088 -0.0502745 0.0344059
1231243 251171 m2 0.102996 0.491399 0.376063 0.00652803 -0.068636
1231243 202070 m2 0.071992 0.119304 0.347314 -0.0105892 0.00908286
1231243 735116 m2 0.0134798 -0.294564 0.283887 0.00272625 0.0098868
1231243 722845 m2 0.0170245 0.256718 0.14696 0.000384333 0.0380652
1231243 631968 m2 0.0122317 -0.130008 0.154189 0.0277379 -0.0417222
1231243 606819 m2 0.0227659 0.242375 0.173842 0.0161579 -0.0657206
1231243 708064 m2 0.0264104 -0.314404 0.185239 0.0176413 -0.0319386
1231243 738476 m2 0.0105342 -0.29558 0.218243 -0.0380559 -0.0305083
1231243 606817 m2 0.03335 -0.286351 0.229036 0.0538242 0.0750933
1231243 608289 m2 0.0490764 0.307837 0.137829 -0.0198556 -0.0295942
1231243 505436 m2 0.0702946 -0.252574 0.310222 0.0156914 -0.000229062
1231243 417596 m2 0.174988 0.226029 0.239145 -0.0606161 0.0558754
1231243 409202 m2 0.0758362 -0.1199 -0.391855 -0.0694908 -0.0441821
1231243 619992 m2 0.0214179 0.109808 0.113985 -0.0285108 -0.0469617
1231243 642220 m2 0.0239141 0.344225 -0.0533672 -0.0270802 0.00876143
1231243 454410 m2 0.0501747 0.134786 0.0994801 0.0280265 -0.0297263
1231243 637765 m2 0.0495257 -0.329063 0.24013 -0.0287993 -0.110185
1231243 570313 m2 0.0214678 0.163052 0.140889 0.0071169 0.0498149
1231243 668005 m2 0.132551 -0.353885 0.26946 -0.0561391 0.0335205
1231243 136817 m2 0.275437 0.061142 0.511149 -0.0158815 -0.00986816
1231243 196488 m2 0.217823 -0.129317 0.523167 -0.0442347 0.112257
1231243 700271 m2 0.0604593 -0.370683 0.27734 -0.0551712 -0.0454294
1231243 370974 m2 0.0212681 0.301579 -0.103351 0.0573164 -0.0079063
1231243 590700 m2 0.0271593 0.303878 0.067202 -0.106798 0.0285359
1231243 407909 m2 0.205841 -0.0751635 0.501427 -0.0478615 0.0618085
1231243 616119 m2 0.0548677 0.392741 0.084858 0.0318882 -0.0229163
1231243 700269 m2 0.01333 -0.295925 0.2062 0.026827 -0.0056862
1231243 720110 m2 0.0234149 0.32072 -0.0614316 -0.0209678 0.0173469
1231243 283999 m2 0.0209186 -0.0502891 0.185622 0.0253864 -0.0316181
1231243 698718 m2 0.0364953 -0.310045 0.148272 -0.114199 -0.0373474
1231243 536923 m2 0.0498253 -0.311215 0.29149 -0.0418255 0.0259172
1231243 561117 m2 0.0114329 -0.125783 0.0319292 -0.0231542 -0.0362255
1231243 701547 m2 0.0205192 -0.182152 0.194388 -0.00808874 -0.00331957
1231243 665705 m2 0.0469795 0.479235 -0.0401541 -0.0338844 -0.012137
1231243 678089 m2 0.017973 0.241114 0.0598119 0.0364882 -0.0267791
1231243 291252 m2 0.279031 0.100854 0.34831 0.00106941 0.0187497
1231243 733867 m2 0.0101847 -0.212401 0.190959 0.00883944 0.00709418
1231243 484953 m2 0.0121318 -0.252321 0.108291 -0.0377368 0.0177253
1231243 243512 m2 0.0130305 -0.0641612 -0.135223 0.0377869 0.0452741
1231243 696457 m2 0.0328507 -0.264762 0.218977 -0.0310828 -0.0971081
1231243 643446 m2 0.0137793 -0.14479 -0.027201 -0.00140758 -0.0496268
1231243 598673 m2 0.0277084 -0.277307 0.130653 -0.000607435 0.00390296
1231243 400087 m2 0.123115 -0.329879 0.351755 -0.00134696 0.0143027
1231243 727795 m2 0.0147778 0.127247 0.0743482 -0.0085444 0.039823
1231243 148841 m2 0.23999 0.0620406 0.448195 -0.0119135 -0.0392867
1231243 119245 m2 0.0959061 -0.166047 0.291832 0.0201638 -0.0440375
1231243 175305 m2 0.0775337 -0.0500479 -0.162024 -0.0271373 0.0567039
1231243 447126 m2 0.0328008 0.0219536 -0.198577 0.0276585 -0.0280881
1231243 579742 m2 0.195657 0.221905 0.275319 0.0236357 0.00768697
1231243 375666 m2 0.0995507 0.265034 0.460313 0.0283472 0.0628766
1231243 736936 m2 0.0107339 -0.213655 0.272657 0.0745586 0.0543142
1231243 7715 m2 0.110834 -0.315079 -0.348811 -0.0479363 -0.0173993
1231243 519256 m2 0.105791 -0.335122 0.333883 -0.0312487 -0.0580558
1231243 594165 m2 0.126161 -0.334668 0.265947 0.0094087 0.0577086
1231243 718581 m2 0.0110334 -0.199508 0.201317 0.0159158 -0.0624482
1231243 580247 m2 0.130205 -0.311058 0.348507 0.0189266 -0.0241339
1231243 700525 m2 0.061358 -0.307799 0.275209 -0.00887769 -0.00204412
1231243 671321 m2 0.015327 -0.281469 0.242824 -0.0290874 -0.0531384
1231243 526562 m2 0.0957564 0.00522037 0.233771 -0.024525 -0.0478861
1231243 679878 m2 0.0306041 0.112934 0.110866 0.0441779 0.0173086
1231243 655463 m2 0.0177733 -0.150701 0.222233 0.00746791 0.0460965
1231243 700523 m2 0.0166251 -0.141563 0.187372 0.0617501 -0.0112406
1231243 219001 m2 0.377683 -0.249347 0.0845427 0.00630934 0.0343186
1231243 155608 m2 0.136895 0.221499 -0.556208 0.0213535 -0.00486472
1231243 708491 m2 0.0163255 0.0115853 -0.117868 -0.0348302 0.0291281
1231243 488399 m2 0.152821 -0.0678116 0.211615 0.0438772 -0.0339041
1231243 743477 m2 0.0110834 -0.112095 0.155501 0.0714379 -0.0742387
1231243 56585 m2 0.243335 -0.0343369 0.330607 0.055113 0.0457127
1231243 346325 m2 0.128357 -0.311588 0.340417 -0.0773869 -0.00994701
1231243 540934 m2 0.0188218 -0.00264908 -0.159504 -0.00587137 -4.85555e-05
1231243 313126 m2 0.2669 -0.0168004 -0.713047 0.00110128 -0.0405692
1231243 708738 m2 0.0144284 -0.0532723 -0.152749 0.00406544 -0.0338671
1231243 61809 m2 0.104543 -0.357261 -0.354153 -0.100066 0.0427995
1231243 718557 m2 0.0201697 -0.308285 0.221871 0.0267091 0.0371274
1231243 486413 m2 0.012032 0.236039 -0.0800755 0.0896164 -0.0484987
1231243 264816 m2 0.14019 0.111084 -0.108542 -0.0448512 0.0301412
1231243 373375 m2 0.166001 -0.284904 -0.409101 -0.0310393 -0.0348903
1231243 391909 m2 0.133799 -0.183783 -0.102041 -0.0316854 -0.0422936
1231243 138534 m2 0.14019 0.111084 -0.108542 0.0552753 -0.0737981
1231243 263568 m2 0.274488 -0.264604 -0.602866 0.023031 -0.0279569
1231243 35172 m2 0.368947 0.150162 -0.637202 0.13983 -0.0111609
1231243 337373 m2 0.212731 -0.250781 -0.326162 -0.0903316 0.0487704
1231243 635958 m2 0.057314 0.0342141 0.0176841 -0.0428414 -0.030715
1231243 480385 m2 0.0234149 -0.0354859 -0.00467837 0.0446744 -0.0273888
1231243 460068 m2 0.0856216 0.157899 -0.0874618 -0.03042 -0.025164
1231243 725730 m2 0.0110334 0.0414779 0.0478709 0.0520626 0.0503023
1231243 153344 m2 0.148527 -0.288028 -0.439452 -0.0389479 0.0168906
1231243 149791 m2 0.107389 0.356542 0.263693 -0.00241161 0.0377102
1231243 727494 m2 0.0186221 -0.0696966 0.0360549 0.0348251 0.00951087
1231243 705502 m2 0.0101348 0.0810324 -0.133085 -0.0447555 -0.032985
1231243 172496 m2 0.505242 -0.129184 -0.840955 -0.0212966 -0.0399564
1231243 191866 m2 0.0134299 -0.0417938 -0.251403 0.0639302 -0.0557478
1231243 710703 m2 0.0104843 0.159632 -0.0276194 0.0550287 0.00601631
1231243 321367 m2 0.507239 0.124083 0.167945 0.0114285 0.0120629
1231243 282899 m2 0.0641038 0.0580805 -0.172279 -0.0550556 -0.0510433
1231243 722985 m2 0.0158762 0.262279 -0.0859663 -0.000562202 0.0341204
1231243 658067 m2 0.0723415 0.0978477 -0.0393132 0.0149432 -0.00451819
1231243 236124 m2 0.176036 -0.298941 -0.385007 -0.0302827 -0.00373491
1231243 393128 m2 0.254968 -0.114522 -0.427598 0.0416617 0.0676934
1231243 219860 m2 0.180379 -0.335854 0.188534 -0.0195438 -0.0602728
1231243 649924 m2 0.0537194 -0.00305274 -0.204429 -0.00955017 -0.00329739
1231243 147471 m2 0.240939 -0.210175 -0.336282 -0.0669011 -0.028344
1231243 253592 m2 0.0862207 -0.0135503 -0.196571 0.0506141 0.040809
1231243 328626 m2 0.141388 -0.227148 -0.47496 0.0341878 -0.0138931
1231243 729430 m2 0.0135796 0.064977 -0.0276792 -0.0128099 0.0305063
1231243 691394 m2 0.0344983 -0.282496 -0.128224 -0.0251374 0.00091611
1231243 137207 m2 0.0735896 -0.119504 -0.010801 -0.0475059 0.00432113
1231243 44067 m2 0.230255 0.11568 -0.623708 0.0328643 0.0265485
1231243 655883 m2 0.0532202 0.167157 -0.0012413 0.0671425 -0.0316289
1231243 273023 m2 0.23999 -0.0983127 -0.356045 -0.0400001 -0.0491315
1231243 122046 m2 0.105192 0.374744 -0.410002 0.0331209 -0.00777548
1231243 637676 m2 0.0823265 0.102661 0.00223638 -0.0599367 -0.0545251
1231243 687666 m2 0.0108837 0.0819328 -0.12669 -0.0607985 0.0634494
1231243 382576 m2 0.127559 -0.0588856 -0.0319248 0.00474454 0.0552827
1231243 170738 m2 0.0824264 -0.305509 0.26944 -0.0471706 -0.100141
1231243 94427 m2 0.265751 0.0783475 -0.625312 0.0266529 -0.0372373
1231243 125369 m2 0.242237 -0.0361297 0.33091 -0.016136 0.0912189
1231243 84040 m2 0.225062 -0.205361 0.219452 -0.0207036 0.0159827
1231243 613969 m2 0.137044 -0.266223 -0.443348 0.0149638 0.00183719
1231243 210508 m2 0.269646 0.0823906 -0.63725 -0.00302973 -0.00241384
1231243 502097 m2 0.0413879 0.0487089 -0.194494 0.0161555 -0.0677652
1231243 254863 m2 0.0171742 0.260019 0.0259758 -0.017488 -0.0371426
1231243 733262 m2 0.0108337 -0.239768 -0.0386774 -0.0386005 0.0283845
1231243 158154 m2 0.466251 -0.0914743 -0.808021 0.0233699 -0.0549311
1231243 682338 m2 0.0348477 -0.321101 -0.152899 -0.0948791 -0.00202052
1231243 725195 m2 0.010684 0.29317 -0.347305 -0.062268 -0.00904546
1231243 671702 m2 0.0495257 -0.24579 -0.351347 -4.45633e-05 -0.0368013
1231243 380813 m2 0.165801 0.328168 -0.560105 0.0281973 -0.0796062
1231243 174207 m2 0.0441338 0.428302 -0.439187 -0.00789933 -0.00157239
1231243 396453 m2 0.23335 -0.194143 -0.375235 0.0303901 -0.0493011
1231243 91391 m2 0.0171742 0.310577 -0.0936004 -0.0124341 -0.000488945
1231243 633669 m2 0.0693959 0.122654 -0.0496619 -0.0660556 0.0314948
1231243 390068 m2 0.0207688 -0.017068 -0.160006 -0.0513287 -0.0470154
1231243 621398 m2 0.0452322 0.0410365 -0.181569 -0.0300285 0.0417333
1231243 726926 m2 0.0101847 0.185388 -0.118146 -0.0226098 0.00475796
1231243 496844 m2 0.0497254 -0.162915 -0.371802 0.0563913 0.0524109
1231243 634953 m2 0.0413879 0.133501 -0.133871 -0.0579281 0.0330098
1231243 598589 m2 0.117474 0.0621147 -0.0388682 0.0924671 0.0106731
1231243 712460 m2 0.018672 0.109199 -0.00728568 0.0706745 0.0075029
1231243 345796 m2 0.059311 0.354286 -0.357018 0.0109247 0.0169355
1231243 146954 m2 0.143185 0.463189 -0.451998 0.0382555 -0.0238823
1231243 715921 m2 0.0118323 -0.0367404 -0.270802 0.0225097 -0.0466494
1231243 161332 m2 0.249076 -0.27073 -0.320322 -0.00749007 0.0840769
1231243 109571 m2 0.0511732 0.258082 0.132818 0.0130268 0.00919759
1231243 164753 m2 0.270794 -0.104744 -0.430523 0.0188218 0.0739724
1231243 730919 m2 0.0127309 0.0887638 -0.0417158 -0.0150438 0.0396977
1231243 560263 m2 0.0321018 0.000654704 -0.175439 -0.011156 -0.00964699
1231243 727189 m2 0.0188717 0.278845 -0.0946437 -0.0676157 -0.0097665
1231243 604651 m2 0.091363 -0.343815 -0.322552 -0.0190464 0.0246164
1231243 135918 m2 0.160759 0.0911347 0.239637 0.0262124 0.00580115
1231243 404238 m2 0.122866 -0.173144 -0.487624 -0.0182975 -0.0110043
1231243 663533 m2 0.0230155 0.0269908 -0.192686 -0.0434036 0.0212808
1231243 398660 m2 0.0625562 0.374316 -0.39184 -0.0020129 -0.00262638
1231243 606201 m2 0.0417374 -0.105041 -0.169213 -0.0502161 0.0913159
1231243 334829 m2 0.123065 -0.276646 -0.379787 -0.0838275 -0.0386405
1231243 387589 m2 0.0310035 0.141622 -0.334082 0.0540525 -0.0312292
1231243 504259 m2 0.0669995 -0.288922 -0.29998 -0.00433842 0.0271381
1231243 312584 m2 0.396006 -0.041697 -0.200662 0.0179753 0.0453086
1231243 732217 m2 0.0142786 -0.0303149 -0.0601318 0.0541367 0.0168903
1231243 716918 m2 0.0202197 -0.263361 -0.329139 0.00752536 0.0858041
1231243 584109 m2 0.0116825 0.111627 -0.18383 0.023075 0.0497852
1231243 111583 m2 0.268248 0.10654 -0.152339 -0.014379 -0.010038
1231243 312582 m2 0.0641538 0.296289 -0.385438 -0.00444923 0.0343767
1231243 163951 m2 0.169546 -0.397222 0.0281237 0.00294607 -0.00513178
1231243 652809 m2 0.0545681 -0.325259 -0.263098 -0.0852869 -0.0145871
1231243 390060 m2 0.0465801 0.262203 -0.443173 0.047826 0.00452996
1231243 255533 m2 0.0771842 0.0436744 -0.192248 0.0932473 -0.0241738
1231243 304938 m2 0.0544683 0.0177425 -0.186079 0.00916474 0.00263791
1231243 311022 m2 0.155167 -0.178384 -0.512175 0.0148014 0.0143444
1231243 702735 m2 0.0104343 0.0731332 -0.141906 -0.0503193 0.0337022
1231243 710412 m2 0.0153769 -0.0373694 -0.159763 0.0283911 0.00456116
1231243 256265 m2 0.0235147 0.0551531 -0.167425 0.0541726 -0.0447615
1231243 329101 m2 0.115377 -0.267896 -0.420036 -0.076501 -0.0546421
1231243 389064 m2 0.144783 -0.185304 -0.471474 0.0279142 -0.010662
1231243 284610 m2 0.0445831 0.371614 -0.379796 0.006614 -0.00891554
1231243 730628 m2 0.0157763 -0.225004 -0.328598 0.0445116 0.029065
1231243 516683 m2 0.143035 -0.275936 -0.442768 -0.0552489 -0.0058903
1231243 694542 m2 0.0271593 0.00763666 -0.331883 0.0520618 0.00528047
1231243 424859 m2 0.0557164 -0.113803 0.229155 -0.00611176 0.0399472
1231243 204365 m2 0.115427 -0.23557 -0.304041 -0.0503714 0.0076044
1231243 427159 m2 0.217224 0.163463 -0.63545 -0.00293997 -0.0116675
1231243 364776 m2 0.124663 -0.345524 -0.283548 -0.044042 0.0314094
1231243 397454 m2 0.26021 -0.224267 -0.333105 -0.0188624 0.00846296
1231243 700931 m2 0.0674488 0.0254292 -0.0595624 -0.0148484 0.00680968
1231243 342354 m2 0.184074 -0.131923 -0.511174 0.0107461 -0.0707179
1231243 441345 m2 0.0137294 0.0989976 -0.141866 0.0320674 -0.0877118
1231243 665523 m2 0.0738392 -0.326112 -0.321906 -0.0167545 -0.0195394
1231243 406775 m2 0.187369 -0.124678 0.385919 -0.00673105 0.0147866
1231243 471634 m2 0.0599601 0.368371 -0.391669 0.0747545 -0.0304883
1231243 658289 m2 0.0584124 -0.317606 -0.261564 0.00580653 0.00443415
1231243 403249 m2 0.0191712 0.333902 -0.351314 0.0477692 0.0048558
1231243 624475 m2 0.114678 0.0539552 -0.0344521 0.0406655 0.0252007
1231243 719995 m2 0.0152771 0.0678135 -0.154626 0.00459904 0.10792
1231243 243126 m2 0.0563155 0.527751 0.0233625 -0.00261775 -0.0341485
1231243 248090 m2 0.0316525 0.352874 -0.348406 0.0083949 -0.0223155
1231243 690399 m2 0.0143285 -0.10973 -0.123501 0.0028376 0.0717905
1231243 295686 m2 0.116575 -0.0959579 -0.516126 -0.00805227 -0.0184868
1231243 512800 m2 0.0604094 -0.345315 -0.277928 -0.028944 -0.0392276
1231243 289480 m2 0.226061 -0.280414 -0.359989 -0.0399399 -0.0845443
1231243 399176 m2 0.127659 -0.308612 -0.404657 -0.0288332 0.013882
1231243 606952 m2 0.0917624 0.13281 0.0703164 -0.0557093 0.0494641
1231243 669911 m2 0.0411882 0.052206 -0.178377 0.0615684 0.0556516
1231243 450468 m2 0.0310035 0.141622 -0.334082 0.0681155 -0.035496
1231243 538594 m2 0.0316525 -0.1059 -0.147907 -0.0443149 0.08855
1231243 646550 m2 0.0622566 -0.209337 -0.440553 0.0121599 -0.0248453
1231243 684375 m2 0.0132302 0.188726 -0.259003 -0.0278556 0.0569746
1231243 409064 m2 0.171643 -0.318227 -0.355458 -0.0856803 -0.0555907
1231243 288416 m2 0.261757 0.0744377 -0.632614 0.00338673 -0.0500147
1231243 238360 m2 0.0188218 -0.00264908 -0.159504 -0.0153832 -0.0203129
1231243 507104 m2 0.0142287 -0.0767296 -0.16294 0.0408263 -0.0308695
1231243 449493 m2 0.038692 0.142841 0.0263951 -0.0042465 0.0747341
1231243 503235 m2 0.0134299 -0.0417938 -0.251403 0.0563909 0.00524996
1231243 669910 m2 0.0424863 0.0141692 -0.177827 -0.0125197 -0.0265354
1231243 673946 m2 0.0103844 0.00238428 -0.131251 -0.105249 0.0622869
1231243 615499 m2 0.0499251 -0.0297283 -0.199687 0.00587833 0.0486935
1231243 616485 m2 0.0761358 0.0985558 -0.033539 0.0195886 -0.0767871
1231243 401209 m2 0.0683475 0.377732 -0.40193 0.0358606 0.026212
1231243 642550 m2 0.0647529 -0.283772 -0.36488 0.00221455 -0.0557252
1231243 594290 m2 0.121917 -0.262455 -0.386307 0.0184984 0.0535641
1231243 595982 m2 0.104543 -0.297541 -0.400782 -0.0859352 -0.0694461
1231243 565459 m2 0.015976 -0.0312945 -0.258207 0.00128846 0.0123697
1231243 664479 m2 0.0139291 -0.203385 -0.153543 0.0221556 -0.0558923
1231243 469646 m2 0.130604 -0.270013 -0.420259 -0.0884926 0.0129229
1231243 435480 m2 0.0324513 0.353513 -0.315295 0.0487426 0.0286961
1231243 392621 m2 0.104543 -0.0836539 -0.0313902 0.00344583 0.00391013
1231243 361430 m2 0.0489765 -0.0438926 -0.36729 0.0576197 -0.0369333
1231243 439088 m2 0.022017 -0.0999363 -0.0953177 -0.0455652 0.0650787
1231243 404757 m2 0.03335 -0.224981 -0.166281 -0.0480249 -0.010855
1231243 605909 m2 0.0139291 -0.0396851 -0.252889 0.0547514 -0.0302443
1231243 557468 m2 0.0807289 -0.26603 -0.405751 0.040908 -0.053144
1231243 490471 m2 0.0918622 -0.318518 -0.367394 -0.0556604 -0.0299043
1231243 562499 m2 0.136545 -0.132872 -0.523591 -0.0139896 -0.0410221
1231243 503496 m2 0.0437843 -0.0713406 -0.3662 -0.0446485 -0.0460059
1231243 712673 m2 0.0250125 -0.139083 -0.103812 -0.0368009 0.000342234
1231243 633881 m2 0.0291563 0.379422 -0.337949 0.0273441 -0.0120986
1231243 407482 m2 0.210334 0.0510021 -0.630473 0.00911282 -0.0412331
1231243 458231 m2 0.0263105 -0.309654 -0.244418 -0.0381095 -0.0178109
1231243 675985 m2 0.0412881 -0.326936 -0.258714 0.000126694 -0.0280066
1231243 510796 m2 0.0449326 0.372243 -0.334989 0.029207 0.00188957
1231243 591049 m2 0.0813779 -0.0574025 -0.396997 0.0493394 -0.00970403
1231243 595270 m2 0.0156266 0.100799 -0.171814 0.0250524 -0.0508105
1231243 539365 m2 0.129556 0.300745 -0.413666 -0.0247696 0.0337918
1231243 618495 m2 0.053969 -0.336863 -0.262142 -0.0509591 0.0373284
1231243 671932 m2 0.0298053 -0.361015 -0.259838 -0.0820537 0.00277202
1231243 490979 m2 0.0443834 -0.326207 -0.243192 -0.0373783 -0.0358039
1231243 538051 m2 0.0256116 -0.122058 -0.15717 -0.0295937 0.0242006
1231243 669184 m2 0.0156765 0.0190476 -0.11404 0.0353768 -0.00796366
1231243 667354 m2 0.0174738 0.168458 -0.247555 0.00365346 0.0240438
1231243 645506 m2 0.0963555 -0.171492 -0.455308 -0.00288513 -0.0345215
1231243 597741 m2 0.0578133 0.375046 -0.385859 -0.0477715 -0.055408
1231243 611413 m2 0.0189216 -0.0206412 -0.130852 -0.00708497 0.045731
1231243 567173 m2 0.152971 -0.244703 -0.23574 0.0295366 -0.0490157
1231243 684322 m2 0.0336495 0.318873 -0.411679 -0.0456272 0.0557824
1231243 679999 m2 0.0180729 0.334929 -0.331636 -0.0167556 0.00502532
1231243 679467 m2 0.0635547 0.378521 -0.404725 -0.0188316 0.0540415
1231243 734216 m2 0.0207189 -0.110592 0.0549251 -0.0115777 0.0562127
1231243 667102 m2 0.0110334 -0.210404 -0.294818 0.0149678 -0.0348681
1231243 673436 m2 0.0254618 0.342859 -0.267475 0.013008 -0.0727148
1231243 680281 m2 0.0454319 -0.346798 -0.191869 -0.00632149 -0.0456507
1231243 678947 m2 0.0134299 -0.1347 -0.28213 0.00548115 -0.0181449
1231243 732663 m2 0.0128807 0.331081 -0.334136 -0.0560982 -0.0147397
