// Initial random seed:
3534777277748

// RunInitializeCallbacks():
initializeTreeSeq();
initializeMutationRate(1e-10);
initializeSex("A");
initializeMutationType(2, 0.5, "f", 0);
initializeGenomicElementType(1, m2, 1);
initializeGenomicElement(g1, 0, 500000);
initializeRecombinationRate(c(1e-06, 0.5, 1e-06, 0.5, 1e-06, 0.5, 1e-06, 0.5, 1e-06, 0.5, 1e-06, 0.5, 1e-06, 0.5, 1e-06, 0.5, 1e-06, 0.5, 1e-06, 0.5, 1e-06, 0.5, 1e-06, 0.5, 1e-06, 0.5, 1e-06, 0.5, 1e-06, 0.5, 1e-06, 0.5, 1e-06, 0.5, 1e-06, 0.5, 1e-06, 0.5, 1e-06), c(50000, 50001, 100000, 100001, 150000, 150001, 200000, 200001, 250000, 250001, 300000, 300001, 350000, 350001, 400000, 400001, 450000, 450001, 500000, 500001, 550000, 550001, 600000, 600001, 650000, 650001, 700000, 700001, 750000, 750001, 800000, 800001, 850000, 850001, 900000, 900001, 950000, 950001, 1000000));

QTL DFE means: 
0 0

QTL DFE variance-covariance matrix: 
     [,0] [,1]
[0,]  0.4    0
[1,]    0  0.4

// Starting run at generation <start>:
1 

100:0.999967 0.999967 -1.5099e-14 0.000504419 -3.41163e-05 -0.0546742 -0.0450084 NAN NAN
200:0.99993 0.99993 -1.03251e-14 0.00300451 0.000559276 -0.17739 -0.0965091 NAN NAN
300:0.999878 0.999878 3.9968e-15 0.00186079 0.000780033 -0.220345 -0.00571265 NAN NAN
400:0.999937 0.999937 -1.5099e-14 -0.000198301 0.000240945 -0.112631 -0.0971353 NAN NAN
500:0.999974 0.999974 7.43849e-15 3.99616e-05 -0.000319465 -0.0743345 -0.0883722 NAN NAN
600:0.99988 0.99988 2.77556e-15 -4.10381e-05 -0.00144055 -0.122468 -0.00558885 NAN NAN
700:0.999865 0.999865 -1.76525e-14 -0.000280704 -0.00258316 -0.0944159 0.409021 NAN NAN
800:0.999917 0.999917 -1.42109e-14 -0.000910777 -0.000722782 -0.0638295 0.43481 NAN NAN
900:0.999911 0.999911 3.10862e-14 -7.66432e-05 -0.00248226 0.220895 0.524965 NAN NAN
1000:0.99989 0.99989 1.43219e-14 0.000350859 -0.00232493 -0.0546285 -0.151529 NAN NAN
1100:0.998847 0.998831 1.65591e-05 -0.00100988 -8.2215e-06 0.182453 -0.0511324 0.0441741 -0.00902439
1200:0.995421 0.995439 -1.78385e-05 0.000127343 -0.00140623 0.0174955 -0.135749 0.00174086 -0.0294415
1300:0.989179 0.989198 -1.91816e-05 -0.000157071 -0.000612662 0.0894989 -0.344518 0.0110912 -0.0436002
1400:0.979528 0.979596 -6.77516e-05 -4.09105e-05 -0.000334512 -0.121452 -0.502001 -0.013953 -0.0991245
1500:0.965459 0.965494 -3.45783e-05 -0.000120298 -0.000409064 -0.0670367 -0.332125 -0.00682602 -0.0882478
1600:0.945256 0.9452 5.61236e-05 0.000521616 -5.29832e-05 0.232217 -0.3502 0.046639 -0.106321
1700:0.916627 0.915427 0.00120042 0.00067258 0.000179644 0.349755 0.138506 0.0910756 0.0259819
1800:0.883603 0.85967 0.0239333 0.0380864 -0.000539421 0.535199 0.135027 0.355005 0.0212877
1900:0.842995 0.770454 0.0725404 0.0997651 -0.0372877 0.730076 0.351518 0.540912 0.201381
2000:0.809708 0.593802 0.215906 0.124002 -0.210259 0.891705 0.786166 0.725397 0.643953
2100:0.833086 0.568455 0.264632 0.0427151 -0.237731 0.95599 0.784107 0.770868 0.682709
2200:0.839514 0.566123 0.27339 0.02336 -0.238441 0.978887 0.771263 0.784425 0.685605
2300:0.845967 0.564305 0.281662 0.0214843 -0.252547 0.976439 0.815904 0.79255 0.731456
2400:0.857962 0.557201 0.300762 0.0464133 -0.138789 0.980801 0.92079 0.796874 0.844187
2500:0.861248 0.552863 0.308385 0.0248088 -0.0781905 0.979299 0.961092 0.795319 0.883653
2600:0.865101 0.552671 0.31243 0.0221421 -0.0547201 0.980728 0.970553 0.80023 0.887496
2700:0.86525 0.550924 0.314327 0.0160774 -0.030605 0.980662 0.966882 0.800021 0.892867
2800:0.868729 0.548058 0.320671 0.0298467 -0.0481175 0.979746 0.959655 0.80823 0.898354
2900:0.865239 0.547081 0.318159 0.0185575 -0.0304248 0.982424 0.969569 0.801833 0.89492
3000:0.867885 0.54516 0.322724 0.00406681 -0.0101617 0.978726 0.964997 0.8054 0.907699
