seed mutID muttype p cor_sal cor_temp mutSalEffect mutTempEffect
1231190 268050 m2 0.15255 0.56799 0.394607 0 0.0370824
1231190 569003 m2 0.0115 0.127173 0.341202 0 0.0279433
1231190 513935 m2 0.0689 -0.164189 0.583665 0 0.00411975
1231190 557359 m2 0.01315 0.34848 0.410672 0 0.112558
1231190 701388 m2 0.02135 0.282055 0.338646 0.020324 0
1231190 322708 m2 0.0251 0.346732 0.458901 0 0.0547508
1231190 645215 m2 0.01295 0.30097 0.324581 -0.00166886 0
1231190 342313 m2 0.08235 -0.11667 0.602608 0 0.0459963
1231190 366320 m2 0.01595 0.375469 0.294407 0.0487777 0
1231190 599890 m2 0.0274 0.48005 0.185345 0.0026407 0
1231190 228576 m2 0.0623 0.0288454 0.61538 0 0.033476
1231190 588460 m2 0.01185 0.308605 0.244926 0 -0.00218762
1231190 549550 m2 0.0106 0.334907 0.237031 0.0235658 0
1231190 694239 m2 0.01205 0.206257 0.33723 0 -0.00526012
1231190 364804 m2 0.06415 0.46326 0.46646 0 0.00757187
1231190 651951 m2 0.01905 0.148011 0.424015 0.0106095 0
1231190 615009 m2 0.02435 0.163459 0.338525 0 0.0746074
1231190 132297 m2 0.0235 -0.0698564 -0.219531 0 -0.00774464
1231190 84649 m2 0.16785 -0.697134 -0.270312 -0.0291152 0
1231190 215059 m2 0.17345 0.469132 0.640893 0 0.044063
1231190 442741 m2 0.05895 0.427856 0.402627 0.0206192 0
1231190 686595 m2 0.0139 0.185152 0.389987 -0.0103686 0
1231190 14391 m2 0.0168 0.386461 0.299069 0.0378666 0
1231190 526406 m2 0.0247 0.446487 0.401353 0 -0.0170191
1231190 580504 m2 0.0364 0.402808 0.313612 0.0229608 0
1231190 713187 m2 0.02455 0.159945 0.321638 0 0.0090277
1231190 709361 m2 0.0145 0.0993673 0.354413 0.0134687 0
1231190 651947 m2 0.01905 0.269715 0.360187 -0.0597039 0
1231190 263534 m2 0.03815 0.258266 -0.0670267 0 0.00639205
1231190 645460 m2 0.0337 0.368411 0.361593 -0.0102352 0
1231190 15696 m2 0.03365 0.398995 -0.25118 -0.0180831 0
1231190 270208 m2 0.01225 0.1339 0.433581 0 0.0652309
1231190 118864 m2 0.113 0.19677 -0.61809 0 0.0043868
1231190 81557 m2 0.0283 0.479022 0.150809 0.0464223 0
1231190 442735 m2 0.02715 0.150031 0.419348 0 0.017342
1231190 648143 m2 0.016 -0.239278 0.393344 -0.0188097 0
1231190 584157 m2 0.0242 0.140548 0.52368 0.0433453 0
1231190 423222 m2 0.0318 -0.426467 0.441318 0.0274697 0
1231190 292922 m2 0.0395 0.0231498 0.526293 0 -0.00656705
1231190 31162 m2 0.11235 0.416178 0.131669 0.0159631 0
1231190 655699 m2 0.02075 0.214465 0.413087 0 0.00157539
1231190 396210 m2 0.087 0.351994 0.112213 0.0236815 0
1231190 386076 m2 0.01315 0.372043 0.203849 0.0611211 0
1231190 162590 m2 0.13705 -0.332564 0.660997 0 0.0122322
1231190 638926 m2 0.0202 0.260682 0.332757 0.0202703 0
1231190 308495 m2 0.0299 -0.407062 0.45177 -0.021868 0
1231190 255476 m2 0.05185 -0.436559 -0.591671 -0.0592095 0
1231190 631058 m2 0.03025 0.0126578 0.495752 0 0.0504473
1231190 67653 m2 0.0763 -0.524932 0.340174 -0.0386022 0
1231190 464689 m2 0.0604 0.127283 0.577713 0 0.00694097
1231190 454406 m2 0.0135 -0.414245 0.300744 -0.0382566 0
1231190 561049 m2 0.0117 0.38358 0.159326 0 0.0523903
1231190 520445 m2 0.0184 -0.367201 0.368413 0 0.0183603
1231190 225104 m2 0.0838 0.483528 0.492027 0.03062 0
1231190 595380 m2 0.0116 -0.210674 0.344635 -0.048943 0
1231190 17886 m2 0.03735 0.236863 0.422 0 0.0249039
1231190 71686 m2 0.05195 -0.388198 0.194457 -0.04008 0
1231190 543720 m2 0.01755 0.124092 0.264018 -0.0201843 0
1231190 668429 m2 0.0284 -0.129975 0.426945 0 0.0259165
1231190 699017 m2 0.01105 0.103174 0.407168 0 0.000813388
1231190 450486 m2 0.02005 -0.194277 0.395305 0 0.0366909
1231190 150472 m2 0.1537 -0.68583 0.0812922 -0.0656631 0
1231190 466373 m2 0.0353 0.373294 0.445994 0 0.0620308
1231190 465204 m2 0.10175 0.441783 0.496756 0.0042337 0
1231190 149453 m2 0.0213 -0.0480861 0.469485 0 0.0176458
1231190 530916 m2 0.01445 -0.161799 0.390641 0 0.0150024
1231190 311531 m2 0.0247 -0.44599 0.00210139 0 -0.00287954
1231190 305196 m2 0.0956 0.549261 0.4136 0 0.0180393
1231190 9491 m2 0.017 0.242684 0.518812 -0.00319037 0
1231190 718353 m2 0.01125 0.0219206 0.461632 0 -0.019156
1231190 592102 m2 0.0155 0.092221 0.345105 0.0124982 0
1231190 679064 m2 0.0121 -0.285728 0.255955 0 0.0238206
1231190 640669 m2 0.03325 -0.384756 0.468547 -0.00762805 0
1231190 392274 m2 0.0837 -0.463428 0.418036 -0.089444 0
1231190 226309 m2 0.02855 -0.327833 0.267647 0.00844768 0
1231190 191179 m2 0.0591 0.548369 0.294039 -8.69939e-05 0
1231190 599411 m2 0.01355 0.353793 0.378494 0.0188034 0
1231190 261225 m2 0.0479 -0.225302 0.62226 -0.0244877 0
1231190 313023 m2 0.0189 0.302039 0.114892 0 0.00900767
1231190 215782 m2 0.054 -0.245319 0.591114 0 0.00646544
1231190 403817 m2 0.01865 0.107576 0.355635 -0.0215999 0
1231190 463907 m2 0.08125 0.0514341 0.696449 -0.041991 0
1231190 691952 m2 0.0178 -0.193974 0.37643 0 0.059912
1231190 258469 m2 0.2924 -0.511644 0.657299 0 0.073779
1231190 101046 m2 0.036 -0.570881 0.248555 -0.0872414 0
1231190 700119 m2 0.0101 -0.30047 0.323925 -0.0225895 0
1231190 257494 m2 0.06075 0.545246 0.453951 0.0333563 0
1231190 339048 m2 0.0159 0.0862682 0.368432 0 0.0844155
1231190 265015 m2 0.2204 -0.390879 0.658117 0 0.0771467
1231190 384605 m2 0.01585 -0.335834 0.321366 -0.0206424 0
1231190 675822 m2 0.0113 -0.289814 0.305201 -0.000625681 0
1231190 698720 m2 0.02065 0.361334 0.383697 0.0157981 0
1231190 629030 m2 0.04285 -0.417443 0.438734 0 0.00711384
1231190 177553 m2 0.4706 0.362034 -0.053031 0 0.0174208
1231190 684807 m2 0.0181 -0.352724 0.32027 0 0.00541412
1231190 690110 m2 0.0106 0.356903 0.302172 0 0.00438899
1231190 259258 m2 0.0122 0.354926 -0.105317 0 -0.00238365
1231190 13318 m2 0.01885 0.369606 0.317728 0 -0.00247242
1231190 711107 m2 0.0148 0.271396 0.255777 0 0.0201697
1231190 682326 m2 0.01435 -0.20757 0.444896 0 -0.0215589
1231190 538869 m2 0.0181 0.0355264 0.453163 0 0.0451828
1231190 677579 m2 0.02005 -0.269326 0.376004 -0.00849837 0
1231190 719078 m2 0.01125 0.290624 0.241711 -0.00311249 0
1231190 282195 m2 0.0637 0.417173 0.501095 0.0285632 0
1231190 194266 m2 0.12285 0.148138 0.669203 0 0.0205001
1231190 662134 m2 0.0208 -0.312779 0.37421 0 0.000620228
1231190 604074 m2 0.0228 -0.319141 0.389642 -0.0422083 0
1231190 568445 m2 0.01935 0.360644 0.14548 0.00503083 0
1231190 243971 m2 0.08925 -0.283571 0.56851 0 0.025922
1231190 537623 m2 0.0266 -0.424575 0.358434 -0.0369424 0
1231190 716856 m2 0.01155 0.358592 0.172531 0.0663202 0
1231190 15109 m2 0.08725 -0.127188 -0.350044 0 -0.0223004
1231190 482263 m2 0.02325 0.235608 0.0735667 0 0.00130704
1231190 526855 m2 0.0802 -0.0435177 -0.315985 0.0236652 0
1231190 489600 m2 0.0152 -0.190541 0.027842 0.0185429 0
1231190 182947 m2 0.0866 0.312259 -0.17475 0.00346929 0
1231190 311503 m2 0.1193 0.591692 -0.267233 0 0.0479852
1231190 34813 m2 0.1204 -0.657369 -0.0304808 -0.0303729 0
1231190 639424 m2 0.0219 -0.259375 0.396237 0 0.054551
1231190 120051 m2 0.12985 -0.23584 0.762574 0 0.01169
1231190 529386 m2 0.04175 0.00372392 0.56133 0 0.0385491
1231190 220619 m2 0.03425 0.0815639 0.44528 0 0.0170078
1231190 213818 m2 0.1403 -0.00323228 0.687377 0 0.038426
1231190 660370 m2 0.0133 -0.240242 0.385521 -0.00453519 0
1231190 530880 m2 0.0138 0.27828 0.392872 0 0.0420023
1231190 357791 m2 0.0626 0.27848 0.547818 0 -0.0195666
1231190 509576 m2 0.0258 -0.495992 0.23529 0 -0.0438323
1231190 98847 m2 0.14115 0.164288 0.442702 0 0.0283491
1231190 18048 m2 0.03415 -0.32972 0.43245 0.0228656 0
1231190 427948 m2 0.10215 -0.655628 -0.121904 0 0.0110448
1231190 548723 m2 0.0141 0.471445 0.207783 -0.0189918 0
1231190 322899 m2 0.18805 0.13879 0.789292 0 0.0451841
1231190 158124 m2 0.07665 -0.142178 0.545216 0.0064343 0
1231190 137669 m2 0.2513 0.366655 0.693483 0 0.0580742
1231190 305167 m2 0.02325 0.160096 0.197206 0.0656226 0
1231190 390008 m2 0.0266 0.247831 0.479278 0 0.0251199
1231190 408048 m2 0.0198 0.398024 0.414117 0 0.0273837
1231190 31324 m2 0.1429 0.379513 0.532308 0 0.028336
1231190 637861 m2 0.0153 0.16519 0.082499 -0.00164537 0
1231190 332616 m2 0.06985 0.434709 -0.02468 0 0.0060196
1231190 432968 m2 0.0601 0.379304 0.150585 -0.0088543 0
1231190 159844 m2 0.0258 -0.495992 0.23529 -0.0130346 0
1231190 276180 m2 0.0454 0.436329 0.388668 0.0650682 0
1231190 292160 m2 0.01775 -0.19381 0.368568 0 0.0975197
1231190 232179 m2 0.04025 -0.352625 0.407763 -0.045804 0
1231190 72651 m2 0.07145 -0.571316 -0.320775 0 -0.00680222
1231190 359522 m2 0.0231 0.418817 0.328422 0.0268386 0
1231190 627942 m2 0.01205 -0.190354 0.357377 -0.0146272 0
1231190 515098 m2 0.0427 -0.417264 0.439449 0 0.028475
1231190 470252 m2 0.0104 0.307492 0.314826 0 -0.0236279
1231190 517399 m2 0.04405 -0.462083 0.367014 -0.0152448 0
1231190 123518 m2 0.03315 -0.0705678 -0.112944 0.0152729 0
1231190 441194 m2 0.01335 0.00400317 0.439256 0.0486954 0
1231190 368218 m2 0.0574 0.255153 0.587921 0.0449753 0
1231190 477500 m2 0.0198 0.296142 0.248283 0.0271419 0
1231190 595873 m2 0.01795 -0.156399 0.409237 0.0154518 0
1231190 555044 m2 0.01475 0.316489 -0.415164 0 -0.0472402
1231190 245717 m2 0.0542 -0.486625 -0.0759993 0 0.0256525
1231190 657425 m2 0.01385 0.235058 0.378651 -0.0348158 0
1231190 388480 m2 0.0493 0.396455 0.357706 0.0584182 0
1231190 253261 m2 0.07025 0.230567 0.662645 0 0.0565514
1231190 176768 m2 0.0305 0.259164 0.343679 0 0.0282989
1231190 602751 m2 0.0167 -0.391242 0.196776 0 0.0542153
1231190 652911 m2 0.0101 0.294576 0.274948 0 0.0117715
1231190 431699 m2 0.0329 0.410148 -0.230067 0 0.0463918
1231190 628730 m2 0.03605 -0.282092 0.234229 -0.0257365 0
1231190 434467 m2 0.03465 -0.338316 0.500535 0 -0.00921559
1231190 551968 m2 0.02545 -0.192822 0.455512 0.0149334 0
1231190 104017 m2 0.1403 0.442148 -0.300362 0.0517744 0
1231190 629754 m2 0.01175 -0.110748 0.329417 -0.00394819 0
1231190 420158 m2 0.0131 -0.246155 0.419188 0.0156208 0
1231190 660591 m2 0.04665 0.436272 0.415544 -0.0323379 0
1231190 615159 m2 0.0175 -0.355158 0.0956827 0 -0.0418454
1231190 691641 m2 0.0123 -0.0289926 0.352895 -0.0158472 0
1231190 655398 m2 0.01715 0.48165 0.289953 0.0139565 0
1231190 436673 m2 0.0612 -0.376083 0.00164809 -0.0116615 0
1231190 562273 m2 0.01665 -0.281855 0.0474921 0 -0.0606358
1231190 667858 m2 0.01975 0.0777781 0.421188 0 0.00240175
1231190 211339 m2 0.07885 0.469806 0.571241 0 -0.012814
1231190 485077 m2 0.05355 -0.37135 0.445167 0 0.0426982
1231190 397389 m2 0.129 -0.656036 -0.0382252 0 0.027113
1231190 415184 m2 0.0112 0.0547889 0.347778 -0.0354827 0
1231190 51042 m2 0.3405 0.892206 -0.0723478 0.0507114 0
1231190 356540 m2 0.0407 0.274937 0.195651 0.0393053 0
1231190 497812 m2 0.0716 0.0700366 0.39779 -0.0130462 0
1231190 662106 m2 0.01925 0.135975 0.381274 0 -0.0167556
1231190 499320 m2 0.03125 -0.5798 -0.00342046 -0.0147191 0
1231190 619151 m2 0.02895 0.257349 0.41183 -0.0466047 0
1231190 284194 m2 0.03025 0.459797 0.0680735 0.0166703 0
1231190 473773 m2 0.03075 0.485418 0.268977 0.00970022 0
1231190 19023 m2 0.06925 0.150773 -0.208546 0.0142327 0
1231190 273361 m2 0.0516 0.421024 0.203354 0 0.0202648
1231190 608183 m2 0.0196 0.380993 0.302308 0 0.018974
1231190 575247 m2 0.0128 -0.105941 0.354394 0.0293473 0
1231190 461654 m2 0.0196 -0.221909 0.423523 0 -0.0226578
1231190 129505 m2 0.0164 0.174536 0.437222 0.0119479 0
1231190 6046 m2 0.13965 -0.347996 0.0902862 0.00935718 0
1231190 32511 m2 0.1215 -0.386176 0.55596 0 0.00927756
1231190 148633 m2 0.0311 -0.105098 0.19054 -0.0374516 0
1231190 468540 m2 0.01535 -0.335399 0.443686 0 0.00865281
1231190 582925 m2 0.0146 0.081469 0.449779 0 0.0121291
1231190 413957 m2 0.033 0.472624 0.334759 0 0.045095
1231190 189362 m2 0.0332 0.48355 0.359585 0.0294595 0
1231190 415413 m2 0.01865 -0.187883 0.443441 0.0408274 0
1231190 432418 m2 0.01955 -0.406108 0.387802 0 0.02304
1231190 698416 m2 0.01585 -0.220233 0.37565 0 0.0286762
1231190 248724 m2 0.2535 -0.196876 0.852187 0 0.0395488
1231190 85238 m2 0.07975 -0.381589 0.0986755 0 0.0348891
1231190 244198 m2 0.05935 -0.364076 0.523851 0 0.0518702
1231190 656628 m2 0.01255 0.314144 0.304383 0.02426 0
1231190 629471 m2 0.01665 0.340849 0.408177 0 0.0311755
1231190 177740 m2 0.0181 -0.380511 0.0775008 -0.0494126 0
1231190 419139 m2 0.01145 0.106829 0.354003 0.0331941 0
1231190 400176 m2 0.0486 0.503035 -0.0295242 0.0367038 0
1231190 398114 m2 0.03215 -0.0359158 0.515563 0 0.0249822
1231190 91022 m2 0.0384 -0.0998822 0.464996 0 0.0264291
1231190 116443 m2 0.2297 0.360549 0.399604 0 0.0205691
1231190 640876 m2 0.03015 -0.411872 0.357091 -0.00119386 0
1231190 598843 m2 0.0187 -0.390923 0.321345 0 -0.0207314
1231190 469225 m2 0.09755 -0.585029 0.380556 0.0132518 0
1231190 653423 m2 0.01105 -0.342646 0.25088 -0.00867268 0
1231190 683009 m2 0.0115 0.28344 0.185622 -0.0625121 0
1231190 385285 m2 0.01505 0.135888 0.47717 0 0.0549549
1231190 326065 m2 0.01575 -0.176815 0.473272 0 0.0725477
1231190 640349 m2 0.0154 -0.197136 0.439361 0.00342692 0
1231190 466305 m2 0.02065 -0.386192 0.00931184 0 -0.0429043
1231190 679004 m2 0.01235 0.233759 0.398491 0.0107363 0
1231190 471005 m2 0.01265 0.398134 0.25616 0 -0.00796709
1231190 533058 m2 0.04655 -0.149757 0.53372 0.0338702 0
1231190 230680 m2 0.03895 -0.129277 0.343366 -0.0307946 0
1231190 584806 m2 0.01115 0.298892 0.379285 0.0100946 0
1231190 65357 m2 0.08215 -0.295701 0.513942 -0.0201143 0
1231190 494545 m2 0.02935 -0.248112 0.282159 -0.0291216 0
1231190 581390 m2 0.01505 0.242787 0.0265745 -0.039747 0
1231190 471491 m2 0.01915 -0.328576 0.0646195 0 -0.000477901
1231190 641638 m2 0.01105 0.182591 0.0842465 0 0.0572247
1231190 581388 m2 0.0279 0.405717 0.25634 0.0213536 0
1231190 60433 m2 0.22685 0.000736573 0.494833 0 0.0269118
1231190 670357 m2 0.01345 0.425991 0.242993 0 -0.0135318
1231190 244430 m2 0.0271 -0.430684 0.454926 0 0.0390048
1231190 151889 m2 0.1058 0.506676 0.455143 0.0803053 0
1231190 33518 m2 0.1517 -0.443726 0.627096 0 0.031575
1231190 401406 m2 0.07855 0.425726 0.466373 0.036562 0
1231190 700998 m2 0.01035 0.323139 0.0666512 0.0518555 0
1231190 472998 m2 0.03725 -0.194917 0.206571 0 -0.0100918
1231190 340010 m2 0.1313 0.691813 -0.263042 0.0764031 0
1231190 562001 m2 0.01235 -0.180321 0.273581 -0.0941133 0
1231190 616889 m2 0.0185 -0.0801215 0.369082 0 0.0198361
1231190 681033 m2 0.01655 0.074084 0.188364 0.00100558 0
1231190 338961 m2 0.0208 -0.159227 0.35272 0 0.0660378
1231190 299251 m2 0.0227 -0.260179 0.450897 -0.0448817 0
1231190 511106 m2 0.012 0.251114 0.22859 0.0102243 0
1231190 657375 m2 0.0228 -0.35387 0.131334 0 0.0197631
1231190 345900 m2 0.01875 -0.162805 0.473446 0 0.0193352
1231190 605238 m2 0.0203 0.353763 0.100974 0 -0.0224282
1231190 344170 m2 0.0402 -0.219073 0.474789 0 0.0216724
1231190 698393 m2 0.01195 0.246244 0.306911 0.0525485 0
1231190 583578 m2 0.0209 -0.11121 0.400779 0 0.0335773
1231190 708753 m2 0.0143 -0.335299 -0.0377146 0 0.0177185
1231190 644325 m2 0.01575 -0.118835 0.287012 0.00278969 0
1231190 487315 m2 0.01865 0.428725 0.287359 0 0.0224264
1231190 638583 m2 0.012 0.301018 0.42625 -0.0232158 0
1231190 656096 m2 0.01965 0.393187 0.286494 -0.0319399 0
1231190 495846 m2 0.0166 -0.373943 0.251349 -0.0263141 0
1231190 602213 m2 0.01365 0.423351 0.242822 0 -0.0197136
1231190 463614 m2 0.05555 0.301867 0.418293 0.0394554 0
1231190 132897 m2 0.0553 0.487927 -0.388167 0.0831182 0
1231190 214010 m2 0.1726 0.450246 0.541293 0 0.00689576
1231190 421102 m2 0.01945 -0.0204922 0.457365 0 -0.00537616
1231190 678236 m2 0.01375 -0.338773 0.312252 0 0.0223416
1231190 436356 m2 0.0276 -0.363439 0.162536 0 0.0312378
1231190 568131 m2 0.0106 0.480539 0.198195 0.0663355 0
1231190 491809 m2 0.01455 -0.272999 0.406099 0 0.00905515
1231190 612210 m2 0.0368 0.381331 0.392869 -0.0308837 0
1231190 539304 m2 0.0379 0.325388 0.30517 0.0323654 0
1231190 227971 m2 0.0345 0.0558119 0.497861 0 0.0207038
1231190 44549 m2 0.06695 0.528982 0.394024 0.0446245 0
1231190 689512 m2 0.02145 -0.317514 0.307273 0.0309384 0
1231190 526069 m2 0.02575 -0.338812 0.527439 0 0.0299987
1231190 304634 m2 0.03715 -0.0788464 0.0188509 -0.00223289 0
1231190 35011 m2 0.01105 -0.12781 0.15435 0 -0.00757244
1231190 519872 m2 0.0238 -0.149716 0.442443 -0.00420906 0
1231190 280642 m2 0.0876 0.432023 0.486443 0 0.0881672
1231190 456043 m2 0.0149 -0.379146 0.294353 -0.0220219 0
1231190 331057 m2 0.02145 -0.25575 0.410624 0 0.0153137
1231190 172139 m2 0.03215 0.364871 0.115292 -0.0221991 0
1231190 509772 m2 0.0303 0.344168 0.36374 0 0.0264396
1231190 643805 m2 0.0159 -0.169503 0.372549 -0.0160473 0
1231190 177703 m2 0.03085 0.450998 0.340777 0.0392 0
1231190 115373 m2 0.0644 0.473441 -0.48051 0.0929654 0
1231190 601434 m2 0.0143 -0.234912 0.320691 0 0.00868856
1231190 692870 m2 0.012 -0.322883 0.116569 -0.00590512 0
1231190 290559 m2 0.04655 -0.196885 0.547764 0 0.0252878
1231190 352272 m2 0.03385 -0.444182 0.114574 0 0.0296636
1231190 674336 m2 0.01005 0.262458 0.275932 -0.0106951 0
1231190 558243 m2 0.03195 0.42293 0.263643 0.0424586 0
1231190 626658 m2 0.01705 -0.464135 0.224032 -0.0242974 0
1231190 464111 m2 0.04885 0.541848 0.247414 0.0264836 0
1231190 130152 m2 0.18525 0.301163 0.679014 0 0.0300448
1231190 188295 m2 0.06945 -0.55336 -0.298796 -0.0957376 0
1231190 613879 m2 0.05895 0.481511 0.425709 -0.00645263 0
1231190 330056 m2 0.1114 0.446377 0.553965 0 0.0140279
1231190 155696 m2 0.0364 -0.431915 0.354027 -0.0419992 0
1231190 94576 m2 0.23025 -0.601491 0.52189 -0.02385 0
1231190 688244 m2 0.017 0.127767 0.344676 0.0196335 0
1231190 656079 m2 0.01465 -0.097071 0.106828 -0.043668 0
1231190 191836 m2 0.0168 -0.12044 0.302309 0 0.0532664
1231190 663808 m2 0.01205 -0.387625 0.194249 0 0.0445786
1231190 249963 m2 0.0277 -0.302693 0.455506 -0.00973184 0
1231190 640317 m2 0.01055 -0.244903 0.218863 0 0.0401749
1231190 48495 m2 0.14245 -0.521906 0.341101 -0.0476692 0
1231190 23040 m2 0.06775 -0.555499 0.324049 0 -0.0154179
1231190 454024 m2 0.0239 0.40111 0.324956 0.0670329 0
1231190 342898 m2 0.014 -0.326245 0.184193 -0.036325 0
1231190 583553 m2 0.0285 0.381074 0.348329 0 0.0119199
1231190 338715 m2 0.07195 -0.595616 0.120645 -0.00135154 0
1231190 182555 m2 0.1458 -0.268085 0.643834 0 0.0108649
1231190 114598 m2 0.0659 -0.160746 0.673518 0 0.0174483
1231190 592006 m2 0.0115 -0.278397 0.155048 -0.0461353 0
1231190 120711 m2 0.10955 -0.640691 -0.194085 0 -0.0342835
1231190 285128 m2 0.0304 0.217733 0.23631 -0.0197052 0
1231190 586003 m2 0.0162 0.449975 -0.00986168 0.0152787 0
1231190 188025 m2 0.15635 -0.0500128 0.734549 0 0.077228
1231190 164650 m2 0.02635 -0.205705 0.50408 0 0.0159407
1231190 106169 m2 0.0998 0.44968 0.585675 0 -0.00472508
1231190 109414 m2 0.1025 -0.118476 -0.0671079 0 0.0166249
1231190 365914 m2 0.0123 -0.238154 0.389113 0 0.0532089
1231190 479207 m2 0.02315 0.173433 0.416223 0 0.0608091
1231190 428890 m2 0.03865 -0.0752284 0.559567 0 0.0503461
1231190 23753 m2 0.0764 0.307562 0.242388 0 -0.0186186
1231190 570389 m2 0.01245 -0.362452 0.270085 0 0.0812264
1231190 487284 m2 0.02925 0.304024 0.468879 0.0110733 0
1231190 182084 m2 0.0135 0.15651 0.461702 0 0.0449396
1231190 687223 m2 0.0109 -0.222915 0.242121 0 0.05623
1231190 671816 m2 0.0259 -0.423984 0.252139 0 -0.00541312
1231190 660289 m2 0.01595 0.302033 0.293477 0.0501067 0
1231190 101957 m2 0.0986 -0.533717 0.470048 -0.0853727 0
1231190 724563 m2 0.0116 -0.0881377 0.333139 0.0180573 0
1231190 613640 m2 0.01045 0.276751 0.213916 0 -0.0218677
1231190 480973 m2 0.01085 0.420251 0.246681 -0.0220061 0
1231190 500762 m2 0.0194 -0.391102 0.420921 -0.0291782 0
1231190 327528 m2 0.0312 -0.203635 -0.46833 0 -0.00410108
1231190 117419 m2 0.0186 0.111147 0.36834 0.0469036 0
1231190 629932 m2 0.0262 -0.474031 0.189384 -0.0545455 0
1231190 534781 m2 0.02335 -0.0251168 -0.0313857 0.0082026 0
1231190 452056 m2 0.06225 -0.433835 0.406953 -0.0415098 0
1231190 320296 m2 0.03935 0.426717 0.442012 0 0.0267213
1231190 264883 m2 0.03305 -0.142912 0.282681 0 0.00290285
1231190 642807 m2 0.0346 -0.352937 0.263141 0 0.00503637
1231190 526757 m2 0.014 -0.326245 0.184193 -0.0541986 0
1231190 502293 m2 0.0144 0.0289464 0.33625 0.000352079 0
1231190 175678 m2 0.0346 -0.396761 -0.101871 -0.0321793 0
1231190 493002 m2 0.0387 -0.354707 0.293282 0.0204406 0
1231190 380550 m2 0.02 0.308165 0.295807 -0.0192884 0
1231190 665454 m2 0.0123 -0.272686 0.227168 0 0.0307504
1231190 412102 m2 0.0343 -0.449535 0.30735 -0.0114508 0
1231190 672551 m2 0.0131 0.210564 0.342858 0 0.0406948
1231190 696790 m2 0.0105 -0.35136 0.376166 0.00232965 0
1231190 313375 m2 0.07475 -0.497265 -0.414997 -0.0200428 0
1231190 312882 m2 0.0413 0.359751 0.460276 0.0158766 0
1231190 141009 m2 0.12295 -0.714448 0.0517975 -0.0521993 0
1231190 652574 m2 0.01065 -0.347582 0.0988086 0 0.0171369
1231190 590496 m2 0.0145 0.0366388 0.286408 0 -0.00460011
1231190 547132 m2 0.015 -0.32022 0.191042 -0.0136911 0
1231190 627143 m2 0.0103 -0.134464 0.0264428 0 -0.00017133
1231190 658580 m2 0.01265 -0.308274 0.0663999 0.0378088 0
1231190 31670 m2 0.06415 0.493585 -0.220984 0 -0.0224969
1231190 300423 m2 0.1835 -0.427675 -0.706019 0 -0.0440698
1231190 275569 m2 0.19025 -0.742908 -0.0417 -0.0334906 0
1231190 274550 m2 0.0132 -0.0178028 0.504724 0 -0.000442494
1231190 497290 m2 0.01975 0.424368 -0.116477 0 0.0276771
1231190 243356 m2 0.0239 0.477457 0.289952 0.00387475 0
1231190 264393 m2 0.0205 -0.184241 0.366754 3.66102e-05 0
1231190 320797 m2 0.0285 -0.369295 0.389151 -0.0280065 0
1231190 395316 m2 0.1029 -0.15935 0.322994 0 0.0413758
1231190 487024 m2 0.0395 0.116715 -0.0675537 0 -0.00573293
1231190 228652 m2 0.04645 -0.135653 0.338437 0 0.00883384
1231190 257384 m2 0.0506 -0.371722 0.454819 -0.0509721 0
1231190 442072 m2 0.0166 0.394894 -0.4203 0 -0.0425221
1231190 34893 m2 0.0328 -0.0404996 0.614036 0 0.0272911
1231190 529517 m2 0.02585 0.214362 -0.382627 0.0292167 0
1231190 485266 m2 0.023 0.00335641 0.388659 0.0266912 0
1231190 314804 m2 0.04905 0.47432 0.358751 0 0.047146
1231190 281333 m2 0.0566 -0.367746 0.520764 -0.0411391 0
1231190 527531 m2 0.06275 -0.153758 0.123965 0 0.00695282
1231190 494483 m2 0.0151 0.0745705 0.520513 0 0.0470655
1231190 626871 m2 0.0502 -0.608849 -0.0424999 0 0.0161653
1231190 565876 m2 0.01305 0.222361 0.302436 0.0674559 0
1231190 701487 m2 0.02345 0.0790645 0.0890687 -0.00793252 0
1231190 697305 m2 0.01455 -0.290487 0.327224 -0.0473267 0
1231190 526023 m2 0.0215 0.0958351 0.486581 0 -0.011083
1231190 631385 m2 0.01845 0.349695 -0.221689 -0.00306042 0
1231190 472455 m2 0.0245 0.0282093 0.229235 0.0441362 0
1231190 197473 m2 0.06795 0.0357673 0.629805 0.0140368 0
1231190 548879 m2 0.0129 -0.125299 0.455468 -0.0034801 0
1231190 565874 m2 0.0157 0.257814 0.338335 0.0127934 0
1231190 663275 m2 0.01265 -0.374272 0.323154 0.00896357 0
1231190 570854 m2 0.0144 0.197239 0.453453 0 -0.00694549
1231190 694525 m2 0.0157 -0.344926 0.248425 0 0.0301602
1231190 84443 m2 0.11025 0.542403 0.419139 0 0.0118955
1231190 81834 m2 0.09495 -0.408626 -0.236184 -0.0321064 0
1231190 297467 m2 0.0139 0.170694 0.23466 0 0.0376053
1231190 698806 m2 0.0126 0.283567 -0.00684641 -0.0134845 0
1231190 249659 m2 0.07115 0.398291 0.575591 0 0.0144214
1231190 124895 m2 0.02985 0.37074 0.327524 0.0569422 0
1231190 44482 m2 0.10995 0.0685624 -0.0225734 -0.0236928 0
1231190 577148 m2 0.0172 0.0990936 0.373929 0 0.00702125
1231190 388828 m2 0.06495 -0.440099 -0.574286 0 -0.0623955
1231190 512033 m2 0.03255 -0.138344 0.102515 0 0.0310576
1231190 722024 m2 0.0119 -0.0668755 0.115512 0 0.0164188
1231190 690528 m2 0.01455 0.383365 0.0807199 0.0360932 0
1231190 659278 m2 0.02765 -0.445968 0.234783 0 0.0371188
1231190 355009 m2 0.11035 -0.276706 0.673978 0 0.0176904
1231190 236311 m2 0.03545 -0.0673631 0.400989 0 0.0259377
1231190 671543 m2 0.015 -0.372109 0.22258 0.0036602 0
1231190 525252 m2 0.08 -0.012004 -0.0514795 0 0.0198232
1231190 298457 m2 0.014 -0.389418 0.335599 -0.00753527 0
1231190 518815 m2 0.01165 -0.132328 0.0914533 0 0.0285685
1231190 215660 m2 0.01225 -0.331083 0.300891 -0.00914399 0
1231190 616820 m2 0.0195 -0.0767503 0.466445 0 -0.000680713
1231190 517287 m2 0.0485 0.301165 0.198354 -0.0172515 0
1231190 590035 m2 0.01065 0.167132 0.297791 0.0227865 0
1231190 414341 m2 0.01015 0.360355 0.280723 0 -0.0349903
1231190 579607 m2 0.0411 0.0604093 -0.193316 0.0211805 0
1231190 436581 m2 0.01045 -0.2816 0.410297 0 0.0263063
1231190 404669 m2 0.01865 -0.0345415 0.351684 0 -0.0232666
1231190 92737 m2 0.0732 -0.0144878 -0.516967 0 -0.000713867
1231190 552855 m2 0.02615 0.203468 -0.150511 -0.0189295 0
1231190 363864 m2 0.027 0.404718 -0.248592 0 -0.0165076
1231190 442555 m2 0.09745 0.514358 -0.404264 0.0155578 0
1231190 536714 m2 0.01305 -0.14597 -0.340224 -0.0677189 0
1231190 669273 m2 0.01415 -0.164626 0.399676 0 0.0103417
1231190 65730 m2 0.13745 0.431659 0.593187 0 0.033999
1231190 54895 m2 0.0631 0.338573 -0.10674 0 -0.0305329
1231190 633937 m2 0.0234 -0.261831 0.206151 0 0.0427229
1231190 177404 m2 0.0689 -0.0458573 0.586309 -0.0260544 0
1231190 272541 m2 0.02775 -0.331724 -0.0621886 -0.068981 0
1231190 441564 m2 0.0203 0.0476392 -0.0549917 0 0.0314057
1231190 620238 m2 0.0207 0.314899 -0.236284 0.00706277 0
1231190 589720 m2 0.0153 -0.339187 -0.00260288 -0.0355013 0
1231190 447087 m2 0.03315 0.263212 0.519405 0 0.0444046
1231190 454245 m2 0.0295 0.342825 0.366917 0 0.0556655
1231190 123615 m2 0.15555 0.733359 0.0351096 0.075214 0
1231190 322278 m2 0.0108 -0.136244 0.206223 0 0.0633482
1231190 673547 m2 0.0188 0.369893 0.149322 0 -0.000651542
1231190 618003 m2 0.02295 0.443917 0.0628645 0.0515233 0
1231190 643271 m2 0.0328 0.0391445 0.312718 0.0276811 0
1231190 671966 m2 0.0194 0.352191 -0.338903 0.0156534 0
1231190 314551 m2 0.0398 0.475403 0.422685 0 -0.0127176
1231190 565578 m2 0.03855 0.383377 0.178916 0 -0.0138892
1231190 493925 m2 0.0325 0.196226 0.349241 0.0316356 0
1231190 536709 m2 0.0253 -0.129351 0.312753 0 -0.00986703
1231190 115299 m2 0.013 0.321429 0.370564 0 -0.0168924
1231190 604414 m2 0.01375 -0.413593 -0.207737 0 -0.00192178
1231190 693555 m2 0.0113 -0.34794 0.249212 0 -0.0664136
1231190 173026 m2 0.02175 -0.200314 0.19339 0 0.00500676
1231190 276064 m2 0.0178 -0.43489 -0.286975 0.0142748 0
1231190 639789 m2 0.03075 0.116908 -0.0799374 0.00810784 0
1231190 590940 m2 0.01785 0.182253 0.0541155 0.0107441 0
1231190 105117 m2 0.03295 -0.119417 0.167396 0 -0.00730996
1231190 617010 m2 0.0258 -0.330407 0.236342 0 -0.0139075
1231190 247356 m2 0.01625 0.160931 0.187638 0.0253768 0
1231190 323210 m2 0.1519 -0.489424 -0.550075 -0.0318146 0
1231190 594205 m2 0.0164 0.451612 0.275859 0 -0.0263925
1231190 426824 m2 0.01065 0.378455 -0.185231 0 -0.0308144
1231190 641009 m2 0.0292 0.130385 0.146429 -0.00718353 0
1231190 515531 m2 0.01805 0.335626 0.135231 0.0282487 0
1231190 631606 m2 0.02755 -0.400645 0.10662 -0.0279499 0
1231190 135519 m2 0.12365 0.314186 0.674584 0.049222 0
1231190 216356 m2 0.01535 0.0501671 0.00648743 0 -0.0492707
1231190 600944 m2 0.025 -0.324855 0.316258 -0.0263108 0
1231190 642522 m2 0.0106 -0.232954 0.207233 -0.00776302 0
1231190 341601 m2 0.0179 -0.16965 0.245165 0 -0.00710405
1231190 92958 m2 0.0214 0.197613 0.344332 0 0.0639982
1231190 108357 m2 0.15205 -0.113061 -0.599815 -0.0472218 0
1231190 351951 m2 0.0831 0.453839 0.501722 0.00896156 0
1231190 268808 m2 0.0428 -0.408532 -0.572511 0 -0.0449958
1231190 700908 m2 0.0105 0.376515 -0.185646 0 0.00101611
1231190 270765 m2 0.21385 -0.162818 -0.69018 -0.0400376 0
1231190 560650 m2 0.02805 -0.219911 0.421019 0 -0.0152124
1231190 457709 m2 0.02825 0.140714 -0.232984 0 -0.00566513
1231190 578296 m2 0.0313 0.229906 -0.0888554 0.0349348 0
1231190 449311 m2 0.0297 -0.412854 0.295972 -0.034408 0
1231190 137742 m2 0.24855 -0.325074 0.189751 0.0264151 0
1231190 225143 m2 0.01865 -0.517282 0.000270878 0.00103365 0
1231190 329983 m2 0.08535 -0.149944 0.0617955 0 0.00154337
1231190 408845 m2 0.01735 -0.0914538 0.389436 0 0.00254044
1231190 327473 m2 0.074 -0.216049 -0.174529 0 -0.0458152
1231190 647235 m2 0.0161 -0.381341 0.36631 0 0.0254733
1231190 335737 m2 0.04505 -0.0368511 0.0836067 -0.0491025 0
1231190 561148 m2 0.01435 0.344739 -0.150503 0.00442412 0
1231190 699140 m2 0.01295 -0.225194 0.113887 -0.00036055 0
1231190 233713 m2 0.0667 -0.458092 0.460706 0 0.0474535
1231190 446796 m2 0.0764 -0.542801 -0.308465 -0.0161479 0
1231190 192766 m2 0.15465 0.401854 -0.497601 0 -0.0169379
1231190 433108 m2 0.07555 0.478655 0.0727105 0.0583496 0
1231190 132564 m2 0.0135 -0.193662 0.253795 -0.0271762 0
1231190 620751 m2 0.02405 -0.364904 0.297984 0 0.0144079
1231190 444593 m2 0.05475 0.00424966 0.624958 0 -0.00193851
1231190 652797 m2 0.01415 -0.285137 0.179373 0.0282803 0
1231190 678368 m2 0.01615 -0.347345 -0.359459 -0.0670218 0
1231190 437033 m2 0.0184 0.243226 0.444242 0.00584527 0
1231190 314771 m2 0.04735 -0.129967 0.282898 -0.00764183 0
1231190 195986 m2 0.25865 0.243933 -0.825856 0 -0.0655022
1231190 175102 m2 0.0114 0.140293 -0.232023 -0.00932451 0
1231190 514218 m2 0.0256 -0.179548 0.0866211 0 0.0110382
1231190 427089 m2 0.0281 -0.0473283 -0.26875 -0.00676718 0
1231190 444315 m2 0.05925 0.503283 -0.302995 -0.00457302 0
1231190 390577 m2 0.0601 -0.121686 -0.526378 -0.0219549 0
1231190 631905 m2 0.01545 -0.266088 0.130799 0 0.0204912
1231190 590720 m2 0.01365 -0.194897 0.460075 0 0.0308165
1231190 152026 m2 0.0123 0.142307 0.237499 0 0.0147244
1231190 153829 m2 0.03915 0.363429 0.298115 0.0371363 0
1231190 318022 m2 0.0611 0.407189 -0.599959 0 -0.0583899
1231190 148278 m2 0.03355 -0.343861 -0.367501 -0.0482938 0
1231190 241783 m2 0.02 -0.344202 0.0917823 -0.0777238 0
1231190 395972 m2 0.04065 0.387786 -0.545851 0 -0.0620191
1231190 506710 m2 0.01155 -0.128449 0.0488294 0 0.0126303
1231190 632368 m2 0.01265 -0.483892 -0.252804 -0.00680261 0
1231190 708157 m2 0.01155 -0.291233 0.0704538 0 -0.0414379
1231190 611822 m2 0.04165 -0.479655 -0.265029 0.0401778 0
1231190 643247 m2 0.0316 -0.162124 0.138993 0.0249049 0
1231190 433842 m2 0.06655 -0.119691 -0.215465 0.0127405 0
1231190 233963 m2 0.01965 0.120413 0.299033 -0.0192707 0
1231190 304301 m2 0.10335 0.540125 -0.496123 0 -0.0482413
1231190 258785 m2 0.09145 -0.184554 0.34213 0 0.0123909
1231190 260052 m2 0.11485 0.275648 0.068431 0.016542 0
1231190 303846 m2 0.0148 0.401156 0.268988 0.0840885 0
1231190 403600 m2 0.0836 0.131429 -0.506788 0.0147241 0
1231190 508445 m2 0.0391 0.315895 0.485921 0 0.0290843
1231190 173842 m2 0.28145 -0.810132 -0.300182 -0.0737698 0
1231190 172283 m2 0.0447 -0.0738307 0.614794 0.0110322 0
1231190 652278 m2 0.015 -0.104865 0.267372 0 0.0424331
1231190 144491 m2 0.1443 0.724935 -0.00796496 0 -0.0103748
1231190 183296 m2 0.0243 -0.319345 0.494177 0 0.0284664
1231190 566505 m2 0.0139 0.327083 0.306412 0.0184655 0
1231190 278984 m2 0.0266 -0.460158 0.2916 0 0.0384639
1231190 171046 m2 0.0888 0.552007 -0.0821834 0 -0.0288211
1231190 176877 m2 0.12685 0.531874 -0.270508 0.078997 0
1231190 669752 m2 0.01075 -0.33713 0.202599 0.00905493 0
1231190 294477 m2 0.02425 -0.0197296 0.227379 -0.000258575 0
1231190 574080 m2 0.0217 0.354718 0.383145 0.0413434 0
1231190 640726 m2 0.01115 0.00923951 -0.0525873 -0.0606581 0
1231190 342085 m2 0.1154 0.451334 0.322565 0.0606692 0
1231190 516256 m2 0.0449 0.0360797 0.640124 -0.00258681 0
1231190 207469 m2 0.02525 -0.379403 0.460401 -0.0195606 0
1231190 642501 m2 0.01415 -0.416289 0.0922163 0 -0.01922
1231190 680935 m2 0.02045 0.152299 0.26657 0 0.0634957
1231190 331179 m2 0.0441 0.265125 -0.0235214 0.0315509 0
1231190 570559 m2 0.02915 -0.0816356 0.19711 -0.0300369 0
1231190 233696 m2 0.08755 -0.317383 -0.311983 -0.0111653 0
1231190 690757 m2 0.013 -0.141922 0.223902 0.0220431 0
1231190 703473 m2 0.01465 -0.194216 -0.0635761 -0.0282662 0
1231190 522965 m2 0.01485 0.360335 -0.00323623 0 0.0688536
1231190 527748 m2 0.0104 0.274609 0.304697 0 0.0316483
1231190 242040 m2 0.01615 -0.377812 0.180354 -0.077971 0
1231190 521738 m2 0.04995 0.236468 -0.0346198 -0.0150388 0
1231190 310881 m2 0.02405 -0.188127 -0.358953 0.0563321 0
1231190 627801 m2 0.0535 -0.544836 -0.25624 -0.0772326 0
1231190 263826 m2 0.02115 -0.344433 0.367324 0 0.0265415
1231190 674021 m2 0.0201 0.0316414 -0.235908 0.015319 0
1231190 666948 m2 0.01655 -0.243835 -0.0511714 0 0.00746791
1231190 506915 m2 0.0516 -0.214037 -0.139095 -0.0249107 0
1231190 410097 m2 0.01935 -0.141831 0.322566 0 0.00467004
1231190 432013 m2 0.0161 -0.385154 -0.0408014 0 0.0461889
1231190 399540 m2 0.07665 0.204079 -0.475098 0.0209803 0
1231190 598208 m2 0.02385 -0.451359 0.14265 0 0.037485
1231190 326949 m2 0.04895 0.0633783 0.306011 0.030861 0
1231190 511219 m2 0.0249 -0.330131 -0.177377 0 0.00149278
1231190 537150 m2 0.02415 0.3802 -0.420892 0 -0.0401005
1231190 531456 m2 0.01605 0.0794681 0.389792 0.0324364 0
1231190 567761 m2 0.01525 -0.0340303 0.0798526 -0.0373953 0
1231190 708415 m2 0.01415 -0.419511 -0.0310783 0 -0.0365303
1231190 361109 m2 0.03345 -0.231829 0.464545 0.00907915 0
1231190 346042 m2 0.0161 0.338654 0.124381 0.0460504 0
1231190 544541 m2 0.0112 0.109741 -0.488165 0.0382677 0
1231190 685628 m2 0.0123 -0.0878229 0.106809 -0.00728322 0
1231190 333686 m2 0.0947 -0.518302 -0.458036 0 -0.035191
1231190 416761 m2 0.0222 0.255624 0.427198 0.00481268 0
1231190 485460 m2 0.0112 -0.266988 0.0868925 0.0117357 0
1231190 295883 m2 0.0108 -0.346023 0.388186 0 0.0440204
1231190 373761 m2 0.04905 -0.52327 -0.128529 -0.02275 0
1231190 417540 m2 0.0136 -0.0426708 0.328644 0 0.0398101
1231190 307748 m2 0.0671 -0.494919 -0.531793 0 -0.0899908
1231190 493656 m2 0.0359 0.14785 0.301894 0 0.00400636
1231190 326945 m2 0.0258 0.389769 -0.491899 0 -0.0140537
1231190 441753 m2 0.0171 0.0645932 -0.496139 -0.0145724 0
1231190 535440 m2 0.0376 0.353001 0.109575 0.0509157 0
1231190 293232 m2 0.0153 -0.372084 0.306992 -0.0487905 0
1231190 290182 m2 0.1624 -0.128238 -0.454429 0 -0.0266477
1231190 416533 m2 0.01215 -0.332798 0.344478 -0.0541792 0
1231190 593891 m2 0.0234 -0.440397 -0.446592 0.0504629 0
1231190 619031 m2 0.0104 -0.289894 -0.296203 0 -0.018645
1231190 492221 m2 0.0457 0.411487 0.330512 -0.00802936 0
1231190 503946 m2 0.0206 0.301443 0.318872 0 0.00986436
1231190 356911 m2 0.04235 -0.328805 0.235604 0 -0.0474729
1231190 437011 m2 0.01735 -0.384309 -0.395196 0 -0.0608385
1231190 313808 m2 0.0161 -0.385154 -0.0408014 0 -0.0160482
1231190 435254 m2 0.0398 -0.166755 0.442701 0 -0.00113775
1231190 319526 m2 0.1235 0.258925 -0.491893 -0.0232785 0
1231190 434755 m2 0.03585 -0.260697 0.487818 0.00207709 0
1231190 436026 m2 0.0368 -0.342978 -0.470469 0 0.0232159
1231190 354956 m2 0.061 -0.307811 0.538713 0 0.0163708
1231190 379941 m2 0.0159 -0.23529 -0.00181099 0 0.00781485
1231190 325941 m2 0.0494 0.213666 -0.324642 0.0460544 0
1231190 666455 m2 0.0164 0.151074 -0.373193 0 -0.0850631
1231190 411292 m2 0.04065 0.218926 0.186184 0.00863218 0
1231190 588782 m2 0.0113 -0.258407 -0.0307313 -0.0402092 0
1231190 324399 m2 0.08045 -0.502909 0.496023 -0.0632643 0
1231190 405134 m2 0.0442 0.00979383 -0.398167 0 -0.0378762
1231190 509395 m2 0.0225 0.418017 0.317079 0.0161652 0
1231190 488939 m2 0.01165 -0.284961 0.390661 0 0.000998877
1231190 658488 m2 0.0212 -0.407939 -0.495177 -0.0392218 0
1231190 451486 m2 0.0272 0.25446 -0.152055 0 -0.0244787
1231190 572731 m2 0.01535 -0.29277 -0.410977 0 -0.0216593
1231190 593117 m2 0.09815 -0.0516853 -0.510927 0 0.0178005
1231190 355201 m2 0.0706 0.464597 -0.533605 0 -0.0221394
1231190 377929 m2 0.0249 -0.339305 0.364546 0 0.0391727
1231190 581774 m2 0.0222 0.33925 -0.300685 0.0425324 0
1231190 491980 m2 0.042 -0.118645 0.128375 0 0.0385155
1231190 630099 m2 0.02095 -0.0459761 -0.0352825 0 -0.0193478
1231190 557863 m2 0.0244 0.147006 0.133916 0.0118433 0
1231190 594910 m2 0.019 0.380646 -0.365651 0 0.0101666
1231190 574565 m2 0.0221 -0.3077 -0.516992 0 -0.0968997
1231190 530179 m2 0.1747 -0.460028 -0.612747 0.00201595 0
1231190 436527 m2 0.0349 -0.271005 0.518145 -0.0227466 0
1231190 551038 m2 0.03085 -0.554831 -0.177428 -0.0555451 0
1231190 437250 m2 0.01095 0.197138 -0.19586 -0.043471 0
1231190 370819 m2 0.10335 -0.233177 -0.563541 0 -0.0185274
1231190 596452 m2 0.0437 0.316303 0.180206 -0.0308133 0
1231190 523229 m2 0.0403 0.508799 -0.104467 0 -0.0198346
1231190 603601 m2 0.0244 -0.427805 -0.332003 0 0.0211103
1231190 397964 m2 0.01545 0.0658309 -0.250827 0 -0.0345632
1231190 389800 m2 0.14845 -0.630372 -0.0373849 0.0056738 0
1231190 413036 m2 0.10195 -0.0214247 -0.663715 0.0332628 0
1231190 571766 m2 0.05265 -0.30892 -0.214359 -0.00438134 0
1231190 531942 m2 0.0163 0.410326 -0.253641 0.014723 0
1231190 592878 m2 0.03255 0.215573 0.056572 0.00406524 0
1231190 461748 m2 0.03665 -0.00855647 0.514537 0 0.0723159
1231190 411282 m2 0.12315 0.465908 0.158759 0.0159522 0
1231190 598741 m2 0.03455 0.547373 0.182633 0.0248353 0
1231190 539926 m2 0.01245 0.0950654 -0.510508 0 -0.118478
1231190 696223 m2 0.0104 -0.279195 0.0590798 -0.0320038 0
1231190 454428 m2 0.0176 -0.221093 0.444787 -0.0155608 0
1231190 537692 m2 0.06215 -0.531937 -0.299438 0 -0.0199588
1231190 494391 m2 0.0113 0.0649854 0.030437 0.01149 0
1231190 724206 m2 0.0126 0.125357 -0.139018 -0.00304137 0
1231190 458422 m2 0.0487 -0.0294279 -0.228968 0 0.0181317
1231190 630823 m2 0.01055 0.266535 -0.254672 0 -0.0537823
1231190 618010 m2 0.0171 0.0735783 -0.305666 0 -0.0384379
1231190 571521 m2 0.01365 0.0325331 0.286265 0 0.0239562
1231190 629847 m2 0.01425 -0.147214 -0.167446 0 -0.0100258
1231190 656495 m2 0.0223 -0.0688959 -0.162276 0 -0.0309424
1231190 706102 m2 0.01575 -0.249448 -0.0651648 0 -0.0242247
1231190 663689 m2 0.01475 -0.445179 -0.0664248 -0.0241258 0
1231190 651718 m2 0.01445 0.393937 -0.316285 0.0509716 0
1231190 656261 m2 0.023 0.40848 0.113595 0 -0.00373614
1231190 691733 m2 0.01065 -0.333762 -0.0556134 0 -0.026766
