// Initial random seed:
3542197278027

// RunInitializeCallbacks():
initializeTreeSeq();
initializeMutationRate(1e-10);
initializeSex("A");
initializeMutationType(2, 0.5, "f", 0);
initializeGenomicElementType(1, m2, 1);
initializeGenomicElement(g1, 0, 500000);
initializeRecombinationRate(c(1e-06, 0.5, 1e-06, 0.5, 1e-06, 0.5, 1e-06, 0.5, 1e-06, 0.5, 1e-06, 0.5, 1e-06, 0.5, 1e-06, 0.5, 1e-06, 0.5, 1e-06, 0.5, 1e-06, 0.5, 1e-06, 0.5, 1e-06, 0.5, 1e-06, 0.5, 1e-06, 0.5, 1e-06, 0.5, 1e-06, 0.5, 1e-06, 0.5, 1e-06, 0.5, 1e-06), c(50000, 50001, 100000, 100001, 150000, 150001, 200000, 200001, 250000, 250001, 300000, 300001, 350000, 350001, 400000, 400001, 450000, 450001, 500000, 500001, 550000, 550001, 600000, 600001, 650000, 650001, 700000, 700001, 750000, 750001, 800000, 800001, 850000, 850001, 900000, 900001, 950000, 950001, 1000000));

QTL DFE means: 
0 0

QTL DFE variance-covariance matrix: 
     [,0] [,1]
[0,]  0.4    0
[1,]    0  0.4

// Starting run at generation <start>:
1 

100:0.999958 0.999958 2.22045e-15 -0.000169248 -0.000102985 -0.0466657 -0.0853641 NAN NAN
200:0.999981 0.999981 -4.03011e-14 -7.5094e-05 0.000220029 -0.080146 0.434013 NAN NAN
300:0.999876 0.999876 -6.32827e-15 0.000249512 -1.01444e-05 -0.145952 0.00486356 NAN NAN
400:0.999934 0.999934 -1.19904e-14 -0.000268827 5.46381e-05 0.0597992 -0.122468 NAN NAN
500:0.999885 0.999885 5.88418e-15 -0.00515689 0.000101584 0.0454049 0.153069 NAN NAN
600:0.999734 0.999734 3.78586e-14 -0.00939876 0.00022834 -0.0194882 0.234147 NAN NAN
700:0.999813 0.999813 2.02061e-14 -0.010306 -9.87226e-06 0.159102 -0.174078 NAN NAN
800:0.999946 0.999946 -3.55271e-15 -0.00292984 -1.31103e-05 -0.0536004 -0.157459 NAN NAN
900:0.999793 0.999793 7.54952e-15 -0.00458843 -0.000272606 0.0382529 0.126427 NAN NAN
1000:0.999929 0.999929 5.9952e-15 -0.002343 -8.20648e-05 0.0690436 0.0163367 NAN NAN
1100:0.995131 0.995127 3.85002e-06 -0.00251408 8.65834e-05 0.104583 -0.0357978 0.0347619 -0.00457345
1200:0.981358 0.981425 -6.74337e-05 -0.000939993 0.000226056 0.174957 -0.214886 0.0486165 -0.0475454
1300:0.960357 0.957824 0.00253279 -0.000229135 0.00455579 -0.123332 0.510406 -0.0264144 0.25953
1400:0.944953 0.918204 0.0267493 0.000122327 0.0422462 0.213628 0.709208 0.0482332 0.634882
1500:0.932119 0.849354 0.0827654 0.000796964 0.0363573 0.165083 0.902812 0.0351167 0.71903
1600:0.906184 0.781894 0.12429 0.00102641 0.00713144 0.214849 0.907452 0.0510557 0.755065
1700:0.883749 0.706519 0.177231 0.0139764 -0.061371 0.409959 0.936589 0.126541 0.836186
1800:0.845605 0.622455 0.22315 0.0445952 -0.103243 0.686877 0.93027 0.341743 0.86444
1900:0.832513 0.487497 0.345016 0.116455 -0.0642359 0.890173 0.972647 0.566896 0.937473
2000:0.775432 0.351946 0.423486 0.0736873 -0.0371708 0.920343 0.987763 0.678988 0.963898
2100:0.785835 0.344972 0.440863 0.0540706 -0.0367646 0.946787 0.991205 0.697922 0.971458
2200:0.786464 0.343391 0.443073 0.044191 -0.0292956 0.953747 0.990202 0.70573 0.970595
2300:0.799536 0.338276 0.46126 0.0203604 -0.0285147 0.985126 0.991871 0.738853 0.969237
2400:0.80215 0.336576 0.465574 0.0217721 -0.033489 0.988787 0.991405 0.748721 0.970097
2500:0.805968 0.33808 0.467888 0.0142237 -0.0210324 0.986831 0.991792 0.748447 0.971447
2600:0.820253 0.343581 0.476673 0.0156346 -0.00932236 0.984812 0.9944 0.757087 0.975221
2700:0.843789 0.348963 0.494826 0.0199391 -0.00992966 0.984784 0.995028 0.785447 0.9762
2800:0.850658 0.346047 0.504611 0.0103929 -0.00441747 0.984875 0.993836 0.802913 0.97529
2900:0.855561 0.347255 0.508305 0.00362604 0.00293753 0.986307 0.994114 0.806851 0.976274
3000:0.861374 0.349229 0.512144 0.0144206 0.00110553 0.986077 0.994463 0.812989 0.977027
