seed mutID muttype p cor_sal cor_temp mutSalEffect mutTempEffect
1231231 298557 m2 0.0441 0.0294816 0.685686 -0.0185919 -0.020301
1231231 283260 m2 0.0308 -0.126238 0.608187 -0.0667441 0.0243119
1231231 432972 m2 0.03265 0.100001 0.562091 -0.0144924 -0.0358869
1231231 109784 m2 0.04285 -0.123865 0.402712 0.00672801 0.0577304
1231231 11 m2 0.1273 0.0207211 -0.762292 0.00891478 0.0164673
1231231 195441 m2 0.0823 0.0162468 0.775549 0.00535461 -0.012581
1231231 411701 m2 0.03245 -0.0165956 0.688377 -0.067677 0.0787737
1231231 223741 m2 0.0685 -0.00244959 0.754906 -0.0316585 -0.0273929
1231231 253799 m2 0.0267 -0.260448 0.59066 -0.0335227 0.0896816
1231231 616509 m2 0.02205 -0.163962 0.581191 0.0116012 0.00176048
1231231 367129 m2 0.07295 0.0365715 0.750865 0.0476284 0.0591779
1231231 622405 m2 0.02565 -0.0829395 0.281297 -0.0391349 -0.0341202
1231231 444615 m2 0.03935 -0.138658 0.601039 -0.0895162 0.0195528
1231231 265459 m2 0.01345 -0.083486 0.392891 -0.0206457 -0.000214314
1231231 249365 m2 0.0646 -0.150219 0.552343 -0.0426084 -0.0181906
1231231 139431 m2 0.05905 0.041056 0.712264 -0.0259133 0.00870388
1231231 647921 m2 0.01755 0.0464349 0.504082 -0.0347682 -0.0584021
1231231 684168 m2 0.02325 -0.118484 0.476563 -0.0795087 0.0464731
1231231 456696 m2 0.0195 0.119686 0.349275 0.0491738 0.0312417
1231231 480906 m2 0.01555 0.155812 0.491678 -0.0388857 0.00537165
1231231 708474 m2 0.01495 0.180057 0.561197 0.0640577 -0.0949983
1231231 660928 m2 0.0201 0.215754 0.695208 0.0240101 -0.0243488
1231231 459218 m2 0.0193 0.00697989 0.54842 0.0592906 0.0166343
1231231 508607 m2 0.043 0.0214662 0.701501 0.000283397 0.0334062
1231231 608604 m2 0.04975 -0.0125006 0.539723 -0.0541423 -0.00434611
1231231 271979 m2 0.02345 -0.154426 0.396484 -0.026516 0.0317688
1231231 38484 m2 0.0146 -0.0217737 0.390958 0.0355 0.0593727
1231231 681768 m2 0.0156 0.24307 0.60942 0.0266542 -0.0341005
1231231 669785 m2 0.01175 -0.113814 0.477205 0.0264458 0.0381368
1231231 447292 m2 0.01465 0.0527837 0.582946 0.0105614 0.00468301
1231231 279696 m2 0.04985 -0.044944 0.594012 -0.0393108 -0.0267924
1231231 535813 m2 0.0147 -0.0792334 0.494461 -0.00971483 -0.0481997
1231231 582051 m2 0.0172 -0.0632396 0.590852 -0.0293521 -0.017073
1231231 498397 m2 0.03745 -0.107132 0.533881 -0.0490336 0.0143279
1231231 711450 m2 0.0118 0.0486808 0.518278 0.0250322 0.0397313
1231231 329981 m2 0.03565 -0.0867568 0.668107 -0.0600887 0.00545361
1231231 23541 m2 0.0408 0.0264467 0.649388 -0.011231 0.0738665
1231231 451626 m2 0.04995 -0.0919519 0.497072 -0.114241 0.0173968
1231231 140 m2 0.02735 0.0553471 0.00910408 0.0468716 0.0440094
1231231 648150 m2 0.02325 -0.128798 0.433394 -0.0438898 -0.0319704
1231231 403981 m2 0.0559 0.0075979 0.69232 0.0472737 0.0722638
1231231 507356 m2 0.03155 -0.117485 0.375867 0.0317607 6.17027e-05
1231231 527947 m2 0.0133 0.0343066 0.530679 -0.0508133 -0.0860174
1231231 188321 m2 0.0701 0.124516 0.58335 0.0172994 -0.0167813
1231231 476945 m2 0.01635 0.0730427 0.5615 0.0535154 0.0165047
1231231 85771 m2 0.09825 -0.0192453 0.759219 -0.00534699 -0.00257087
1231231 240387 m2 0.0116 0.0810607 0.465 0.0152237 0.0666428
1231231 16482 m2 0.0839 0.0878637 0.720759 0.0410805 -0.0111515
1231231 287305 m2 0.016 -0.0450802 0.427565 0.0113031 0.0661038
1231231 350718 m2 0.07495 0.23455 0.677063 0.102691 0.0567914
1231231 366070 m2 0.0289 0.0505839 0.660058 -0.00500637 0.0228243
1231231 472046 m2 0.0602 0.153007 0.654464 0.0624511 0.0815666
1231231 683161 m2 0.0328 0.231998 0.543108 0.0761185 0.0559856
1231231 399703 m2 0.09215 -0.0488996 0.697913 -0.0196579 0.0333768
1231231 530405 m2 0.0153 -0.154283 0.443525 0.0176454 0.00900231
1231231 393124 m2 0.04665 0.114342 0.615171 0.0111119 0.0679678
1231231 183246 m2 0.15705 0.129194 0.772966 0.0742608 -0.00443445
1231231 371175 m2 0.06395 -0.0709526 0.694882 0.0441657 -0.0158138
1231231 218215 m2 0.04455 -0.0085346 0.554749 0.00324391 0.0718256
1231231 613247 m2 0.03175 0.037967 0.565302 0.0379028 0.0272392
1231231 702213 m2 0.0129 -0.0423617 0.484853 -0.0035025 -0.0241304
1231231 492487 m2 0.021 -0.0587448 0.513518 0.00203152 0.0505493
1231231 620657 m2 0.0243 -0.0693799 0.512471 -0.00435693 0.101779
1231231 680478 m2 0.0243 0.0292994 0.552577 0.0140833 -0.107273
1231231 608822 m2 0.02025 0.0134859 0.646346 -0.0331612 0.00174919
1231231 553681 m2 0.0272 -0.0661799 0.694089 -0.0172688 -0.0108625
1231231 584017 m2 0.0148 -0.142357 0.422066 -0.0742911 -0.0138166
1231231 461175 m2 0.0378 0.0585318 0.581385 -0.0297182 -0.00440676
1231231 343660 m2 0.076 0.0485247 0.755327 0.0198126 0.00657319
1231231 547947 m2 0.01405 0.020512 0.485451 -0.0223619 -0.011355
1231231 476453 m2 0.05085 0.0813568 0.543568 -0.0183906 0.0248454
1231231 265949 m2 0.1204 0.16803 0.752073 0.0984019 0.0499853
1231231 428257 m2 0.05805 -0.0662401 0.462455 0.00931642 0.0250528
1231231 516508 m2 0.0163 -0.0339761 0.53391 -0.00261121 0.0232254
1231231 362172 m2 0.0338 -0.130602 0.403835 -0.0794069 0.044473
1231231 335370 m2 0.0324 0.0634548 0.664512 0.00517572 0.0333992
1231231 653179 m2 0.0218 -0.0154403 0.528491 0.0206999 -0.0564518
1231231 651152 m2 0.04575 -0.0264889 0.642 -0.0123471 -0.0414187
1231231 85032 m2 0.0689 -0.0669112 0.546679 0.00957344 0.0408869
1231231 483977 m2 0.01615 -0.0437346 0.321941 -0.027599 -0.00725074
1231231 387104 m2 0.0278 -0.114451 0.560441 -0.01999 0.00744356
1231231 428247 m2 0.05695 -0.0414593 0.684895 0.040024 0.0340657
1231231 427490 m2 0.08355 -0.0142342 0.537763 -0.0613938 0.0374801
1231231 379614 m2 0.01385 0.00595291 0.477577 -0.0232521 0.0201225
1231231 293498 m2 0.0279 -0.0863954 0.385335 -0.0144724 0.00605769
1231231 531368 m2 0.0209 0.0766637 0.638488 -0.0016244 0.00741444
1231231 333639 m2 0.12425 0.00481102 0.659603 0.0230253 0.0256083
1231231 697674 m2 0.01495 -0.131227 0.388571 -0.0669329 0.0730586
1231231 385091 m2 0.04175 -0.0317912 0.591814 -0.0470192 -0.0501793
1231231 351393 m2 0.12915 -0.0859417 0.777996 -0.0316425 0.0598737
1231231 451613 m2 0.02805 -0.0496028 0.637895 -0.0246262 -0.0181029
1231231 716633 m2 0.0107 -0.00590855 0.426597 -0.0158489 -0.080556
1231231 268473 m2 0.0117 0.101118 0.570445 0.0625799 0.0302858
1231231 444144 m2 0.0203 -0.161382 0.55251 -0.108658 -0.0733973
1231231 395108 m2 0.04185 -0.0306663 0.741084 -0.000250662 0.00697521
1231231 405667 m2 0.0531 0.159914 0.641409 0.0590693 0.0417837
1231231 700988 m2 0.0174 0.170126 0.499545 0.0214334 -0.0295879
1231231 699469 m2 0.01135 -0.160641 0.438172 -0.093239 -0.0283069
1231231 445057 m2 0.0169 -0.14988 0.447874 -0.0538733 0.00164994
1231231 487639 m2 0.03335 -0.0151425 0.59912 -0.045727 0.0101215
1231231 574345 m2 0.0104 -0.0808004 0.409623 -0.0378518 0.0164291
1231231 501364 m2 0.01825 0.0541181 0.695984 -0.00923497 0.0776042
1231231 325136 m2 0.0143 -0.0430098 0.515715 -0.0584091 0.0521763
1231231 544913 m2 0.02085 0.0457715 0.639736 0.0276343 0.00949061
1231231 446793 m2 0.01405 0.13873 0.520507 0.107675 0.0803118
1231231 324376 m2 0.016 0.0358337 0.296542 0.0102157 0.00560734
1231231 335618 m2 0.07065 -0.000449463 0.54507 0.00315408 0.0640081
1231231 263630 m2 0.0442 -0.133149 0.619085 -0.0325207 -0.00603815
1231231 522442 m2 0.01935 0.024715 0.50144 0.0437075 -0.00690351
1231231 596562 m2 0.03285 -0.109648 0.444363 -4.25578e-05 -0.00869825
1231231 459466 m2 0.0207 0.139755 0.576969 0.00369388 0.0583385
1231231 683417 m2 0.01095 0.047642 0.447607 0.0172332 0.0626559
1231231 191646 m2 0.04905 -0.165593 0.62785 -0.0784248 -0.0391121
1231231 294266 m2 0.0899 0.139187 0.675335 0.0637827 -0.0479039
1231231 126797 m2 0.05705 -0.0185116 0.682812 0.000478553 0.0570658
1231231 514579 m2 0.04285 0.0375902 0.36207 0.0326266 -0.0237229
1231231 655227 m2 0.01235 0.016205 0.465001 0.0245929 -0.00236567
1231231 50286 m2 0.01915 0.151258 0.70579 0.0192673 -0.0311501
1231231 3432 m2 0.1 -2.89898e-17 0.174078 0.000194346 0.066302
1231231 402155 m2 0.0609 -0.0923127 0.402426 -0.0286017 -0.00661126
1231231 222241 m2 0.0799 -0.0541852 0.623911 -0.0120672 0.0407102
1231231 584485 m2 0.04495 -0.0460788 0.753153 -0.085752 -0.0235579
1231231 624387 m2 0.01255 0.193895 0.473178 0.0912426 -0.00985647
1231231 695183 m2 0.0243 0.0202881 0.633924 -0.0303801 -0.0320577
1231231 134216 m2 0.0208 -0.0677571 0.291686 0.0154939 0.0127723
1231231 59446 m2 0.05085 -0.133167 0.475368 -0.0635917 0.024638
1231231 236052 m2 0.04985 -0.0244191 0.573629 0.00199319 -0.0141412
1231231 547933 m2 0.01525 -0.0629663 0.692629 0.0212893 0.0423073
1231231 581786 m2 0.0364 0.112801 0.716556 0.0342347 0.0112952
1231231 650375 m2 0.01515 -0.068817 0.403561 0.0144635 -0.0256743
1231231 641208 m2 0.02385 -0.04388 0.389538 -0.0114133 -0.0220666
1231231 263625 m2 0.01885 -0.000451719 0.509087 -0.00637157 0.0943388
1231231 401655 m2 0.0679 -0.0183592 0.690578 -0.0215055 0.0510174
1231231 262818 m2 0.017 -0.0195725 0.325347 -0.00159845 0.00297059
1231231 234595 m2 0.1421 -0.102162 0.788204 -0.0690986 0.0108386
1231231 155376 m2 0.04895 0.0146318 0.707445 0.02875 0.0320219
1231231 187047 m2 0.02815 -0.0496163 0.458138 0.0107094 0.0362762
1231231 448320 m2 0.0214 -0.00929701 0.324814 0.0067916 -0.00039385
1231231 493804 m2 0.0184 -0.0248248 0.672527 0.00730698 -0.010339
1231231 10572 m2 0.0134 0.0269563 0.500144 -0.0324257 0.0245656
1231231 154376 m2 0.02525 -0.249409 0.550572 -0.0313632 -0.0191375
1231231 23967 m2 0.0585 0.182879 0.71963 0.0870411 0.014881
1231231 511766 m2 0.04805 -0.0183621 0.439441 0.0256135 0.0431366
1231231 717138 m2 0.0111 0.118309 0.351754 -0.00734531 0.0623111
1231231 316139 m2 0.02675 0.036265 0.736385 -0.0640698 -0.0924858
1231231 127061 m2 0.0966 -0.0504701 0.645399 -0.0156439 0.0230431
1231231 17963 m2 0.01135 0.119689 0.350496 0.0364006 -0.0237831
1231231 599054 m2 0.0338 -0.110477 0.440354 -0.0742039 0.0123256
1231231 427188 m2 0.01165 0.054445 0.456959 0.0547223 -0.00398818
1231231 593483 m2 0.022 0.208972 0.408998 0.0531267 -0.0440723
1231231 453564 m2 0.0219 -0.114351 0.512745 -0.0515472 -0.0536479
1231231 502062 m2 0.0216 0.0406347 0.46003 0.0335391 -0.0357958
1231231 222684 m2 0.11865 0.0565986 0.755224 0.0246733 -0.0130654
1231231 33979 m2 0.18005 0.120185 0.775615 0.0644435 0.0723124
1231231 154843 m2 0.13015 -0.0419794 0.67629 -0.0150555 0.0162811
1231231 641198 m2 0.0219 -0.12632 0.440722 -0.0718465 0.0641111
1231231 276935 m2 0.14925 -0.0148902 0.766229 -0.0218806 0.0877394
1231231 620156 m2 0.01455 -0.134563 0.359249 -0.0726366 0.07045
1231231 307982 m2 0.1758 0.106182 0.78076 0.111574 -0.0116348
1231231 225424 m2 0.0222 -0.132594 0.387836 -0.0525355 0.0297604
1231231 535546 m2 0.0407 0.00702195 0.585313 0.00929238 -0.0494331
1231231 161981 m2 0.02795 0.0206741 0.539151 -0.0350766 0.0328984
1231231 22737 m2 0.0574 0.117339 0.714781 0.0658443 -0.0260619
1231231 622600 m2 0.0153 -0.0521991 0.476038 0.030642 0.0232741
1231231 682179 m2 0.0134 0.112613 0.31802 0.0411958 0.0240148
1231231 699458 m2 0.01585 0.0118732 0.601054 -0.027158 0.0281324
1231231 610758 m2 0.02375 0.0983423 0.601915 -0.0217094 0.0626119
1231231 411404 m2 0.0746 -0.218777 0.600761 -0.0867214 -0.0251594
1231231 248029 m2 0.08465 0.0386856 0.536254 0.0322189 0.0128179
1231231 572845 m2 0.03175 0.0797407 0.328221 0.0503886 0.0897308
1231231 630481 m2 0.04285 0.0143234 0.31376 -0.015869 0.00654593
1231231 229663 m2 0.024 0.0762603 0.665388 0.010524 0.0373346
1231231 724986 m2 0.0164 0.178404 0.287705 0.0417014 -0.00296626
1231231 448827 m2 0.0288 -0.105583 0.16232 -0.0536102 -0.000518189
1231231 612742 m2 0.02685 0.0450226 0.410435 -0.030537 -0.085769
1231231 585454 m2 0.0248 0.164161 0.599188 0.0396411 -0.0818638
1231231 189594 m2 0.08625 -0.0293204 0.656377 -0.00977788 -0.00122351
1231231 452848 m2 0.0515 0.0232984 0.453038 -0.0623184 -0.0208798
1231231 7242 m2 0.04215 -0.0757298 0.692111 -0.034001 0.00852038
1231231 437110 m2 0.0249 -0.0801977 0.279124 -0.0273879 0.0355281
1231231 18235 m2 0.1 -2.89898e-17 0.174078 0.0571752 -0.00348295
1231231 571351 m2 0.018 0.179456 0.409508 0.0795917 0.0127526
1231231 12063 m2 0.07495 0.0428609 0.172248 0.0295882 0.0998645
1231231 385061 m2 0.02615 -0.0576332 0.323102 -0.090949 -0.0353786
1231231 590960 m2 0.0229 -0.194892 0.597087 -0.0435784 -0.060776
1231231 95863 m2 0.07175 0.0411495 0.172491 -0.00832371 -0.0440384
1231231 512557 m2 0.02645 -0.13889 0.267696 -0.0350626 0.0607438
1231231 384555 m2 0.0273 0.0370706 0.719694 -0.0136502 -0.0437237
1231231 324578 m2 0.05165 -0.0238765 0.670615 -0.0507271 -0.0255822
1231231 92411 m2 0.01075 -0.0950475 0.301899 -0.0306202 0.0373168
1231231 447516 m2 0.03535 -0.029405 0.51126 0.0049626 0.023225
1231231 690724 m2 0.01105 -0.21439 0.227577 -0.0478097 -0.0366591
1231231 128261 m2 0.0387 -0.0609833 0.380259 -0.00409166 0.0821865
1231231 407141 m2 0.0557 -0.0925121 0.644057 -0.0315967 -0.0476332
1231231 573357 m2 0.0134 -0.121404 0.412965 -0.0869136 0.00586471
1231231 109439 m2 0.1 -2.89898e-17 0.174078 0.00612275 -0.0178798
1231231 633436 m2 0.0138 -0.0174785 0.168282 -0.0549628 0.0116206
1231231 447769 m2 0.0287 0.119541 0.661669 0.0521147 0.0328528
1231231 471459 m2 0.0603 -0.0306683 0.172832 0.0209742 -0.0415235
1231231 52002 m2 0.0667 0.10652 0.733094 0.0328844 0.0161973
1231231 339380 m2 0.08275 -0.232432 0.593831 -0.145985 -0.0369353
1231231 669727 m2 0.01415 -0.09184 0.2802 0.0266218 0.0363196
1231231 333142 m2 0.03065 -0.0217123 0.623979 0.0507516 0.104488
1231231 317906 m2 0.075 -0.0859961 0.407252 -0.0799502 -0.0153712
1231231 579579 m2 0.0451 0.164994 0.455515 0.0343074 0.00373435
1231231 581530 m2 0.01675 -0.106633 0.269396 -0.0430008 0.0746779
1231231 273155 m2 0.03935 -0.057126 0.170511 -0.0932619 0.0177538
1231231 229133 m2 0.0446 -0.112714 0.162512 -0.0947491 0.0156996
1231231 495808 m2 0.0209 0.0765585 0.372042 0.0487745 0.0558485
1231231 112431 m2 0.1 -2.89898e-17 0.174078 -0.0249121 -0.0294839
1231231 289235 m2 0.05195 -0.0549764 0.170849 0.00935789 -0.0772599
1231231 335087 m2 0.02555 0.160746 0.148716 0.0459549 -0.0529988
1231231 450800 m2 0.05655 0.135474 0.760417 0.0692285 -0.0129622
1231231 412173 m2 0.05775 -0.017941 0.38041 -0.0115523 -0.0601905
1231231 65194 m2 0.08765 0.0250942 0.173417 0.0153475 0.00338152
1231231 664967 m2 0.01675 0.0418686 0.404446 0.00983418 0.0373299
1231231 173467 m2 0.0578 0.0350293 0.172559 0.0695385 0.0398565
1231231 59646 m2 0.06145 -0.00956009 0.173636 0.0148192 -0.0142259
1231231 568848 m2 0.01825 0.126426 0.551183 0.0128808 -0.0120376
1231231 439542 m2 0.0254 0.0530683 0.170625 -0.0055934 -0.0276705
1231231 259727 m2 0.041 0.0183917 0.172685 -0.0300777 0.025959
1231231 703170 m2 0.01385 0.0295265 0.301425 0.0292209 0.0381167
1231231 479579 m2 0.04595 -0.0924036 0.432803 0.00596955 -0.00436696
1231231 502528 m2 0.04915 -0.187615 0.687494 -6.18799e-05 0.0298985
1231231 388995 m2 0.0497 -0.00993914 0.172317 -0.00937882 0.041318
1231231 659171 m2 0.0214 0.0756076 0.324995 0.062732 0.0655919
1231231 272914 m2 0.0508 -0.0393974 0.172533 -0.0276366 -0.0436458
1231231 5724 m2 0.01295 -0.0252051 0.0536978 0.0188695 0.00785185
1231231 613197 m2 0.0124 -0.0542377 0.16955 0.041176 -0.0157531
1231231 630215 m2 0.02465 -0.0806332 0.277212 -0.0140473 -0.0220017
1231231 677608 m2 0.0166 -0.013998 0.292557 -0.00757034 0.0451182
1231231 643163 m2 0.0117 0.0636231 0.327204 -0.0128791 -0.0426356
1231231 623297 m2 0.01015 -0.0947613 0.273136 -0.00303152 -0.010696
1231231 455890 m2 0.02515 -0.109093 0.672282 -0.0726432 0.00118937
1231231 208583 m2 0.0167 0.0891035 0.344299 -0.00139627 -0.0492191
1231231 475901 m2 0.015 -0.0626648 0.167852 -0.112882 0.0232563
1231231 533268 m2 0.01395 0.126995 0.401853 0.018271 0.00473277
1231231 271904 m2 0.0505 0.0484524 0.16992 0.00638585 0.010674
1231231 648849 m2 0.0147 0.171591 0.144412 0.00876851 0.0241215
1231231 582957 m2 0.0189 -0.00451256 0.170575 0.00346016 0.0125521
1231231 281922 m2 0.04815 -0.149706 0.152666 -0.136401 0.0183533
1231231 409911 m2 0.04505 -0.0768783 0.466215 -0.01891 0.0318703
1231231 120975 m2 0.03245 0.050326 0.16473 -0.00929777 0.0139899
1231231 637919 m2 0.01935 0.120434 0.345857 0.0382069 -0.00939816
1231231 648351 m2 0.01465 0.00449028 0.286011 -0.0192041 0.0432402
1231231 551643 m2 0.027 0.00824051 0.16687 0.0411226 -0.0149972
1231231 389461 m2 0.0199 0.0478864 0.171187 -0.029397 0.00559609
1231231 553875 m2 0.033 0.146768 0.704042 0.0693285 -0.0166359
1231231 570370 m2 0.0249 -0.145293 0.411038 -0.0713648 -0.0537905
1231231 642656 m2 0.01615 -0.00823027 0.318684 -0.00424291 0.0594732
1231231 667480 m2 0.03735 -0.0658338 0.293654 -0.04847 0.0315447
1231231 679208 m2 0.0131 0.051596 0.3015 -0.0525742 0.0294626
1231231 619142 m2 0.0337 0.111492 0.160797 0.083907 0.0509616
1231231 274413 m2 0.0823 -0.00802589 0.173824 -0.0528721 0.019758
1231231 438309 m2 0.05525 0.0253573 0.173319 0.0491308 0.0412307
1231231 494778 m2 0.062 -0.0389747 0.172602 -0.0337971 0.0183874
1231231 508290 m2 0.016 -0.0265801 0.591734 -0.0134093 -0.0470324
1231231 483688 m2 0.07365 0.0323525 0.172873 0.0220483 0.0289215
1231231 594754 m2 0.04965 0.00319803 0.173217 0.0443282 0.00519751
1231231 597789 m2 0.01555 0.105923 0.15914 0.0180331 -0.00101913
1231231 605957 m2 0.03405 -0.123524 0.268672 -0.0310458 -0.0351214
1231231 515243 m2 0.01985 0.112178 0.159242 0.105607 0.00566647
1231231 569837 m2 0.025 -0.0721008 0.167417 -0.00255575 0.031818
1231231 489364 m2 0.0136 -0.000815856 0.166435 0.0175991 0.0382974
1231231 469695 m2 0.02695 0.185563 0.678449 0.0566526 0.026101
1231231 137123 m2 0.07415 -0.00613575 0.173872 0.00602674 0.00912705
1231231 333581 m2 0.0122 -0.11454 0.159398 -0.0526884 -0.00529239
1231231 83156 m2 0.0483 0.153296 0.151725 0.0866801 -0.0914509
1231231 213276 m2 0.0406 0.152314 0.15132 0.0819739 -0.0205751
1231231 476393 m2 0.0139 -0.0179134 0.165998 -0.0668134 -0.0261829
1231231 565547 m2 0.01535 0.0438329 0.167511 0.0568403 0.00702378
1231231 709619 m2 0.0264 -0.011782 0.339715 -0.000656961 0.045171
1231231 662703 m2 0.01545 -0.0707518 0.307227 0.00534173 0.037704
1231231 33920 m2 0.13705 -0.0312639 -0.00329921 -0.0440186 -0.017486
1231231 18961 m2 0.02855 -0.0622393 -0.0362959 -0.0344869 0.00309443
1231231 581266 m2 0.031 0.153073 0.693211 0.010989 0.0371018
1231231 30171 m2 0.09595 0.128497 0.0157744 0.0754793 0.0534842
1231231 592943 m2 0.02615 -0.143497 0.151818 -0.0657248 -0.00576753
1231231 251698 m2 0.01895 0.0116181 0.171556 0.0252455 0.0272261
1231231 643405 m2 0.01925 -0.056329 0.166394 0.0342083 0.00838877
1231231 698106 m2 0.01305 0.0900089 0.165051 0.0452639 0.0112091
1231231 13543 m2 0.1123 0.00918068 -0.0333147 -0.041244 -0.0179567
1231231 10502 m2 0.1 -2.89898e-17 -0.174078 0.0187321 0.0081338
1231231 431915 m2 0.06605 -0.03944 0.172327 -0.0666839 0.0243519
1231231 584919 m2 0.0526 -0.0509276 0.170987 -0.0528913 0.0313207
1231231 487576 m2 0.0151 -0.0171391 0.172533 0.0235074 0.00967459
1231231 261795 m2 0.07015 0.069688 0.565416 0.00604461 0.0235419
1231231 611731 m2 0.0107 -0.157494 0.243934 -0.00306349 0.0305381
1231231 200052 m2 0.0512 -0.0536467 0.0396161 -0.0812549 0.0082298
1231231 529833 m2 0.03085 -0.145951 0.151858 -0.0662579 -0.0250783
1231231 490352 m2 0.01665 0.0936911 0.165659 0.0367052 -0.0530448
1231231 230608 m2 0.0305 0.0723338 0.167135 0.0600463 0.168895
1231231 291468 m2 0.11985 0.00576259 -0.0303452 -0.042115 -0.0227169
1231231 688868 m2 0.01845 -0.000151714 0.167948 -0.0218915 -0.0394721
1231231 657122 m2 0.01255 -0.160308 0.0387128 0.0379523 0.00306417
1231231 700414 m2 0.01345 0.0773331 0.1638 0.0444759 -0.0520654
1231231 106166 m2 0.02575 -0.0136402 -0.0486792 0.028199 0.100637
1231231 264549 m2 0.1137 -0.0307372 0.0153312 -0.00119374 0.019786
1231231 287704 m2 0.06795 -0.0388481 0.171969 -0.0579488 0.0414245
1231231 701605 m2 0.0103 -0.0562401 0.054056 -0.0254497 -0.0204653
1231231 258476 m2 0.0203 0.10679 0.157853 0.079163 0.0180404
1231231 423380 m2 0.02865 -0.0340897 0.056884 -0.0193852 0.0473127
1231231 280636 m2 0.02765 0.0897631 0.16528 0.106703 -0.0406125
1231231 501549 m2 0.01345 0.0214136 0.171097 0.0289421 0.00318714
1231231 474229 m2 0.0105 -0.022652 -0.0546963 -0.0157986 -0.0222269
1231231 642637 m2 0.0175 0.0133592 0.171063 -0.0120478 0.0336019
1231231 600005 m2 0.02305 -0.0697343 0.164859 -0.00714653 -0.0935194
1231231 429171 m2 0.0149 -0.095102 0.161637 0.0673234 0.0345494
1231231 496809 m2 0.0667 -0.0208796 0.173361 0.0275815 -0.0235274
1231231 197044 m2 0.0473 0.106942 0.0269764 0.0049032 -0.00647529
1231231 138078 m2 0.0321 0.0322769 -0.0420713 0.0164971 0.0898292
1231231 525438 m2 0.022 -0.01952 0.0449271 -0.0106389 0.0238029
1231231 645393 m2 0.011 -0.158661 0.0318548 -0.0688702 -0.00342073
1231231 567337 m2 0.05205 -0.00337172 0.172621 -0.0679611 -0.0247091
1231231 121934 m2 0.06725 0.222464 0.0158634 0.169185 -0.0388424
1231231 669221 m2 0.01175 -0.00457052 0.16959 -0.0164344 -0.00332508
1231231 619855 m2 0.0128 0.00445306 0.170998 0.0597478 -0.0120482
1231231 358093 m2 0.11575 -0.0398171 0.00884409 -0.0338216 0.00805273
1231231 503019 m2 0.01505 0.099843 0.163627 0.00023002 -0.00111837
1231231 209047 m2 0.0591 -0.0245654 -0.0458397 -0.0417616 -0.0187881
1231231 704407 m2 0.0107 0.11985 0.157671 -0.0144787 0.0311389
1231231 128441 m2 0.0259 0.105324 -0.0212443 0.0390168 0.0126721
1231231 647327 m2 0.0139 0.0911907 -0.0273026 0.0158494 -0.0943432
1231231 570822 m2 0.03705 0.01038 0.173494 0.0359563 -0.0754419
1231231 75800 m2 0.02755 -0.00221589 0.0514321 -0.0890094 0.0389052
1231231 5633 m2 0.0194 0.0370139 -0.475079 -0.0167995 -0.00129995
1231231 492679 m2 0.0214 -0.0206495 0.172169 -0.0455921 0.00992245
1231231 510714 m2 0.0246 -0.0218116 -0.034062 -0.0183383 0.0464615
1231231 70360 m2 0.1937 -0.0125713 0.00207268 -0.0185341 -0.0405255
1231231 588870 m2 0.01275 0.117583 0.0170369 0.037676 -0.0264968
1231231 503995 m2 0.04975 -0.00141278 0.0112191 -0.00784949 0.0308843
1231231 374127 m2 0.1179 0.154664 0.00999597 0.168511 0.0097421
1231231 542002 m2 0.02525 -0.0471645 0.0377609 -0.0176846 0.0711765
1231231 262995 m2 0.0625 -0.0268517 -0.0351513 -0.0423469 0.0050731
1231231 13503 m2 0.05565 -0.0315173 -0.642442 -0.023206 0.0155073
1231231 369805 m2 0.0449 0.127033 0.0220928 0.0477328 0.0237495
1231231 430673 m2 0.0263 -0.0462625 -0.0474929 0.0776163 -0.0728438
1231231 527156 m2 0.03325 0.0375023 0.171993 -0.010111 0.107502
1231231 293426 m2 0.0216 0.00522004 0.0156601 0.0622781 0.0649751
1231231 277137 m2 0.04125 -0.112436 -0.0431207 -0.0754108 -0.0227702
1231231 388732 m2 0.0167 -0.00268154 0.167931 0.00500307 0.0912059
1231231 252429 m2 0.09405 -0.0215665 0.0188095 0.0512139 -0.0175866
1231231 571779 m2 0.03035 0.00438512 0.046739 -0.0260076 -0.0169679
1231231 663925 m2 0.0162 0.185539 0.315163 0.0258474 0.104407
1231231 511173 m2 0.0111 0.00472853 0.0551662 -0.0160446 -0.0580925
1231231 629378 m2 0.0141 0.00799286 -0.00513826 0.0441948 0.0254972
1231231 384247 m2 0.03265 -0.0539026 0.0553328 -0.0113023 -0.090104
1231231 245947 m2 0.0184 -0.102803 0.051989 0.0255723 0.0787402
1231231 658635 m2 0.04415 -0.0424212 0.171563 0.0104406 0.0274597
1231231 545600 m2 0.04335 -0.0728562 0.167847 -0.037274 0.0922553
1231231 77865 m2 0.1003 0.00745993 0.0388662 0.0223863 0.0092443
1231231 284347 m2 0.0342 -0.0241209 -0.0524984 0.000224716 -0.0227527
1231231 345335 m2 0.0294 0.139081 -0.0454345 0.0985358 -0.00246792
1231231 393267 m2 0.01705 -0.00187388 -0.0314395 -0.00444141 -0.0569155
1231231 582916 m2 0.03565 -0.0499373 -0.0474829 0.0284281 0.00134514
1231231 319790 m2 0.06645 -0.0368497 0.0241807 -0.0209374 -0.0137613
1231231 88329 m2 0.03375 -0.0974513 -0.0159422 -0.0353244 -0.0103685
1231231 372807 m2 0.05985 -0.0203512 0.0297036 -0.0344941 -0.0408816
1231231 319524 m2 0.05755 0.0899301 -0.0471921 0.0268058 0.0190185
1231231 523138 m2 0.03675 0.118098 -0.0412306 0.0264793 0.0518058
1231231 661866 m2 0.0282 0.100258 0.161559 0.0949712 -0.0646103
1231231 28330 m2 0.0479 -0.0365461 -0.0399244 -0.0491199 0.0140848
1231231 106385 m2 0.0257 -0.0613028 0.0399241 -0.0221738 0.0556509
1231231 701148 m2 0.01175 0.0104773 0.046476 -0.0631806 0.0313146
1231231 9456 m2 0.0803 0.0281517 -0.654674 -0.00781336 -0.0872809
1231231 659589 m2 0.0142 0.15932 0.015099 0.0694872 0.0209528
1231231 451762 m2 0.0515 0.0487005 0.0542561 -5.04229e-05 -0.0170905
1231231 374626 m2 0.06855 -0.0748143 0.0416318 -0.0712774 0.0304228
1231231 254925 m2 0.1598 -0.00948985 -0.00618196 -0.0200836 0.0309644
1231231 264021 m2 0.12405 -0.00290468 0.0281003 -0.0217168 -0.0410982
1231231 401089 m2 0.03015 -0.0325679 0.047907 -0.0791478 0.0173412
1231231 683091 m2 0.01955 0.00365024 0.171269 -0.0768435 0.00917356
1231231 312580 m2 0.03585 -0.0725897 -0.054422 -0.0304795 -0.0213089
1231231 616393 m2 0.0274 0.161027 -0.00867293 0.0524336 0.00221959
1231231 665941 m2 0.0154 0.110717 -0.0502295 0.0322466 0.01925
1231231 699096 m2 0.01185 -0.136969 0.0503464 0.00582604 0.00391626
1231231 627091 m2 0.01145 -0.11691 -0.037055 -0.0191493 -0.0475423
1231231 259925 m2 0.03605 0.116974 0.0401352 0.064508 0.0430711
1231231 591907 m2 0.0247 0.108084 0.00908815 0.0519127 0.0233049
1231231 182128 m2 0.06575 -0.0531539 0.0370087 -0.0416039 -0.0498355
1231231 440795 m2 0.01175 -0.0263766 0.0505345 -0.0125537 0.00721899
1231231 398327 m2 0.07935 0.117928 -0.0330688 0.087618 0.023813
1231231 240524 m2 0.0384 -0.0488651 0.0144227 -0.0447714 -0.0705092
1231231 319292 m2 0.0479 0.14143 0.00639041 0.0708554 -0.0623073
1231231 520602 m2 0.0581 -0.0383941 0.0479352 0.00477378 0.0535702
1231231 380768 m2 0.1779 -0.0291788 -0.00384829 -0.0416827 -0.0253803
1231231 509232 m2 0.0273 -0.0931973 0.048679 0.0107255 0.00993905
1231231 585620 m2 0.01115 -0.107549 -0.00555726 -0.019693 -0.0368533
1231231 632677 m2 0.0146 -0.0357879 -0.0322091 -0.00523446 -0.00861344
1231231 464859 m2 0.0318 0.146955 0.0014337 0.0411408 0.0205482
1231231 37583 m2 0.1034 -0.146833 -0.66855 -0.0852146 -0.0557494
1231231 722112 m2 0.0103 0.111708 -0.0402669 0.0343864 -0.00393998
1231231 122141 m2 0.1 -2.89898e-17 -0.174078 0.0418372 0.0274175
1231231 703349 m2 0.0172 -0.0586336 -0.0388401 0.00434932 -0.0319191
1231231 400315 m2 0.03675 -0.0771967 -0.0485994 -0.0379882 -0.0357638
1231231 474193 m2 0.0273 -0.00673729 -0.172433 0.0424839 0.0145833
1231231 315573 m2 0.06165 -0.0411327 0.0505556 -0.0626343 0.0341916
1231231 147223 m2 0.02295 -0.0105353 -0.0559768 -0.021852 0.0435598
1231231 407322 m2 0.07285 -0.00074579 -0.0171532 -0.0124041 -0.00603916
1231231 644874 m2 0.01045 -0.0844001 -0.0473874 -0.0420382 0.0381665
1231231 331327 m2 0.03215 0.0840853 -0.166019 0.0545848 0.0142982
1231231 201682 m2 0.01035 0.0391891 -0.167837 0.0153915 -0.103222
1231231 347634 m2 0.0641 0.0913714 -0.0410783 0.0815655 -0.0209036
1231231 432095 m2 0.04445 -0.0202627 0.0377736 0.0462651 -0.0280879
1231231 69386 m2 0.01865 0.158895 -0.0338112 -0.00621334 0.0588313
1231231 273597 m2 0.05005 0.00651432 -0.17312 0.0121108 -0.00804875
1231231 564734 m2 0.0218 -0.0782456 -0.164542 0.0213416 0.0118668
1231231 66908 m2 0.0187 0.138595 -0.152454 0.00849167 0.00501848
1231231 101337 m2 0.0119 -0.0185107 0.00477696 -0.00399989 -0.0110401
1231231 489832 m2 0.01555 0.171791 0.0292276 -0.0131683 0.0303187
1231231 376525 m2 0.03235 0.0254521 0.0261828 -0.0001783 -0.0633278
1231231 286388 m2 0.0155 -0.0802644 -0.0527961 -0.0984392 0.0440006
1231231 587348 m2 0.0106 0.02907 -0.17119 0.024157 0.0390662
1231231 300330 m2 0.02815 0.0721822 -0.0025094 0.0170123 0.00469069
1231231 555131 m2 0.04655 -0.156889 0.0391019 -0.0956291 -0.0443835
1231231 473214 m2 0.02345 0.0820033 -0.178167 -0.00460032 0.00863128
1231231 463307 m2 0.01855 0.163918 0.0203708 0.0667676 -0.0134701
1231231 52927 m2 0.05865 -0.0116604 -0.173135 -0.0156542 0.00527082
1231231 33611 m2 0.0387 0.0587398 -0.167973 0.00049638 -0.0319582
1231231 354037 m2 0.01565 0.034778 -0.0443576 -0.00405781 6.49669e-05
1231231 332360 m2 0.03535 -0.145633 0.0232011 -0.00203831 0.0244432
1231231 592407 m2 0.0112 0.134764 0.0157007 -0.0239729 -0.0396128
1231231 582183 m2 0.0129 0.164288 0.0413093 0.0522288 -0.020154
1231231 464348 m2 0.03325 -0.0540683 0.0544132 -0.0328662 -0.040082
1231231 207203 m2 0.0358 -0.123564 -0.158552 -0.0763391 0.0253095
1231231 406562 m2 0.05725 -0.00567643 -0.048279 2.40697e-05 -0.0327587
1231231 577069 m2 0.01115 0.124741 0.0520346 0.0745922 0.0255902
1231231 641351 m2 0.0121 -0.127561 -0.161703 0.0219012 0.00626871
1231231 17503 m2 0.16295 -0.0249897 -0.77371 -0.0505811 -0.0171925
1231231 377071 m2 0.06075 -0.061285 0.0497641 -0.0444333 -0.0162348
1231231 100094 m2 0.07745 -0.0229594 -0.173484 -0.0265443 -0.0247127
1231231 657565 m2 0.01115 0.163499 -0.0465594 0.104987 -0.0396396
1231231 579245 m2 0.0296 0.0551032 -0.0378208 0.0311084 -0.061169
1231231 319276 m2 0.09955 0.050072 0.0303431 0.0751892 0.0199882
1231231 241727 m2 0.0424 -0.20795 -0.568549 -0.0184728 -0.00566943
1231231 452008 m2 0.03735 0.0302278 -0.0514131 -0.049915 -0.00146688
1231231 690874 m2 0.01715 -0.00826909 -0.0575461 -0.0485677 -0.0300298
1231231 505288 m2 0.02825 0.156429 0.0459607 0.0767343 0.0306712
1231231 482587 m2 0.0328 -0.0202688 -0.036666 -0.0446746 -0.0103448
1231231 387489 m2 0.0257 -0.0620755 0.0399241 -0.0344282 -0.0285647
1231231 631628 m2 0.01515 0.0202835 -0.169153 0.0208153 -0.0261749
1231231 570017 m2 0.0169 0.0617592 -0.0524235 0.0140366 -0.0843994
1231231 537691 m2 0.05015 0.0188923 0.0262884 0.00756875 0.0306702
1231231 418810 m2 0.0111 0.01583 -0.164731 0.00483824 0.00350718
1231231 197237 m2 0.0522 -0.0749733 -0.168448 -0.0567248 0.0191236
1231231 150256 m2 0.05005 0.00651432 -0.17312 -0.0270262 0.00383107
1231231 679893 m2 0.01405 0.101273 -0.0529519 -0.00938605 -0.0251439
1231231 95528 m2 0.1 -2.89898e-17 -0.174078 0.024073 -0.0355285
1231231 432325 m2 0.0163 -0.0132995 -0.166756 -0.0157128 -0.000563612
1231231 357300 m2 0.01685 0.0448314 0.0220744 -0.00452951 0.00432771
1231231 362802 m2 0.0125 -0.0159096 -0.0184552 -0.043887 -0.0477164
1231231 442479 m2 0.05165 0.0782798 -0.168114 0.0850969 0.0270014
1231231 203169 m2 0.09975 0.000145427 -0.174076 0.0255314 -0.0529487
1231231 464838 m2 0.01015 0.0353758 0.0353758 0.0295705 0.0443098
1231231 306042 m2 0.0497 0.120968 -0.0356215 0.0182932 0.001579
1231231 283105 m2 0.03935 -0.142574 -0.154625 -0.127725 0.0741705
1231231 453718 m2 0.01175 -0.129933 0.0498113 -0.00764506 -0.0550851
1231231 183094 m2 0.01435 0.14673 -0.616893 0.0620406 0.0229579
1231231 622736 m2 0.0383 0.034603 -0.172116 0.0487625 0.0170307
1231231 331564 m2 0.01185 -0.0888846 -0.164148 -0.111044 -0.0324915
1231231 646336 m2 0.0178 0.213505 0.0123102 0.0493448 -0.0164339
1231231 369018 m2 0.05615 -0.026308 -0.0537646 -0.0526937 0.00965803
1231231 526845 m2 0.04035 -0.0569971 -0.0538023 -0.0136514 -0.0622031
1231231 28266 m2 0.14215 -0.141635 -0.720822 -0.0645491 -0.0111692
1231231 291175 m2 0.0553 -0.230513 0.000264047 -0.128267 0.0517182
1231231 487053 m2 0.01705 0.000200498 -0.171426 0.0220432 0.0234715
1231231 690390 m2 0.01075 0.0886459 -0.15495 0.0429632 -0.0212094
1231231 704353 m2 0.01965 0.231526 -0.0344291 0.078194 -0.10963
1231231 442978 m2 0.05985 -0.101911 -0.163449 -0.133367 -0.0341502
1231231 464599 m2 0.10695 0.036137 0.0115971 0.0321087 -0.000706971
1231231 67622 m2 0.0396 0.222591 -0.660628 0.0898917 -0.00418318
1231231 33562 m2 0.0431 -0.100246 -0.47546 -0.0735786 -0.0504976
1231231 573726 m2 0.0328 -0.0256218 -0.0508641 0.0329907 0.0426706
1231231 710578 m2 0.0166 -0.0764188 -0.049927 -0.0171624 -0.0144501
1231231 377980 m2 0.1221 0.157885 -0.739167 0.0259782 -0.0599325
1231231 601650 m2 0.01055 -0.128571 -0.0522708 -0.0455797 0.0710427
1231231 612398 m2 0.0311 0.0372696 -0.172419 0.0422745 0.00412923
1231231 535682 m2 0.0141 0.0574057 0.0424709 -0.0105548 -0.0433035
1231231 644355 m2 0.02015 -0.0628239 -0.0541101 -0.0603491 0.0205068
1231231 415489 m2 0.06735 -0.00614615 -0.173682 0.0168439 0.0079252
1231231 626293 m2 0.0102 -0.0717113 -0.15674 0.0306569 -0.0236007
1231231 591871 m2 0.01105 -0.0249927 -0.170827 0.0371201 0.0002675
1231231 557646 m2 0.04915 0.152734 0.0222201 0.0282698 0.00554637
1231231 502450 m2 0.02845 -0.0986022 0.048657 -0.00880191 0.0786177
1231231 532209 m2 0.0286 -0.0134759 0.0477566 0.00264612 -0.0158844
1231231 619330 m2 0.0136 0.033107 0.0564516 0.014418 0.0511427
1231231 88005 m2 0.0328 0.0361006 -0.169928 0.030415 -0.0114455
1231231 516838 m2 0.02445 -0.096953 -0.475995 -0.0159711 -0.0355566
1231231 426595 m2 0.0512 0.0388329 -0.171894 0.00585067 -0.0969263
1231231 392200 m2 0.0602 0.0934108 -0.176287 0.0939421 0.0365788
1231231 333988 m2 0.02935 0.0285332 -0.399589 -0.0139262 -0.00492813
1231231 84872 m2 0.07795 -0.0585314 -0.734868 0.00776637 -0.00579667
1231231 494447 m2 0.049 -0.111593 -0.162096 -0.0594741 -0.0740944
1231231 630636 m2 0.01295 -0.0201179 -0.0554899 -0.0803696 0.0375173
1231231 516124 m2 0.01645 0.0501546 -0.492004 -0.00751013 -0.000558107
1231231 630877 m2 0.0263 0.0591425 -0.16846 -0.0110978 0.0808747
1231231 63882 m2 0.10035 -0.022413 -0.72637 -0.0147145 0.0451194
1231231 145187 m2 0.0367 0.0676418 -0.626019 0.047322 0.0174414
1231231 233258 m2 0.0381 -0.00390304 -0.381941 -0.0111381 -0.00042138
1231231 283359 m2 0.06795 0.00123256 -0.173282 -0.0271525 -0.0903917
1231231 216748 m2 0.0264 0.127963 -0.15544 -0.00498509 -0.00916992
1231231 235226 m2 0.0382 0.00165546 -0.172469 -0.0145648 0.00508445
1231231 643586 m2 0.0341 0.0400419 -0.16788 -0.0259811 0.0147296
1231231 546318 m2 0.022 -0.0922 -0.164022 -0.011369 -0.0313264
1231231 597438 m2 0.0291 -0.0108233 -0.171795 -0.037297 -0.019011
1231231 302625 m2 0.0224 0.0119733 -0.03592 0.0408839 -0.0347205
1231231 394480 m2 0.0964 0.0103164 -0.0088045 -0.0164731 0.0294962
1231231 595970 m2 0.0129 0.0321095 -0.0337149 -0.00341121 0.0338691
1231231 643327 m2 0.0173 0.0139174 -0.16798 0.0106637 -0.00206948
1231231 555603 m2 0.0152 0.066342 -0.160915 -0.0391777 0.00699553
1231231 379477 m2 0.02955 0.127059 -0.157645 0.158383 0.0178873
1231231 679867 m2 0.01325 -0.0157991 -0.167471 -0.0389067 0.0419076
1231231 537662 m2 0.0403 0.101326 -0.163121 0.0357881 0.0622322
1231231 156845 m2 0.0507 0.0932711 -0.164768 0.0697512 0.0262105
1231231 468600 m2 0.0684 -0.0165361 -0.178856 -0.0485779 -0.0212353
1231231 42846 m2 0.07205 0.0523892 -0.56741 0.0065547 -0.0499304
1231231 595412 m2 0.0121 0.17677 -0.637107 0.0339105 0.0736007
1231231 223802 m2 0.0927 0.156266 -0.713041 0.00697035 -0.031318
1231231 722819 m2 0.01225 -0.131866 -0.0509436 0.0254213 0.0837037
1231231 567267 m2 0.0198 0.0053223 -0.0159669 0.0171825 0.0540356
1231231 211770 m2 0.05835 0.0350338 -0.172508 -0.000994353 0.0138184
1231231 610649 m2 0.02185 -0.152449 -0.151295 -0.0416585 0.02432
1231231 666877 m2 0.0177 0.0660955 -0.166335 -0.00481276 -0.00748104
1231231 638080 m2 0.01645 0.0224103 -0.168847 0.00156507 -0.0606415
1231231 161053 m2 0.15065 -0.0915772 -0.783689 0.0193818 -0.0358071
1231231 711601 m2 0.0164 0.189358 -0.0217154 0.026526 0.0524506
1231231 510653 m2 0.0358 -0.0834666 -0.164785 -0.0797833 0.0137752
1231231 357787 m2 0.03935 0.0324158 -0.172762 -0.0195748 0.0241448
1231231 672837 m2 0.01685 0.00619564 -0.169292 -0.0199718 0.0910347
1231231 334985 m2 0.014 -0.101124 -0.159072 -0.0491127 -0.0362885
1231231 527099 m2 0.01805 0.0322834 0.0338487 0.0485086 -0.00267983
1231231 412292 m2 0.0921 0.0997996 -0.70368 0.0474855 0.0126112
1231231 392729 m2 0.0718 -0.00217454 -0.17348 -0.0708652 -0.0179529
1231231 516618 m2 0.07475 -0.0117141 -0.173392 0.00437017 -0.0346436
1231231 46104 m2 0.09755 0.0910782 -0.622678 0.0330385 -0.039132
1231231 435985 m2 0.0144 -0.0760826 -0.158781 -0.00467448 0.0250628
1231231 213174 m2 0.1493 -0.0764944 -0.710325 -0.0349549 0.0223699
1231231 673581 m2 0.02735 -0.0245234 -0.172717 -0.0122044 -0.0294295
1231231 549544 m2 0.0348 -0.00600378 0.0554063 -0.0225043 0.0114121
1231231 644337 m2 0.01395 -0.00256324 -0.165033 0.000228098 0.0442925
1231231 179281 m2 0.1084 -0.177632 -0.716411 -0.0901966 0.00985625
1231231 429108 m2 0.07185 -0.00423741 -0.0182847 0.013158 0.014461
1231231 469586 m2 0.0361 0.0357172 -0.171919 0.01542 -0.0150222
1231231 533651 m2 0.0206 -0.1546 -0.266185 -0.0591812 -0.0227958
1231231 48816 m2 0.0337 -0.070574 -0.634919 -0.0322596 -0.0474438
1231231 369225 m2 0.01755 0.049716 -0.320255 -0.0154928 0.0869127
1231231 280011 m2 0.0432 0.0973653 -0.653923 0.0549119 -0.0161625
1231231 491807 m2 0.0239 0.0375931 -0.171683 -0.0258934 0.0755918
1231231 631131 m2 0.0123 -0.000474887 -0.0517627 -0.019316 0.139509
1231231 588070 m2 0.0303 0.10956 -0.582792 0.00588733 -0.0216092
1231231 205832 m2 0.01245 0.102355 -0.485183 -0.00310073 -0.0286774
1231231 454728 m2 0.0171 -0.0824469 -0.162674 -0.0719746 -0.0391752
1231231 177107 m2 0.01295 0.183313 -0.323155 0.0314553 -0.0750323
1231231 581889 m2 0.03025 -0.103632 -0.272068 -0.0640639 0.0492015
1231231 564970 m2 0.01305 -0.0581024 -0.161901 -0.0257212 0.0438235
1231231 99308 m2 0.07665 -0.107114 -0.726205 -0.0453436 0.0215395
1231231 562171 m2 0.0218 -0.0782456 -0.164542 -0.0300071 0.0324733
1231231 227288 m2 0.1142 0.0465835 -0.673095 0.0363011 0.0122598
1231231 207455 m2 0.04775 0.0935856 -0.165406 0.00854824 -0.0615562
1231231 529506 m2 0.03755 0.00465461 -0.171915 -0.00761329 -0.0321347
1231231 589822 m2 0.01165 0.115433 -0.153107 0.0270433 -0.0364408
1231231 83584 m2 0.08975 -0.0771654 -0.532197 -0.0348842 0.0267547
1231231 312790 m2 0.02055 0.076185 -0.163937 0.0738669 0.00329651
1231231 242167 m2 0.0202 -0.0410336 -0.527282 0.00257542 0.0745428
1231231 615882 m2 0.0228 -0.0815978 -0.16611 -0.0216493 -0.0218299
1231231 169332 m2 0.156 0.136055 -0.718765 0.0900673 0.0242009
1231231 88507 m2 0.13435 -0.0223876 -0.759737 -0.0218606 0.0162939
1231231 171876 m2 0.04175 0.0157785 -0.517766 -0.0310986 -0.0155805
1231231 650516 m2 0.0229 0.0191817 -0.17114 0.0515231 -0.0708009
1231231 695280 m2 0.0125 -0.0841473 -0.277113 -1.35774e-05 0.00859545
1231231 614606 m2 0.01255 -0.0069145 -0.167955 0.0175467 0.0291556
1231231 621982 m2 0.01025 0.230825 -0.500177 -0.00620383 0.0243847
1231231 157835 m2 0.0769 0.00615311 -0.647517 0.0200862 -0.0156192
1231231 399023 m2 0.05845 0.022665 -0.173173 0.0809572 0.0347662
1231231 432786 m2 0.1366 0.21297 -0.614903 0.0563635 0.0224352
1231231 418056 m2 0.05465 0.0413534 -0.17186 -0.0339487 -0.0236024
1231231 646071 m2 0.01145 0.173215 -0.617531 0.0500186 0.00663494
1231231 295872 m2 0.14205 -0.0741474 -0.654663 -0.024405 0.00641192
1231231 692582 m2 0.01785 0.0623323 -0.168156 0.0126773 -0.0213317
1231231 548786 m2 0.02375 0.0596356 -0.173471 0.0379861 0.0253251
1231231 113550 m2 0.03365 0.120943 -0.518308 -0.0338544 -0.0149429
1231231 449971 m2 0.03215 0.0958105 -0.163412 0.0224729 -0.0515448
1231231 680873 m2 0.01025 -0.109542 -0.155586 -0.0568105 0.0166082
1231231 82774 m2 0.04705 0.0306883 -0.698698 0.0320922 -0.0606123
1231231 235878 m2 0.11 -0.0045233 -0.686184 -0.0133777 -0.0791741
1231231 256650 m2 0.15365 0.0990544 -0.787564 0.0619518 -0.0636535
1231231 566209 m2 0.05245 -0.0339977 -0.0536095 -0.0408531 0.033802
1231231 393410 m2 0.0128 -0.135572 -0.486252 -0.0735013 -0.0368144
1231231 617591 m2 0.0231 -0.104813 -0.55265 -0.0458561 -0.0425486
1231231 645527 m2 0.0174 -0.111581 -0.378804 -0.000150423 -0.119462
1231231 502413 m2 0.0146 -0.0500079 -0.168488 0.000974359 -0.0131363
1231231 707053 m2 0.0101 -0.0078964 -0.472205 0.0271803 0.0293055
1231231 506653 m2 0.0328 -0.151615 -0.638287 -0.019407 0.0860199
1231231 541415 m2 0.037 -0.0734592 -0.438258 -0.040876 -0.0269626
1231231 388574 m2 0.0241 -0.0826842 -0.504304 -0.0946895 0.0604276
1231231 236864 m2 0.02495 0.117483 -0.552364 0.0260754 -0.0364312
1231231 602102 m2 0.0254 0.0617505 -0.174911 -0.000611495 0.0486729
1231231 683978 m2 0.0698 0.112089 -0.556131 -0.0102359 0.041267
1231231 171864 m2 0.02425 0.0773077 -0.565807 0.0212665 -0.0135881
1231231 324714 m2 0.07755 -0.0391223 -0.172546 -0.0503727 0.0556454
1231231 581157 m2 0.0136 -0.107579 -0.158456 0.0176986 0.0392106
1231231 654322 m2 0.0267 -0.00214176 -0.171555 -0.0205438 -0.00559953
1231231 407506 m2 0.0417 -0.144232 -0.489621 -0.0349652 -0.0225912
1231231 632392 m2 0.0216 0.041956 -0.169922 0.0915574 0.0417172
1231231 583382 m2 0.01865 -0.107227 -0.157256 -0.0638869 0.0259049
1231231 388642 m2 0.10835 -0.0396672 -0.566108 -0.0350295 -0.0230423
1231231 644019 m2 0.016 0.00142663 -0.538791 -0.0782996 0.0155996
1231231 193233 m2 0.0236 0.00516181 -0.574896 0.017216 -0.0181365
1231231 316988 m2 0.0187 0.100428 -0.279066 0.0225939 -0.0450037
1231231 646536 m2 0.0239 -0.150089 -0.298027 -0.0265983 0.0042677
1231231 624953 m2 0.01055 0.153468 -0.244394 0.0829697 -0.0287476
1231231 625789 m2 0.01575 -0.0307439 -0.171911 -0.0339079 -0.0518601
1231231 201608 m2 0.05445 0.0294587 -0.583086 0.0285659 0.00371378
1231231 143388 m2 0.17215 -0.058882 -0.751384 -0.0139932 -0.0665078
1231231 656290 m2 0.01615 0.14022 -0.43359 0.00832664 -0.0247044
1231231 664857 m2 0.0221 0.121777 -0.159246 0.0822365 0.00413071
1231231 222055 m2 0.0614 -0.131025 -0.592309 -0.0562145 -0.0707735
1231231 135728 m2 0.0132 -0.118669 -0.257959 -0.0107549 -0.0238489
1231231 320227 m2 0.0372 0.0467416 -0.518576 0.0110702 -0.059102
1231231 695016 m2 0.0129 0.0087145 -0.500462 0.02703 0.0142008
1231231 254332 m2 0.0413 -0.104409 -0.566338 -0.0447328 -0.00515637
1231231 712754 m2 0.01275 -0.0491597 -0.270483 0.00140544 0.0363321
1231231 667629 m2 0.0227 0.105949 -0.158575 0.0328362 -0.0597614
1231231 391450 m2 0.02855 -0.03559 -0.170772 -0.00799733 -0.0401215
1231231 499238 m2 0.03895 0.00259883 -0.173527 0.021616 -0.0736316
1231231 329070 m2 0.0509 0.0506037 -0.464077 0.0401656 0.0327386
1231231 398478 m2 0.0503 -0.00861036 -0.523445 -0.017088 -0.0105054
1231231 425544 m2 0.02945 -0.099331 -0.276273 -0.0528841 -0.0260845
1231231 380209 m2 0.02205 0.0788775 -0.320133 0.0111142 0.0295892
1231231 647000 m2 0.0339 -0.0555448 -0.445044 0.0308467 -0.0392618
1231231 386712 m2 0.05585 -0.00485548 -0.552688 -0.0292384 -0.0150071
1231231 580435 m2 0.0123 0.0214294 -0.440492 -0.0153624 -0.0392397
1231231 311080 m2 0.05465 0.015488 -0.710209 -0.0479806 0.0283224
1231231 387135 m2 0.02585 -0.110589 -0.746524 -0.0397162 -0.00233237
1231231 686265 m2 0.0127 -0.0687199 -0.272732 -0.0529384 0.00702999
1231231 206076 m2 0.04995 -0.0557951 -0.525359 -0.0599111 0.0375451
1231231 435261 m2 0.12985 0.023266 -0.785155 0.0374542 -0.0347745
1231231 686001 m2 0.0104 0.0307327 -0.641545 0.0108622 -0.0170989
1231231 397671 m2 0.0549 0.169657 -0.463546 0.0413612 0.00884839
1231231 605868 m2 0.0118 0.00322657 -0.163172 -0.0140732 -0.0860246
1231231 418294 m2 0.10785 0.274197 -0.60074 0.134336 0.0121984
1231231 250608 m2 0.01395 -0.137127 -0.368728 -0.0316904 0.0316778
1231231 302572 m2 0.06595 -0.169713 -0.731569 -0.0577993 0.0182371
1231231 724332 m2 0.0102 0.0438209 -0.167615 0.0209198 -0.0432528
1231231 548028 m2 0.0279 -0.177132 -0.440408 -0.0363575 0.0049984
1231231 596154 m2 0.0579 -0.118184 -0.494665 -0.0474519 0.00772647
1231231 162776 m2 0.08355 -0.135337 -0.729376 -0.0244549 -0.0451536
1231231 216426 m2 0.04675 0.0613191 -0.617489 0.0298864 -0.0208691
1231231 471853 m2 0.02165 0.115007 -0.315116 0.0182673 0.107081
1231231 457977 m2 0.01565 0.0616695 -0.359633 0.0556165 -0.083652
1231231 468083 m2 0.043 0.0207389 -0.579296 -0.0208117 -0.0151821
1231231 683488 m2 0.01545 -0.0486319 -0.290487 0.0250507 -0.0530874
1231231 656038 m2 0.0229 -0.0666101 -0.632602 -0.0068493 -0.0694592
1231231 165981 m2 0.05085 0.106956 -0.458027 0.011262 0.0356429
1231231 467049 m2 0.01195 0.229007 -0.349024 0.0178604 0.0966447
1231231 468081 m2 0.0429 -0.0139818 -0.781686 0.0356791 0.011449
1231231 214171 m2 0.04185 0.0604525 -0.560077 -0.011654 -0.0715926
1231231 147865 m2 0.0989 -0.0424911 -0.654625 0.00529945 -0.0102954
1231231 638275 m2 0.01575 -0.0866208 -0.433104 -0.0227171 0.0736251
1231231 467810 m2 0.0105 0.188906 -0.350137 -0.0154941 -0.0285901
1231231 395713 m2 0.02555 -0.12452 -0.374401 -0.0335374 -0.0391556
1231231 573662 m2 0.01095 0.162734 -0.60797 0.0146188 0.0179323
1231231 442391 m2 0.0162 -0.0264067 -0.502423 -0.0524383 -0.0847244
1231231 438170 m2 0.0163 0.00650339 -0.635474 0.0667451 0.0127006
1231231 592808 m2 0.0221 0.0827053 -0.511495 -0.021129 -0.0131435
1231231 722254 m2 0.01225 0.021152 -0.510205 0.00301839 -0.0524001
1231231 575683 m2 0.0267 0.0610446 -0.530124 0.054295 -0.0416683
1231231 414200 m2 0.02145 0.0960546 -0.49586 -0.0230581 0.0235445
1231231 274726 m2 0.02745 0.182122 -0.673806 0.105457 -0.0877351
1231231 573658 m2 0.018 0.0699956 -0.661274 -0.0146292 -0.0533459
1231231 534316 m2 0.0579 0.189884 -0.579536 0.0839311 -0.0319519
1231231 688751 m2 0.02625 0.0723025 -0.604449 0.0395685 -0.0101097
1231231 585305 m2 0.0302 0.19697 -0.618302 0.13759 0.0896457
1231231 586750 m2 0.0337 -0.120028 -0.630202 -0.0455451 -0.105668
1231231 381708 m2 0.0237 -0.183129 -0.517332 -0.0883065 0.0224312
1231231 386698 m2 0.0498 0.103723 -0.454656 0.0519882 -0.0453399
1231231 301763 m2 0.1622 -0.0820264 -0.717813 -0.0429146 -0.0328959
1231231 493369 m2 0.0218 0.167571 -0.580406 0.0996545 -0.00214926
1231231 256084 m2 0.0245 0.0830995 -0.50977 -0.0176302 -0.00917051
1231231 332780 m2 0.0249 0.0191659 -0.50354 0.0110138 0.0414537
1231231 528969 m2 0.02135 0.144812 -0.634625 0.0600878 -0.0473487
1231231 668592 m2 0.0134 0.0868484 -0.452751 0.0106509 0.0532053
1231231 660721 m2 0.02665 -0.0251793 -0.51907 -0.0493899 0.0649499
1231231 400981 m2 0.0434 -0.0830209 -0.499674 0.00973025 -0.0442056
1231231 320930 m2 0.03695 -0.0631756 -0.702725 0.00147313 -0.134264
1231231 408472 m2 0.1443 0.0060616 -0.717738 -0.0141643 0.0402812
1231231 498191 m2 0.0124 -0.0297999 -0.48601 0.0433343 -0.0171189
1231231 419281 m2 0.037 0.10345 -0.664737 0.00376699 0.0347543
1231231 660972 m2 0.01515 0.0614819 -0.470599 -0.018762 0.0158981
1231231 562127 m2 0.05435 -0.0413342 -0.56164 0.00106015 -0.110672
1231231 606362 m2 0.0318 0.0469291 -0.674857 -0.0171916 -0.0466435
1231231 523821 m2 0.03395 -0.0685967 -0.290035 -0.0573896 0.0335862
1231231 457254 m2 0.0365 0.201405 -0.706202 0.0226743 -0.0601979
1231231 613330 m2 0.02725 -0.00076364 -0.300765 -0.00515067 -0.0269786
1231231 424552 m2 0.03575 -0.0531681 -0.485144 -0.0443975 -0.0718711
1231231 549981 m2 0.03215 0.0330068 -0.712744 0.0198482 -0.0213504
1231231 353690 m2 0.01385 0.0214298 -0.655179 -0.0421654 -0.0122128
1231231 395928 m2 0.13575 0.0530381 -0.77315 -0.00675103 0.0466384
1231231 312738 m2 0.0372 0.134493 -0.659885 0.0121631 -0.00972836
1231231 370949 m2 0.01075 -0.0948447 -0.57439 -0.0780287 0.0224964
1231231 291067 m2 0.01535 0.00445556 -0.587242 0.0279618 -0.121294
1231231 544975 m2 0.04705 -0.0112296 -0.775071 -0.0369014 0.0217773
1231231 676018 m2 0.0216 -0.103098 -0.162944 -0.0582842 -0.0358337
1231231 372943 m2 0.03205 0.22586 -0.689642 0.0758267 0.00135531
1231231 331739 m2 0.07495 0.0384266 -0.682426 0.0412523 -0.0273552
1231231 519527 m2 0.03285 -0.19557 -0.448224 -0.0335998 0.0409955
1231231 529457 m2 0.04805 0.0374022 -0.65431 -0.0434325 -0.0212794
1231231 264401 m2 0.0439 -0.0199049 -0.673922 0.00132333 -0.0162839
1231231 268234 m2 0.01575 -0.120439 -0.503868 -0.0216259 0.048924
1231231 481732 m2 0.01565 0.0236854 -0.404907 0.013032 0.0318587
1231231 637216 m2 0.01985 0.0245554 -0.586068 0.0369626 -0.0148355
1231231 671265 m2 0.02765 0.00619343 -0.535786 0.0289802 -0.00169202
1231231 581614 m2 0.0578 -0.0154305 -0.532044 -0.0131909 -0.0660911
1231231 384872 m2 0.1899 0.0651203 -0.750162 0.0921121 -0.0375289
1231231 373216 m2 0.05295 -0.00308144 -0.709384 0.0414957 -0.0251356
1231231 341993 m2 0.01135 -0.157359 -0.247715 -0.076443 -0.000648542
1231231 696247 m2 0.0151 -0.030952 -0.538402 -0.0143192 0.00056905
1231231 563377 m2 0.0351 0.0505186 -0.667465 -0.0392239 -0.0500042
1231231 486754 m2 0.0527 0.0209038 -0.745293 0.0236217 -0.0721327
1231231 430516 m2 0.08355 -0.0261805 -0.545238 -0.0457465 -0.0437301
1231231 657277 m2 0.01365 -0.00241985 -0.314361 -0.0170311 -0.022783
1231231 495905 m2 0.01185 0.0826594 -0.278248 -0.0116277 -0.0360729
1231231 610065 m2 0.0117 -0.175473 -0.432526 0.0102225 -0.0208498
1231231 298578 m2 0.0363 -0.0435312 -0.605939 -0.045295 -0.0095174
1231231 321693 m2 0.04945 0.0220064 -0.618734 -0.000989094 -0.063351
1231231 565643 m2 0.0266 0.0850225 -0.540632 0.0238065 0.0911864
1231231 680509 m2 0.0124 -0.0751669 -0.494401 0.0016949 -0.0246308
1231231 551233 m2 0.03935 -0.0158105 -0.526987 -0.0745407 -0.0144547
1231231 438406 m2 0.0331 -0.171539 -0.675287 -0.0411669 -0.0119877
1231231 600637 m2 0.01835 0.0611278 -0.577648 0.0132138 -0.0162671
1231231 605252 m2 0.0208 0.123312 -0.585364 0.0568426 0.00182311
1231231 525084 m2 0.01715 -0.0324616 -0.537656 -0.0294211 -0.0451145
1231231 486442 m2 0.04975 0.0176235 -0.737896 -0.0178708 -0.0253057
1231231 615547 m2 0.01465 0.119513 -0.505365 -0.0181654 0.0516101
1231231 445816 m2 0.04175 -0.0591306 -0.621264 -0.0569046 -0.0224669
1231231 549500 m2 0.02405 0.140436 -0.154106 0.0711017 -0.000786222
1231231 580405 m2 0.0102 -0.16029 -0.335151 -0.0559519 0.088714
1231231 652251 m2 0.0137 0.0234556 -0.400001 -0.0475741 -0.0121444
1231231 414937 m2 0.01025 0.015965 -0.513402 0.0174634 -0.0337867
1231231 568436 m2 0.01245 0.126515 -0.47915 0.045734 0.0361459
1231231 554772 m2 0.0223 0.112902 -0.641059 0.0366356 -0.0390935
1231231 565906 m2 0.0103 -0.181069 -0.31189 -0.00450592 -0.0316466
1231231 597345 m2 0.01815 -0.121751 -0.585202 -0.0412608 -0.0240733
1231231 605819 m2 0.0639 0.203951 -0.635222 0.119253 -0.0366647
1231231 660701 m2 0.01215 -0.180011 -0.421955 -0.0294489 0.0351312
1231231 563331 m2 0.01515 -0.0495393 -0.280477 -0.0102728 -0.0396644
1231231 539630 m2 0.0136 0.0366811 -0.640509 -0.0295235 -0.0122519
1231231 624425 m2 0.01235 -0.142627 -0.616953 -0.0598694 0.0381174
1231231 611568 m2 0.02495 0.113691 -0.590659 0.0286272 0.00933354
1231231 664048 m2 0.01525 -0.0840703 -0.510628 -0.114519 -0.0327618
1231231 498918 m2 0.0166 -0.0572685 -0.662821 0.0225635 -0.0102558
1231231 685475 m2 0.01895 0.152806 -0.616194 0.0564155 0.0249096
1231231 506136 m2 0.0803 0.01693 -0.720861 0.0241602 0.0119404
1231231 579873 m2 0.02355 0.0950761 -0.644958 0.0345172 0.026366
1231231 549716 m2 0.02355 0.036685 -0.527237 0.0132218 0.00693953
1231231 554742 m2 0.03625 -0.0875558 -0.558333 -0.0332497 0.00472564
1231231 529192 m2 0.0201 0.0785283 -0.668309 -0.0199754 -0.0605341
1231231 625204 m2 0.03925 0.183774 -0.422128 0.0223555 0.0145064
1231231 681078 m2 0.0118 -0.0353378 -0.469721 0.0339935 -0.00104583
1231231 560773 m2 0.0317 -0.100248 -0.346948 -0.0246999 -0.00272201
1231231 621466 m2 0.012 -0.0578564 -0.388795 0.00946979 -0.0549896
1231231 545451 m2 0.01505 -0.0429757 -0.495409 -0.100226 0.0046956
1231231 662529 m2 0.01765 -0.00523116 -0.559013 0.00816852 0.0904895
1231231 648926 m2 0.01765 -0.0380762 -0.511841 -0.108736 -0.0705866
1231231 714473 m2 0.0115 0.00460545 -0.525021 0.0251989 0.0210436
