seed mutID muttype p cor_sal cor_temp mutSalEffect mutTempEffect
1231202 611569 m2 0.0186 0.0146313 0.564929 0 -0.012161
1231202 283666 m2 0.0566 -0.0934871 0.558351 0 -0.00272787
1231202 440657 m2 0.01775 -0.169696 0.578517 -0.0625317 0
1231202 12970 m2 0.04145 -0.183437 0.656942 -0.048165 0
1231202 369177 m2 0.0513 0.0593587 0.752445 0 0.0559775
1231202 492384 m2 0.02465 0.139743 0.56736 -0.0166015 0
1231202 274727 m2 0.11865 0.156305 0.753794 0.0855244 0
1231202 195661 m2 0.0921 0.0209637 0.692575 0 0.0219913
1231202 21136 m2 0.0422 0.00205177 0.662428 0 0.0434735
1231202 579517 m2 0.03245 0.0862827 0.599152 0.0701302 0
1231202 477389 m2 0.06265 -0.0652179 0.56214 -0.0191809 0
1231202 677783 m2 0.01115 -0.0418831 0.50335 0 -0.0710476
1231202 287695 m2 0.0687 0.0670327 0.569396 0 -0.0194505
1231202 362970 m2 0.0848 0.140283 0.750207 0.075251 0
1231202 276280 m2 0.05045 -0.0368956 0.519809 -0.0647321 0
1231202 265947 m2 0.01175 0.20786 0.546574 0.0501904 0
1231202 19136 m2 0.0465 -0.0443644 0.488729 0 0.0263518
1231202 158410 m2 0.1253 0.0468702 0.492581 0 -0.00346722
1231202 403203 m2 0.0402 0.0892465 0.349679 0 0.0338323
1231202 308811 m2 0.05905 -0.171815 0.595994 -0.0469779 0
1231202 597831 m2 0.01675 0.0720668 0.623865 0.0397649 0
1231202 398679 m2 0.0181 -0.0446327 0.331112 0 0.00624813
1231202 289978 m2 0.05165 0.0263035 0.739252 0.0450178 0
1231202 287125 m2 0.028 -0.0171849 0.621519 -0.00973071 0
1231202 59975 m2 0.14225 -0.0620771 0.775944 0 0.0604542
1231202 22118 m2 0.031 -0.0534156 0.570073 0.0167753 0
1231202 335552 m2 0.07315 -0.0577676 0.638673 0 0.0287696
1231202 46389 m2 0.33895 -0.0556957 0.857874 0 0.0323287
1231202 393246 m2 0.1304 -0.0121317 0.735241 -0.0477335 0
1231202 140858 m2 0.0129 0.147095 0.184824 0 -0.0312226
1231202 680546 m2 0.0226 0.0460453 0.514971 0 -0.0312326
1231202 292555 m2 0.0564 -0.0222549 0.53127 0 0.0787425
1231202 367685 m2 0.23455 0.0498187 0.806809 0 0.0668668
1231202 689853 m2 0.0104 -0.104623 0.482399 0.0406877 0
1231202 304530 m2 0.0727 0.0736838 0.769074 0 0.0169665
1231202 519665 m2 0.02175 -0.164366 0.624308 0.0400851 0
1231202 662862 m2 0.02375 0.0606519 0.536458 -0.0176877 0
1231202 668213 m2 0.0135 0.0310589 0.532882 0 0.0726891
1231202 322082 m2 0.05795 0.0551398 0.609131 0.030803 0
1231202 582060 m2 0.0176 0.0359846 0.432244 0 -0.0408682
1231202 214775 m2 0.06725 0.0064152 0.717084 0 0.0352133
1231202 354346 m2 0.0351 -0.0560896 0.565109 -0.0220883 0
1231202 360416 m2 0.06055 0.0335241 0.659892 0 0.0223152
1231202 506154 m2 0.01165 0.0573319 0.648156 0 -0.0383411
1231202 155173 m2 0.0382 -0.0196409 0.559539 -0.0147045 0
1231202 317490 m2 0.0856 0.0308279 0.747768 -0.000614377 0
1231202 315451 m2 0.07845 0.0204987 0.644445 0 -0.0194336
1231202 679556 m2 0.0153 -0.0377547 0.518372 0 -0.0167776
1231202 571305 m2 0.0224 -0.10087 0.483024 0 -0.0312024
1231202 605075 m2 0.0135 0.0320724 0.573901 0 0.0375904
1231202 676733 m2 0.0167 -0.0623462 0.658376 -0.00851647 0
1231202 574748 m2 0.01855 -0.0142196 0.758481 0 -0.00420756
1231202 381548 m2 0.1618 0.28442 0.769326 0.0805694 0
1231202 319308 m2 0.0213 -0.0837946 0.500934 -0.0494456 0
1231202 638538 m2 0.0245 0.103969 0.518889 0.058051 0
1231202 683192 m2 0.01365 0.0160418 0.511462 0.0410666 0
1231202 183077 m2 0.0385 -0.0416758 0.650629 0 -0.0203679
1231202 120086 m2 0.0581 -0.0710254 0.171099 0 -0.0321142
1231202 57195 m2 0.12005 -0.0113647 0.672445 0 0.0844396
1231202 545979 m2 0.0238 -0.0544991 0.58331 0 -0.0313073
1231202 229543 m2 0.0709 -0.0863875 0.567113 0 -6.22752e-05
1231202 659006 m2 0.03735 -0.156794 0.520327 -0.0546821 0
1231202 409508 m2 0.0267 -0.0315477 0.0816677 0 -0.0527864
1231202 652487 m2 0.01465 -0.0920169 0.491814 0 -0.0307268
1231202 713954 m2 0.01025 -0.0667355 0.404746 -0.0641413 0
1231202 575501 m2 0.02085 -0.0711752 0.517096 0 -0.0327093
1231202 309764 m2 0.0441 -0.178199 0.442971 -0.0628791 0
1231202 433285 m2 0.0375 0.252305 0.69162 0.046821 0
1231202 465070 m2 0.01585 -0.0458673 0.512095 0 -0.00116667
1231202 292549 m2 0.0928 -0.0185676 0.742116 0 0.00909838
1231202 288726 m2 0.0561 -0.114232 0.687403 -0.049219 0
1231202 439591 m2 0.0165 -0.118415 0.409818 -0.0327601 0
1231202 632310 m2 0.0222 0.050723 0.517815 0.0516598 0
1231202 532624 m2 0.01735 -0.0383133 0.533412 0.0231721 0
1231202 463095 m2 0.09505 0.00729898 0.623096 0.00380156 0
1231202 274700 m2 0.0524 0.371012 0.689423 0.0833365 0
1231202 282348 m2 0.05685 -0.00287818 0.736073 0 0.0711586
1231202 357836 m2 0.10945 0.00262544 0.651073 0 0.0171127
1231202 677768 m2 0.0118 -0.0841516 0.377768 0 0.0262141
1231202 534135 m2 0.0179 0.0879906 0.617417 0 0.0185687
1231202 575245 m2 0.01685 -0.0145814 0.518927 0 -0.0332271
1231202 644217 m2 0.01315 0.00332334 0.522208 0 0.0814164
1231202 426234 m2 0.02255 -0.0605982 0.522287 -0.0637657 0
1231202 243275 m2 0.01005 -0.0222584 0.385538 -0.0242914 0
1231202 460810 m2 0.0326 -0.0831433 0.457569 -0.0250549 0
1231202 690286 m2 0.02615 0.0563823 0.391702 -0.0273806 0
1231202 652481 m2 0.01445 -0.0275315 0.531793 0.0182121 0
1231202 711447 m2 0.01135 0.118814 0.293614 -0.0366081 0
1231202 433279 m2 0.08245 0.0119563 0.813656 0 0.0336501
1231202 500275 m2 0.0276 -0.00932799 0.566442 0 0.0913727
1231202 329307 m2 0.0644 0.212427 0.672133 0.107079 0
1231202 407198 m2 0.0377 0.0442752 0.400536 0.0405264 0
1231202 423745 m2 0.0487 -0.136811 0.655033 -0.00962354 0
1231202 584465 m2 0.0295 -0.0020051 0.676006 -0.00764464 0
1231202 403415 m2 0.0278 0.0751289 0.664258 0 0.0518887
1231202 492363 m2 0.05635 -0.170922 0.608215 0 0.0430037
1231202 539757 m2 0.01355 -0.015137 0.421422 0 0.0136664
1231202 16673 m2 0.1435 0.017729 0.835254 0 -0.0039801
1231202 422211 m2 0.0172 -0.0297948 0.52903 0.00356202 0
1231202 372476 m2 0.0393 0.00704209 0.607319 0.0402285 0
1231202 536108 m2 0.03905 0.0161196 0.6581 0 0.061022
1231202 481314 m2 0.02625 0.165455 0.532797 0.0511259 0
1231202 158126 m2 0.03525 -0.0268337 -0.0543554 0 0.0447818
1231202 300749 m2 0.05895 -0.0946742 0.394754 -0.0956385 0
1231202 397450 m2 0.0211 0.0642672 0.626874 0 0.0287403
1231202 634272 m2 0.02035 0.0172685 0.419578 0 -0.0327507
1231202 531831 m2 0.01915 0.0319316 -0.0156162 -0.0129281 0
1231202 588918 m2 0.01665 0.05824 0.515156 0 -0.0104167
1231202 625571 m2 0.0197 -0.0249089 0.537232 0.0197361 0
1231202 667186 m2 0.016 0.0186035 0.504051 -0.0375532 0
1231202 523305 m2 0.03785 0.0383872 0.595524 0 -0.0257997
1231202 533873 m2 0.043 -0.0881014 0.447122 -0.0275144 0
1231202 459804 m2 0.0207 -0.11017 0.604062 0.026369 0
1231202 104409 m2 0.2281 0.00874083 0.864277 0 0.0685298
1231202 145175 m2 0.09595 0.0504487 0.755449 0.030348 0
1231202 144623 m2 0.0786 0.108096 0.609082 0.0358377 0
1231202 122057 m2 0.01115 0.117367 0.500792 0 0.0285079
1231202 690800 m2 0.01955 -0.0293109 0.511992 0 0.00110024
1231202 122328 m2 0.14305 -0.0934208 0.479512 -0.0352973 0
1231202 473406 m2 0.03435 0.0492715 0.0886496 0 0.0361766
1231202 458567 m2 0.04945 -0.183363 0.412918 -0.119882 0
1231202 626854 m2 0.01825 -0.0146586 0.611948 -0.0355454 0
1231202 185273 m2 0.0835 0.0196179 0.668832 0.0346783 0
1231202 359098 m2 0.06515 0.0640697 0.61929 0 0.024356
1231202 312153 m2 0.1071 -0.00847612 0.402196 -0.0309519 0
1231202 655896 m2 0.0304 -0.0625418 0.462767 0 -0.0082028
1231202 639970 m2 0.01095 -0.134253 0.538419 0 -0.0114249
1231202 649445 m2 0.0333 0.300682 0.312837 0.0594553 0
1231202 255577 m2 0.04685 0.169383 0.682943 0.0392161 0
1231202 383787 m2 0.06915 -0.172653 0.389868 -0.0244697 0
1231202 303723 m2 0.03305 -0.0533325 0.460504 -0.0348137 0
1231202 315941 m2 0.02305 -0.150308 0.512052 0 0.0127986
1231202 661322 m2 0.0153 -0.0383097 0.523874 0 0.0581795
1231202 227739 m2 0.1303 -0.0561909 0.475797 0.0604117 0
1231202 159145 m2 0.0575 0.00844168 0.728517 0 0.0539964
1231202 174771 m2 0.02705 -0.0425525 0.303171 0.00405458 0
1231202 5664 m2 0.0342 0.0540418 0.239874 0 -0.0129408
1231202 129830 m2 0.03495 -0.0998175 0.175626 -0.0543297 0
1231202 438620 m2 0.06365 0.0887604 0.665419 0 -0.0151655
1231202 312701 m2 0.02245 -0.135639 0.35871 -0.0264188 0
1231202 434991 m2 0.04915 0.231492 0.666993 0.0609615 0
1231202 359096 m2 0.0603 0.250477 0.627346 0.0758636 0
1231202 566357 m2 0.01055 0.342606 0.471036 0 0.0482221
1231202 621821 m2 0.01415 -0.0327499 0.425331 -0.0260214 0
1231202 503310 m2 0.0318 0.02571 0.431379 0 -0.011704
1231202 493568 m2 0.0171 0.0335236 0.45676 0.0388159 0
1231202 396269 m2 0.01805 0.168355 0.512071 0.0473046 0
1231202 316190 m2 0.06285 0.0269919 0.15456 0 0.0713127
1231202 705378 m2 0.0256 0.190797 0.446846 0.0117686 0
1231202 592800 m2 0.0299 0.122309 0.663532 0.0646957 0
1231202 337322 m2 0.03605 0.219601 0.63827 0.0397975 0
1231202 187552 m2 0.10095 0.00754378 0.78878 0 0.0614847
1231202 590807 m2 0.0142 0.135558 0.607672 0 0.0508575
1231202 178291 m2 0.11745 -0.0701225 0.184445 0 0.0120422
1231202 496479 m2 0.0115 -0.15727 0.439931 0 0.0225741
1231202 22055 m2 0.07925 0.187791 -0.467519 0 -0.055201
1231202 527092 m2 0.0632 -0.116467 0.547003 0 -0.0353813
1231202 342802 m2 0.09915 -0.192006 0.675741 -0.0981904 0
1231202 172288 m2 0.04255 -0.0695835 -0.0663867 0 0.0194127
1231202 627343 m2 0.0601 0.0801239 0.789853 0 -0.0139563
1231202 553017 m2 0.02465 -0.00839348 0.598659 0 0.0211846
1231202 68541 m2 0.02195 0.178837 0.737496 -0.04062 0
1231202 567593 m2 0.01655 0.0196375 0.650404 -0.000342865 0
1231202 308762 m2 0.0332 -0.206964 0.602946 -0.0644033 0
1231202 353083 m2 0.0113 -0.0839657 0.379525 0 0.0218148
1231202 126190 m2 0.1322 0.00511787 0.748306 0 0.027484
1231202 25629 m2 0.126 0.0183327 0.65027 0 0.028038
1231202 412922 m2 0.0698 0.296528 0.660114 0.0767533 0
1231202 581262 m2 0.0215 -0.202718 0.4209 -0.0476712 0
1231202 523040 m2 0.0597 0.0223176 0.736803 -0.0140308 0
1231202 360141 m2 0.03505 -0.125868 0.716133 -0.0520097 0
1231202 133770 m2 0.03675 0.156485 0.189846 0 0.0161074
1231202 391301 m2 0.04095 0.255319 0.71987 0.0628984 0
1231202 697079 m2 0.01095 0.170089 0.348952 -0.0271112 0
1231202 423729 m2 0.01645 -0.0348023 0.464876 -0.0488695 0
1231202 310228 m2 0.0473 0.0525176 0.100699 0 0.00697919
1231202 463552 m2 0.04945 -0.0451791 0.47507 0 0.033714
1231202 702142 m2 0.01635 -0.0681787 0.468801 -0.0660244 0
1231202 579467 m2 0.01215 -0.0783007 0.540537 0.0113877 0
1231202 551588 m2 0.01385 0.206617 0.544928 0 0.0165028
1231202 313654 m2 0.0152 0.12794 -0.208359 0 0.00430377
1231202 288430 m2 0.14275 0.188647 0.834747 0.0675085 0
1231202 576966 m2 0.021 -0.209019 0.421086 0 0.02546
1231202 266389 m2 0.01885 0.0182182 0.482234 0 0.0229661
1231202 14844 m2 0.0726 0.0431763 0.306701 0 0.00439585
1231202 609048 m2 0.02355 -0.0402651 0.388741 0 0.0234956
1231202 690082 m2 0.01105 0.119255 0.459173 0.141858 0
1231202 537042 m2 0.0435 -0.0403088 0.693131 0 -0.0176733
1231202 446106 m2 0.1256 -0.207091 0.509201 -0.0609312 0
1231202 352549 m2 0.10815 0.152067 0.701037 0.0593394 0
1231202 621075 m2 0.03245 0.0161945 0.369428 0 -0.0197489
1231202 453049 m2 0.0273 0.140163 0.553991 0 -0.000345115
1231202 664066 m2 0.01545 0.0861749 0.317843 0.0374041 0
1231202 561029 m2 0.02165 -0.0795367 0.512465 -0.0205928 0
1231202 526582 m2 0.077 0.0122505 0.807802 0 0.066848
1231202 2364 m2 0.21335 0.0972078 -0.514613 0 0.00481111
1231202 566611 m2 0.0157 -0.113269 0.49824 -0.00494304 0
1231202 282045 m2 0.06065 0.01399 0.436667 0 0.00492539
1231202 572988 m2 0.1355 0.00980456 0.836607 -0.00573733 0
1231202 509408 m2 0.05785 0.135325 0.0606572 0.0831328 0
1231202 491564 m2 0.0187 0.0977697 0.632844 -0.00215568 0
1231202 658973 m2 0.052 0.209094 0.625179 0.0510997 0
1231202 642429 m2 0.0112 -0.0447046 0.297423 0 -0.072059
1231202 362181 m2 0.18195 -0.120285 0.813367 -0.0620022 0
1231202 382969 m2 0.02765 -0.0100604 -0.17249 0.0488019 0
1231202 352540 m2 0.0433 -0.0863765 0.313115 0 0.0446298
1231202 393693 m2 0.05055 0.11736 0.709237 0.0378693 0
1231202 335771 m2 0.0613 0.00666655 0.524948 -0.0114262 0
1231202 692291 m2 0.01695 -0.0511757 0.392678 -0.0142143 0
1231202 67992 m2 0.0679 0.0477734 0.183678 0 0.0445807
1231202 447883 m2 0.0492 0.244077 0.422283 0 0.0115276
1231202 682214 m2 0.01145 0.225546 0.450696 0 0.0600111
1231202 457804 m2 0.037 0.108221 0.509049 0.0535169 0
1231202 419917 m2 0.16005 0.0374433 0.871882 0 0.0035102
1231202 711677 m2 0.0116 0.0659787 0.484361 0 -0.0451043
1231202 530087 m2 0.05655 -0.116194 0.791378 -0.00333758 0
1231202 50067 m2 0.04415 -0.178714 0.443389 -0.0901012 0
1231202 573226 m2 0.011 -0.164576 0.43887 -0.044451 0
1231202 688789 m2 0.0184 0.100328 0.325155 -0.0206879 0
1231202 613040 m2 0.0312 -0.09932 0.289992 0 -0.0181209
1231202 393189 m2 0.10255 -0.090396 0.521301 -0.0292293 0
1231202 432483 m2 0.0254 -0.0377957 0.526156 -0.0234946 0
1231202 638488 m2 0.0267 0.27898 0.582826 0.0502796 0
1231202 332763 m2 0.0106 0.0281 0.235415 -0.0151627 0
1231202 545669 m2 0.01225 0.0451824 0.398385 0.0204395 0
1231202 639946 m2 0.01485 0.0784232 0.315376 0 -0.00763009
1231202 654188 m2 0.0108 0.125462 0.429879 0.00765432 0
1231202 538980 m2 0.0756 -0.14406 0.413416 -0.0528814 0
1231202 430788 m2 0.0234 0.156135 0.701975 0 -0.0430917
1231202 307488 m2 0.0221 0.0809935 0.481415 0.0212629 0
1231202 349197 m2 0.02955 0.128911 0.529835 0 0.043736
1231202 394456 m2 0.0216 0.189225 0.6679 0 -0.00425978
1231202 544236 m2 0.0199 -0.130196 0.267351 0 -0.000497615
1231202 461801 m2 0.05245 -0.105603 0.562423 0 0.0343825
1231202 548282 m2 0.0443 -0.0353196 0.40455 -0.039909 0
1231202 367156 m2 0.0206 -0.0636423 0.33848 -0.0448054 0
1231202 7557 m2 0.02925 -0.218166 0.292082 0 0.00300628
1231202 348453 m2 0.07615 -0.060853 0.255006 -0.0180203 0
1231202 113676 m2 0.0461 -0.0523721 0.0327648 0.0134966 0
1231202 366688 m2 0.0317 0.323711 -0.248782 0.0964682 0
1231202 463525 m2 0.0338 -0.0855026 0.447665 0 -0.0155635
1231202 277232 m2 0.0162 0.117779 -0.0651646 0 0.0542281
1231202 394197 m2 0.05765 -0.0785415 0.185349 -0.0754308 0
1231202 58422 m2 0.10715 0.014746 0.0151358 0 0.022852
1231202 621276 m2 0.0103 -0.0716621 0.273909 0.0603362 0
1231202 646149 m2 0.0148 -0.0267326 0.337928 0 0.0069352
1231202 432250 m2 0.06615 -0.0780512 0.516167 -0.0867883 0
1231202 17092 m2 0.20425 0.532186 -0.663454 0.112418 0
1231202 431276 m2 0.07165 -0.215788 0.209602 -0.0883586 0
1231202 201761 m2 0.01925 0.0824818 0.412917 0.0623912 0
1231202 684840 m2 0.01815 -0.0889796 0.323208 -0.0275913 0
1231202 276956 m2 0.0727 -0.0772451 0.013715 -0.0331407 0
1231202 503536 m2 0.01695 -0.23943 0.218672 0 0.0335
1231202 368362 m2 0.07745 -0.184409 0.622693 -0.074043 0
1231202 516796 m2 0.02395 0.142218 0.252569 0 -0.0685391
1231202 616015 m2 0.0162 -0.116835 0.25534 0.0157439 0
1231202 684122 m2 0.0134 0.160662 0.26319 0 0.0458507
1231202 651414 m2 0.0144 -0.101718 0.287828 0 0.0092087
1231202 687551 m2 0.0136 0.248336 0.535729 0.0663389 0
1231202 570742 m2 0.0112 -0.0517936 0.276233 -0.0403011 0
1231202 471338 m2 0.03405 -0.0321545 0.441716 0 0.0301186
1231202 472320 m2 0.06645 -0.03987 0.212879 0 -0.00992587
1231202 502790 m2 0.0113 -0.131506 -0.0632378 -0.00717534 0
1231202 593272 m2 0.02045 -0.0950713 0.290487 0 -0.0951024
1231202 416669 m2 0.07705 -0.213884 0.482608 -0.103133 0
1231202 17799 m2 0.01665 -0.058555 -0.362136 0 0.0205178
1231202 11059 m2 0.0259 -0.000655709 0.512108 0 0.0441623
1231202 89252 m2 0.0374 0.110956 -0.323483 0 -0.0161355
1231202 654407 m2 0.0139 0.0820756 0.172273 0.0292756 0
1231202 303689 m2 0.11785 0.118617 0.598247 0 0.0619756
1231202 403140 m2 0.05815 0.0884862 0.398946 -0.0272824 0
1231202 144840 m2 0.01215 0.00389747 0.201369 0.0170088 0
1231202 440582 m2 0.0262 -0.00376508 -0.110899 0 -0.00719772
1231202 28423 m2 0.0305 -0.19928 0.00916229 -0.0339762 0
1231202 339935 m2 0.01475 -0.0157187 -0.324578 0.0415816 0
1231202 22813 m2 0.0223 0.0365057 -0.0758195 0 -0.0238876
1231202 128841 m2 0.01515 -0.0586033 0.268678 -0.0345051 0
1231202 548762 m2 0.01155 -0.0464582 0.202949 0.00758667 0
1231202 287888 m2 0.01345 0.289698 -0.0583302 0.0740406 0
1231202 327031 m2 0.03545 -0.0888207 0.0567357 -0.0512768 0
1231202 402863 m2 0.0666 -0.247461 0.476052 -0.0679223 0
1231202 643924 m2 0.0394 -0.124651 0.342697 0 0.0425669
1231202 3277 m2 0.01665 -0.0186597 -0.619918 0.0307848 0
1231202 136780 m2 0.10955 0.355412 -0.541715 0.107779 0
1231202 576705 m2 0.0739 -0.0131159 0.68843 -0.00222342 0
1231202 599241 m2 0.0154 -0.0533769 0.39143 0 -0.00128295
1231202 308217 m2 0.0248 -0.130968 0.670472 0 0.0469238
1231202 4351 m2 0.0754 -0.0144136 -0.725979 -0.0176526 0
1231202 134524 m2 0.0238 0.0138778 0.0917725 0.00938573 0
1231202 300703 m2 0.06975 0.234389 0.572539 0.0501296 0
1231202 435404 m2 0.12785 0.156399 0.722825 0 0.0180115
1231202 317434 m2 0.06825 -0.0719955 0.642164 0 0.0114106
1231202 598754 m2 0.02915 -0.0503854 0.0905331 0 0.0536155
1231202 371397 m2 0.1203 -0.0703638 0.23419 -0.0403291 0
1231202 93066 m2 0.03445 0.143204 0.0467266 0 -0.00183919
1231202 315641 m2 0.09555 0.00274772 0.7997 0 -0.0514844
1231202 529805 m2 0.01355 0.197049 0.305521 0.0371044 0
1231202 586654 m2 0.0169 -0.0563519 0.296279 0.0438987 0
1231202 510092 m2 0.1209 0.000252874 0.297295 0 0.00603266
1231202 63927 m2 0.02615 0.0510922 0.291768 -0.0036781 0
1231202 661032 m2 0.0144 -0.0201895 0.0570056 0 0.0201317
1231202 138291 m2 0.0407 0.126272 -0.0332138 0 0.0360201
1231202 192790 m2 0.07465 -0.00729635 0.434759 0 0.0249619
1231202 401881 m2 0.08715 -0.0995503 0.380227 -0.0752517 0
1231202 31709 m2 0.0998 0.0897021 -0.301173 0 -0.0456303
1231202 221261 m2 0.0419 -0.121744 0.155315 -0.0281974 0
1231202 244657 m2 0.068 0.0413152 0.254574 0 0.00504953
1231202 586896 m2 0.02105 -0.0999652 0.338187 0 0.0243991
1231202 585407 m2 0.03735 -0.0191897 0.468388 -0.0105161 0
1231202 133242 m2 0.0579 0.0558263 0.36694 0 -0.0184362
1231202 451004 m2 0.0357 0.129099 0.209904 0.0267617 0
1231202 324256 m2 0.0228 0.0401007 0.351836 0 0.078888
1231202 660504 m2 0.01045 0.182021 0.150157 -0.00408717 0
1231202 13559 m2 0.0146 -0.137035 -0.258176 0 0.00418182
1231202 313359 m2 0.07785 0.105932 0.718326 0.0235701 0
1231202 663039 m2 0.0189 0.0463044 0.209105 0.0349099 0
1231202 21001 m2 0.01335 -0.150818 -0.162222 -0.0463192 0
1231202 324026 m2 0.01695 0.0423412 0.657701 0 0.0135593
1231202 161549 m2 0.0659 0.102466 0.494463 0 0.0211809
1231202 472564 m2 0.0624 0.00951766 0.114638 -0.000292805 0
1231202 361618 m2 0.01465 -0.0709574 0.17967 -0.0201014 0
1231202 475353 m2 0.04665 -0.0218569 0.146497 0 0.0158478
1231202 639668 m2 0.01385 0.024027 0.302022 0 -0.0344085
1231202 494006 m2 0.03885 -0.0964192 -0.0374752 -0.0215778 0
1231202 506328 m2 0.02135 -0.000857381 0.274534 0.0225183 0
1231202 319232 m2 0.0454 0.158897 0.666958 0 0.0311137
1231202 135001 m2 0.2023 -0.0596033 0.387986 0 0.00634476
1231202 225215 m2 0.02275 -0.0208188 0.134535 -0.00380248 0
1231202 292991 m2 0.10775 0.0620319 0.524057 0.0415591 0
1231202 593246 m2 0.02125 0.0173528 0.0320221 0 -0.0410911
1231202 327018 m2 0.0165 -0.0972842 -0.0645653 0.0273407 0
1231202 45241 m2 0.04915 -0.085977 -0.182427 -0.0384565 0
1231202 33943 m2 0.0223 0.128829 0.237114 -0.00181146 0
1231202 714104 m2 0.0103 -0.0711227 0.165223 0 0.0522468
1231202 527524 m2 0.01595 -0.0378345 0.338217 0 0.0142511
1231202 30913 m2 0.022 -0.204901 -0.15289 0 0.0254509
1231202 33440 m2 0.019 0.136147 -0.610854 0 -0.00893941
1231202 665593 m2 0.0147 -0.137987 0.167607 0 0.0292592
1231202 379051 m2 0.02195 -0.0766051 -0.4337 0 0.0208986
1231202 386015 m2 0.046 -0.117584 0.321818 -0.0922973 0
1231202 490489 m2 0.0124 0.0842005 0.166487 0.0108722 0
1231202 264059 m2 0.01675 -0.046986 0.212336 0.0142944 0
1231202 542197 m2 0.01405 0.0743279 0.302603 0 -0.0329563
1231202 634214 m2 0.03805 -0.0782396 0.477144 0 0.0647473
1231202 79142 m2 0.0576 -0.100219 0.603093 0 -0.0431636
1231202 374449 m2 0.0491 -0.179366 0.085063 -0.118742 0
1231202 153304 m2 0.01725 -0.100167 0.0763071 0 -0.0722683
1231202 471783 m2 0.01425 0.0174721 0.0821563 0.00521795 0
1231202 367802 m2 0.0407 0.0112535 -0.379116 0 0.02918
1231202 371159 m2 0.05915 0.012984 0.649504 0.000400058 0
1231202 119996 m2 0.0351 -0.0171534 0.0822783 0.00979518 0
1231202 466033 m2 0.0519 0.141079 0.575489 0 -0.0280391
1231202 185965 m2 0.11395 -0.163987 0.536843 -0.0589504 0
1231202 249905 m2 0.02785 0.0607076 0.625007 0 -0.0473829
1231202 575417 m2 0.02625 -0.0221852 0.239935 0 -0.0151476
1231202 267394 m2 0.023 0.0552283 0.0379082 0 0.0726594
1231202 11776 m2 0.07495 -0.033559 -0.656945 0 -0.0403747
1231202 89736 m2 0.14755 -0.0605198 -0.232333 -0.010751 0
1231202 37716 m2 0.0211 0.10967 -0.313261 0.0186037 0
1231202 585655 m2 0.01115 0.048668 0.176147 0 -0.0611713
1231202 60124 m2 0.1651 0.107392 -0.0988374 0 -0.0365892
1231202 680957 m2 0.01075 0.324673 0.392688 0 0.0274525
1231202 519593 m2 0.0343 -0.114103 0.140081 0 -0.00417908
1231202 468006 m2 0.03225 0.11682 0.256578 0 -0.038726
1231202 607260 m2 0.0127 0.193622 0.350699 0 -0.0480393
1231202 529274 m2 0.04165 -0.0677145 0.570878 0 0.0397779
1231202 335205 m2 0.12155 -0.174651 0.143691 -0.103145 0
1231202 120233 m2 0.04095 0.0807636 -0.0528132 0.0348961 0
1231202 636457 m2 0.01245 -0.0501526 -0.158499 0.0164301 0
1231202 309200 m2 0.04705 0.0382007 -0.296637 -0.00604386 0
1231202 474107 m2 0.03095 0.0220989 0.0658779 0 -0.0813457
1231202 550848 m2 0.02825 0.106152 0.100836 0 -0.00391105
1231202 433430 m2 0.04115 0.148733 -0.156877 0 0.0182446
1231202 449522 m2 0.11895 0.0527248 0.60339 0.0457125 0
1231202 469773 m2 0.0155 0.0581796 0.523035 0.0502807 0
1231202 12542 m2 0.01145 -0.0210874 -0.173018 0 0.00932604
1231202 408394 m2 0.04945 0.339182 0.569063 0.129832 0
1231202 421415 m2 0.28165 0.385995 0.286328 0.177684 0
1231202 585157 m2 0.0128 0.126186 -0.00323553 0.0337434 0
1231202 210064 m2 0.03625 -0.229279 0.0981429 -0.0489876 0
1231202 456975 m2 0.02525 0.11463 0.587381 0.0750529 0
1231202 470295 m2 0.0327 -0.04427 0.297007 0 0.0115531
1231202 586136 m2 0.0325 0.0289737 0.187122 -0.0360063 0
1231202 668127 m2 0.01255 0.0285449 0.361009 0.0615495 0
1231202 556776 m2 0.01455 0.159231 0.388683 0.0315417 0
1231202 509622 m2 0.0176 0.157273 0.317966 0 -0.00856855
1231202 607256 m2 0.01795 -0.074623 0.488422 0 -0.0402308
1231202 157564 m2 0.0469 -0.0481118 0.520448 0 0.0602405
1231202 355775 m2 0.0621 0.10599 0.340971 0 0.0156987
1231202 269091 m2 0.061 0.0116507 -0.0900754 -0.0285371 0
1231202 312080 m2 0.0123 -0.22573 -0.407186 0.00382419 0
1231202 391479 m2 0.068 -0.10092 0.19943 -0.059757 0
1231202 704838 m2 0.01425 0.0933807 0.123883 0.0806201 0
1231202 390978 m2 0.03215 0.0576787 0.132852 0 -0.0808761
1231202 676911 m2 0.01345 -0.00501737 0.161961 0.0441133 0
1231202 275897 m2 0.1486 0.0815099 -0.13411 0 0.030656
1231202 399101 m2 0.0358 -0.0162255 0.620386 0 0.00403689
1231202 459245 m2 0.02015 -0.00952061 0.254725 0 0.0445452
1231202 89207 m2 0.06275 0.00102625 -0.0288284 0 -0.0220374
1231202 323211 m2 0.0234 -0.0187404 0.363958 0 0.00516901
1231202 283551 m2 0.01035 0.0982949 -0.105827 0.00243056 0
1231202 517288 m2 0.01685 0.0318941 -0.157987 0 -0.0553989
1231202 437344 m2 0.02915 -0.138185 0.0410327 -0.050969 0
1231202 335432 m2 0.01865 -0.0850866 0.0508049 -0.0195901 0
1231202 656888 m2 0.0255 -0.0547322 0.311706 -0.0351055 0
1231202 370384 m2 0.04635 -0.0756971 -0.061497 0 -0.0213425
1231202 241993 m2 0.0482 0.129812 -0.598819 0 -0.0437904
1231202 707541 m2 0.0251 0.056222 0.235666 0 -0.0687585
1231202 386255 m2 0.0166 0.0176882 0.646335 0 -0.0144375
1231202 454473 m2 0.04365 -0.0625034 -0.132601 -0.0342267 0
1231202 148514 m2 0.01385 0.0697694 -0.285864 0 0.0772511
1231202 123955 m2 0.04405 -0.099778 0.702465 -0.0294683 0
1231202 397876 m2 0.0294 -0.0141593 0.233628 0 0.0369983
1231202 414154 m2 0.0489 -0.0725599 -0.539076 0 -0.010191
1231202 563759 m2 0.04175 -0.0420625 0.375981 -0.0389826 0
1231202 219221 m2 0.03355 -0.032017 -0.328531 0.011192 0
1231202 12249 m2 0.0948 -0.00921464 -0.787915 0 -0.0167607
1231202 676906 m2 0.01565 0.135685 0.359682 0 -0.00975525
1231202 594760 m2 0.04685 0.120912 -0.644548 0 -0.0222019
1231202 446538 m2 0.02045 -0.0751588 0.159735 0 -0.0783601
1231202 323742 m2 0.0406 -0.115697 -0.116915 0 0.0302749
1231202 286758 m2 0.0522 -0.160136 -0.170864 -0.0734222 0
1231202 276151 m2 0.02765 0.0026503 0.113148 -0.00433923 0
1231202 368044 m2 0.0179 -0.0411493 0.105114 0 0.0266322
1231202 690962 m2 0.01005 0.253177 -0.0113363 0 0.065663
1231202 309188 m2 0.01705 0.104275 0.308529 0 -0.0699885
1231202 690960 m2 0.01395 0.12857 0.0760031 0.00663544 0
1231202 202896 m2 0.0361 -0.154909 0.159831 -0.0334498 0
1231202 374664 m2 0.01855 0.148635 -0.432576 0.0310953 0
1231202 184199 m2 0.18805 0.127565 -0.873688 0.0398291 0
1231202 662242 m2 0.02505 0.19357 0.34353 -0.0175235 0
1231202 484059 m2 0.0432 0.266976 0.484483 0.0685946 0
1231202 646829 m2 0.0144 -0.119307 0.0527775 0 -0.0549557
1231202 366363 m2 0.05315 0.0224551 -0.526806 0.0196169 0
1231202 190685 m2 0.15325 -0.0276278 -0.74768 -0.0280105 0
1231202 498178 m2 0.0548 0.271342 0.272689 0.0661209 0
1231202 492013 m2 0.01125 -0.01885 0.0663623 -0.000779122 0
1231202 566031 m2 0.01345 -0.034531 0.384957 0.0345228 0
1231202 435138 m2 0.0889 0.0651936 0.239137 0.00744341 0
1231202 470038 m2 0.075 -0.0114211 0.518945 0 0.0058261
1231202 408884 m2 0.11995 -0.0979553 0.0823109 -0.0340988 0
1231202 681907 m2 0.01845 0.163445 0.104454 0.0679549 0
1231202 481482 m2 0.03915 -0.120975 0.1596 -0.0302152 0
1231202 332207 m2 0.0888 0.197369 -0.417505 0.0875941 0
1231202 411816 m2 0.01905 -0.113818 -0.160017 -0.0256294 0
1231202 323737 m2 0.0158 -0.0451385 0.0274372 -0.0272536 0
1231202 695969 m2 0.0131 -0.0133912 -0.144259 0.0363523 0
1231202 305179 m2 0.07015 -0.0717707 -0.701478 0.00606641 0
1231202 706572 m2 0.0175 -0.0503157 0.024554 0 -0.00706964
1231202 380736 m2 0.06455 -0.0589781 0.243551 -0.00228726 0
1231202 641586 m2 0.01025 0.0418106 0.186832 0 -0.0119109
1231202 85429 m2 0.05485 -0.278175 -0.379752 -0.0809157 0
1231202 601197 m2 0.05115 -0.140475 -0.0478445 -0.0794946 0
1231202 371336 m2 0.0507 0.00828129 -0.430233 0 -0.0914975
1231202 395671 m2 0.0882 0.244437 -0.679232 0.082336 0
1231202 347465 m2 0.0444 -0.0874438 0.0363668 -0.0540695 0
1231202 607990 m2 0.0342 0.00104689 0.0680481 0.00417289 0
1231202 161777 m2 0.016 0.137899 -0.0459664 0 -0.0633085
1231202 203119 m2 0.15965 0.00911107 -0.877876 0 -0.0891452
1231202 426877 m2 0.0101 0.204037 -0.445444 0.0409068 0
1231202 580926 m2 0.0238 0.136063 0.182246 0.0603965 0
1231202 470752 m2 0.02545 -0.0295944 -0.0847291 0 0.0435242
1231202 440286 m2 0.1177 0.092266 0.180593 -0.0269808 0
1231202 606179 m2 0.0291 0.0165389 0.0165389 0 -0.00582522
1231202 447313 m2 0.02015 -0.0423546 -0.186154 -0.0482996 0
1231202 528768 m2 0.06875 0.144137 0.57394 0.0429855 0
1231202 293890 m2 0.0385 0.00995886 -0.53548 0 -0.00976759
1231202 458981 m2 0.0259 -0.0118492 0.00192149 -0.00361379 0
1231202 232958 m2 0.0321 0.139077 -0.706126 0.0167712 0
1231202 668564 m2 0.03885 0.00427404 0.138733 0 -0.00422362
1231202 395953 m2 0.06945 -0.198435 -0.31233 -0.0815729 0
1231202 416840 m2 0.04985 -0.115089 -0.50744 0.00390834 0
1231202 227143 m2 0.1103 -0.0181831 -0.29727 -0.0370025 0
1231202 665804 m2 0.03045 0.148058 -0.629622 0.0673293 0
1231202 317112 m2 0.0308 0.0501356 -0.145789 0 -0.0221894
1231202 467451 m2 0.02245 -0.067348 0.220183 -0.0807693 0
1231202 274346 m2 0.117 -0.0778584 0.0120836 0.00759164 0
1231202 371620 m2 0.058 0.151618 0.131622 0 0.01697
1231202 568253 m2 0.01575 0.117132 -0.213357 0 -0.0316785
1231202 357473 m2 0.04195 -0.0960927 0.258378 0 0.0904947
1231202 393376 m2 0.024 -0.071182 -0.635393 0.025336 0
1231202 515479 m2 0.01175 0.0173575 0.278143 0 -0.0261894
1231202 343941 m2 0.0282 0.105195 0.313003 -0.00592152 0
1231202 302602 m2 0.03665 -0.0501461 -0.287732 0 0.0651146
1231202 344747 m2 0.06245 -0.122401 -0.565054 0 -0.087316
1231202 83872 m2 0.0955 0.0584154 0.217547 0 0.0144705
1231202 19430 m2 0.16085 0.0316737 -0.614313 0 -0.0198884
1231202 547177 m2 0.0365 -0.0116285 -0.17685 0 0.023733
1231202 550811 m2 0.0232 0.0858559 0.068053 0.0178227 0
1231202 548950 m2 0.01685 -0.083736 -0.0941734 0 0.00800663
1231202 263013 m2 0.2399 0.0591626 -0.83323 0 -0.0384796
1231202 507983 m2 0.01885 -0.0105791 -0.191238 -0.0100885 0
1231202 318679 m2 0.03535 0.171355 -0.118359 0 0.00555063
1231202 419838 m2 0.0579 0.387879 -0.193268 0.0459308 0
1231202 568790 m2 0.05895 -0.0634539 0.248129 -0.0217211 0
1231202 615201 m2 0.01495 0.0451646 -0.0323309 0 -0.0132753
1231202 382611 m2 0.0533 -0.0374688 -0.361182 0 -0.0158855
1231202 710860 m2 0.0107 0.0383137 0.136136 0 0.0280614
1231202 537216 m2 0.05925 -0.178197 -0.591642 -0.0450801 0
1231202 419835 m2 0.043 -0.2126 -0.700742 -0.0732041 0
1231202 571211 m2 0.06785 -0.0734043 0.0815765 -0.0786304 0
1231202 285989 m2 0.03235 -0.0912258 -0.408712 0 -0.0724966
1231202 473294 m2 0.0131 -0.0894635 0.0567749 -0.055883 0
1231202 564190 m2 0.0246 0.12535 -0.165693 0.0448446 0
1231202 185408 m2 0.0946 -0.0340982 -0.728031 0 -0.03747
1231202 429459 m2 0.03565 0.195846 0.000768024 0.0583358 0
1231202 402051 m2 0.01695 0.140712 -0.488352 0.0528736 0
1231202 230951 m2 0.0832 0.0112399 -0.488076 -0.0520476 0
1231202 65380 m2 0.05325 -0.0248417 -0.0184515 0 0.0312567
1231202 676119 m2 0.0108 0.101426 -0.0256775 0.00364554 0
1231202 362358 m2 0.1003 0.142507 0.607407 0.0342125 0
1231202 525985 m2 0.02405 -0.125375 0.0132952 -0.0465853 0
1231202 673349 m2 0.02305 0.278185 -0.0731348 0.0286849 0
1231202 345920 m2 0.0176 0.22209 -0.0846059 0 0.02298
1231202 573662 m2 0.027 0.0199179 -0.274923 0 -0.034574
1231202 467439 m2 0.04785 -0.0931452 -0.0698419 -0.037174 0
1231202 345213 m2 0.15925 -0.0354674 -0.820708 0 -0.0787661
1231202 436607 m2 0.0576 -0.146204 -0.105853 -0.0642243 0
1231202 230416 m2 0.0628 0.086353 -0.652317 -0.00499362 0
1231202 401307 m2 0.0247 -0.110622 -0.109429 0 -0.0344806
1231202 318913 m2 0.1033 -0.027653 -0.365193 -0.0246174 0
1231202 114870 m2 0.01485 0.13548 0.0564687 0.0318073 0
1231202 620999 m2 0.01445 -0.0658804 -0.0608609 -0.0108703 0
1231202 175942 m2 0.1133 0.326707 -0.11968 0.0582909 0
1231202 507020 m2 0.0183 -0.0604858 -0.179777 0 0.0303107
1231202 205104 m2 0.0804 -0.00739354 -0.764704 0.00607738 0
1231202 643106 m2 0.0342 -0.116478 0.0148152 0 -0.00907002
1231202 322437 m2 0.07405 0.0866913 -0.750968 -0.00999689 0
1231202 659690 m2 0.01325 0.0313158 -0.0590459 -0.0543702 0
1231202 126285 m2 0.0646 -0.0209707 -0.555121 -0.0014958 0
1231202 707246 m2 0.01005 0.0252851 -0.167549 0 -0.0373039
1231202 538391 m2 0.06875 0.0106099 -0.153263 0 -0.0385327
1231202 648055 m2 0.02745 -0.0884983 -0.328256 0 0.00924701
1231202 450440 m2 0.0336 0.178689 -0.165662 0.00644838 0
1231202 425866 m2 0.01645 0.0614147 -0.297849 0 -0.0885269
1231202 246589 m2 0.04205 -0.161498 0.319072 0 -0.0210012
1231202 63553 m2 0.09705 -0.00822826 -0.743126 -0.0478871 0
1231202 398563 m2 0.01765 -0.147832 -0.0723635 -0.0424975 0
1231202 354965 m2 0.03835 0.0258495 -0.25765 0 0.00486406
1231202 67867 m2 0.0879 -0.0214536 -0.80098 0 -0.0223044
1231202 366099 m2 0.011 0.110177 -0.173765 0 0.0290135
1231202 677627 m2 0.0177 -0.125479 -0.157516 0.00186111 0
1231202 594722 m2 0.01815 -0.057412 -0.139357 -0.00941685 0
1231202 639373 m2 0.02305 -0.0608546 -0.172309 0 0.0248171
1231202 54455 m2 0.0999 0.0117544 -0.593321 0.0291145 0
1231202 444767 m2 0.0153 1.50707e-17 -0.33027 -0.00422428 0
1231202 46923 m2 0.0785 -0.0903315 -0.697292 -0.0569903 0
1231202 597464 m2 0.06045 -0.0327418 -0.365662 0 0.014504
1231202 42079 m2 0.07125 0.186502 -0.630096 0.016609 0
1231202 476008 m2 0.0871 -0.00711912 -0.32726 -0.0194191 0
1231202 273058 m2 0.0212 -0.0806914 -0.0965415 0 -0.057267
1231202 388436 m2 0.02455 -0.121687 -0.156881 -0.100525 0
1231202 570189 m2 0.01375 0.0776224 -0.0858864 0.0697966 0
1231202 463163 m2 0.02075 0.071118 -0.5881 0 -0.00705554
1231202 233667 m2 0.0171 0.148086 -0.689384 0.00808362 0
1231202 655295 m2 0.0195 -0.0172303 -0.0384931 -0.0269592 0
1231202 685243 m2 0.01145 0.137606 -0.174517 0 0.013254
1231202 182124 m2 0.12325 -0.218099 -0.335519 -0.105219 0
1231202 351948 m2 0.01025 -0.0853705 -0.402937 -0.0450307 0
1231202 188899 m2 0.01335 -0.00575225 -0.509529 0 -0.0380943
1231202 634421 m2 0.01445 0.00363971 -0.2573 0 0.0231087
1231202 577843 m2 0.0208 0.101344 -0.590554 0.0443154 0
1231202 176162 m2 0.04505 -0.0422786 -0.615339 0 -0.0623584
1231202 572645 m2 0.0136 -0.0937091 -0.177052 0 0.0483258
1231202 675121 m2 0.01025 0.0208395 -0.156486 0 -0.0432835
1231202 459671 m2 0.0195 0.169347 -0.627371 0 -0.0150081
1231202 109483 m2 0.1647 -0.0730957 -0.823127 -0.0271855 0
1231202 611687 m2 0.0278 0.000977519 -0.250571 0 0.105741
1231202 373641 m2 0.0712 -0.0312435 -0.389236 0 -0.0175284
1231202 519733 m2 0.05905 0.0311674 -0.730374 0.0161069 0
1231202 441262 m2 0.0968 0.252843 -0.803443 0.0954262 0
1231202 188414 m2 0.042 -0.0468493 -0.433573 -0.0140213 0
1231202 340563 m2 0.1566 0.0299283 -0.677195 0.031577 0
1231202 622211 m2 0.03165 0.0886843 0.0709139 0.0404763 0
1231202 577839 m2 0.01555 0.154072 -0.262174 -0.0192155 0
1231202 671310 m2 0.01495 -0.0230119 -0.19163 0.00982331 0
1231202 541121 m2 0.01215 -0.150334 -0.158632 0 0.0201103
1231202 700753 m2 0.01745 0.0320844 -0.101705 0.0120669 0
1231202 215655 m2 0.0964 -0.0139177 -0.458008 0 -0.0453188
1231202 128499 m2 0.04785 -0.141881 -0.637701 -0.070394 0
1231202 132183 m2 0.029 -0.0650728 -0.598376 0.0128611 0
1231202 150421 m2 0.11725 -0.0162274 -0.851794 0 -0.0394314
1231202 604427 m2 0.01595 -0.0504254 -0.341904 0 0.0271783
1231202 631207 m2 0.01525 -0.105889 -0.229611 0 -0.0636968
1231202 94478 m2 0.0262 0.113277 -0.486018 0.0599171 0
1231202 446753 m2 0.03865 0.0330749 -0.55496 -0.031671 0
1231202 672789 m2 0.0284 -0.132453 -0.159204 -0.0301432 0
1231202 706528 m2 0.0265 0.0489214 -0.255939 0.0740272 0
1231202 483737 m2 0.04985 0.187051 -0.622647 0.00995434 0
1231202 431162 m2 0.03225 0.124989 -0.642961 0 -0.0370117
1231202 269825 m2 0.0445 -0.0585889 0.0125548 -0.0183546 0
1231202 474042 m2 0.0361 -0.0625353 -0.194837 -0.0402781 0
1231202 78770 m2 0.0714 0.133145 -0.818737 0 -0.0296227
1231202 402027 m2 0.02705 0.149748 -0.275458 0.0631822 0
1231202 577331 m2 0.0474 -0.0857684 -0.406161 -0.0846685 0
1231202 554872 m2 0.01215 0.0171986 0.025647 0 -0.000584296
1231202 367723 m2 0.0192 0.264424 -0.506892 0.124355 0
1231202 274298 m2 0.011 -0.124098 -0.043655 -0.0755586 0
1231202 641801 m2 0.0135 -0.0528298 -0.163341 -0.0134288 0
1231202 593440 m2 0.0302 0.0235731 -0.197182 0.000514533 0
1231202 639357 m2 0.0266 0.00135795 -0.0633708 0 -0.0780071
1231202 643085 m2 0.0156 0.208389 -0.210221 0 0.101339
1231202 714987 m2 0.0125 0.0592612 -0.17049 -0.057369 0
1231202 671821 m2 0.05295 -0.0694791 -0.0633856 0 0.0594296
1231202 562183 m2 0.01755 0.137754 -0.386089 0 -0.0258974
1231202 631706 m2 0.0318 -0.0308578 -0.12314 0 -0.00144694
1231202 260637 m2 0.1807 -0.167607 -0.784874 -0.0483185 0
1231202 102756 m2 0.1478 0.148848 -0.206704 0 0.0408265
1231202 456896 m2 0.0969 -0.130417 0.0216912 -0.0187592 0
1231202 420063 m2 0.01635 0.0910685 -0.307679 0.0374597 0
1231202 382575 m2 0.04245 0.0792889 -0.106242 -0.0241264 0
1231202 455897 m2 0.08615 -0.0942047 -0.581397 -0.085379 0
1231202 427618 m2 0.06305 0.0510386 -0.0650192 0 0.0209164
1231202 562941 m2 0.01495 -0.113995 0.067036 0 -0.009314
1231202 640568 m2 0.01055 0.160574 -0.289396 0.0438447 0
1231202 244303 m2 0.13885 -0.138692 -0.332281 -0.0462671 0
1231202 72718 m2 0.12335 0.00320489 -0.337408 0 -0.0186423
1231202 130170 m2 0.04155 0.00301371 -0.564181 0 -0.0280164
1231202 498115 m2 0.01445 -0.0283493 -0.285803 -0.00412678 0
1231202 318873 m2 0.0329 0.0906736 -0.624875 0.0666849 0
1231202 545547 m2 0.0257 -0.0736143 -0.417746 0.0118214 0
1231202 72710 m2 0.20425 -0.043149 -0.731974 -0.0344067 0
1231202 326922 m2 0.01925 -0.0912738 -0.498762 0.038314 0
1231202 514405 m2 0.03235 0.105621 -0.343091 0.00609977 0
1231202 326732 m2 0.01815 -0.0792945 -0.229713 -0.0312127 0
1231202 547125 m2 0.03695 -0.0874507 -0.653455 0 0.0320932
1231202 515923 m2 0.03925 0.00266602 -0.475439 -0.0110386 0
1231202 387922 m2 0.01295 -0.152541 -0.315437 0 -0.077423
1231202 427615 m2 0.08425 -0.102328 -0.534047 -0.0686301 0
1231202 406519 m2 0.05785 -0.0698276 -0.409807 -0.0210737 0
1231202 263738 m2 0.0779 0.146751 -0.555719 0.0470905 0
1231202 429422 m2 0.01875 -0.166222 0.0276735 -0.00897796 0
1231202 653628 m2 0.0196 -0.0269508 -0.16924 0 -0.0352351
1231202 234675 m2 0.03015 0.00768166 -0.243169 0 -0.00721328
1231202 599145 m2 0.0322 -0.153525 -0.303444 0 -0.0261284
1231202 545542 m2 0.0148 -0.0959627 -0.287476 0 0.0438944
1231202 486516 m2 0.012 -0.157012 0.0291116 0 -0.042204
1231202 333840 m2 0.02645 0.0911072 -0.607706 -0.0499043 0
1231202 108497 m2 0.0801 -0.095924 -0.774255 0 0.00289029
1231202 436084 m2 0.0522 0.189523 -0.711965 0.0799981 0
1231202 632879 m2 0.01985 0.056542 -0.151421 0.000161584 0
1231202 680888 m2 0.01125 -0.0755194 -0.163171 0 -0.0304375
1231202 691652 m2 0.0106 0.153111 -0.169891 0 -0.0752681
1231202 102456 m2 0.0199 -0.019019 -0.458225 0.0415315 0
1231202 193458 m2 0.0148 -0.106828 -0.569111 -0.00879145 0
1231202 124082 m2 0.04405 -0.000293318 -0.67512 0 0.0313268
1231202 473252 m2 0.011 -0.0398657 -0.4902 0 -0.00619216
1231202 147941 m2 0.0958 -0.175974 -0.720358 -0.0849984 0
1231202 500407 m2 0.02325 -0.0478677 -0.18023 -0.0115376 0
1231202 112019 m2 0.05925 0.0363993 -0.72442 0 -0.00392373
1231202 623154 m2 0.0114 -0.0634668 -0.487129 0 -0.0027938
1231202 272777 m2 0.0536 -0.0672069 -0.266556 0 -0.0769225
1231202 236968 m2 0.1615 0.025829 -0.730771 0 -0.0644004
1231202 130681 m2 0.2717 -0.0222782 -0.796721 0 -0.0156039
1231202 576599 m2 0.01255 -0.00927847 -0.403953 0.0176733 0
1231202 443522 m2 0.01525 -0.0662851 -0.290504 -0.00305218 0
1231202 213077 m2 0.05955 -0.00868757 -0.65128 -0.0349313 0
1231202 694587 m2 0.0151 0.029515 -0.319022 0 0.0130286
1231202 315039 m2 0.05175 -0.076581 -0.693368 0.00178731 0
1231202 217932 m2 0.02325 0.138214 -0.370785 0.0653443 0
1231202 149145 m2 0.09785 -0.0474828 -0.661774 0 0.0197238
1231202 206273 m2 0.093 0.159827 -0.249922 0.0753702 0
1231202 707744 m2 0.01495 -0.185946 -0.218013 0 0.0985913
1231202 683721 m2 0.01195 0.277279 -0.574912 0.0474264 0
1231202 594689 m2 0.01015 0.109324 -0.460925 0.0402859 0
1231202 552883 m2 0.01305 -0.0191013 -0.0629069 0 0.0341045
1231202 580359 m2 0.01955 -0.152392 -0.260802 -0.0436837 0
1231202 442984 m2 0.0356 -0.0101449 -0.44897 0.0426455 0
1231202 653831 m2 0.0229 -0.0938675 -0.297164 -0.0260024 0
1231202 428646 m2 0.0897 0.275996 -0.442533 0.121211 0
1231202 705724 m2 0.0107 0.194655 -0.414807 0 0.0270481
1231202 441726 m2 0.06055 0.255173 -0.344749 0.0837922 0
1231202 466167 m2 0.04095 -0.0171686 -0.345326 -0.0217385 0
1231202 479666 m2 0.0469 0.00893325 0.0577684 0.0257468 0
1231202 340538 m2 0.05415 -0.0743254 -0.773357 0 -0.0560655
1231202 464445 m2 0.02105 -0.0713913 -0.119104 -0.0413805 0
1231202 304582 m2 0.0852 -0.0211877 -0.525331 0 -0.0127986
1231202 609901 m2 0.0328 -0.0688946 -0.457147 -0.000130187 0
1231202 246033 m2 0.11415 -0.0922302 -0.235069 -0.0455442 0
1231202 432330 m2 0.06695 0.134884 -0.604431 0.0835286 0
1231202 275574 m2 0.09995 0.0454125 -0.6493 0 0.010085
1231202 327390 m2 0.0625 -0.127398 -0.695496 0.00777043 0
1231202 657069 m2 0.0259 0.0913267 -0.272549 0 -0.0235773
1231202 308106 m2 0.11325 0.0715979 -0.691018 0 0.000922888
1231202 425348 m2 0.06515 0.0713423 -0.756648 0.0383302 0
1231202 377371 m2 0.0125 0.243498 -0.614799 0.0640287 0
1231202 243102 m2 0.02445 -0.0791288 -0.505296 0 -0.0565116
1231202 419305 m2 0.05185 -0.0888615 -0.403821 -0.0358906 0
1231202 221659 m2 0.059 -0.0257441 -0.734493 0 0.018088
1231202 222169 m2 0.01985 0.13516 -0.580907 0.0597113 0
1231202 136134 m2 0.0188 -0.100695 -0.4865 0 -0.0754959
1231202 387127 m2 0.0383 -0.170925 -0.46034 -0.0503004 0
1231202 615654 m2 0.0198 0.132588 -0.172285 0 0.0738225
1231202 171149 m2 0.0287 0.0953814 -0.51062 0.000248114 0
1231202 451684 m2 0.0231 -0.126752 -0.031143 0 0.0110467
1231202 464440 m2 0.03675 -0.085322 -0.411606 -0.0405294 0
1231202 557426 m2 0.01805 0.00296612 -0.441162 0 -0.0181228
1231202 165719 m2 0.09175 -0.134848 -0.633399 -0.0600772 0
1231202 295550 m2 0.03205 -0.1203 -0.187609 -0.0223445 0
1231202 246536 m2 0.09385 -0.140365 -0.779658 0.006334 0
1231202 447997 m2 0.02185 -0.0485115 0.177425 0 0.0205996
1231202 552871 m2 0.08145 0.056608 -0.738129 0 -0.0464334
1231202 358672 m2 0.04085 -0.163075 -0.433988 0.049746 0
1231202 583096 m2 0.04575 -0.0524017 -0.402936 0.0144548 0
1231202 227823 m2 0.0374 0.271469 -0.396865 0.0538363 0
1231202 677357 m2 0.02225 -0.0756133 -0.224314 0.00225093 0
1231202 358386 m2 0.0702 -0.0287909 -0.60812 -0.010064 0
1231202 700464 m2 0.0116 -0.00814883 -0.21478 -0.03987 0
1231202 650007 m2 0.0153 -0.0891049 -0.485087 -0.0397869 0
1231202 473003 m2 0.0153 0.125413 0.0576461 0.0207807 0
1231202 218164 m2 0.10125 0.0876732 -0.763817 0 -0.00210557
1231202 282921 m2 0.061 0.0598689 -0.625461 0 -0.0237177
1231202 577562 m2 0.0109 -0.0318791 -0.391291 -0.00174963 0
1231202 517194 m2 0.0254 0.0387346 -0.439409 0 -0.0766033
1231202 281141 m2 0.03405 0.0310089 -0.569514 0 -0.0162369
1231202 618420 m2 0.02215 -0.0353072 -0.290144 0 0.0476077
1231202 433820 m2 0.02495 -0.15906 -0.37399 -0.0341365 0
1231202 423067 m2 0.02325 -0.000184452 -0.507796 0 -0.0900136
1231202 223863 m2 0.01365 0.280188 -0.403364 0.0721918 0
1231202 634594 m2 0.011 0.131973 -0.057258 0 -0.0227494
1231202 259181 m2 0.09125 0.0703951 -0.754409 0 -0.0474095
1231202 375878 m2 0.0243 -0.0883959 -0.511931 0 0.00383201
1231202 391653 m2 0.11225 0.113534 -0.700802 0.0252545 0
1231202 451150 m2 0.06725 -0.0833797 -0.744396 -0.0366417 0
1231202 687141 m2 0.01275 -0.0797737 -0.356083 0.00173028 0
1231202 682996 m2 0.02575 0.0209203 -0.579505 0 0.059079
1231202 693396 m2 0.01775 -0.18552 -0.487051 0 -0.0510222
1231202 528669 m2 0.0849 -0.0987482 -0.620355 0.00448879 0
1231202 541331 m2 0.0141 0.155458 -0.670728 0.0183259 0
1231202 448682 m2 0.0476 -0.0016173 -0.647082 0 -0.00213474
1231202 453129 m2 0.0602 -0.0840881 -0.432409 -0.0957757 0
1231202 318834 m2 0.0139 -0.0358584 -0.513145 -0.00018549 0
1231202 415781 m2 0.04185 -0.0579974 -0.515251 0 -0.0640729
1231202 259164 m2 0.0654 -0.169311 -0.35267 0 -0.0515011
1231202 411001 m2 0.09465 0.0842807 -0.730258 0 -0.118986
1231202 645060 m2 0.01885 0.00816128 -0.520628 0 0.0432844
1231202 692862 m2 0.02905 0.0135308 -0.349708 0 0.0290641
1231202 569900 m2 0.01875 -0.0578989 -0.555312 0 -0.094668
1231202 342041 m2 0.10555 0.0442895 -0.771965 0.00591757 0
1231202 240384 m2 0.0134 0.149645 -0.424618 0 -0.0435858
1231202 463369 m2 0.09825 -0.0118826 -0.395537 0 0.0123976
1231202 423057 m2 0.0178 0.14147 -0.448605 0 -0.0297856
1231202 708483 m2 0.01285 -0.0782685 -0.463339 0 0.0682766
1231202 714507 m2 0.0103 -0.174503 -0.135822 -0.063255 0
1231202 262472 m2 0.06015 -0.0996195 -0.655043 -0.0576153 0
1231202 394313 m2 0.02925 0.154344 -0.670918 0.0862271 0
1231202 224828 m2 0.02785 -0.0311725 -0.53668 0 0.024013
1231202 477418 m2 0.0273 -0.2298 -0.553765 0 -0.00737617
1231202 229839 m2 0.15505 0.363155 -0.753916 0.131839 0
1231202 492422 m2 0.0128 0.0836737 -0.553806 0.0916121 0
1231202 349551 m2 0.0342 0.0276167 -0.543548 0 -0.0171652
1231202 654041 m2 0.0164 0.134728 -0.519204 0 0.00698914
1231202 631398 m2 0.0241 -0.139752 -0.506156 0 -0.0042748
1231202 305316 m2 0.0794 0.007403 -0.783641 0 -0.00777525
1231202 297024 m2 0.02035 -0.0526178 -0.469473 0 -0.0161368
1231202 427067 m2 0.058 0.102592 -0.544923 0.0903208 0
1231202 427337 m2 0.0253 0.00661161 -0.518428 0 -0.057557
1231202 690872 m2 0.0219 -0.0900512 -0.392766 -0.0112385 0
1231202 329057 m2 0.10065 0.273048 -0.763207 0.0711749 0
1231202 600882 m2 0.03585 -0.000652565 -0.627115 0 -0.0482473
1231202 349292 m2 0.06085 -0.126129 -0.47855 -0.082658 0
1231202 523357 m2 0.0525 -0.129133 -0.714794 0 0.00020224
1231202 305090 m2 0.024 0.0211888 -0.613399 -0.00198478 0
1231202 534899 m2 0.013 0.0186618 -0.627504 -0.0170177 0
1231202 340260 m2 0.1065 -0.0185003 -0.665934 0 -0.0237836
1231202 642243 m2 0.01655 -0.110166 -0.616796 -0.00729484 0
1231202 406483 m2 0.07055 0.0834609 -0.530676 0.0863042 0
1231202 674773 m2 0.01725 0.102208 -0.517544 0.0967113 0
1231202 446419 m2 0.0112 -0.0778785 -0.555179 0.0416575 0
1231202 495060 m2 0.02825 0.0991229 -0.743331 0.0582488 0
1231202 472987 m2 0.0316 -0.0678836 -0.285294 0 0.0218021
1231202 377889 m2 0.01915 0.0249629 -0.400454 -0.00826178 0
1231202 461099 m2 0.0818 -0.024324 -0.662197 0 0.035475
1231202 543254 m2 0.0316 0.0210989 -0.634865 0 -0.0895535
1231202 670487 m2 0.01055 -0.0774621 -0.405664 0 -0.00780155
1231202 433803 m2 0.0788 -0.116871 -0.596063 -0.0641029 0
1231202 535158 m2 0.03405 -0.0417578 -0.567736 0 0.0459308
1231202 391593 m2 0.01225 0.056759 -0.441308 0 -0.0704477
1231202 491915 m2 0.04335 -0.0131785 -0.651623 0 0.000593906
1231202 420019 m2 0.05345 -0.0167365 -0.686836 0 -0.0546864
1231202 594660 m2 0.0109 -0.0224074 -0.60434 0 -0.0623762
1231202 576090 m2 0.02235 0.00910318 -0.312344 -0.0344031 0
1231202 677812 m2 0.02155 0.0636782 -0.70046 -0.0554769 0
1231202 509220 m2 0.01145 -0.199514 -0.345135 0.0132244 0
1231202 488625 m2 0.0283 0.110723 -0.414753 0.00630508 0
1231202 389846 m2 0.09145 -0.0642043 -0.605945 -0.0625185 0
1231202 477407 m2 0.04025 0.00808781 -0.557032 -0.0353433 0
1231202 473463 m2 0.0517 0.00831172 -0.651085 0.0205821 0
1231202 673799 m2 0.011 -0.00219644 -0.293225 0.0117118 0
1231202 609115 m2 0.02085 -0.0649373 -0.46696 -0.0367249 0
1231202 623891 m2 0.03645 -0.0330289 -0.543739 0 -0.00522978
1231202 400980 m2 0.01135 -0.147069 -0.366006 0 -0.0274511
1231202 673282 m2 0.01965 0.0165294 -0.376543 0 0.0088835
1231202 469113 m2 0.0375 -0.166376 -0.631396 -0.0586794 0
1231202 384099 m2 0.01125 0.0406021 -0.50614 0 0.00333151
1231202 713535 m2 0.01025 0.119792 -0.462842 0 -0.0672012
1231202 404241 m2 0.022 0.0576732 -0.521185 0 -0.0540364
1231202 690830 m2 0.01485 0.164923 -0.454268 0.0307918 0
1231202 665204 m2 0.0225 -0.100901 -0.421166 0 -0.0110728
1231202 580324 m2 0.0147 0.128663 -0.58254 -0.000436252 0
1231202 454362 m2 0.0327 -0.0949618 -0.570724 -0.0380824 0
1231202 712267 m2 0.0118 -0.102788 -0.474611 0 0.0692076
1231202 550141 m2 0.02815 -0.127505 -0.631085 -0.0659729 0
1231202 564899 m2 0.05745 0.149654 -0.736127 0.0588823 0
1231202 546522 m2 0.0174 -0.0240012 -0.643325 0.0527438 0
1231202 507645 m2 0.02885 -0.028272 -0.557383 -0.00821171 0
1231202 489362 m2 0.05715 -0.0553565 -0.713406 0 0.00909283
1231202 503911 m2 0.0309 0.0973921 -0.57005 0 -0.00462878
1231202 479599 m2 0.0241 -0.139752 -0.506156 -0.0270316 0
1231202 443977 m2 0.066 -0.0658509 -0.574836 -0.0854376 0
1231202 609855 m2 0.0341 0.0329133 -0.590432 0.0319229 0
1231202 427023 m2 0.0162 0.0409339 -0.532646 0 -0.00702725
1231202 622142 m2 0.0125 0.0537611 -0.461748 0 0.0143729
1231202 705682 m2 0.0104 0.0330492 -0.507116 0 -0.0419056
1231202 618858 m2 0.0212 -0.0524088 -0.539811 0 -0.0191496
1231202 418980 m2 0.06405 -0.129362 -0.70796 -0.0569745 0
1231202 610797 m2 0.01025 0.0325103 -0.563078 0 -0.0241744
1231202 604592 m2 0.0201 0.0333618 -0.400912 0.05622 0
1231202 445418 m2 0.05785 -0.0320179 -0.514139 0.0611663 0
1231202 439910 m2 0.04275 0.00233725 -0.694367 0 0.0434881
1231202 687623 m2 0.0261 0.0394866 -0.59338 0 -0.047402
1231202 564894 m2 0.04575 -0.0863803 -0.16185 0 -0.0234476
1231202 612097 m2 0.0108 -0.0189901 -0.52467 -0.0506836 0
1231202 576056 m2 0.05435 0.00112001 -0.518863 0 0.00440735
1231202 540288 m2 0.11645 -0.124167 -0.813934 -0.0402387 0
1231202 457082 m2 0.0599 -0.00195798 -0.635951 -0.0340495 0
1231202 454349 m2 0.036 0.027523 -0.528016 0 -0.00807101
1231202 641960 m2 0.0282 0.0973016 -0.654114 0 -0.00496273
1231202 689907 m2 0.0135 0.083078 -0.508179 0.0483471 0
1231202 675756 m2 0.01955 -0.160452 -0.621049 0 -0.0262799
1231202 631378 m2 0.0503 0.0960986 -0.630759 0.0542373 0
1231202 624401 m2 0.0275 -0.0766496 -0.319136 0 0.0391795
1231202 571344 m2 0.0179 -0.022544 -0.517546 0 0.0772844
1231202 717149 m2 0.01085 -0.0691821 -0.489306 0 0.00656089
1231202 504898 m2 0.0125 -0.170597 -0.373809 0 0.0597292
1231202 591111 m2 0.0348 0.0304906 -0.518506 0 -0.0466496
1231202 680810 m2 0.0104 -0.0507803 -0.519785 0 -0.0112009
1231202 599307 m2 0.03715 -0.106872 -0.488486 0 0.0176708
1231202 546529 m2 0.01405 0.111582 -0.506076 0 0.0202073
1231202 552117 m2 0.03645 -0.125216 -0.557727 0 -0.0268045
1231202 590372 m2 0.0149 0.10355 -0.490483 -0.0155519 0
1231202 591355 m2 0.0226 -0.0975191 -0.718982 0.01867 0
1231202 644237 m2 0.03785 -0.105643 -0.49201 -0.0210686 0
1231202 699851 m2 0.02385 0.0911086 -0.628085 0.0772594 0
1231202 689360 m2 0.0105 -0.00129727 -0.505288 0.0163607 0
1231202 670735 m2 0.0126 -0.0591085 -0.398535 0 -0.0405801
1231202 624622 m2 0.0129 -0.0276847 -0.494597 -0.00130773 0
1231202 602566 m2 0.0393 0.033021 -0.533663 -0.00756603 0
1231202 578763 m2 0.0762 0.0194042 -0.486935 -0.0117198 0
1231202 626639 m2 0.0167 -0.0204899 -0.431199 0.00704824 0
