// Initial random seed:
3601588235898

// RunInitializeCallbacks():
initializeTreeSeq();
initializeMutationRate(1e-10);
initializeSex("A");
initializeMutationType(2, 0.5, "f", 0);
initializeGenomicElementType(1, m2, 1);
initializeGenomicElement(g1, 0, 500000);
initializeRecombinationRate(c(1e-06, 0.5, 1e-06, 0.5, 1e-06, 0.5, 1e-06, 0.5, 1e-06, 0.5, 1e-06, 0.5, 1e-06, 0.5, 1e-06, 0.5, 1e-06, 0.5, 1e-06, 0.5, 1e-06, 0.5, 1e-06, 0.5, 1e-06, 0.5, 1e-06, 0.5, 1e-06, 0.5, 1e-06, 0.5, 1e-06, 0.5, 1e-06, 0.5, 1e-06, 0.5, 1e-06), c(50000, 50001, 100000, 100001, 150000, 150001, 200000, 200001, 250000, 250001, 300000, 300001, 350000, 350001, 400000, 400001, 450000, 450001, 500000, 500001, 550000, 550001, 600000, 600001, 650000, 650001, 700000, 700001, 750000, 750001, 800000, 800001, 850000, 850001, 900000, 900001, 950000, 950001, 1000000));

QTL DFE means: 
0 0

QTL DFE variance-covariance matrix: 
     [,0] [,1]
[0,]  0.4    0
[1,]    0  0.4

// Starting run at generation <start>:
1 

100:0.999927 0.999927 3.44169e-15 0.000221172 0.000722192 0.100745 -0.0220353 NAN NAN
200:0.999938 0.999938 6.21725e-15 -0.00135147 0.000119252 0.014316 -8.79698e-05 NAN NAN
300:0.999745 0.999745 7.54952e-15 -0.00987875 -0.000722566 -0.225634 0.0956309 NAN NAN
400:0.999061 0.999061 -3.88578e-15 -0.0183536 0.000432392 -0.138131 -0.0158697 NAN NAN
500:0.998967 0.998967 6.66134e-15 -0.0166909 0.00763836 -0.137898 0.0300846 NAN NAN
600:0.999194 0.999194 5.10703e-15 -0.0206998 -0.00125832 -0.164855 -0.287885 NAN NAN
700:0.999761 0.999761 4.44089e-15 -0.00569087 -0.000876125 -0.121102 -0.293892 NAN NAN
800:0.999112 0.999112 1.68754e-14 -0.0138621 -0.00299611 -0.114307 -0.00705311 NAN NAN
900:0.999644 0.999644 -8.21565e-15 -0.00949237 -3.4949e-05 -0.118605 0.0434797 NAN NAN
1000:0.999977 0.999977 2.33147e-15 -0.000526791 -1.09274e-05 -0.10567 -0.0693766 NAN NAN
1100:0.998412 0.998403 8.93506e-06 0.00511623 -5.18844e-05 0.0294351 -0.117698 -0.0116757 -0.0252748
1200:0.995475 0.995476 -9.38702e-07 -0.000288486 8.29914e-05 -0.0426496 0.0642328 -0.00899599 0.00657883
1300:0.989101 0.989105 -4.07974e-06 0.00129491 -9.63512e-06 0.01833 -0.176561 0.0217235 -0.0151164
1400:0.979602 0.979605 -3.44198e-06 5.02218e-05 0 -0.0874773 NAN -0.00833664 NAN
1500:0.965465 0.965472 -6.71254e-06 -0.000136369 -0.000554524 0.023568 -0.042795 0.0022772 0.00107775
1600:0.945435 0.945132 0.000302782 0.00028393 0.00190209 0.0929382 0.223759 0.0105251 0.0873676
1700:0.918885 0.914416 0.00446878 -0.00141308 -0.0316126 0.170722 0.446985 0.0511179 0.357117
1800:0.897689 0.855577 0.0421127 0.0563297 -0.0704374 0.539241 0.536685 0.470376 0.491602
1900:0.900112 0.748741 0.151371 0.119008 -0.0935379 0.843321 0.536265 0.838804 0.521267
2000:0.869612 0.599269 0.270343 0.117704 -0.0867983 0.895066 0.668508 0.893048 0.582498
2100:0.90716 0.584029 0.32313 0.0714009 -0.0852029 0.958746 0.695435 0.927901 0.635965
2200:0.940602 0.558298 0.382304 0.0136948 -0.0847264 0.978179 0.81314 0.952409 0.781851
2300:0.939827 0.5501 0.389727 0.011169 -0.0227445 0.976594 0.83399 0.950003 0.800935
2400:0.943272 0.552208 0.391065 -0.00196105 -0.076706 0.979883 0.865068 0.952933 0.803772
2500:0.936765 0.544598 0.392167 -0.0238026 -0.0639639 0.966416 0.863455 0.946527 0.815262
2600:0.935277 0.542361 0.392916 -0.0306748 -0.0366304 0.966023 0.856408 0.941477 0.826819
2700:0.937772 0.541283 0.396489 -0.01534 -0.0263916 0.969937 0.874732 0.947373 0.831118
2800:0.942229 0.555856 0.386373 0.0178161 -0.0838124 0.977054 0.85625 0.953478 0.826199
2900:0.944219 0.548155 0.396064 -0.0106195 -0.102925 0.977478 0.872238 0.95263 0.824265
3000:0.942604 0.55036 0.392244 -0.00584965 -0.0926908 0.973886 0.862303 0.952509 0.811621
