// Initial random seed:
3528247277550

// RunInitializeCallbacks():
initializeTreeSeq();
initializeMutationRate(1e-10);
initializeSex("A");
initializeMutationType(2, 0.5, "f", 0);
initializeGenomicElementType(1, m2, 1);
initializeGenomicElement(g1, 0, 500000);
initializeRecombinationRate(c(1e-06, 0.5, 1e-06, 0.5, 1e-06, 0.5, 1e-06, 0.5, 1e-06, 0.5, 1e-06, 0.5, 1e-06, 0.5, 1e-06, 0.5, 1e-06, 0.5, 1e-06, 0.5, 1e-06, 0.5, 1e-06, 0.5, 1e-06, 0.5, 1e-06, 0.5, 1e-06, 0.5, 1e-06, 0.5, 1e-06, 0.5, 1e-06, 0.5, 1e-06, 0.5, 1e-06), c(50000, 50001, 100000, 100001, 150000, 150001, 200000, 200001, 250000, 250001, 300000, 300001, 350000, 350001, 400000, 400001, 450000, 450001, 500000, 500001, 550000, 550001, 600000, 600001, 650000, 650001, 700000, 700001, 750000, 750001, 800000, 800001, 850000, 850001, 900000, 900001, 950000, 950001, 1000000));

QTL DFE means: 
0 0

QTL DFE variance-covariance matrix: 
     [,0] [,1]
[0,]  0.4    0
[1,]    0  0.4

// Starting run at generation <start>:
1 

100:0.999887 0.999887 -7.66054e-15 -0.000432258 -0.000325501 0.0420446 -0.00194339 NAN NAN
200:0.999912 0.999912 -1.07692e-14 -0.00151002 -0.000122671 0.135416 -0.0174955 NAN NAN
300:0.999924 0.999924 1.55431e-15 -0.000828503 0.000229385 -0.0449222 0.15975 NAN NAN
400:0.999856 0.999856 -4.66294e-15 -9.43228e-05 0.00023382 0.0575317 -0.0235187 NAN NAN
500:0.999952 0.999952 1.44329e-15 -0.000174037 -2.57187e-07 -0.0470382 0.00377156 NAN NAN
600:0.99997 0.99997 -2.66454e-15 0.000478962 0 0.0322284 NAN NAN NAN
700:0.99995 0.99995 1.07692e-14 3.8444e-05 -3.56306e-05 -0.0701536 0.157459 NAN NAN
800:0.9999 0.9999 0 -0.00115793 3.29271e-05 -0.101086 0.144706 NAN NAN
900:0.999889 0.999889 1.35447e-14 0.000335452 -0.000247796 0.0339524 -0.122783 NAN NAN
1000:0.999878 0.999878 -2.85327e-14 -0.00106031 0.000215359 -0.172966 -0.123999 NAN NAN
1100:0.995221 0.995224 -3.56363e-06 -0.000656287 0.000122942 -0.0430962 -0.0434349 -0.00965635 -0.00433304
1200:0.981422 0.981303 0.000119712 -0.000432338 0.000592183 0.0702268 0.178542 0.0202489 0.0348787
1300:0.958486 0.958482 3.30212e-06 0.000101132 0 0.0424668 NAN 0.0051432 NAN
1400:0.927048 0.926635 0.00041299 0.00107171 -0.000625407 0.0642836 0.264293 0.0185098 0.106136
1500:0.898657 0.883387 0.01527 2.19894e-05 -0.0131159 -0.144275 0.572374 -0.0147283 0.44246
1600:0.916609 0.791983 0.124626 -0.000522996 0.0757037 0.186034 0.91351 0.0455311 0.839866
1700:0.886551 0.726483 0.160068 -0.005037 0.10585 0.329211 0.907922 0.214267 0.882219
1800:0.884947 0.624875 0.260072 -0.0654659 0.0434581 0.586487 0.9632 0.470766 0.925231
1900:0.888468 0.490184 0.398284 -0.117885 0.0112264 0.875271 0.984787 0.754823 0.94868
2000:0.859935 0.356385 0.50355 -0.0409954 -0.00197383 0.926328 0.991186 0.838331 0.959663
2100:0.885525 0.349739 0.535786 -0.0171896 0.0014709 0.959673 0.989853 0.879011 0.962804
2200:0.909936 0.346822 0.563114 -0.00198266 0.0185843 0.976285 0.989637 0.917635 0.963798
2300:0.912499 0.346146 0.566353 0.010056 0.0127053 0.97341 0.991309 0.920625 0.965182
2400:0.913085 0.345341 0.567744 0.00738711 0.012725 0.979989 0.989923 0.921365 0.964757
2500:0.917626 0.348463 0.569163 0.00686605 0.017956 0.981066 0.991153 0.92536 0.965927
2600:0.919357 0.348757 0.5706 0.000778804 0.0162328 0.982477 0.990078 0.928469 0.964923
2700:0.920034 0.349583 0.570451 0.0039745 0.013732 0.980379 0.990299 0.927234 0.966033
2800:0.922638 0.347778 0.57486 -0.000248816 0.0198369 0.984316 0.991457 0.932084 0.966067
2900:0.923465 0.347553 0.575913 0.00760212 0.0222777 0.98629 0.990529 0.933207 0.966528
3000:0.925315 0.348678 0.576637 0.0130154 0.0147017 0.987108 0.98873 0.935942 0.966093
