seed mutID muttype p cor_sal cor_temp mutSalEffect mutTempEffect
1231184 136150 m2 0.188347 0.0347781 -0.233985 0.0430721 0
1231184 124803 m2 0.195219 0.100756 0.775238 0 0.0338656
1231184 711379 m2 0.0135458 0.189673 0.531807 0.0117703 0
1231184 41779 m2 0.261305 -0.0886055 0.829711 -0.0196662 0
1231184 708374 m2 0.0128486 0.218297 0.550424 0 -0.0182597
1231184 210392 m2 0.0287351 0.00227016 0.53343 0 0.0338148
1231184 377692 m2 0.0168327 0.00768178 0.541421 0 0.0586442
1231184 247450 m2 0.0338147 0.0165793 0.573286 -0.00794732 0
1231184 34427 m2 0.0973606 -0.121049 0.706686 -0.0552763 0
1231184 614738 m2 0.03999 0.0083717 0.617454 0 -0.0289349
1231184 352268 m2 0.117082 -0.0347534 0.813913 0 0.0250225
1231184 724969 m2 0.0255478 0.145157 0.566756 0 -0.0543544
1231184 273754 m2 0.0306275 -0.191974 -0.0172616 -0.0150593 0
1231184 722413 m2 0.0111554 -0.157522 0.446029 0 0.0467327
1231184 160185 m2 0.0454183 0.0585835 -0.0503066 0.0444377 0
1231184 418347 m2 0.0976096 0.00146476 0.76665 0.0259825 0
1231184 550983 m2 0.0125498 0.160253 0.252907 0.0885909 0
1231184 269956 m2 0.0184761 -0.141951 0.482719 -0.0969714 0
1231184 158189 m2 0.130478 0.0888863 0.416719 0.0486504 0
1231184 602413 m2 0.023755 -0.113249 0.380368 -0.0784774 0
1231184 467669 m2 0.0702689 0.169771 0.532441 0.0258246 0
1231184 506451 m2 0.0192729 0.091649 0.62422 0 -0.00806648
1231184 424871 m2 0.0252988 -0.189335 0.609764 0.0231666 0
1231184 595499 m2 0.0384462 0.282575 0.674387 0.0401057 0
1231184 284914 m2 0.0305279 0.078488 0.482654 -0.0259327 0
1231184 396619 m2 0.0331673 -0.0259775 0.556352 0 -0.011957
1231184 731029 m2 0.0132968 -0.0842827 0.496381 0 -0.0496412
1231184 561849 m2 0.0446215 0.0403464 0.679888 -0.0522795 0
1231184 402583 m2 0.0284861 -0.16611 0.632937 -0.0276848 0
1231184 440507 m2 0.111255 -0.0211062 0.541908 -0.0340146 0
1231184 440992 m2 0.0258964 0.150832 0.548368 0.0640547 0
1231184 46833 m2 0.220418 -0.0109237 0.314631 0.0227284 0
1231184 138917 m2 0.336355 0.237042 0.192067 -0.00666786 0
1231184 120247 m2 0.0539841 0.0177335 0.296033 0 -0.00834384
1231184 394173 m2 0.235359 0.536869 -0.21969 0.119012 0
1231184 185056 m2 0.049004 -0.000100573 0.664833 0 0.0646732
1231184 64037 m2 0.133217 0.371891 0.591637 0.0498755 0
1231184 675171 m2 0.0215139 0.0740553 0.570313 0.013814 0
1231184 576634 m2 0.0168327 -0.0149128 0.515421 0 0.0525478
1231184 338830 m2 0.10488 0.0464372 0.757559 0 0.0837695
1231184 284910 m2 0.0449701 0.0398974 0.630102 0 0.0403808
1231184 372567 m2 0.114044 0.0513448 0.672243 -0.0143729 0
1231184 680944 m2 0.010757 0.158079 0.545856 0 0.0387299
1231184 485740 m2 0.0456673 -0.018962 0.530812 0 0.0456808
1231184 259651 m2 0.0941733 0.0113045 0.790783 0 -0.00288667
1231184 715320 m2 0.0142928 -0.100088 0.49003 0 -0.0118862
1231184 440988 m2 0.0232072 -0.199018 0.328231 0 0.0648172
1231184 287903 m2 0.129582 -0.11941 0.808904 0 0.042547
1231184 302774 m2 0.0699203 -0.0837841 0.343211 0 0.0200556
1231184 454168 m2 0.013496 -0.0614072 0.0926558 0 0.0274085
1231184 35702 m2 0.173058 0.0542373 0.842499 0.0058385 0
1231184 658895 m2 0.0231574 0.0975396 0.480132 0.0199632 0
1231184 186562 m2 0.0991036 0.130153 -0.114095 0.0364422 0
1231184 207579 m2 0.135608 -0.0940815 0.835567 -0.0323569 0
1231184 317065 m2 0.132271 -0.0186001 0.208108 0 0.0240509
1231184 366786 m2 0.160259 0.121729 0.830637 0.0945681 0
1231184 601139 m2 0.0429283 -0.0998971 0.72179 0 0.0387884
1231184 626782 m2 0.0257968 0.0253792 0.588447 0.00403328 0
1231184 54607 m2 0.0369024 0.0662754 0.665145 0.0689106 0
1231184 193132 m2 0.01001 0.207976 0.382645 0 0.0413992
1231184 161977 m2 0.0449701 0.0398974 0.630102 -0.0094374 0
1231184 678424 m2 0.0181275 -0.0731011 0.505801 -0.0884185 0
1231184 698033 m2 0.0164343 0.0691069 0.614741 0.0306414 0
1231184 379943 m2 0.0285857 0.0235815 0.466432 0.00631001 0
1231184 45357 m2 0.240886 -0.0256517 0.0548149 -0.0431369 0
1231184 508647 m2 0.0661355 -0.0985052 0.176183 -0.0416671 0
1231184 338828 m2 0.0619522 -0.0143369 0.629908 0 0.0432938
1231184 494412 m2 0.0336653 -0.0594492 0.302125 0 0.0174289
1231184 522441 m2 0.0211155 -0.0559836 0.163079 -0.00975795 0
1231184 656660 m2 0.0118028 -0.110672 0.471018 0 -0.0222795
1231184 52624 m2 0.064492 0.155031 0.416398 -0.0149936 0
1231184 406430 m2 0.0325697 -0.0973306 0.294724 0 0.0258154
1231184 646618 m2 0.0146912 0.112296 0.305987 0.00387036 0
1231184 29297 m2 0.0587649 -0.0447755 0.685972 0.0206898 0
1231184 470172 m2 0.0455677 -0.228814 0.420528 0 -0.0870823
1231184 577653 m2 0.0130478 -0.110826 0.411463 0 0.0172832
1231184 722641 m2 0.0146414 0.091056 0.411786 0.00964873 0
1231184 544650 m2 0.0364542 -0.122803 0.433233 0 0.0305802
1231184 631544 m2 0.0493526 0.0570531 0.482524 -0.0155865 0
1231184 676405 m2 0.0203187 -0.034883 0.62169 0.0747774 0
1231184 450074 m2 0.103536 -0.00142483 0.77676 0 0.0378957
1231184 460948 m2 0.0358068 -0.0778945 0.487052 0 0.0279001
1231184 303005 m2 0.12261 -0.0366501 0.556971 -0.0264424 0
1231184 500688 m2 0.0111554 -0.146476 0.455219 -0.0851957 0
1231184 359714 m2 0.16001 0.00129085 0.348229 0 0.0231596
1231184 328550 m2 0.0155378 0.0706502 0.583497 0.0361335 0
1231184 349730 m2 0.184313 0.0720114 0.447357 -0.00184362 0
1231184 412084 m2 0.0907869 -0.258362 0.680845 -0.0849086 0
1231184 326082 m2 0.037749 0.0182075 0.598122 0 0.0839734
1231184 742625 m2 0.014243 0.228832 0.392608 0 0.00926914
1231184 704380 m2 0.0171315 0.237715 0.549032 0 -0.00421436
1231184 571440 m2 0.0693725 0.323981 0.711198 0.0690316 0
1231184 126116 m2 0.272062 -0.0778376 0.571085 -0.0335872 0
1231184 173022 m2 0.167082 0.171682 0.807148 0.0141138 0
1231184 647309 m2 0.0261454 -0.0264356 0.664696 0 -0.00366289
1231184 126342 m2 0.0531375 -0.0702138 0.707819 -0.066584 0
1231184 441733 m2 0.036255 0.0161735 0.317805 0.0459854 0
1231184 141655 m2 0.0466633 -0.118552 0.304413 0 0.0118568
1231184 219630 m2 0.0896414 -0.215154 0.471034 -0.114126 0
1231184 620972 m2 0.0131474 -0.060748 0.402037 0.0094957 0
1231184 638185 m2 0.0285857 0.0235815 0.466432 0.00556281 0
1231184 739559 m2 0.0136952 0.175942 0.236237 0.0574111 0
1231184 598864 m2 0.0218127 0.150506 0.534174 -0.0470044 0
1231184 286187 m2 0.040488 0.0131672 0.60886 0 0.00397755
1231184 331055 m2 0.111604 0.281474 0.77099 0.0671245 0
1231184 307541 m2 0.217131 0.0300233 0.624812 0 0.040929
1231184 423109 m2 0.0288845 -0.216764 0.518085 -0.133156 0
1231184 350221 m2 0.0455179 -0.131851 0.234126 -0.0748197 0
1231184 651840 m2 0.0228088 0.0715566 0.351113 0.0675709 0
1231184 540049 m2 0.115538 -0.00892267 0.570697 0.0411005 0
1231184 321318 m2 0.0438745 0.134734 0.231091 0.00105893 0
1231184 548628 m2 0.0646912 0.0263017 0.522921 -0.0435737 0
1231184 689991 m2 0.0207669 0.0494193 0.385897 -0.037422 0
1231184 243394 m2 0.0278386 -0.0150271 0.605213 0.00585572 0
1231184 624736 m2 0.0180279 -0.185956 0.228273 -0.0473827 0
1231184 377150 m2 0.0644422 -0.102544 0.278192 -0.109498 0
1231184 704900 m2 0.0344622 0.121688 0.320482 0.00787164 0
1231184 410529 m2 0.0263944 0.0981404 0.478914 0.0696969 0
1231184 510677 m2 0.0122012 0.103242 0.40222 -0.0655311 0
1231184 626246 m2 0.0138446 0.0508793 0.468039 0.0508943 0
1231184 226920 m2 0.117082 -0.0392153 0.359787 0.0292397 0
1231184 648533 m2 0.0193227 -0.186631 0.291917 0 -0.0254054
1231184 541849 m2 0.0460159 -0.0679178 0.339963 0 0.0158775
1231184 662594 m2 0.0489542 0.0164021 0.352835 -0.0275236 0
1231184 675892 m2 0.0104084 0.126547 0.297231 0 0.0319449
1231184 698772 m2 0.0149402 0.287626 0.184489 0.0737642 0
1231184 705910 m2 0.0140936 0.0587034 0.441587 0.0427957 0
1231184 225664 m2 0.152888 -0.0669969 0.36892 0 0.0219976
1231184 723421 m2 0.0275896 -0.00257099 0.29706 0 -0.0384856
1231184 412604 m2 0.0132968 0.0849919 0.179351 0.0376997 0
1231184 342896 m2 0.0185757 -0.0267648 0.56427 -0.0123136 0
1231184 732288 m2 0.01001 -0.0346723 0.28711 0.0718272 0
1231184 412850 m2 0.0786853 0.113214 -0.0502997 0 -0.00723561
1231184 607949 m2 0.0497012 -0.0777092 0.286737 0 0.0544242
1231184 671386 m2 0.049004 0.0454622 0.461307 0.0577156 0
1231184 708343 m2 0.0118028 0.153995 0.303112 0.00779506 0
1231184 193575 m2 0.0780876 0.0370892 -0.0940516 0 -0.011055
1231184 278027 m2 0.0820717 -0.0390794 0.752594 0 0.0428152
1231184 312799 m2 0.0171315 0.215948 0.172487 0.0957801 0
1231184 554463 m2 0.0277888 -0.201413 0.549681 0 0.0390926
1231184 652531 m2 0.0859064 0.388254 0.418789 0.0720079 0
1231184 235638 m2 0.133914 0.232062 0.143789 0 0.0130345
1231184 557030 m2 0.0319223 -0.10141 0.269281 0.0241037 0
1231184 165957 m2 0.269821 0.0145016 0.39527 0.015857 0
1231184 384921 m2 0.010259 -0.176136 -0.107193 0.00891493 0
1231184 424612 m2 0.0296813 0.120089 0.329774 -0.0133196 0
1231184 572437 m2 0.0330677 -0.230669 0.20438 -0.0166573 0
1231184 267356 m2 0.0924303 0.0441438 0.743099 0 0.0507001
1231184 517687 m2 0.0673805 0.226484 -0.286391 0.0226953 0
1231184 577895 m2 0.027241 0.0734485 0.479473 0.00967669 0
1231184 653855 m2 0.023506 0.215404 0.174955 0.0507369 0
1231184 656876 m2 0.0407869 0.339612 0.474218 -0.00852767 0
1231184 468374 m2 0.012002 0.109703 0.177883 0.0321444 0
1231184 278023 m2 0.108416 -0.102266 0.260907 -0.0854402 0
1231184 634025 m2 0.0252988 0.0641408 0.360773 0 -0.00449459
1231184 278304 m2 0.111255 -0.127183 0.315398 0 0.0626126
1231184 477329 m2 0.0165339 0.0932463 -0.129565 0.0602212 0
1231184 428818 m2 0.0332669 -0.147688 0.28011 0 0.0180889
1231184 655864 m2 0.013496 -0.233349 0.00457354 0 -0.00276271
1231184 594280 m2 0.0154382 -0.123646 0.136293 -0.0173866 0
1231184 478556 m2 0.0263446 0.206076 0.123943 0.0347129 0
1231184 444685 m2 0.104084 0.311046 0.241691 0.0618134 0
1231184 454387 m2 0.161006 -0.149837 0.5563 -0.0470966 0
1231184 639901 m2 0.0124004 0.0343061 0.259145 -0.0538969 0
1231184 442855 m2 0.0913347 0.0673158 0.00371504 0.0118037 0
1231184 512444 m2 0.0524402 0.176364 0.42933 -0.00162658 0
1231184 589237 m2 0.0208665 -0.0275544 0.278805 0 0.0497644
1231184 217882 m2 0.0849602 -0.0213074 0.318859 -0.0323513 0
1231184 135868 m2 0.130528 -0.00188711 0.539877 0 -0.0068048
1231184 140353 m2 0.0769422 -0.192684 0.0759377 -0.0260259 0
1231184 480028 m2 0.0816235 -0.0972192 0.214482 -0.0906352 0
1231184 702997 m2 0.0312749 0.0961875 0.18227 0 0.0026984
1231184 632017 m2 0.0211653 0.0208009 0.314308 0 -0.00488519
1231184 676133 m2 0.0164841 -0.0129433 0.166655 -0.0265081 0
1231184 568864 m2 0.0162351 0.194808 0.272859 0 0.0127801
1231184 229807 m2 0.200149 0.397328 0.387642 0.103643 0
1231184 388231 m2 0.0286355 0.0451355 0.0709104 0 0.0391604
1231184 661826 m2 0.0746514 0.308581 0.437309 0 -0.0507653
1231184 397333 m2 0.011006 0.132349 0.25428 0 0.0603099
1231184 660541 m2 0.0457171 -0.0116934 0.181796 0.00295223 0
1231184 527189 m2 0.0239542 -0.0865268 0.287563 0 -0.0122526
1231184 688905 m2 0.0136454 -0.0114072 0.0702878 -0.0401553 0
1231184 560581 m2 0.0190737 -0.0687462 0.218207 -0.0542948 0
1231184 297284 m2 0.0698207 0.0322375 0.276809 -0.00768184 0
1231184 685412 m2 0.0116534 0.188002 0.0774386 0.0521257 0
1231184 574738 m2 0.0539841 -0.0904742 -0.159204 -0.0538581 0
1231184 27794 m2 0.158914 -0.0256854 -0.835327 0 -0.0145395
1231184 679386 m2 0.0339641 0.299139 0.245009 0.102069 0
1231184 609705 m2 0.0388944 0.0673677 0.251349 0.0107043 0
1231184 498673 m2 0.0964143 0.00885525 0.245986 -0.00798971 0
1231184 699505 m2 0.0135458 -0.0194767 0.462409 -0.0212421 0
1231184 587635 m2 0.0121016 -0.131664 0.143298 -0.0354906 0
1231184 225895 m2 0.158217 -0.0121 0.848091 -0.0135088 0
1231184 708319 m2 0.0124004 0.180354 0.165978 0 0.0510568
1231184 500643 m2 0.0771414 0.205882 0.626564 0 -0.0150429
1231184 493333 m2 0.0731076 0.0502988 0.206623 0 0.00360125
1231184 550676 m2 0.0186255 0.235091 0.617276 0.0347933 0
1231184 8211 m2 0.172062 -0.0757336 0.139156 -0.0310653 0
1231184 642143 m2 0.0286853 0.0399139 0.081749 -0.0546251 0
1231184 133035 m2 0.10752 -0.0346907 0.0396277 -0.0728886 0
1231184 680390 m2 0.0218127 -0.0829759 0.16283 0 0.043715
1231184 610463 m2 0.0423307 -0.0331573 0.222418 0.0300652 0
1231184 421519 m2 0.0312749 -0.109041 0.17007 0 -0.016112
1231184 717781 m2 0.0105578 0.0612571 0.3626 0 0.015934
1231184 359670 m2 0.0124502 -0.125172 0.145944 -0.0015045 0
1231184 151107 m2 0.238944 0.0489045 0.446113 0 0.0346669
1231184 615919 m2 0.0677789 -0.0457255 0.183167 0 0.0500965
1231184 649235 m2 0.0211155 -0.047038 0.194433 0 -0.0515856
1231184 83667 m2 0.260359 -0.0503738 0.417789 0 0.000580141
1231184 637397 m2 0.0317729 -0.0493804 0.370764 -0.0143739 0
1231184 459623 m2 0.0175797 0.231937 0.571031 0.0287241 0
1231184 98118 m2 0.0251494 0.0698292 0.172464 0 0.0261849
1231184 673609 m2 0.0325199 0.0383712 0.188889 0 0.0233883
1231184 229316 m2 0.0909861 0.0893459 -0.466612 0.044375 0
1231184 665571 m2 0.0329681 -0.0983495 0.168803 -0.0309205 0
1231184 658608 m2 0.0281375 0.0444397 -0.16019 0 -0.0020906
1231184 109012 m2 0.173257 -0.119155 0.0773984 -0.0318107 0
1231184 318015 m2 0.0954183 0.000473639 -0.170149 -0.0532653 0
1231184 585898 m2 0.0483068 0.120699 0.155501 0.0420825 0
1231184 474754 m2 0.023755 0.00219727 0.205248 0 0.0531478
1231184 615374 m2 0.0154382 0.077643 0.174695 -0.000182404 0
1231184 284596 m2 0.0369024 0.152743 -0.0390962 0.0673445 0
1231184 473834 m2 0.0312749 0.0918055 0.0226882 0 0.00748981
1231184 543029 m2 0.0523406 -0.216374 0.162087 -8.35092e-05 0
1231184 669359 m2 0.0396912 -0.0307148 0.215785 0.0220398 0
1231184 737320 m2 0.013496 -0.195055 0.134195 0 -0.0187915
1231184 732512 m2 0.0101594 -0.182942 0.139428 -0.0125453 0
1231184 565575 m2 0.0255976 0.0619623 0.211455 -0.00697733 0
1231184 663032 m2 0.0475598 -0.107974 0.0484872 0 0.0469622
1231184 8178 m2 0.102988 0.0122997 -0.461646 0.00653938 0
1231184 731688 m2 0.0102092 0.084079 0.0632109 0 0.00816727
1231184 606581 m2 0.0571215 0.3078 0.0141601 0 -0.0327219
1231184 734051 m2 0.0136454 -0.13073 0.034713 -0.0184804 0
1231184 601061 m2 0.0153884 -0.115619 0.153783 -0.0409846 0
1231184 419780 m2 0.128386 -0.08063 0.363168 -0.0257032 0
1231184 429538 m2 0.0412849 -0.18942 0.139939 -0.0616692 0
1231184 713497 m2 0.025747 -0.0630353 0.0497351 -0.021067 0
1231184 639865 m2 0.0160857 -0.251378 0.302257 -0.0543419 0
1231184 243087 m2 0.013496 0.0819437 0.192076 -0.00937524 0
1231184 589927 m2 0.0427291 -0.120903 0.0536543 -0.0921206 0
1231184 596618 m2 0.0359064 0.096832 0.175974 0 -0.0223972
1231184 420200 m2 0.076992 -0.0684238 -0.236674 0 -0.0172337
1231184 638625 m2 0.0113546 0.125076 0.206608 0.0118755 0
1231184 648734 m2 0.0178287 -0.113275 0.05593 0 0.0276433
1231184 133507 m2 0.0233566 0.01754 -0.248436 0.0133949 0
1231184 638377 m2 0.0526892 0.304708 -0.252571 0.105184 0
1231184 361694 m2 0.251295 -0.0812679 0.307447 -0.0450181 0
1231184 608160 m2 0.0282869 0.168268 -0.101067 0.0711615 0
1231184 699929 m2 0.0210159 0.198268 0.0284584 0 0.0475214
1231184 209000 m2 0.11494 0.113093 0.796225 0.0745286 0
1231184 735788 m2 0.011504 -0.169367 0.141745 0 -0.051128
1231184 639139 m2 0.0235558 -0.0832244 0.157589 -0.015311 0
1231184 659070 m2 0.0135458 0.235369 0.157254 0.0581633 0
1231184 680871 m2 0.026245 0.276115 0.00081969 0.0794673 0
1231184 616860 m2 0.0311255 0.0764991 0.199776 0 0.0114992
1231184 294067 m2 0.0798805 -0.154982 0.115884 -0.0363952 0
1231184 439167 m2 0.052739 0.0894763 0.145103 0.0475252 0
1231184 27021 m2 0.0646414 0.152285 -0.632082 0 0.017545
1231184 599571 m2 0.0428785 0.000798884 0.208592 0 0.0407864
1231184 500118 m2 0.0188745 0.133635 0.318722 0.0727859 0
1231184 610438 m2 0.0292331 0.128268 0.0733214 -0.00232051 0
1231184 486409 m2 0.03501 0.135081 0.310471 0.104764 0
1231184 633194 m2 0.0434263 0.175229 0.075436 -0.00558416 0
1231184 698935 m2 0.0294323 -0.0585393 -0.082735 0 0.00795535
1231184 619876 m2 0.049751 -0.0651023 0.0548042 0 0.0266099
1231184 451509 m2 0.0270916 0.129488 -0.160819 -0.0249659 0
1231184 558983 m2 0.0154382 0.0251627 0.161837 0.00405632 0
1231184 688102 m2 0.0259462 0.119509 0.0847531 -0.0212082 0
1231184 491504 m2 0.0131972 -0.135272 0.0511065 -0.105169 0
1231184 341615 m2 0.0821713 -0.107203 0.249333 0 -0.00856191
1231184 500343 m2 0.0146414 0.102196 0.225896 0 -0.0408126
1231184 146838 m2 0.0128984 0.0639736 0.194919 0 0.00972763
1231184 433017 m2 0.0471614 -0.011652 -0.290974 -0.0201964 0
1231184 632695 m2 0.0427291 -0.174968 0.132457 0 -0.0225997
1231184 653253 m2 0.0207171 -0.145875 0.0497643 0 0.0543045
1231184 421201 m2 0.112699 0.280172 0.109154 0.0632075 0
1231184 525068 m2 0.0143924 -0.155556 0.0497151 -0.015692 0
1231184 506337 m2 0.0306275 -0.0287454 0.0618336 -0.0305364 0
1231184 244860 m2 0.0320219 -0.13117 -0.12379 -0.0023625 0
1231184 606297 m2 0.0169323 -0.0852084 0.0633117 0.004895 0
1231184 610894 m2 0.0499502 -0.174602 -0.229676 -0.0568829 0
1231184 599556 m2 0.0744522 0.133491 0.217781 0 -0.0131113
1231184 715215 m2 0.0141932 0.0103581 0.0548167 0.016181 0
1231184 691418 m2 0.0338645 0.191511 0.0880088 0 0.018494
1231184 480729 m2 0.0294821 0.0043374 0.0486371 -0.0471967 0
1231184 684072 m2 0.0334163 -0.125708 -0.0704228 0 0.0101456
1231184 534155 m2 0.0158367 -0.0400742 -0.00430305 -0.00966975 0
1231184 332933 m2 0.0500498 0.0609227 0.00941463 0 0.00615937
1231184 7374 m2 0.348855 0.242658 -0.444024 0.0349227 0
1231184 726646 m2 0.0137948 0.133773 0.0510805 0 0.0161428
1231184 367437 m2 0.0131474 0.212227 -0.218646 -0.0047704 0
1231184 276692 m2 0.050249 -0.0808993 -0.105604 -0.0706875 0
1231184 696916 m2 0.0221116 -0.145715 0.0506796 -0.0459431 0
1231184 504382 m2 0.0722112 -0.114021 -0.104356 0 0.00670603
1231184 511816 m2 0.0830677 0.0518821 -0.180359 0.0608796 0
1231184 648429 m2 0.0224602 0.0402312 -0.115627 0 -0.0494122
1231184 440144 m2 0.0231076 -0.0268067 -0.0288641 0.00315502 0
1231184 407065 m2 0.0163347 -0.112221 0.0519819 0.010544 0
1231184 8868 m2 0.212351 0.0669884 -0.7445 0 -0.00447508
1231184 703204 m2 0.0179781 -0.0984356 0.052897 -0.0510142 0
1231184 688837 m2 0.0139442 0.0790487 -0.110915 0 -0.0230044
1231184 324194 m2 0.0162351 -0.0371411 0.167245 0 0.052784
1231184 254208 m2 0.111454 0.0087715 -0.0842981 0.0180558 0
1231184 349395 m2 0.0676295 -0.135981 0.0421351 -0.0168363 0
1231184 648182 m2 0.0271414 0.238394 -0.12511 0 0.052894
1231184 384372 m2 0.0182769 -0.115396 0.0687384 -0.0344739 0
1231184 120609 m2 0.0619522 0.250916 -0.208274 0.0674241 0
1231184 51966 m2 0.162799 0.0486059 -0.122444 0 0.0164838
1231184 106718 m2 0.16494 0.0120766 -0.376817 0 -0.000259249
1231184 434235 m2 0.0271414 0.247659 -0.442899 0.0544875 0
1231184 132736 m2 0.0380478 0.0318814 -0.399254 -0.0343152 0
1231184 220051 m2 0.22007 -0.0730204 -0.74147 0 -0.0317502
1231184 590900 m2 0.0103586 0.137252 0.141559 -0.032955 0
1231184 659022 m2 0.0147908 0.0116172 -0.0274062 -0.00835729 0
1231184 514363 m2 0.0548307 -0.119978 -0.0524484 0.0191592 0
1231184 651497 m2 0.0114044 -0.0951068 0.171147 0.0276498 0
1231184 602526 m2 0.0561753 0.181267 -0.212008 0.0642352 0
1231184 694143 m2 0.0593625 -0.0318415 0.0913236 0.00352267 0
1231184 668774 m2 0.0153884 -0.0140883 0.0575702 0 0.0120486
1231184 715684 m2 0.0145916 -0.147414 -0.0432081 0 -0.0502242
1231184 77256 m2 0.0946713 0.0216501 0.222482 0 -0.0204721
1231184 387625 m2 0.0348108 0.191007 -0.0318509 0 -0.00481552
1231184 357318 m2 0.0162849 -0.063302 0.0888081 -0.00504953 0
1231184 422475 m2 0.0958167 0.0279041 0.150802 0 0.00262861
1231184 410177 m2 0.106922 0.250877 0.282903 0.0681558 0
1231184 410915 m2 0.120468 -0.0510766 -0.0734348 -0.0376482 0
1231184 660941 m2 0.0611056 -0.180223 -0.161567 0 0.00163019
1231184 710761 m2 0.0436255 0.0994753 0.00447914 0 -0.0127895
1231184 265712 m2 0.0237052 0.0661611 0.0544387 0.0115156 0
1231184 587852 m2 0.010757 -0.102891 0.111158 -0.0751224 0
1231184 395992 m2 0.106972 -0.100491 -0.0253311 0 -0.00843115
1231184 427715 m2 0.110807 -0.179658 -0.177462 -0.0785887 0
1231184 271120 m2 0.0654382 -0.0309174 0.00426577 0 -0.0241316
1231184 418234 m2 0.0975598 0.300357 -0.749526 0.0941878 0
1231184 509061 m2 0.0437251 -0.102354 -0.123202 -0.0104155 0
1231184 680309 m2 0.0679283 0.174631 -0.248876 0.0486123 0
1231184 104399 m2 0.174751 -0.107049 -0.0874871 -0.0854551 0
1231184 686286 m2 0.0115538 -0.0548248 -0.391439 -0.0588406 0
1231184 588115 m2 0.0250996 0.212446 0.219633 0 0.0343841
1231184 461290 m2 0.1876 -0.00521323 0.145098 0.0324302 0
1231184 675539 m2 0.0109064 -0.0512055 0.117705 -0.0475214 0
1231184 714723 m2 0.0271414 -0.0492616 -0.00955629 -0.0382522 0
1231184 351075 m2 0.18745 -0.0996361 -0.04452 0 -0.0165953
1231184 188648 m2 0.245667 -0.0807139 -0.0345277 -0.0380139 0
1231184 598475 m2 0.0518924 -0.0973503 -0.252329 0 0.00441069
1231184 710997 m2 0.0216633 0.241276 0.0503657 0.00887672 0
1231184 559439 m2 0.0211155 0.0773183 -0.0976341 0.0131543 0
1231184 578278 m2 0.0204681 0.174604 0.0143734 0 0.0158393
1231184 675254 m2 0.0181275 0.196622 -0.0209465 -0.0325729 0
1231184 735455 m2 0.0152888 0.0284067 -0.0512436 -0.0557973 0
1231184 94827 m2 0.412998 0.0825094 0.761118 0 0.0245608
1231184 613551 m2 0.0468625 -0.104167 0.0202548 -0.036594 0
1231184 700404 m2 0.0278884 -0.119081 0.0534309 0 0.00548374
1231184 533112 m2 0.0184263 0.102738 0.0569042 0.0170785 0
1231184 346059 m2 0.0565737 0.201241 -0.378391 0 -0.00860077
1231184 690634 m2 0.0195219 0.0638567 0.0467789 0 -0.00815808
1231184 316918 m2 0.131823 0.202583 -0.737316 0.0602647 0
1231184 640283 m2 0.0255478 -0.100848 -0.0532214 0.00727726 0
1231184 681767 m2 0.0241036 0.0446413 -0.0585683 0 -0.0288673
1231184 236034 m2 0.011504 0.181648 -0.0872316 0 -0.00477117
1231184 718710 m2 0.0104582 -0.136446 0.0487249 0 0.0147947
1231184 655509 m2 0.0159363 -0.0188639 -0.0550274 -0.0578262 0
1231184 728363 m2 0.025249 0.0275579 -0.0458027 0.00767615 0
1231184 667720 m2 0.0305279 -0.0856718 0.0787536 0.0221958 0
1231184 622850 m2 0.0166833 -0.0987602 -0.16271 0.0116387 0
1231184 188156 m2 0.0641434 0.100221 -0.133634 0 -0.0151554
1231184 468011 m2 0.086753 -0.0425916 0.247729 0 0.0210696
1231184 579317 m2 0.0214641 -0.100464 0.0539632 0.017887 0
1231184 148524 m2 0.0533865 0.0914169 -0.677281 0 -0.0293863
1231184 383362 m2 0.0116036 0.227305 -0.227107 0 0.048103
1231184 229212 m2 0.0436255 -0.143871 -0.521934 -0.0146391 0
1231184 590102 m2 0.0292331 -0.00147792 -0.503447 0 0.0326637
1231184 728358 m2 0.0201195 0.235329 0.0553557 0.0391369 0
1231184 296452 m2 0.153735 0.141695 -0.238362 0 -0.026379
1231184 447379 m2 0.034761 -0.133035 0.423996 0.00486039 0
1231184 646942 m2 0.0421813 0.227123 0.0242529 0.0636934 0
1231184 266458 m2 0.213546 -0.102843 -0.159635 -0.0273581 0
1231184 621359 m2 0.0528884 0.0368849 -0.052723 0 0.0173859
1231184 173142 m2 0.130627 -0.0897213 0.225671 -0.0607248 0
1231184 141749 m2 0.147859 -0.122185 -0.168016 -0.0636064 0
1231184 609078 m2 0.0649402 -0.0677267 -0.175238 -0.0402087 0
1231184 316148 m2 0.0427291 -0.0359634 -0.127589 -0.0721639 0
1231184 403987 m2 0.0108068 0.15918 0.134069 0 0.0627427
1231184 595325 m2 0.0531375 -0.110359 -0.315031 0 -0.0275534
1231184 685572 m2 0.0298307 0.0136141 -0.029736 0 0.0294251
1231184 664215 m2 0.0111056 -0.211706 -0.13823 0 -0.0139902
1231184 725867 m2 0.0169821 0.372519 0.321078 0.0221479 0
1231184 381578 m2 0.155279 -0.134852 -0.477076 -0.0749044 0
1231184 568754 m2 0.0867032 0.165186 -0.419167 0 -0.0119709
1231184 294955 m2 0.0322709 0.186754 -0.393365 0 -0.0155524
1231184 670781 m2 0.013496 0.157059 -0.0781806 0 0.0185776
1231184 631909 m2 0.0192231 -0.00506912 0.0568553 0.0226241 0
1231184 462587 m2 0.0601594 0.0587825 -0.340009 0 0.00110664
1231184 617033 m2 0.0235558 0.0780087 -0.0451095 0.0328506 0
1231184 359817 m2 0.11997 0.140183 -0.0304105 0.0357125 0
1231184 254163 m2 0.0872012 0.181576 0.441152 0.0550537 0
1231184 263147 m2 0.301195 0.467842 0.325722 0.10657 0
1231184 613772 m2 0.0151892 0.200952 -0.266788 0.0517027 0
1231184 622605 m2 0.0455179 0.12816 -0.0586627 0.037289 0
1231184 122854 m2 0.0366534 0.0580372 -0.396373 0.0394741 0
1231184 290733 m2 0.0248008 -0.0802796 -0.164769 -0.0600812 0
1231184 371160 m2 0.193875 0.263331 -0.408053 0 -0.0128968
1231184 490682 m2 0.147012 0.0986661 -0.372585 0 -0.0561508
1231184 118070 m2 0.0491036 0.017776 0.00619683 0.0582925 0
1231184 475453 m2 0.118078 -0.0730903 -0.209439 0 0.0407999
1231184 158978 m2 0.0174303 -0.121473 -0.0792336 0 -0.0096919
1231184 132445 m2 0.149701 -0.191775 0.0153891 -0.117065 0
1231184 707451 m2 0.0209661 0.253604 -0.0796586 0 -0.029974
1231184 523034 m2 0.0524402 0.273566 -0.459976 0.0200278 0
1231184 376777 m2 0.0747012 -0.0984954 -0.0547594 -0.076138 0
1231184 234278 m2 0.0100598 -0.0444348 -0.301733 0 -0.061882
1231184 204954 m2 0.105727 0.336924 -0.644245 0.0570167 0
1231184 732670 m2 0.0154382 0.23855 -0.0335166 0.0561973 0
1231184 398972 m2 0.0157869 -0.0973603 -0.0523303 0 0.0393183
1231184 716649 m2 0.022759 0.0780842 -0.0549726 0.0321902 0
1231184 547478 m2 0.0218127 0.104702 -0.10675 0 -0.02088
1231184 249003 m2 0.310857 -0.0150025 -0.371001 0 -0.0365013
1231184 437837 m2 0.0550797 -0.0241841 -0.345516 0 -0.0279149
1231184 673259 m2 0.0205179 0.151157 -0.164418 0 0.0144356
1231184 120047 m2 0.116335 0.040978 -0.522684 -0.0403827 0
1231184 617023 m2 0.014492 -0.155944 -0.128383 0.000439585 0
1231184 633099 m2 0.0231574 -0.11086 -0.289215 0 -0.0555006
1231184 130635 m2 0.0546813 0.114038 0.0749168 0.0693301 0
1231184 673758 m2 0.0404382 0.0375394 -0.0328439 0 0.0249971
1231184 635713 m2 0.0150398 0.184085 -0.290761 0.0431912 0
1231184 652684 m2 0.0254482 0.165598 0.216573 0.0950373 0
1231184 633095 m2 0.023257 -0.0137173 -0.308904 0 -0.00191087
1231184 740453 m2 0.0106574 0.11703 -0.0769284 0.0242088 0
1231184 33453 m2 0.143725 0.0319426 -0.8175 0.0636195 0
1231184 517345 m2 0.0135956 -0.151191 -0.0499606 -0.102581 0
1231184 393190 m2 0.0514442 -0.137607 -0.0487261 -0.0479024 0
1231184 121103 m2 0.0159861 -0.129239 0.168835 -0.0639194 0
1231184 60204 m2 0.0927291 -0.0268974 -0.750114 0 -0.0216061
1231184 428944 m2 0.0220618 -0.0915938 -0.253132 0 -0.0501869
1231184 45121 m2 0.136554 0.229259 -0.614457 0.0533204 0
1231184 662174 m2 0.0206175 0.0465514 -0.175298 0 -0.0506524
1231184 418404 m2 0.111504 0.0492788 -0.699135 0 -0.00778246
1231184 385526 m2 0.0209661 -0.0710696 -0.12177 0.00541748 0
1231184 301148 m2 0.0587649 0.127592 0.395664 0.0544403 0
1231184 63856 m2 0.0554781 -0.187236 0.155824 -0.0276397 0
1231184 33924 m2 0.0794323 0.0127074 -0.49293 0.0349028 0
1231184 183866 m2 0.15747 -0.0824022 -0.140897 -0.0412335 0
1231184 558118 m2 0.037251 -0.143021 -0.15416 -0.00676188 0
1231184 701064 m2 0.0111056 0.150596 -0.151707 0.024404 0
1231184 450892 m2 0.0224104 -0.12727 -0.621311 -0.0462951 0
1231184 246268 m2 0.0113048 0.272517 -0.221629 0.00962778 0
1231184 40079 m2 0.111454 -0.0346062 0.0127974 0.0337487 0
1231184 694599 m2 0.0243526 0.145833 -0.241471 -0.0652348 0
1231184 38822 m2 0.037998 -0.0511316 0.000261005 0.0045091 0
1231184 324639 m2 0.216086 -0.0119643 -0.103216 -0.034735 0
1231184 85837 m2 0.0583665 0.00310325 -0.191289 0.0304395 0
1231184 703128 m2 0.0158865 0.165448 -0.162754 0.0657227 0
1231184 337126 m2 0.0679781 0.0332967 -0.287201 0.0553117 0
1231184 540662 m2 0.0890936 -0.0494026 -0.181143 -0.0598675 0
1231184 713134 m2 0.0377988 -0.0209593 -0.156803 0.0353486 0
1231184 539356 m2 0.166235 -0.14969 -0.260355 -0.0352964 0
1231184 537059 m2 0.0706673 -0.103732 -0.621205 -0.011885 0
1231184 613012 m2 0.0267928 0.0507455 -0.200824 0.0320563 0
1231184 206151 m2 0.145916 -0.080005 -0.301008 0 -0.0281984
1231184 590359 m2 0.0177789 0.0533085 0.00598285 0.0417399 0
1231184 606736 m2 0.0428287 -0.186454 -0.147984 -0.0419698 0
1231184 451144 m2 0.0469124 0.0287644 -0.465928 0 0.000521408
1231184 513999 m2 0.0932769 0.185398 -0.533084 0.0737112 0
1231184 652144 m2 0.0223108 -0.146018 -0.158996 0 0.0236174
1231184 383785 m2 0.0983566 -0.119404 -0.551781 0 0.00575314
1231184 557874 m2 0.0109562 0.0198442 -0.159303 0 0.0354201
1231184 281159 m2 0.131524 0.00247767 -0.80048 0 -0.0491234
1231184 535223 m2 0.0159861 0.0922227 -0.168377 0 0.113897
1231184 535273 m2 0.0291833 -0.192828 -0.136013 -0.0352838 0
1231184 609799 m2 0.0129482 -0.0248215 -0.17621 0 -0.00361536
1231184 634845 m2 0.0534363 -0.206236 -0.282722 -0.0849546 0
1231184 711385 m2 0.01499 0.0518279 -0.529729 0.0754827 0
1231184 444003 m2 0.0720618 0.0134969 -0.325151 0 -0.0315028
1231184 535269 m2 0.0886454 -0.00826138 -0.505201 0.0296267 0
1231184 651699 m2 0.0552291 0.105582 -0.587837 0.000390353 0
1231184 419865 m2 0.0984064 -0.131492 -0.46087 -0.0895485 0
1231184 421319 m2 0.0194721 0.10276 -0.297289 0.0331853 0
1231184 589082 m2 0.0230578 0.0202821 -0.153009 0 -0.0477909
1231184 486015 m2 0.024502 -0.147807 -0.246355 0.00203526 0
1231184 86570 m2 0.0128486 -0.0940981 -0.642271 -0.00597478 0
1231184 469480 m2 0.182719 0.143078 -0.232582 0.0433933 0
1231184 106859 m2 0.0283865 0.0151009 -0.562746 0 -0.0223265
1231184 449074 m2 0.0926793 -0.0418134 -0.167203 -0.0129193 0
1231184 92030 m2 0.0443227 0.159181 -0.106049 0.0178033 0
1231184 420587 m2 0.014741 0.136078 -0.207813 0.0311006 0
1231184 71762 m2 0.104631 -0.0641631 -0.473754 -0.0108801 0
1231184 205901 m2 0.0558267 -0.239128 -0.325871 -0.0160018 0
1231184 659906 m2 0.0500498 0.0713184 -0.467172 -0.0383872 0
1231184 734865 m2 0.0150896 -0.112589 -0.259822 0 -0.0458734
1231184 95202 m2 0.198207 0.0305571 -0.866025 0 -0.054965
1231184 706456 m2 0.0234562 -0.111551 -0.053387 -0.0980162 0
1231184 578522 m2 0.0448705 -0.122145 -0.172707 -0.0692885 0
1231184 89107 m2 0.0482072 -0.177374 -0.47359 -0.0317236 0
1231184 601718 m2 0.0485558 -0.185946 -0.204078 -0.0776929 0
1231184 690041 m2 0.0116036 -0.116887 -0.25801 0 0.0464843
1231184 274252 m2 0.0226096 -0.0214562 -0.512875 0 -0.0332603
1231184 510487 m2 0.0718625 0.0104718 -0.327188 -0.00598024 0
1231184 185098 m2 0.0712649 -0.00250845 -0.0241626 0 -0.00444913
1231184 519415 m2 0.059512 -0.0686995 -0.666104 -0.0288728 0
1231184 592603 m2 0.0207669 0.148224 -0.286971 0 0.0178769
1231184 673471 m2 0.0135956 0.18548 -0.0468498 0 0.0139666
1231184 127662 m2 0.18755 0.0378701 -0.878717 -0.0546174 0
1231184 437049 m2 0.0517928 -0.0732335 -0.418972 -0.0688045 0
1231184 694301 m2 0.0455179 -0.0257522 -0.305884 0.0621787 0
1231184 708627 m2 0.0151892 -0.0935847 -0.473332 0 0.0113664
1231184 89393 m2 0.216783 -0.0821716 -0.829131 -0.0157554 0
1231184 722455 m2 0.0125996 -0.0965761 -0.185581 -0.0040558 0
1231184 559883 m2 0.0896912 0.0651235 -0.704825 -0.0365535 0
1231184 167616 m2 0.0562251 0.0196368 -0.497022 0 0.00212641
1231184 390068 m2 0.0368526 -0.0755238 -0.631574 0 -0.0535031
1231184 519976 m2 0.0243028 -0.0690154 -0.391855 -0.0477059 0
1231184 110882 m2 0.265837 0.0768016 -0.898756 0.0459522 0
1231184 537041 m2 0.0961653 0.0106153 -0.796823 0.0162245 0
1231184 703341 m2 0.0134462 0.084181 -0.539887 0 -0.0154237
1231184 695556 m2 0.0315737 -0.079945 -0.277777 0 0.034166
1231184 226009 m2 0.0151394 -0.0974036 -0.169299 0.0162933 0
1231184 327127 m2 0.114143 -0.0854225 -0.423853 0 -0.0170798
1231184 534025 m2 0.0508964 -0.0512943 -0.350121 0 -0.0169152
1231184 344232 m2 0.137849 -0.235373 -0.330961 -0.118416 0
1231184 550999 m2 0.0148406 0.0185948 -0.358827 0.0918156 0
1231184 630359 m2 0.0133466 -0.151017 -0.267981 0 -0.014857
1231184 360042 m2 0.0576693 0.0896979 -0.141762 0 -0.0177726
1231184 258683 m2 0.115886 -0.305143 -0.233833 -0.123898 0
1231184 544463 m2 0.015488 0.0215074 -0.183913 0.0338512 0
1231184 650390 m2 0.0162351 -0.0228274 -0.295453 0 0.0662161
1231184 666909 m2 0.0907869 0.134532 -0.26628 0.0713373 0
1231184 419629 m2 0.0118028 -0.123296 -0.578148 0 -0.0198372
1231184 650630 m2 0.049751 -0.116258 -0.4428 -0.0184471 0
1231184 713671 m2 0.0131474 -0.140781 -0.046153 0 -0.0521358
1231184 364826 m2 0.0683765 -0.0202104 -0.201583 0.0183004 0
1231184 458688 m2 0.241384 -0.0553058 -0.827595 0 -0.0206588
1231184 297119 m2 0.0173805 0.0496062 -0.32404 -0.0204828 0
1231184 679175 m2 0.0478586 0.148827 -0.667576 0 -0.00434526
1231184 302070 m2 0.052739 0.0934575 -0.714927 0 0.00215511
1231184 476649 m2 0.0578187 -0.256311 -0.650793 -0.0967233 0
1231184 688210 m2 0.0179781 -0.173617 -0.434668 -0.025718 0
1231184 472442 m2 0.0753486 0.189858 -0.334901 0.119541 0
1231184 590287 m2 0.0385956 -0.176125 -0.27698 -0.0873353 0
1231184 287417 m2 0.0226594 0.0507138 -0.378009 -0.0541499 0
1231184 556313 m2 0.0445717 -0.202687 -0.69047 -0.092464 0
1231184 208870 m2 0.108118 0.133572 -0.322848 0.0346079 0
1231184 200809 m2 0.130378 0.146818 -0.704339 0.0580341 0
1231184 483643 m2 0.0412849 0.193115 -0.149894 0.0333487 0
1231184 669193 m2 0.0275896 0.0769093 -0.446852 0 -0.0237359
1231184 657953 m2 0.0462649 -0.183646 -0.146693 0 -0.0546925
1231184 628036 m2 0.0105578 -0.126575 -0.480233 0 -0.0292922
1231184 486254 m2 0.0181275 0.0733218 -0.322972 0.0606683 0
1231184 267423 m2 0.121414 -0.0528155 -0.681977 0 0.00211332
1231184 570662 m2 0.0613048 -0.0153004 -0.318998 0 -0.0287585
1231184 545919 m2 0.0434761 0.0441916 -0.638849 0 -0.0348352
1231184 187857 m2 0.426046 -0.034764 -0.861644 0 -0.0170725
1231184 671696 m2 0.0395916 0.175905 -0.651806 0.00681607 0
1231184 460980 m2 0.0503486 0.000642222 -0.319908 0 -0.0202233
1231184 467915 m2 0.010757 -0.143068 -0.48035 0 -0.0149219
1231184 624528 m2 0.0335159 -0.182256 -0.408737 -0.162241 0
1231184 222201 m2 0.025 -0.217066 -0.285759 -0.00629118 0
1231184 362786 m2 0.0205179 -0.0468832 -0.529352 -0.0339293 0
1231184 631571 m2 0.0561753 -0.00060495 -0.524782 0 -0.00128226
1231184 393114 m2 0.0217131 0.0055289 -0.534637 0 -0.114855
1231184 582702 m2 0.131624 0.0686376 -0.825221 -0.0101358 0
1231184 525493 m2 0.0214143 0.00686227 -0.513748 0.0641379 0
1231184 303559 m2 0.180827 0.0122711 -0.755701 0 -0.0558023
1231184 531458 m2 0.0103586 -0.00967359 -0.363521 -0.00856067 0
1231184 518913 m2 0.0523904 0.142296 -0.700959 0 -0.055868
1231184 580513 m2 0.0157371 0.160464 -0.577726 0.0245558 0
1231184 445998 m2 0.0165339 0.0176866 -0.437167 0.0788117 0
1231184 384003 m2 0.0125498 0.0209645 -0.303061 0.0125406 0
1231184 553325 m2 0.0236056 -0.000791588 -0.505533 0 0.00213415
1231184 613693 m2 0.0205179 0.0893768 -0.644416 0.0534318 0
1231184 360492 m2 0.0607072 0.0776592 -0.651058 0 0.000812486
1231184 341222 m2 0.027241 0.030439 -0.488898 0.0251289 0
1231184 493669 m2 0.012998 0.0518454 -0.521324 -0.0894559 0
1231184 454436 m2 0.108815 -0.0419613 -0.559683 0.0239392 0
1231184 387278 m2 0.0150896 0.0318666 -0.283352 -0.0665237 0
1231184 364272 m2 0.0145418 0.0296939 -0.407078 0 -0.0594875
1231184 525490 m2 0.0125996 -0.137282 -0.144797 -0.030468 0
1231184 284155 m2 0.012002 0.0394712 -0.346116 0.0337142 0
1231184 203326 m2 0.21997 0.123037 -0.539759 0.0364784 0
1231184 626568 m2 0.0302789 0.0512926 -0.501348 0 -0.0310548
1231184 260610 m2 0.194671 0.0497726 -0.76404 0 -0.0166298
1231184 584258 m2 0.0122012 -0.0387889 -0.0555644 0 -0.0293485
1231184 352511 m2 0.0951195 -0.0139045 -0.770233 0 -0.00995488
1231184 385714 m2 0.0312749 0.0662627 -0.380387 0.0646116 0
1231184 433380 m2 0.0166833 0.0111385 -0.185267 -0.0511906 0
1231184 504976 m2 0.0542829 -0.00808004 -0.677949 0 -0.0648492
1231184 503257 m2 0.0216135 -0.0215037 -0.409166 -0.00801651 0
1231184 708888 m2 0.0118028 -0.119015 -0.248022 -0.00843316 0
1231184 525463 m2 0.0398406 0.168684 -0.289399 -0.0105609 0
1231184 470430 m2 0.0625498 0.0416418 -0.735447 0.0444379 0
1231184 695049 m2 0.0245518 0.0326632 -0.410346 0.0270482 0
1231184 664901 m2 0.0198207 0.0771428 -0.290819 -0.00430058 0
1231184 403377 m2 0.0175299 -0.0857644 -0.310879 -0.0210337 0
1231184 461189 m2 0.075498 0.0669192 -0.607844 0 0.00368826
1231184 415085 m2 0.0451693 0.209212 -0.506453 0.0209046 0
1231184 553075 m2 0.0140936 -0.0840285 -0.224588 -0.000228072 0
1231184 327325 m2 0.0815239 -0.00635548 -0.768563 -0.0281108 0
1231184 441247 m2 0.0166833 0.0111385 -0.185267 -0.00328197 0
1231184 699321 m2 0.0141932 0.0417053 -0.454826 0 -0.015986
1231184 299405 m2 0.113048 -0.0171622 -0.782514 0 -0.0401149
1231184 363518 m2 0.161902 -0.139478 -0.849619 0.0155018 0
1231184 567214 m2 0.0816733 0.00366792 -0.752688 0 0.0791311
1231184 680714 m2 0.0177789 -0.0659368 -0.268342 0.0252004 0
1231184 519698 m2 0.0648406 -0.0700084 -0.210916 0 0.0143674
1231184 375686 m2 0.0797809 -0.0216274 -0.779987 -0.0395031 0
1231184 393410 m2 0.0224602 -0.0426387 -0.131447 -0.0339968 0
1231184 500453 m2 0.0294821 -0.141456 -0.64835 0.013962 0
1231184 373904 m2 0.037749 -0.221109 -0.58065 -0.0742955 0
1231184 730286 m2 0.0162351 -0.187236 -0.224177 -0.0107251 0
1231184 341981 m2 0.0203187 0.000416996 -0.513451 0 -0.000557835
1231184 672705 m2 0.0157869 -0.0170302 -0.279884 -0.00539577 0
1231184 628814 m2 0.0319223 -0.133867 -0.62014 -0.029228 0
1231184 657179 m2 0.0225598 -0.132734 -0.15545 -0.0523295 0
