seed mutID muttype p cor_sal cor_temp mutSalEffect mutTempEffect
1231186 445416 m2 0.01175 0.0712359 0.508311 0 0.0410668
1231186 720999 m2 0.01145 0.0667358 0.619593 0.0431781 0
1231186 582904 m2 0.0277 -0.0825055 0.426493 -0.0574686 0
1231186 10602 m2 0.1397 0.0679546 0.797184 0 0.000388578
1231186 482478 m2 0.0891 0.119091 0.671611 0.0421048 0
1231186 333794 m2 0.1523 0.0767322 0.752762 0.0390187 0
1231186 528251 m2 0.0241 0.13739 0.726327 0 0.00946252
1231186 677446 m2 0.01155 0.157061 0.494705 0 0.0948874
1231186 381691 m2 0.02375 0.123937 0.537764 0.0378454 0
1231186 97235 m2 0.0429 0.0318542 0.748 0.0271225 0
1231186 390118 m2 0.02395 0.0205422 0.303153 0 0.036052
1231186 301073 m2 0.0346 -0.122707 0.616957 -0.0711386 0
1231186 283659 m2 0.0124 0.0862827 0.54912 -0.0106057 0
1231186 699264 m2 0.01045 0.0256201 0.608215 0 0.0147278
1231186 85905 m2 0.0881 0.039129 0.692169 0.0294777 0
1231186 393107 m2 0.02735 0.0806563 0.673979 0.0483278 0
1231186 397060 m2 0.0446 0.0874758 0.648196 0.0227751 0
1231186 280306 m2 0.1672 0.0157542 0.706545 0 0.0708324
1231186 645180 m2 0.01925 0.181907 0.487319 -0.0261654 0
1231186 158296 m2 0.01895 0.123453 0.567573 -0.00167971 0
1231186 489479 m2 0.02 -0.077915 0.518266 0.0247052 0
1231186 496036 m2 0.0147 0.218389 0.43546 0 0.0437714
1231186 512057 m2 0.0278 0.271438 0.545291 0.0921353 0
1231186 613893 m2 0.0132 0.12195 0.611421 0 0.0488404
1231186 233705 m2 0.0319 -0.189434 0.679584 -0.0297582 0
1231186 728775 m2 0.0103 -0.0601874 0.521246 0 -0.0103278
1231186 471878 m2 0.1593 -0.0352461 0.745509 0.0215159 0
1231186 630921 m2 0.0196 0.187126 0.488193 0 -0.00492933
1231186 446639 m2 0.03105 -0.119643 0.576539 -0.0743801 0
1231186 329904 m2 0.0683 0.140159 0.658601 0 -0.0149983
1231186 253439 m2 0.0339 -0.0903643 0.658838 0 0.00105591
1231186 46227 m2 0.07565 0.0331276 0.428743 0.00677 0
1231186 399500 m2 0.10045 -0.021195 0.699006 -0.0150633 0
1231186 447425 m2 0.0356 0.0874429 0.653075 0 0.0391877
1231186 635804 m2 0.01035 0.0387019 0.679676 0.0453457 0
1231186 484181 m2 0.03685 0.176364 0.681193 0.103475 0
1231186 677682 m2 0.0117 0.0443225 0.504409 0 -0.00371061
1231186 317885 m2 0.05375 0.045792 0.433686 0.0145436 0
1231186 531484 m2 0.0131 0.084801 0.485227 0.0494357 0
1231186 256391 m2 0.0394 -0.0400899 0.547267 0 0.0301588
1231186 284900 m2 0.07675 -0.0578764 0.679244 -0.0522565 0
1231186 122451 m2 0.08515 -0.00891881 0.588473 0 -0.000275299
1231186 165014 m2 0.04635 -0.0597805 0.547762 -0.0289249 0
1231186 660831 m2 0.0228 -0.050598 0.511463 -0.0598778 0
1231186 471627 m2 0.0516 -0.19759 0.577603 -0.0845227 0
1231186 608410 m2 0.01705 0.0488438 0.50439 0.0653134 0
1231186 242727 m2 0.19905 -0.0354585 0.802608 0 0.0751492
1231186 121744 m2 0.15465 0.0537114 0.787827 0.00934344 0
1231186 359083 m2 0.09735 0.119459 0.747574 0.0284351 0
1231186 200496 m2 0.1119 0.0350984 0.715591 0 0.0164519
1231186 637504 m2 0.02745 0.165983 0.375109 0.104152 0
1231186 214668 m2 0.0148 0.154453 0.564519 0.0436629 0
1231186 466264 m2 0.0385 -0.0205041 0.761806 0 0.0496902
1231186 230148 m2 0.03185 0.0552023 0.68747 -0.00716837 0
1231186 648932 m2 0.01525 -0.11669 0.586588 -0.0227336 0
1231186 358862 m2 0.01775 -0.111293 0.487195 0 0.0690691
1231186 210610 m2 0.0774 0.0507457 0.655873 0 0.0431893
1231186 7303 m2 0.05545 0.0725732 0.486353 0.0400215 0
1231186 669765 m2 0.0286 -0.129616 0.473356 -0.0812625 0
1231186 48981 m2 0.08475 -0.0326282 0.737042 0 -0.00361866
1231186 7827 m2 0.0414 -0.110132 0.501831 -0.0101032 0
1231186 286897 m2 0.13015 -0.133445 0.772459 -0.0851771 0
1231186 221938 m2 0.01075 -0.17418 0.574316 -0.0462594 0
1231186 348123 m2 0.0969 -0.0760689 0.704614 -0.068616 0
1231186 154868 m2 0.03305 0.0328601 0.645767 0 0.0283434
1231186 331664 m2 0.0279 -0.13941 0.660778 0 0.0155458
1231186 611902 m2 0.02245 0.0127672 0.668521 -0.00140629 0
1231186 134838 m2 0.04695 -0.0959727 0.504286 -0.0529764 0
1231186 327648 m2 0.03185 0.0823402 0.655449 0.0313902 0
1231186 211581 m2 0.16815 0.156501 0.721273 0 0.0316093
1231186 181204 m2 0.033 -0.188507 0.420738 0 0.0205567
1231186 520629 m2 0.05515 0.0550853 0.768245 0 -0.0248306
1231186 69893 m2 0.17025 0.152334 0.724235 0.140422 0
1231186 653109 m2 0.0267 -0.0161849 0.51727 -0.00798564 0
1231186 273482 m2 0.07445 -0.0327287 0.72992 0 0.043841
1231186 286402 m2 0.12715 -0.0861417 0.686786 -0.076258 0
1231186 709754 m2 0.012 0.171257 0.464255 -0.0219491 0
1231186 502070 m2 0.0289 0.0759141 0.680295 0 -0.0319855
1231186 510568 m2 0.01095 -0.0621836 0.472389 0 0.00720934
1231186 319649 m2 0.0122 -0.0289201 0.643786 0 0.0484619
1231186 177371 m2 0.01855 -0.120013 0.679026 0 0.0565345
1231186 45954 m2 0.0169 0.0277452 0.518922 0.00324942 0
1231186 337419 m2 0.0662 0.0699406 0.745766 0.0363969 0
1231186 395831 m2 0.0478 -0.11041 0.685825 0 0.014106
1231186 719957 m2 0.0185 0.163984 0.447502 0 0.0556442
1231186 333504 m2 0.0221 0.02938 0.611104 0 0.0510186
1231186 678663 m2 0.0125 -0.183529 0.419654 0 0.0034391
1231186 38081 m2 0.0152 0.24675 0.537661 0.0491446 0
1231186 431460 m2 0.0363 -0.187022 0.466973 -0.12777 0
1231186 229163 m2 0.0256 0.121802 0.498567 0.0308494 0
1231186 634814 m2 0.0265 0.04874 0.379908 0.0108432 0
1231186 678918 m2 0.0147 -0.151546 0.519931 -0.0705953 0
1231186 337174 m2 0.1122 -0.0433568 0.73007 0 0.0277933
1231186 41019 m2 0.08715 -0.130801 0.515669 -0.046109 0
1231186 286664 m2 0.08495 -0.0842285 0.40467 0 0.0251733
1231186 243220 m2 0.09 -0.0740356 0.632251 0 0.0216326
1231186 292171 m2 0.0356 -0.00214614 0.643843 0 0.0704181
1231186 692556 m2 0.0102 0.201278 0.476435 0.0257905 0
1231186 350366 m2 0.03995 0.206478 0.617886 0.0506329 0
1231186 439626 m2 0.02185 0.0852464 0.486823 0.0602277 0
1231186 630640 m2 0.018 -0.0209976 0.46515 0.0282572 0
1231186 239446 m2 0.03485 -0.00372167 0.687068 0 0.0523414
1231186 661046 m2 0.02045 0.0726696 0.547085 0.0410315 0
1231186 707074 m2 0.0101 0.0294421 0.348399 0 -0.0381149
1231186 154059 m2 0.0177 0.134547 0.599346 0 0.00500827
1231186 398013 m2 0.17625 0.154274 0.753223 0.0831789 0
1231186 413675 m2 0.02705 -0.165006 0.593567 -0.0637336 0
1231186 281092 m2 0.07785 0.0494026 0.643213 0 0.0321392
1231186 578800 m2 0.04485 -0.17318 0.637791 -0.0775704 0
1231186 495477 m2 0.05145 0.0786339 0.590848 -0.00279658 0
1231186 698209 m2 0.01375 0.155381 0.402439 0 0.0118628
1231186 586831 m2 0.01075 -0.0860902 0.518153 0 0.0357408
1231186 501561 m2 0.01135 -0.169131 0.55469 0 0.0134753
1231186 164454 m2 0.08545 0.0362669 0.509175 -0.010748 0
1231186 652118 m2 0.01975 -0.0258774 0.643044 -0.042731 0
1231186 637727 m2 0.0124 -0.0190823 0.590935 0 0.0417173
1231186 479134 m2 0.0143 0.0778339 0.423483 -0.00657574 0
1231186 259658 m2 0.28995 0.0136594 0.78764 0 0.0644859
1231186 705377 m2 0.0114 0.236702 0.403179 0.0931748 0
1231186 695722 m2 0.01755 0.00606488 0.628564 0.0218133 0
1231186 418615 m2 0.0219 -0.108658 0.65115 -0.0420459 0
1231186 575277 m2 0.02545 0.0356399 0.551255 0 -0.0122735
1231186 47218 m2 0.0341 0.0598459 0.532405 -0.0340757 0
1231186 425430 m2 0.02 -0.0968138 0.363221 -0.0748615 0
1231186 331640 m2 0.06395 -0.02188 0.639591 0 -0.0192421
1231186 693305 m2 0.01215 -0.138804 0.388132 0 0.051545
1231186 356843 m2 0.05035 -0.147111 0.576746 -0.0948646 0
1231186 289081 m2 0.0144 0.145205 0.480525 0 -0.0113684
1231186 592212 m2 0.01165 -0.0262078 0.445532 -0.0555282 0
1231186 136343 m2 0.01875 -0.138169 0.690844 -0.00910481 0
1231186 211805 m2 0.11425 -0.108267 0.765049 -0.0683677 0
1231186 88630 m2 0.12345 0.184935 0.698873 0.0981815 0
1231186 474441 m2 0.0109 0.043597 0.435356 -0.0351455 0
1231186 784 m2 0.21265 -0.0602852 -0.800769 -0.050437 0
1231186 605442 m2 0.01635 -0.0114255 0.445148 0 -0.0437696
1231186 664121 m2 0.0255 0.109801 0.569934 0.000917288 0
1231186 279202 m2 0.05755 -0.036762 0.684102 0 0.0318979
1231186 542306 m2 0.01155 -0.0209489 0.324841 -0.00764798 0
1231186 54266 m2 0.16725 -0.0555601 0.602854 -0.0580015 0
1231186 454358 m2 0.02535 0.148564 0.481876 0 -0.021306
1231186 538305 m2 0.0262 -0.152122 0.628518 -0.0687815 0
1231186 244438 m2 0.0584 0.161775 0.69728 0.0186676 0
1231186 82848 m2 0.01065 0.0987404 0.567835 0.0352338 0
1231186 109431 m2 0.1508 -0.0302428 0.531291 -0.0116478 0
1231186 694039 m2 0.0197 0.260834 0.532493 0.0879001 0
1231186 206734 m2 0.0612 -0.0496476 0.653799 -0.00349363 0
1231186 186685 m2 0.02805 0.242645 0.627975 0.101771 0
1231186 694267 m2 0.02305 0.104883 0.433526 0.0595795 0
1231186 415579 m2 0.04835 -0.193452 0.386403 -0.110645 0
1231186 603165 m2 0.01705 -0.0973627 0.382233 -0.0180504 0
1231186 221396 m2 0.0497 -0.0683746 0.64067 0 0.0479873
1231186 521862 m2 0.02955 -0.0250454 0.286524 -0.0259674 0
1231186 160213 m2 0.04755 0.0554586 0.451168 -0.0108636 0
1231186 58541 m2 0.05935 -0.129149 0.762917 0 0.0142078
1231186 229654 m2 0.02105 0.060001 0.620011 0.0436541 0
1231186 140116 m2 0.17905 0.000788681 0.787261 0 0.0193769
1231186 473385 m2 0.041 -0.0876905 0.676007 -0.0400655 0
1231186 661537 m2 0.0143 0.0262309 0.419695 0 0.0354006
1231186 230354 m2 0.0453 -0.0808798 0.576014 0.00147557 0
1231186 219373 m2 0.0764 -0.0386443 0.708637 0 0.0178541
1231186 75940 m2 0.0986 0.147874 0.763855 0.0453883 0
1231186 528480 m2 0.05025 -0.117869 0.60409 -0.0391714 0
1231186 273721 m2 0.03265 0.0253749 0.329873 0.0355645 0
1231186 10290 m2 0.09725 0.00122438 0.174131 0 0.00204389
1231186 327354 m2 0.03485 -0.0754 0.357298 0 -0.0288786
1231186 263708 m2 0.1008 0.0922403 0.722174 0.0292635 0
1231186 636000 m2 0.0281 0.0381333 0.466329 0.024523 0
1231186 43989 m2 0.09545 -0.0183645 0.637161 0 0.0115978
1231186 648380 m2 0.0118 0.115749 0.53621 0 0.019056
1231186 338630 m2 0.0222 -0.129235 0.548146 0 0.0539909
1231186 420608 m2 0.064 -0.0678827 0.450064 -0.0892361 0
1231186 258819 m2 0.01285 -0.128907 0.585375 -0.0378853 0
1231186 57214 m2 0.1 -2.89898e-17 0.174078 0 0.0262443
1231186 653321 m2 0.01285 -0.161758 0.391984 0 -0.025538
1231186 10504 m2 0.06985 -0.0392067 0.0560752 -0.0933664 0
1231186 175314 m2 0.0752 -0.0235318 0.662919 0 0.0605223
1231186 455342 m2 0.0292 0.0618297 0.684568 0 0.00283147
1231186 406589 m2 0.04155 -0.123461 0.370383 -0.0227548 0
1231186 638445 m2 0.0125 -0.037026 0.398601 0 -0.0205133
1231186 632597 m2 0.0351 -0.020889 0.390525 0.0247431 0
1231186 588067 m2 0.02605 -0.112579 0.416051 -0.0557199 0
1231186 494458 m2 0.0408 0.241678 0.56788 0.122372 0
1231186 619776 m2 0.0179 -0.103721 0.565715 0 -0.0359148
1231186 426732 m2 0.0158 0.194593 0.579807 0.043572 0
1231186 224433 m2 0.0568 -0.102935 0.165474 -0.0941049 0
1231186 242121 m2 0.07345 -0.0953292 0.667697 0.00288539 0
1231186 345092 m2 0.2685 0.0257449 0.778964 0.0602922 0
1231186 223452 m2 0.13415 -0.0248637 0.795183 0 0.0210187
1231186 54018 m2 0.06155 0.123409 0.61084 0.0435139 0
1231186 581343 m2 0.0394 -0.0627197 0.324341 -0.10919 0
1231186 53754 m2 0.0276 -0.00842722 0.170189 0.00715964 0
1231186 47190 m2 0.01945 -0.185766 0.139235 -0.0386624 0
1231186 343373 m2 0.06195 -0.00944977 0.75028 0.0433086 0
1231186 240687 m2 0.0182 -0.138839 0.466642 0 0.0187561
1231186 9012 m2 0.0115 -0.125613 0.0309652 0.0145212 0
1231186 506773 m2 0.08205 -0.0118107 0.648229 -0.0717617 0
1231186 464498 m2 0.01305 -0.039556 0.283377 -0.0798677 0
1231186 14580 m2 0.13575 0.070171 -0.00771975 0.063633 0
1231186 181924 m2 0.1172 0.0240884 0.683528 0 0.0143337
1231186 467272 m2 0.02905 0.0613913 0.502767 0.0327316 0
1231186 709957 m2 0.01045 -0.0250589 0.288865 0 0.00300744
1231186 605423 m2 0.01305 0.158112 0.481401 0.050804 0
1231186 100735 m2 0.0838 -0.00769342 0.17588 0.00147693 0
1231186 14049 m2 0.0676 -0.0432124 -0.0252072 0.0105877 0
1231186 299705 m2 0.08075 0.0238366 0.621752 0 0.0734878
1231186 353326 m2 0.1005 -0.000232226 0.17446 0 0.076358
1231186 648891 m2 0.0213 -0.163288 0.247019 -0.0947112 0
1231186 521096 m2 0.04125 0.0281455 0.507698 -0.0414519 0
1231186 566790 m2 0.021 -0.158672 0.618784 -0.0521634 0
1231186 277188 m2 0.1099 0.0958599 0.763362 0.0535288 0
1231186 433444 m2 0.01625 0.0694183 0.641898 -0.0282803 0
1231186 505259 m2 0.0633 -0.131623 0.5011 -0.0562679 0
1231186 277185 m2 0.09855 0.114825 0.543468 0.0298052 0
1231186 552035 m2 0.0296 -0.0211699 0.505224 0 0.0107918
1231186 633789 m2 0.01325 -0.0899074 0.0532105 -0.0288499 0
1231186 149500 m2 0.0457 0.00057319 0.62516 0 0.033688
1231186 188656 m2 0.1066 0.0679072 0.652231 0 0.0361055
1231186 548595 m2 0.0462 0.120753 0.15879 0.0219878 0
1231186 110693 m2 0.0949 -0.0094696 0.173935 0 0.0299749
1231186 656589 m2 0.0163 -0.013963 0.318884 -0.0506585 0
1231186 637213 m2 0.0131 0.0399548 0.322017 -0.00572041 0
1231186 443631 m2 0.06465 -0.0892158 0.340288 -0.0910151 0
1231186 448858 m2 0.0215 -0.168021 0.470598 -0.0188576 0
1231186 337860 m2 0.02875 0.149089 0.665969 0 -0.00287009
1231186 114712 m2 0.0229 -0.0717469 0.558378 0.0235686 0
1231186 558012 m2 0.0118 0.0975149 0.584448 0 -0.00786186
1231186 92490 m2 0.0913 -0.0111395 0.174094 0 0.0354289
1231186 9983 m2 0.096 0.0809383 0.0157907 0.0575332 0
1231186 259879 m2 0.0337 -0.113588 0.160837 -0.0674685 0
1231186 419838 m2 0.04235 0.142809 0.15501 0.106851 0
1231186 653568 m2 0.01585 0.0066411 0.284849 0 -0.0245314
1231186 648359 m2 0.01125 0.0844013 0.161391 0.0243875 0
1231186 307204 m2 0.0996 -0.00116516 0.174075 0 0.052371
1231186 318355 m2 0.08465 -0.00751636 0.174043 -0.021712 0
1231186 630335 m2 0.03135 0.0820088 0.168907 0.029908 0
1231186 348806 m2 0.0663 0.0551408 0.171213 0.0282404 0
1231186 205966 m2 0.01615 -0.0230911 0.165743 0 0.0157705
1231186 460828 m2 0.0116 0.0141968 0.283937 0.000783419 0
1231186 680112 m2 0.0414 0.000957117 0.346476 -0.01949 0
1231186 224923 m2 0.0536 0.10591 0.163438 0.0334726 0
1231186 435081 m2 0.02245 -0.190341 0.456784 -0.0220432 0
1231186 531173 m2 0.06135 0.109061 0.706817 0 -0.0249815
1231186 520340 m2 0.0276 0.126211 0.156207 0.0388265 0
1231186 681141 m2 0.018 0.0512969 0.176922 0.0291991 0
1231186 536556 m2 0.01125 -0.0565074 0.278096 -0.0617667 0
1231186 3257 m2 0.0718 0.127245 -0.684651 0.112631 0
1231186 327327 m2 0.0176 -0.0283636 0.173295 0.0198442 0
1231186 682388 m2 0.0149 0.0576677 0.291048 -0.0159082 0
1231186 444347 m2 0.06685 0.0716386 0.170436 0.097141 0
1231186 382094 m2 0.02825 0.0011286 0.173496 -0.0136833 0
1231186 39758 m2 0.02365 -0.0272273 0.0204627 0 0.00652871
1231186 639160 m2 0.03575 -0.0549639 0.678579 -0.0153237 0
1231186 545017 m2 0.02545 0.0125535 0.172695 0 -0.0287454
1231186 334460 m2 0.0325 0.0863527 0.166379 0.0621627 0
1231186 689557 m2 0.0349 0.00944501 0.17349 0 0.0434735
1231186 71064 m2 0.0454 0.0747689 -0.00557977 0 -0.0180272
1231186 305917 m2 0.0549 0.0399207 0.171669 0 -0.0076028
1231186 713457 m2 0.018 0.0785411 0.309172 -0.025805 0
1231186 654833 m2 0.01025 0.0637203 0.162606 0 -0.0232745
1231186 163934 m2 0.05815 -0.0807065 0.16751 0 0.000253884
1231186 58965 m2 0.04445 -0.0675742 -0.00864873 -0.0290327 0
1231186 368946 m2 0.08885 0.00445989 0.182118 -0.0695119 0
1231186 581321 m2 0.01045 -0.149073 0.143543 -0.0345892 0
1231186 332115 m2 0.0331 -0.000174969 0.173744 0 0.00957627
1231186 117687 m2 0.05555 0.00546194 0.173378 9.48445e-06 0
1231186 270042 m2 0.0282 0.0301278 0.175425 0.0817232 0
1231186 415312 m2 0.03855 -0.00994748 0.172996 0.0279873 0
1231186 712213 m2 0.0147 -0.104777 0.326954 -0.00597033 0
1231186 322843 m2 0.06975 0.0790374 0.168161 0.0854684 0
1231186 337611 m2 0.06705 -0.0505034 0.179084 -0.0263033 0
1231186 591947 m2 0.0258 0.0955478 0.498759 0 -0.0404504
1231186 460308 m2 0.09895 0.0084907 0.176885 -0.00986522 0
1231186 292876 m2 0.0553 -0.0199163 0.17209 0.0350543 0
1231186 521819 m2 0.02065 -0.0985171 0.162534 -0.0190784 0
1231186 274174 m2 0.05905 -0.0122718 0.0187978 0 -0.0297455
1231186 328309 m2 0.08305 -0.00232602 0.177479 0 0.0117151
1231186 529451 m2 0.01915 -0.0606402 0.168706 -0.0333159 0
1231186 692503 m2 0.0106 -0.141851 0.147414 -0.00909428 0
1231186 128590 m2 0.10975 -0.00043777 0.180799 0 -0.0150245
1231186 554728 m2 0.03535 -0.00074082 0.173928 0 0.0519834
1231186 260115 m2 0.0902 -0.0158046 0.176596 -0.0705401 0
1231186 645093 m2 0.01025 -0.0061066 0.163285 -0.0467563 0
1231186 387232 m2 0.13085 0.0262064 0.719497 0 0.00982025
1231186 106513 m2 0.06175 0.0244135 0.173238 0 -0.0366309
1231186 40933 m2 0.0318 0.0485062 0.0129696 0 0.0231659
1231186 630318 m2 0.021 0.0150474 0.169283 0.000662889 0
1231186 261438 m2 0.0337 -0.113588 0.160837 0 0.00193144
1231186 460080 m2 0.0744 -0.0359915 0.172759 -0.0840122 0
1231186 94433 m2 0.0296 0.00696791 0.171875 -0.00642062 0
1231186 419083 m2 0.05645 -0.0714503 0.169114 -0.0377859 0
1231186 615586 m2 0.02355 -0.0673949 0.167952 0 -0.0396553
1231186 200668 m2 0.02885 -0.0325455 0.0457921 0 0.00747295
1231186 594231 m2 0.0299 0.0490381 0.170493 0 -0.0348241
1231186 494420 m2 0.0772 0.072134 0.237101 0.0491479 0
1231186 554725 m2 0.05355 -0.00846251 0.173185 0 -0.0275989
1231186 117939 m2 0.0804 0.0902149 -0.0200365 -0.0151293 0
1231186 182378 m2 0.10885 0.113998 -0.0125485 0.0750755 0
1231186 497663 m2 0.0308 -0.110194 0.163204 -0.0371431 0
1231186 40235 m2 0.0217 0.134729 0.0204788 0.0592191 0
1231186 593194 m2 0.01235 0.0680491 0.166166 0.077214 0
1231186 715453 m2 0.0107 -0.0407923 0.325189 -0.0201804 0
1231186 431137 m2 0.04175 0.101819 0.162353 0.0967062 0
1231186 253895 m2 0.05295 -5.55323e-05 0.174649 0 0.000341934
1231186 269533 m2 0.0164 -0.0994226 0.163053 -0.0529776 0
1231186 413365 m2 0.02535 -0.0130289 0.172321 -0.0404758 0
1231186 478610 m2 0.0193 -0.0212565 0.349704 0.0104479 0
1231186 261684 m2 0.17985 -0.0875037 0.749352 -0.0731829 0
1231186 650892 m2 0.017 -0.0470999 0.488493 0 0.00809806
1231186 271134 m2 0.08115 0.0144809 0.358145 0 0.00666712
1231186 506483 m2 0.0389 0.0881309 0.172963 0.113569 0
1231186 519610 m2 0.0374 0.0878627 0.165129 0 -0.00124786
1231186 428216 m2 0.0872 0.103113 -0.0242242 0.132542 0
1231186 212788 m2 0.032 0.0138576 0.17205 0 -2.94801e-05
1231186 10416 m2 0.03815 -0.152721 -0.623032 -0.0318986 0
1231186 489390 m2 0.0757 -0.00110752 0.180952 0 0.0132185
1231186 650627 m2 0.01525 0.0227438 0.169192 0 -0.00420293
1231186 661281 m2 0.01645 0.0418952 0.283612 0 -0.0160841
1231186 481084 m2 0.0165 0.0526431 0.16921 0.0355702 0
1231186 195694 m2 0.04615 -0.0677163 -0.00261488 -0.00727691 0
1231186 148157 m2 0.0228 0.0915517 0.165228 0.0273659 0
1231186 247311 m2 0.0765 -0.000420877 0.180809 0 -0.0021331
1231186 631301 m2 0.017 -0.0598986 0.168775 0 -0.0101689
1231186 608617 m2 0.0141 -0.091566 0.267859 0 -0.0146903
1231186 640345 m2 0.01525 -0.0866095 0.0212525 0.0143453 0
1231186 294308 m2 0.17625 0.0320553 0.682153 0.0207188 0
1231186 540763 m2 0.02355 0.00109566 0.172018 -0.091589 0
1231186 345603 m2 0.0193 -0.00871424 0.172782 0 -0.00387665
1231186 359499 m2 0.03345 0.00560389 0.173031 0.00219266 0
1231186 687823 m2 0.0121 0.0986751 0.159907 0.00248975 0
1231186 17030 m2 0.1 -2.89898e-17 -0.174078 0 -0.0306945
1231186 138061 m2 0.021 0.036675 -0.0555518 0 -0.0222273
1231186 528143 m2 0.03575 0.0792845 0.0165748 0.0788616 0
1231186 398912 m2 0.0226 -0.0555817 -0.0535966 0.0260389 0
1231186 288266 m2 0.08335 -0.0143035 -0.00852227 -0.00928096 0
1231186 655311 m2 0.028 -0.131366 0.155638 -0.104738 0
1231186 640341 m2 0.0152 0.143911 0.0449487 -0.0181346 0
1231186 268319 m2 0.0841 -0.0210049 0.00288303 0 0.00663676
1231186 536980 m2 0.0254 -0.0828486 0.0586381 0 0.0594889
1231186 642899 m2 0.01245 -0.0591283 0.165426 0 -0.0470088
1231186 393013 m2 0.0404 -0.0675074 0.169397 -0.0588794 0
1231186 543022 m2 0.0229 -0.0886782 0.163769 0.0002487 0
1231186 615575 m2 0.02375 -0.142086 0.153738 -0.025094 0
1231186 447806 m2 0.02425 -0.242877 0.0144652 -0.109754 0
1231186 357762 m2 0.04615 7.74423e-05 0.0428256 0 0.0139128
1231186 22824 m2 0.08925 -0.00685236 -0.173907 0 -0.0684491
1231186 435327 m2 0.0692 0.0407326 0.174901 0.029065 0
1231186 515600 m2 0.0124 0.204529 0.128522 0.0873937 0
1231186 271385 m2 0.0456 0.0607348 0.170457 0 0.0430375
1231186 403680 m2 0.0526 -0.101414 0.150437 -0.0152029 0
1231186 106499 m2 0.1478 0.0154774 -0.00776792 -0.00349284 0
1231186 41403 m2 0.05195 0.0373703 -0.035259 0.0195638 0
1231186 561212 m2 0.01145 -0.0779451 0.158897 -0.0127054 0
1231186 137256 m2 0.05925 0.121201 0.14046 0.00927447 0
1231186 567501 m2 0.0352 -0.0780274 0.0465588 0 -0.0424787
1231186 62498 m2 0.08895 -0.0147157 0.00121417 0 0.00194405
1231186 241803 m2 0.05705 -0.0161797 -0.0340379 0 0.0138818
1231186 493186 m2 0.0289 0.0766425 0.166252 0.115519 0
1231186 650878 m2 0.0139 0.0126575 0.300826 0 0.0186009
1231186 97892 m2 0.03535 0.0712767 0.0160056 0.00634238 0
1231186 460798 m2 0.05435 -0.0748861 0.168069 -0.0719465 0
1231186 283035 m2 0.02495 0.0313418 0.0550668 -0.0180034 0
1231186 463535 m2 0.0158 -0.0228542 0.169264 -0.110954 0
1231186 691254 m2 0.016 -0.0456923 0.166154 0.0100945 0
1231186 647846 m2 0.0166 -0.078028 0.0542803 -0.0569129 0
1231186 400900 m2 0.0474 -0.104572 0.0545946 -0.0937011 0
1231186 405734 m2 0.0607 -0.0292305 0.0430888 0 -0.00150564
1231186 408431 m2 0.1347 -0.0370976 0.526405 0 0.0122872
1231186 554497 m2 0.03305 -0.0804219 0.165792 0 0.0053882
1231186 713898 m2 0.0167 0.10464 0.0521608 0 -0.0103085
1231186 287748 m2 0.0924 -0.0188666 0.0308413 -0.014645 0
1231186 367114 m2 0.0305 -0.0505306 0.0542233 -0.0546117 0
1231186 214310 m2 0.0116 0.0508086 -0.0550822 0.0517706 0
1231186 533635 m2 0.0437 0.00895457 0.0516722 -0.0405226 0
1231186 628014 m2 0.01685 0.120804 -0.0478591 0 0.0316526
1231186 636450 m2 0.0324 0.00744296 0.172251 0 -0.017701
1231186 284263 m2 0.04955 -0.0707378 -0.0557485 -0.0678756 0
1231186 657998 m2 0.0143 0.0625285 -0.054761 0 0.0115053
1231186 59904 m2 0.1 -2.89898e-17 -0.174078 0 -0.0376087
1231186 419046 m2 0.01475 -0.0136408 0.0493166 0 -0.0237205
1231186 304189 m2 0.05425 -0.130077 0.00704554 -0.0891245 0
1231186 311401 m2 0.0802 -0.0210695 -0.0233306 -0.0051553 0
1231186 596715 m2 0.0113 0.0278618 0.0468315 0 0.0127664
1231186 678824 m2 0.01885 0.0243637 0.0531423 -0.0741855 0
1231186 445550 m2 0.0664 -0.0433491 0.0469616 -0.0533666 0
1231186 424296 m2 0.04535 0.0145497 -0.172881 0.00265015 0
1231186 283284 m2 0.04485 0.0859807 0.0389662 0 0.0268688
1231186 634475 m2 0.0308 0.0853971 -0.0405118 0 -0.0101935
1231186 194089 m2 0.12335 -0.0242739 0.0170842 -0.0310659 0
1231186 539995 m2 0.0442 0.0158173 0.173337 0 -0.0178896
1231186 374268 m2 0.06295 -0.0616483 0.170333 -0.0386516 0
1231186 677833 m2 0.0152 0.0163262 0.0544207 0 -0.00493222
1231186 369151 m2 0.04705 -0.0164781 0.0103551 0.0117332 0
1231186 575208 m2 0.0116 -0.0312488 0.0506446 0 0.0350312
1231186 94400 m2 0.06575 0.0300427 -0.0607631 0.0170574 0
1231186 539528 m2 0.0398 0.0120312 0.173075 0 -0.0397077
1231186 309395 m2 0.0376 -0.150852 -0.151794 -0.109428 0
1231186 349756 m2 0.0177 0.174384 0.0100848 0.0742985 0
1231186 95606 m2 0.04265 -0.0255921 -0.172797 0.00958091 0
1231186 402668 m2 0.03365 -0.0125212 0.043468 -0.0493279 0
1231186 314191 m2 0.07 -0.0395667 0.0560598 -0.00623575 0
1231186 463263 m2 0.015 -0.030143 0.036567 -0.0574072 0
1231186 309156 m2 0.07585 0.0425386 -0.00411301 0.0156188 0
1231186 703815 m2 0.01045 -0.0623296 -0.0520762 0.0259583 0
1231186 718869 m2 0.0113 0.0768788 0.043527 0 0.00750142
1231186 226562 m2 0.0441 -0.0955254 -0.0513861 -0.0663508 0
1231186 360192 m2 0.01625 0.179948 0.00348287 0 0.0062427
1231186 45834 m2 0.1 -2.89898e-17 -0.174078 -0.0359659 0
1231186 434091 m2 0.01625 -0.126633 0.046635 -0.0221258 0
1231186 592658 m2 0.03395 -0.0994894 0.0540686 -0.0593088 0
1231186 297837 m2 0.02905 -0.0312847 0.0552387 -0.0283307 0
1231186 278884 m2 0.0122 -0.158028 -0.00524817 -0.0196076 0
1231186 11173 m2 0.1607 0.0223317 -0.755017 0 0.00063204
1231186 289998 m2 0.06615 -0.0436544 -0.17206 -0.0594791 0
1231186 693725 m2 0.01655 0.0982176 -0.0420347 -0.00876835 0
1231186 313681 m2 0.01885 0.0191053 0.0116389 0.00205198 0
1231186 648311 m2 0.0229 0.0508807 -0.0522197 0.0102106 0
1231186 437999 m2 0.1305 -0.0272061 -0.0199554 -0.0366683 0
1231186 241108 m2 0.0423 0.169509 0.0119243 0.0656121 0
1231186 91444 m2 0.0273 -0.00837348 0.0118384 0.0037447 0
1231186 427671 m2 0.05015 -0.142116 -0.0402609 -0.061765 0
1231186 498413 m2 0.0509 0.214208 -0.0127972 0.0869991 0
1231186 392486 m2 0.0482 0.0759317 0.0432025 0.0106789 0
1231186 664823 m2 0.01335 -0.0265808 0.0510814 0 -0.0199446
1231186 574145 m2 0.02065 0.0325346 0.0261344 0.0277615 0
1231186 657274 m2 0.0297 -0.180994 -0.0214656 -0.0592919 0
1231186 190837 m2 0.0199 0.0979776 -0.160694 0.0423542 0
1231186 626746 m2 0.0174 -0.0959942 -0.0450784 -0.00356733 0
1231186 716901 m2 0.01135 0.172206 0.0416511 0 0.0172085
1231186 595735 m2 0.0378 0.0386618 0.171931 0.0204457 0
1231186 715872 m2 0.02105 -0.0309942 0.051058 0.0311145 0
1231186 309903 m2 0.01935 0.0327775 -0.0459578 -0.0275748 0
1231186 360954 m2 0.1 -0.0060381 -0.0330919 0 -0.00629306
1231186 98869 m2 0.02305 -0.101514 -0.49631 0 -0.000796151
1231186 192840 m2 0.0881 0.0898043 0.00152696 0.0159697 0
1231186 561693 m2 0.0294 0.10847 0.00412957 0.0549043 0
1231186 284531 m2 0.0499 -0.0446289 0.0389035 0 0.0273184
1231186 361953 m2 0.03785 0.165175 0.0367156 0.0954115 0
1231186 694680 m2 0.0259 -0.0393618 0.0516181 0 0.0217597
1231186 470788 m2 0.0152 0.073249 -0.00707231 0 0.0623783
1231186 358765 m2 0.0592 0.0693591 0.165924 0.0282038 0
1231186 483805 m2 0.0889 0.124858 0.0316992 0.0777335 0
1231186 345565 m2 0.02515 -0.0649195 -0.0509293 0 -0.00129171
1231186 551971 m2 0.0159 0.101743 -0.0489875 0 -0.0281483
1231186 578982 m2 0.02685 -0.0210342 0.0518216 -0.00197777 0
1231186 524113 m2 0.0164 0.0941735 -0.00697582 0 0.0361961
1231186 590958 m2 0.01405 0.0775878 0.0470988 -0.0146598 0
1231186 189067 m2 0.1157 0.000597219 -0.0146319 0 -0.0353751
1231186 551211 m2 0.01105 -0.0573359 0.0539202 -0.0612516 0
1231186 664033 m2 0.01445 0.0193085 0.00979416 0 0.0171191
1231186 617762 m2 0.01795 0.0839817 -0.00842092 0.0145046 0
1231186 563469 m2 0.0611 0.0251718 -0.0272695 0 0.0114953
1231186 379043 m2 0.04495 -0.114652 -0.0491549 0 -0.0541297
1231186 673936 m2 0.0101 -0.109509 0.0482671 -0.0089117 0
1231186 208427 m2 0.1324 0.00270534 -0.0126893 0 -0.0256474
1231186 212211 m2 0.04915 -0.0743677 -0.167285 -0.0411825 0
1231186 30378 m2 0.0991 0.0502113 -0.688049 0.0435112 0
1231186 394725 m2 0.08035 -0.0151081 0.0139418 0 0.0174106
1231186 485865 m2 0.02065 0.016937 0.0316041 -0.00352749 0
1231186 695417 m2 0.0167 0.0733425 0.0612375 -0.0117311 0
1231186 395239 m2 0.09045 -0.106642 -0.0338074 -0.0897537 0
1231186 176722 m2 0.0877 0.0160499 -0.173775 0.0747392 0
1231186 395732 m2 0.0595 0.00724822 0.0161375 -0.0247253 0
1231186 43380 m2 0.1041 -0.101458 -0.69037 -0.0670836 0
1231186 707217 m2 0.01425 0.0224655 -0.169982 -0.0484872 0
1231186 443307 m2 0.0318 -0.0168124 0.00840618 0 0.00656899
1231186 655734 m2 0.01045 -0.0242246 -0.053507 0.0252166 0
1231186 574132 m2 0.0263 -0.0830816 0.0142936 -0.0159381 0
1231186 353469 m2 0.04395 -0.0121766 -0.173566 -7.91857e-05 0
1231186 391971 m2 0.04565 -0.166942 -0.0318687 -0.0497796 0
1231186 361663 m2 0.0396 -0.0533036 -0.170686 -0.054459 0
1231186 167319 m2 0.05375 -0.0551995 -0.472431 0 0.0127755
1231186 400877 m2 0.0392 0.125898 -0.0142373 0 0.00579996
1231186 464210 m2 0.02185 -0.0428142 -0.0559878 0 0.0017163
1231186 367619 m2 0.0668 0.0486796 0.0191805 0 -0.0169304
1231186 393967 m2 0.0142 0.0782028 -0.165743 0 0.0328048
1231186 527368 m2 0.0116 -0.0452103 0.0540659 0 0.0378585
1231186 624491 m2 0.01705 -0.00387492 0.0522192 0 0.025157
1231186 505173 m2 0.04515 0.107819 -0.0212118 0.040334 0
1231186 520272 m2 0.06905 0.0514897 -0.171343 0.0927043 0
1231186 120152 m2 0.05485 0.0491371 -0.171485 0.0593323 0
1231186 472501 m2 0.0202 -0.140908 -0.15194 -0.108948 0
1231186 636655 m2 0.0166 0.0438412 0.0554152 -0.0293701 0
1231186 456016 m2 0.03235 -0.00631104 -0.0340796 -0.0477812 0
1231186 140230 m2 0.0924 -0.0127939 -0.173847 0 -0.00906882
1231186 441044 m2 0.08255 -0.126583 0.0122049 -0.0394164 0
1231186 388761 m2 0.05405 0.0776671 -0.0255015 0.0514617 0
1231186 454756 m2 0.05245 0.191684 -0.0189905 0.108865 0
1231186 617525 m2 0.01505 -0.148859 -0.0420058 -0.0166445 0
1231186 35429 m2 0.01615 -0.0935766 -0.378492 -0.0480247 0
1231186 610576 m2 0.01945 0.0387503 0.0398418 0.0454951 0
1231186 336592 m2 0.0695 -0.0782778 -0.0301155 -0.0298273 0
1231186 621686 m2 0.01155 0.000243916 -0.169034 0.0472104 0
1231186 442539 m2 0.06605 0.0792038 -0.0109008 0.0384223 0
1231186 114609 m2 0.0584 0.0454057 -0.171816 0 -0.0341303
1231186 180820 m2 0.04025 -0.00637095 -0.172875 -0.0615133 0
1231186 374506 m2 0.07195 0.047828 0.0260117 0.0539736 0
1231186 544034 m2 0.01435 0.0931102 0.0224575 0.0214383 0
1231186 348975 m2 0.03945 0.00153428 -0.172935 0 0.0325409
1231186 510220 m2 0.01665 0.192237 0.0456003 0.0936297 0
1231186 469782 m2 0.05625 -0.104627 -0.0529812 -0.0799048 0
1231186 572608 m2 0.01375 -0.0106504 -0.000259767 0.0442261 0
1231186 79206 m2 0.0785 -0.190179 -0.469448 -0.0856998 0
1231186 286988 m2 0.07645 -0.0115365 -0.504708 0 -0.0536818
1231186 533061 m2 0.04815 0.0500425 0.0247318 0.0277062 0
1231186 483790 m2 0.04755 -0.0417716 -0.055921 -0.0396026 0
1231186 685031 m2 0.01505 -0.10182 -0.0540524 -0.054954 0
1231186 568110 m2 0.02065 0.0144903 -0.16779 -0.0344223 0
1231186 620723 m2 0.03745 -0.00154987 0.0544086 0 0.0446112
1231186 445986 m2 0.03815 0.0786555 -0.168107 0.0865911 0
1231186 467971 m2 0.01925 -0.0718099 0.0546221 -0.0021736 0
1231186 195888 m2 0.04315 -0.0185826 -0.172439 0 0.00501673
1231186 84946 m2 0.14535 -0.0914817 -0.608245 -0.0491544 0
1231186 568354 m2 0.0153 -0.0133344 -0.0256811 0 -0.0220774
1231186 181302 m2 0.06445 -0.0737546 -0.697418 -0.0289362 0
1231186 460993 m2 0.0124 -0.117396 -0.159385 0.00248914 0
1231186 652989 m2 0.0218 -0.122582 -0.157503 -0.0684511 0
1231186 457780 m2 0.07535 0.0417284 -0.0303432 0.0568174 0
1231186 356265 m2 0.02625 -0.0151333 -0.0370696 0 0.0132169
1231186 265063 m2 0.0248 -0.108949 -0.160193 -0.049558 0
1231186 525815 m2 0.02945 -0.0753838 -0.16506 -0.0123442 0
1231186 643344 m2 0.0171 -0.0285042 0.0259891 0 0.0511906
1231186 632718 m2 0.013 0.0282391 -0.169435 -0.0236566 0
1231186 245006 m2 0.07885 0.0302677 -0.173152 0 -0.00942209
1231186 510912 m2 0.0181 -0.0455697 -0.310007 0 -0.00423431
1231186 287186 m2 0.0594 0.0722889 -0.741233 0 -0.0333814
1231186 641379 m2 0.0397 -0.0269508 0.0409446 0 0.00337411
1231186 446245 m2 0.01775 -0.168303 -0.144667 -0.0742111 0
1231186 664016 m2 0.02115 0.0888405 -0.0484173 0 -0.0548217
1231186 221809 m2 0.0593 -0.0452197 0.0364552 -0.0329429 0
1231186 565962 m2 0.0439 0.0642064 -0.16912 -0.000765766 0
1231186 516001 m2 0.02915 -0.0573478 -0.319003 -0.0495114 0
1231186 260813 m2 0.0139 0.09004 -0.163247 0.0471733 0
1231186 457489 m2 0.0215 -0.00337411 -0.426488 0 -0.0304985
1231186 684033 m2 0.0194 -0.0902662 -0.0484275 -0.0218153 0
1231186 714843 m2 0.01495 0.081603 -0.160874 0.0218165 0
1231186 489072 m2 0.02605 -0.162969 -0.0489943 -0.0892699 0
1231186 50790 m2 0.05535 -0.05678 -0.668984 -0.0432245 0
1231186 536225 m2 0.04195 -0.122354 -0.158336 -0.104593 0
1231186 616022 m2 0.0102 -0.189464 -0.0311776 -0.037572 0
1231186 690222 m2 0.01605 0.0795605 -0.164062 0 -0.00656724
1231186 714331 m2 0.01125 -0.0928067 -0.160216 -0.0657931 0
1231186 218305 m2 0.02885 -0.100643 -0.161758 -0.00707142 0
1231186 387888 m2 0.0757 0.0332096 -0.172979 0.0766135 0
1231186 64380 m2 0.05725 0.00557286 -0.500146 0 -0.0172583
1231186 464387 m2 0.05835 -0.183616 -0.421069 -0.12761 0
1231186 253809 m2 0.02045 -0.0320834 -0.171905 -0.0142941 0
1231186 327737 m2 0.01655 -0.0248886 -0.170444 0 -0.017405
1231186 480315 m2 0.01445 -0.0381004 -0.0539925 0 -0.0111298
1231186 626712 m2 0.0219 -0.0204712 0.0167491 -0.0043017 0
1231186 635159 m2 0.0261 0.103324 0.00893288 0.0146727 0
1231186 572090 m2 0.0226 0.10629 0.0457596 0 0.0352666
1231186 617007 m2 0.03215 -0.0616066 -0.0556305 -0.0170973 0
1231186 116118 m2 0.0181 -0.151572 -0.244952 -0.00179469 0
1231186 320542 m2 0.0695 0.0326393 -0.172723 -0.0105288 0
1231186 667104 m2 0.0113 0.0726024 -0.165183 0 0.0369184
1231186 268027 m2 0.05815 0.176336 -0.728919 0.0663587 0
1231186 69959 m2 0.04545 -0.0451855 -0.50287 -0.0441415 0
1231186 396427 m2 0.02905 0.0772677 -0.167301 0.0964875 0
1231186 454731 m2 0.05875 -0.0466319 -0.243832 -0.0408744 0
1231186 97567 m2 0.03915 0.0698563 -0.56296 0.010652 0
1231186 415944 m2 0.08315 -0.0349781 -0.173019 -0.0821336 0
1231186 393199 m2 0.0296 -0.105989 -0.159253 -0.0367861 0
1231186 617240 m2 0.01635 -0.0581192 -0.167199 -0.0267806 0
1231186 488516 m2 0.0107 -0.110782 -0.15197 -0.0718063 0
1231186 118611 m2 0.04615 -0.14026 -0.717865 0 -0.0391519
1231186 552669 m2 0.02035 0.101474 -0.161961 0.0521656 0
1231186 318469 m2 0.1635 -0.0147475 -0.632052 0.0118222 0
1231186 380720 m2 0.04315 0.0207011 -0.173447 0 -0.0200073
1231186 305584 m2 0.01485 -0.0425191 -0.516695 0 -0.0441015
1231186 671114 m2 0.0117 -0.0899977 -0.0544723 -0.0849079 0
1231186 672355 m2 0.0104 0.166389 -0.143407 0.0714859 0
1231186 676074 m2 0.0226 -0.0453002 -0.169688 0 -0.0198491
1231186 434751 m2 0.05665 0.136688 -0.15638 0.205723 0
1231186 606577 m2 0.0174 -0.03273 -0.170851 0 -0.00185565
1231186 562681 m2 0.0154 -0.076671 -0.0556949 0 -0.0288349
1231186 578946 m2 0.03545 -0.147094 -0.0465782 -0.00313348 0
1231186 699346 m2 0.0156 -0.0618102 -0.053716 0 0.00420134
1231186 302394 m2 0.01555 0.147206 -0.354681 0.0520736 0
1231186 60124 m2 0.02875 0.0383585 -0.382237 0.014256 0
1231186 703298 m2 0.0119 0.0646533 -0.164866 0.0232895 0
1231186 194520 m2 0.23075 -0.0041356 -0.798826 0 -0.0580292
1231186 550436 m2 0.0217 -0.0197858 -0.171741 -0.0564352 0
1231186 254817 m2 0.03525 0.0292051 -0.608417 0 -0.0153428
1231186 701844 m2 0.0101 0.104735 -0.158674 0 -0.06922
1231186 696593 m2 0.0175 -0.0628072 -0.164869 -0.0576221 0
1231186 479765 m2 0.02045 -0.0320834 -0.171905 0 0.0204026
1231186 588205 m2 0.0529 0.0483534 -0.170906 0 -0.00845948
1231186 438994 m2 0.01465 0.0972211 0.0406055 0.059476 0
1231186 516249 m2 0.01415 -0.0581854 -0.396574 -0.0246272 0
1231186 666288 m2 0.01945 -0.0853869 -0.292067 -0.0444398 0
1231186 119362 m2 0.0799 0.0849767 -0.660075 0.0172986 0
1231186 350945 m2 0.07445 0.18097 -0.541244 0.0769101 0
1231186 457261 m2 0.07325 0.0133226 -0.173748 0.00255658 0
1231186 663167 m2 0.011 0.0182484 -0.448557 0 0.0108597
1231186 434042 m2 0.04195 -0.0205726 -0.17203 -0.087247 0
1231186 501155 m2 0.03555 0.0669175 -0.168121 0 0.00363995
1231186 535748 m2 0.02165 0.0607024 -0.493134 0.0505984 0
1231186 472726 m2 0.0215 -0.0826974 -0.166168 -0.0283713 0
1231186 114076 m2 0.0261 -0.072396 -0.327346 0 -0.00359467
1231186 387363 m2 0.04535 -0.133433 -0.573608 -0.0514569 0
1231186 573323 m2 0.0183 0.0652348 -0.508983 0.0279231 0
1231186 264787 m2 0.01205 0.0996428 -0.43158 0 0.0120382
1231186 651961 m2 0.01745 0.273993 -0.57843 0.0320097 0
1231186 548010 m2 0.0285 0.103618 -0.161963 0.0660318 0
1231186 353215 m2 0.0293 0.21233 -0.591968 0.074455 0
1231186 253258 m2 0.03765 0.023537 -0.188537 0.00182112 0
1231186 638327 m2 0.0246 -0.0955077 -0.0535191 -0.117951 0
1231186 283944 m2 0.0486 0.137652 -0.640956 0 -0.0212661
1231186 624665 m2 0.01325 -0.035238 -0.313918 0 0.0564044
1231186 114833 m2 0.0399 0.0684096 -0.565491 0 -0.0739632
1231186 576610 m2 0.0256 0.066136 -0.168187 0.0616882 0
1231186 360625 m2 0.03585 0.0501307 -0.582477 0.032264 0
1231186 131917 m2 0.1007 0.226023 -0.575013 0.108746 0
1231186 314855 m2 0.0572 0.0958636 -0.477732 0.052004 0
1231186 542420 m2 0.01095 -0.0278393 -0.167802 -0.0096403 0
1231186 152412 m2 0.109 0.2457 -0.712364 0.102819 0
1231186 236288 m2 0.036 -0.0999606 -0.534806 -0.0531684 0
1231186 658910 m2 0.01045 0.082635 -0.166599 0 -0.0268842
1231186 345489 m2 0.12055 -0.0970104 -0.68694 -0.0802092 0
1231186 668616 m2 0.0131 0.0117378 -0.17085 0.0480956 0
1231186 558448 m2 0.0176 -0.0914914 0.00184831 0 0.00378785
1231186 447517 m2 0.015 -0.177543 -0.138706 0 0.0196438
1231186 553918 m2 0.0256 -0.0072188 -0.173251 0 -0.0139817
1231186 738838 m2 0.01135 0.189668 -0.293799 0 -0.000858336
1231186 681043 m2 0.0207 0.0292377 -0.169688 -0.0169018 0
1231186 106647 m2 0.06005 0.170178 -0.514943 0.0522248 0
1231186 269220 m2 0.02045 0.00962908 -0.17123 0 -0.0415974
1231186 620167 m2 0.0152 -0.120689 -0.158145 0 0.00456601
1231186 171541 m2 0.0726 0.021869 -0.751549 -0.00883015 0
1231186 268470 m2 0.14605 0.0179551 -0.787712 0 -0.0950229
1231186 271793 m2 0.0386 0.0475009 -0.657096 0 -0.0380303
1231186 491582 m2 0.0152 -0.106309 -0.461226 0 0.000181415
1231186 239029 m2 0.1593 0.00346941 -0.69108 0 -0.0170039
1231186 202273 m2 0.17115 -0.0483887 -0.770715 0 -0.0175957
1231186 279788 m2 0.0215 0.0836915 -0.729376 0 -0.068145
1231186 620677 m2 0.0437 0.0695737 -0.0387266 0.0104631 0
1231186 205597 m2 0.05655 -0.107737 -0.569303 -0.0784588 0
1231186 137168 m2 0.026 0.142985 -0.559462 0.0505489 0
1231186 357915 m2 0.06575 0.0563782 -0.72637 0 -0.00713707
1231186 694382 m2 0.0106 0.0670693 -0.576796 -0.0610763 0
1231186 527084 m2 0.01325 0.0938996 -0.162637 0.0506298 0
1231186 133139 m2 0.0912 0.170669 -0.735989 0.0498589 0
1231186 464848 m2 0.05835 -0.00253907 -0.39306 -0.00378032 0
1231186 119815 m2 0.07375 -0.150143 -0.534167 -0.0724665 0
1231186 283143 m2 0.01505 0.193314 -0.535687 0.0292375 0
1231186 110784 m2 0.0369 -0.169451 -0.548972 -0.00725525 0
1231186 670603 m2 0.01645 -0.156535 -0.150146 -0.0938759 0
1231186 111796 m2 0.07585 0.0262069 -0.74294 0.0263833 0
1231186 515742 m2 0.0698 0.145106 -0.687061 -0.0324788 0
1231186 340487 m2 0.12365 0.108444 -0.775181 0.0619965 0
1231186 343452 m2 0.0507 0.0277407 -0.697917 0 0.00434785
1231186 233502 m2 0.1697 -0.0043561 -0.725034 0 -0.0309702
1231186 491574 m2 0.01825 0.132022 -0.653286 -0.00363511 0
1231186 238577 m2 0.10265 -0.0163418 -0.667065 0 -0.0623986
1231186 142646 m2 0.02995 0.197498 -0.421288 0.0340572 0
1231186 578922 m2 0.0199 0.019677 -0.167817 0 0.0120767
1231186 243763 m2 0.08445 -0.121479 -0.468955 -0.050354 0
1231186 477007 m2 0.02505 0.17588 -0.681782 0.033574 0
1231186 355919 m2 0.02405 0.0444137 -0.54538 0.0263046 0
1231186 374684 m2 0.019 0.231355 -0.396204 0 -0.0205246
1231186 433782 m2 0.02035 -0.0830786 -0.500525 0 -0.00792128
1231186 193737 m2 0.05235 -0.0732759 -0.733379 0 -0.00297407
1231186 628976 m2 0.0124 0.208869 -0.393261 0.0354345 0
1231186 137375 m2 0.0407 -0.110003 -0.598508 -0.0420906 0
1231186 476265 m2 0.0488 0.0535745 -0.170878 0.0309769 0
1231186 669085 m2 0.01005 -0.172979 -0.228442 0.00524009 0
1231186 524052 m2 0.01505 -0.0773542 -0.268864 0 0.0135464
1231186 668095 m2 0.017 -0.16648 -0.442226 -0.0434507 0
1231186 308603 m2 0.03455 -0.135696 -0.408553 0 0.00665036
1231186 398583 m2 0.08585 0.0066505 -0.375814 -0.00464911 0
1231186 243760 m2 0.21835 -0.0367016 -0.785591 0 -0.0715567
1231186 157381 m2 0.07595 -0.0306264 -0.675915 -0.0179396 0
1231186 329968 m2 0.02535 -0.172421 -0.552971 -0.0251247 0
1231186 409832 m2 0.08135 0.0933133 -0.748841 0.0035966 0
1231186 250947 m2 0.1206 0.0560576 -0.764219 0 -0.0393587
1231186 515489 m2 0.02865 -0.0352761 -0.618993 0 0.0264351
1231186 703045 m2 0.01095 -0.0457485 -0.16606 -0.0456308 0
1231186 688226 m2 0.0224 -0.0177889 -0.328389 -0.0419028 0
1231186 332529 m2 0.01935 -0.0584236 -0.589949 0 -0.0159885
1231186 217690 m2 0.0263 0.0301855 -0.594008 0 -0.0603171
1231186 627438 m2 0.02515 0.113904 -0.506405 0.0418461 0
1231186 598876 m2 0.01775 0.0453699 -0.534074 0.00185228 0
1231186 623614 m2 0.02455 0.0523947 -0.386641 0 0.00236951
1231186 695346 m2 0.01865 -0.102942 -0.509219 -0.014606 0
1231186 662890 m2 0.0121 -0.179594 -0.322279 0 -0.0315223
1231186 297423 m2 0.0286 0.0279852 -0.571861 0 -0.0174425
1231186 358374 m2 0.012 0.0319659 -0.549708 -0.0218313 0
1231186 524994 m2 0.04895 0.0133294 -0.641623 0.0198192 0
1231186 418730 m2 0.0143 0.0153483 -0.290003 0 -0.0149988
1231186 268445 m2 0.0596 0.113567 -0.727768 0 0.0168425
1231186 575605 m2 0.0286 -0.0750454 -0.32751 -0.0410477 0
1231186 491064 m2 0.044 0.0449817 -0.59125 0.00143721 0
1231186 573299 m2 0.01385 0.0617178 -0.534375 0 0.00156703
1231186 392903 m2 0.04815 0.0248766 -0.375905 0 -0.0424576
1231186 611709 m2 0.01965 -0.0416158 -0.427896 -0.0221668 0
1231186 449234 m2 0.02705 0.115492 -0.72919 0.0931819 0
1231186 309570 m2 0.03645 0.00156356 -0.576952 0 -0.0274393
1231186 456467 m2 0.0308 -0.0252611 -0.62114 0 0.00466572
1231186 664745 m2 0.02235 -0.100444 -0.28478 0.0102733 0
1231186 416406 m2 0.02395 -0.00571792 -0.62449 0 -0.0143115
1231186 370984 m2 0.01195 -0.0844052 -0.478593 0.047676 0
1231186 223015 m2 0.0729 -0.120331 -0.482339 -0.0606704 0
1231186 299039 m2 0.0851 0.22711 -0.703428 0.0724108 0
1231186 366246 m2 0.09055 0.177024 -0.737327 0.0968766 0
1231186 668837 m2 0.022 -0.104359 -0.285265 -0.07371 0
1231186 579394 m2 0.0236 0.000331199 -0.633914 0.0367126 0
1231186 219942 m2 0.02225 -0.0496553 -0.594098 0 -0.00560099
1231186 589416 m2 0.03545 -0.0855892 -0.297375 -0.0352971 0
1231186 341696 m2 0.0143 0.00467523 -0.313241 0 -0.0270891
1231186 208604 m2 0.02705 0.0939956 -0.662438 0.0815883 0
1231186 276505 m2 0.05085 0.0864188 -0.595397 0 -0.0546477
1231186 438180 m2 0.03545 -0.153777 -0.431448 -0.0758632 0
1231186 328660 m2 0.1652 0.0102058 -0.745945 0 -0.0375625
1231186 282914 m2 0.0237 -0.154783 -0.633174 0 -0.0384403
1231186 263994 m2 0.02575 0.222714 -0.649486 0.0651408 0
1231186 633153 m2 0.0302 0.159554 -0.536774 0 -0.0241602
1231186 512537 m2 0.01265 -0.087651 -0.612885 0 -0.0135834
1231186 230923 m2 0.03055 -0.0886008 -0.497155 -0.0187773 0
1231186 581200 m2 0.0213 0.0723677 -0.348231 -0.0172757 0
1231186 329205 m2 0.02215 0.231684 -0.556674 0.104319 0
1231186 291453 m2 0.0442 -0.0306094 -0.545265 0 -0.0543776
1231186 220719 m2 0.047 0.0732975 -0.481191 0.0526266 0
1231186 433285 m2 0.0426 0.0221909 -0.586791 0 -0.00840984
1231186 237526 m2 0.0775 -0.244006 -0.653957 -0.100864 0
1231186 393618 m2 0.01515 0.0394736 -0.621506 0 -0.00998285
1231186 212902 m2 0.19395 0.0809265 -0.761291 0.0509631 0
1231186 228934 m2 0.05005 0.0669203 -0.527206 -0.00596953 0
1231186 222495 m2 0.04045 0.0244982 -0.619376 0 -0.0216155
1231186 255937 m2 0.02935 -0.115691 -0.495644 0 -0.0958883
1231186 540161 m2 0.0139 -0.0158821 -0.624694 0 -0.0278351
1231186 345700 m2 0.0135 -0.0196885 -0.682111 0 -0.0363811
1231186 382690 m2 0.0365 0.0521373 -0.66617 0 -0.0165079
1231186 613412 m2 0.01215 0.106486 -0.503411 0 0.00650711
1231186 632649 m2 0.0142 -0.0409797 -0.508466 0.0245256 0
1231186 591138 m2 0.01895 0.0948738 -0.504064 0.0496927 0
1231186 679731 m2 0.01735 0.132803 -0.582868 0 -0.0514746
1231186 297707 m2 0.05955 0.0498165 -0.546778 0 -0.06054
1231186 321958 m2 0.02175 -0.0760936 -0.510576 -0.0741565 0
1231186 364472 m2 0.06455 0.115124 -0.739742 0.0583309 0
1231186 392129 m2 0.0318 -0.0917075 -0.540997 -0.0209444 0
1231186 622897 m2 0.0101 -0.0575836 -0.261979 -0.0351011 0
1231186 597323 m2 0.0208 -0.0679956 -0.529726 0 0.0438641
1231186 500163 m2 0.03815 0.00115779 -0.459012 -0.000610362 0
1231186 607507 m2 0.0164 -0.132545 -0.278045 -0.0530536 0
1231186 495785 m2 0.01555 -0.0614888 -0.548158 -0.0358468 0
1231186 536404 m2 0.05815 0.0874619 -0.64479 0.00793194 0
1231186 689208 m2 0.0126 0.0802468 -0.702538 0.0188282 0
1231186 313844 m2 0.0291 -0.0448241 -0.449125 0.0194759 0
1231186 394374 m2 0.0211 0.0106065 -0.600926 0 -0.0137303
1231186 331176 m2 0.05715 -0.112093 -0.52623 -0.0252097 0
1231186 355948 m2 0.1402 -0.0639853 -0.68236 0.0275978 0
1231186 550651 m2 0.02945 0.0128465 -0.325833 -0.0401813 0
1231186 472974 m2 0.01785 0.139172 -0.345499 0 -0.0112409
1231186 440706 m2 0.05595 -0.103036 -0.492334 -0.0428206 0
1231186 341462 m2 0.05205 -0.220508 -0.691147 0 -0.00668637
1231186 563142 m2 0.01365 0.0730895 -0.581793 0 -0.0362578
1231186 318194 m2 0.0149 -0.00540887 -0.547128 0 -0.0703167
1231186 591820 m2 0.0155 -0.119147 -0.380085 -0.042017 0
1231186 328406 m2 0.06815 -0.0290747 -0.737197 0.0262649 0
1231186 314086 m2 0.03015 -0.0700318 -0.524308 -0.0725228 0
1231186 658869 m2 0.0466 0.0182511 -0.540027 0.00875732 0
1231186 308806 m2 0.0376 -0.0927729 -0.491849 0 -0.0365242
1231186 326437 m2 0.056 0.0961192 -0.632729 0.0664558 0
1231186 371920 m2 0.04075 0.0174618 -0.62383 -0.0491219 0
1231186 607000 m2 0.0287 -0.0306867 -0.597284 0 0.0365831
1231186 507844 m2 0.03735 -0.069582 -0.523891 -0.0651526 0
1231186 478931 m2 0.04675 -0.0196551 -0.731389 0.0472926 0
1231186 693117 m2 0.02465 -0.0804999 -0.519526 0 -0.0372957
1231186 701514 m2 0.01455 0.150292 -0.606017 0 -0.0269668
1231186 549608 m2 0.0921 -0.041776 -0.606172 -0.100525 0
1231186 507359 m2 0.046 -0.0553005 -0.630881 -0.0180804 0
1231186 560130 m2 0.0211 -0.0848384 -0.499545 0 -0.0233374
1231186 654218 m2 0.0352 -0.0506747 -0.431508 0 -0.0422383
1231186 645768 m2 0.0181 0.122394 -0.517375 -0.00316586 0
1231186 512558 m2 0.0179 -0.00541258 -0.528351 0.0422591 0
1231186 436928 m2 0.0213 -0.104645 -0.557722 0 -0.00334527
1231186 663659 m2 0.033 -0.0601554 -0.291833 0 -0.0108247
1231186 443197 m2 0.1059 -0.0184417 -0.697505 -0.0098075 0
1231186 476468 m2 0.01525 -0.0507957 -0.516382 0 -0.0228714
1231186 550131 m2 0.01635 0.0558706 -0.648276 0.0668301 0
1231186 426529 m2 0.03045 -0.085673 -0.515294 -0.0660137 0
1231186 406399 m2 0.02675 -0.135249 -0.407784 -0.10188 0
1231186 398043 m2 0.05065 0.0765209 -0.646652 0.0728214 0
1231186 613673 m2 0.0349 0.128126 -0.706821 0.0129977 0
1231186 506839 m2 0.0406 -0.0555838 -0.575208 0 0.0360873
1231186 498549 m2 0.0342 -0.0287981 -0.683523 0 -0.00322106
1231186 459448 m2 0.0397 -0.0560093 -0.569457 -0.0453416 0
1231186 472400 m2 0.0322 -0.167864 -0.696219 -0.0124543 0
1231186 483211 m2 0.01695 0.138767 -0.42847 0 0.0082089
1231186 413967 m2 0.0205 0.0459146 -0.565178 -0.0589044 0
1231186 703716 m2 0.01245 0.102999 -0.5775 0 0.0109741
1231186 419185 m2 0.08705 -0.0706912 -0.736998 0 0.00767085
1231186 439931 m2 0.0193 -0.0183155 -0.534254 -0.0145053 0
1231186 425508 m2 0.0623 0.077039 -0.519703 -0.000550137 0
1231186 620115 m2 0.02435 0.11439 -0.541953 0.0291285 0
1231186 693855 m2 0.0189 -0.105456 -0.482204 0 0.0144293
1231186 659124 m2 0.0231 -0.0974105 -0.496176 0 0.00315109
1231186 440936 m2 0.02845 -0.0374201 -0.589755 0 -0.00510621
1231186 643781 m2 0.01085 -0.0790849 -0.278717 0 -0.0157367
1231186 452197 m2 0.0549 -0.0271598 -0.522087 0.0109858 0
1231186 687416 m2 0.0124 -0.0725225 -0.62566 -0.00384418 0
1231186 615171 m2 0.01135 -0.0605062 -0.452961 0 -0.0272282
1231186 539875 m2 0.01405 0.0832503 -0.278879 0.0799812 0
1231186 658849 m2 0.0135 0.130372 -0.601618 0 0.0164157
1231186 542368 m2 0.0291 0.110153 -0.577768 0 -0.0245822
1231186 559871 m2 0.0137 -0.106725 -0.603449 -0.0482035 0
1231186 661602 m2 0.0159 -0.0884377 -0.517729 -0.0304898 0
1231186 601930 m2 0.0108 -0.109034 -0.378119 0 -0.00429413
1231186 537115 m2 0.0349 -0.039648 -0.679922 0 0.0166125
1231186 639712 m2 0.0102 0.0430349 -0.645523 0 -0.0140679
1231186 669281 m2 0.0131 0.0538388 -0.55377 0 -0.000714677
1231186 709285 m2 0.0161 -0.0528827 -0.513223 0 0.00362027
1231186 545854 m2 0.02825 -0.172617 -0.438248 -0.0358114 0
1231186 605760 m2 0.0259 -0.0431135 -0.553824 -0.0327434 0
1231186 610953 m2 0.02085 0.0142079 -0.69799 0.0455994 0
