seed mutID muttype p cor_sal cor_temp mutSalEffect mutTempEffect
1231209 556198 m2 0.0277888 -0.0334373 -0.0903555 0.00808055 0
1231209 297808 m2 0.0119522 0.31962 0.0219764 0.0466938 0
1231209 533744 m2 0.038745 0.00369064 0.351458 0 0.0160739
1231209 333303 m2 0.0422809 0.553786 0.104081 0.0362397 0
1231209 482566 m2 0.105727 0.331911 0.563513 0 0.0371813
1231209 571684 m2 0.06499 -0.243277 0.380434 0 -0.0859906
1231209 312665 m2 0.038994 -0.075916 -0.343209 -0.0447847 0
1231209 480553 m2 0.0250996 0.19902 0.0811621 0 0.0575843
1231209 27648 m2 0.0194223 0.309028 -0.331894 0.00769721 0
1231209 46215 m2 0.236504 -0.270002 0.0746791 -0.0206722 0
1231209 498148 m2 0.163247 0.00502973 -0.630449 0 -0.0644906
1231209 595800 m2 0.0450199 0.392468 0.389795 -0.00770999 0
1231209 397253 m2 0.0642928 -0.275782 0.411269 -0.025162 0
1231209 323147 m2 0.234363 0.198886 0.499591 0 0.0435967
1231209 142939 m2 0.0804283 -0.428574 0.222103 -0.002075 0
1231209 485618 m2 0.0349104 0.214425 0.431784 0 0.0141154
1231209 403231 m2 0.011753 -0.0537307 0.302744 0 0.059753
1231209 653523 m2 0.0464143 -0.268056 0.36421 -0.0462407 0
1231209 567651 m2 0.0229084 -0.209563 0.322025 0 0.0211269
1231209 389215 m2 0.0368526 0.390457 0.391084 0 0.0015917
1231209 476392 m2 0.0888446 -0.0748617 0.537729 0 0.0589921
1231209 330986 m2 0.113596 -0.315323 0.293877 0 0.0267082
1231209 46744 m2 0.208217 0.393501 -0.304943 0.0496568 0
1231209 483795 m2 0.010757 0.314245 0.0896746 0 0.0922203
1231209 263707 m2 0.137002 0.602966 0.268367 0.0355577 0
1231209 214049 m2 0.073257 0.0162241 0.470266 -0.0135798 0
1231209 54 m2 0.0618028 -0.506882 0.125322 0 -0.00934551
1231209 673032 m2 0.0183267 0.366774 0.334884 0.0298942 0
1231209 249425 m2 0.0218127 0.19629 -0.052976 0 -0.0314427
1231209 430415 m2 0.0526394 0.0255136 0.194973 0 0.0323172
1231209 179535 m2 0.098506 -0.129552 -0.174053 0 0.0379034
1231209 181788 m2 0.038496 -0.0892655 -0.230209 0 0.0364
1231209 256883 m2 0.0736056 -0.244822 0.251929 -0.038853 0
1231209 656544 m2 0.0265438 0.31273 0.124822 0.0459614 0
1231209 495391 m2 0.0621016 0.229934 0.484299 -0.00354405 0
1231209 79 m2 0.0114542 -0.0545611 -0.269645 -0.0278344 0
1231209 80449 m2 0.126444 0.0754618 0.527763 0 0.0174444
1231209 136385 m2 0.262151 -0.304416 0.490532 0 0.00150327
1231209 400454 m2 0.0335657 0.300009 -0.140349 0 0.054076
1231209 294406 m2 0.124552 0.324099 0.469429 0 0.0805148
1231209 29928 m2 0.238894 0.461699 0.551028 0 0.0233784
1231209 562398 m2 0.0455677 0.244545 0.0806733 0 0.0197079
1231209 708400 m2 0.0124502 0.311172 0.350097 -0.0972869 0
1231209 345142 m2 0.0351594 0.0216444 -0.252186 0 -0.0315077
1231209 218989 m2 0.0832171 0.0241843 -0.262095 0.0197622 0
1231209 547038 m2 0.0199203 0.230551 0.398725 0 0.0561652
1231209 380612 m2 0.036006 0.25943 0.129801 0.00582109 0
1231209 673842 m2 0.0114044 0.156597 0.353079 0 0.0470054
1231209 25690 m2 0.0137948 -0.0109733 0.0937955 0 -0.0139691
1231209 475116 m2 0.0101594 0.161158 0.0934757 0.0662614 0
1231209 285915 m2 0.0192729 0.0797791 0.267022 0.0272691 0
1231209 548826 m2 0.0306773 -0.0705257 0.267363 0 0.00958742
1231209 55881 m2 0.0164343 0.185919 -0.232131 0 -0.0266003
1231209 209357 m2 0.0116534 0.227538 -0.350363 0 -0.0364483
1231209 235746 m2 0.0459661 -0.3457 0.209888 0 -0.00702826
1231209 419218 m2 0.0216135 0.332864 0.355876 0.0224086 0
1231209 276513 m2 0.0188247 -0.308033 -0.241516 -0.0676371 0
1231209 516667 m2 0.0112052 0.0118528 0.0786187 0 -0.0263519
1231209 294895 m2 0.118576 0.0853109 0.513736 0.00798567 0
1231209 310599 m2 0.141882 0.234006 0.509003 0 0.074823
1231209 485110 m2 0.0314243 -0.248427 0.314397 0 -0.030064
1231209 421587 m2 0.0678287 -0.457356 0.198689 -0.0427141 0
1231209 561434 m2 0.105926 -0.119002 0.546001 0 0.132133
1231209 677082 m2 0.0144422 0.136482 0.374759 0 0.0658975
1231209 277743 m2 0.0192729 0.100679 0.230039 0.0190984 0
1231209 472127 m2 0.026245 0.101677 0.0629201 0.055034 0
1231209 327462 m2 0.0368028 -0.0322896 -0.0441104 -0.0250735 0
1231209 516665 m2 0.0270916 -0.0301624 -0.383924 -0.0144393 0
1231209 620547 m2 0.0145418 -0.162195 0.229425 0 -0.0735202
1231209 462920 m2 0.0127988 -0.0965892 -0.24275 0.0026944 0
1231209 707644 m2 0.0197211 0.151795 0.169696 0.0290158 0
1231209 572920 m2 0.0655876 0.189278 0.49477 -0.031412 0
1231209 7797 m2 0.177839 0.0160451 -0.150193 0.0156774 0
1231209 353861 m2 0.0220618 0.24369 0.222906 0 -0.0389589
1231209 98444 m2 0.0572709 0.367697 0.0806661 0 0.0463648
1231209 622991 m2 0.0207669 -0.109048 -0.206785 0 0.00986559
1231209 392815 m2 0.0151394 0.137064 -0.253734 0.0295033 0
1231209 611493 m2 0.048755 -0.313534 0.340698 0.00676078 0
1231209 570691 m2 0.0564243 0.214589 0.46036 0 0.0290894
1231209 568897 m2 0.0317231 -0.295878 0.200282 -0.0313933 0
1231209 580962 m2 0.0266434 0.358249 0.345876 0 0.0151706
1231209 542953 m2 0.0109064 0.35523 -0.09581 -0.00991149 0
1231209 462917 m2 0.048506 0.467947 0.0739781 0 0.0976754
1231209 343393 m2 0.027988 0.413136 0.316975 0.0321594 0
1231209 313418 m2 0.0674303 0.306883 -0.337013 -0.0108304 0
1231209 143913 m2 0.0869024 -0.105135 0.485358 0.00422782 0
1231209 650292 m2 0.0342131 0.48076 0.375767 0 0.0370633
1231209 554186 m2 0.127739 0.137882 0.574558 0 0.0132768
1231209 91350 m2 0.0187749 0.23192 0.255926 0 -0.00956386
1231209 188702 m2 0.105528 -0.347414 0.412453 -0.0376945 0
1231209 87185 m2 0.025249 0.432341 0.0991037 0 0.0304366
1231209 560681 m2 0.0115538 0.152865 0.265379 0.0582875 0
1231209 597023 m2 0.047012 -0.164391 0.404214 0 0.014736
1231209 680895 m2 0.0186753 0.351398 0.348754 0 -0.00493667
1231209 347388 m2 0.0422311 -0.325961 0.335448 -0.0116686 0
1231209 43765 m2 0.101394 -0.453802 -0.222399 -0.067297 0
1231209 390233 m2 0.015488 -0.111518 0.0979437 0 0.0120561
1231209 683467 m2 0.0129482 0.452607 0.263042 0.0752949 0
1231209 699444 m2 0.0238546 0.386567 0.413828 0.015627 0
1231209 360569 m2 0.0923307 0.326837 0.424913 0.038584 0
1231209 402718 m2 0.0666833 0.368647 0.409451 0 0.0222671
1231209 681638 m2 0.0270418 -0.0534587 0.480265 0 0.0106863
1231209 416467 m2 0.0717629 -0.030593 0.558054 0 0.0244784
1231209 700152 m2 0.0149402 -0.0735761 0.378437 0 0.0327681
1231209 678340 m2 0.0108068 0.260467 0.0615495 0.0460905 0
1231209 142649 m2 0.0234064 0.326135 -0.250299 0 -0.0159574
1231209 92919 m2 0.258416 0.723493 0.213802 0.0624025 0
1231209 602331 m2 0.0285359 -0.073555 0.059845 -0.0275406 0
1231209 655251 m2 0.0156873 0.348464 0.11955 0 0.0161792
1231209 645816 m2 0.0171315 0.468031 0.325892 0.028893 0
1231209 111333 m2 0.0666335 -0.155188 -0.392363 -0.0130215 0
1231209 518420 m2 0.0412351 -0.150753 -0.339272 0.0330282 0
1231209 161802 m2 0.0196713 -0.168995 0.229951 0 -0.0314973
1231209 599830 m2 0.0166335 0.174523 0.264048 0 -0.0200005
1231209 108290 m2 0.0486056 0.333454 -0.458681 0 -0.0322046
1231209 142411 m2 0.0475598 0.0775492 -0.066364 0 0.00146702
1231209 299319 m2 0.0828685 0.515209 -0.238305 0 0.0373597
1231209 89123 m2 0.022261 0.311516 0.250127 0 0.00401851
1231209 81397 m2 0.150996 0.0409452 0.47279 0 0.0066425
1231209 608162 m2 0.0252988 0.328492 0.447036 0 0.0140652
1231209 379846 m2 0.0729084 -0.325742 -0.248488 -0.0189663 0
1231209 630433 m2 0.0304283 0.319963 -0.500324 0 -0.0830969
1231209 340609 m2 0.035259 0.248979 0.205704 0 0.0947138
1231209 664629 m2 0.0221116 0.357122 0.131904 0 -0.0199647
1231209 211761 m2 0.139243 0.506058 0.452233 0.0491842 0
1231209 142647 m2 0.344721 0.534631 0.443903 0.0312383 0
1231209 646536 m2 0.0255976 0.0285014 0.412176 0.0428979 0
1231209 655249 m2 0.0126494 0.315674 0.26155 0 0.0996742
1231209 647803 m2 0.0204183 -0.0956682 -0.203515 0 0.0177384
1231209 419687 m2 0.141086 -0.219922 0.293463 0 -0.00385956
1231209 357123 m2 0.0165837 0.201822 0.224268 -0.0362959 0
1231209 161562 m2 0.0471614 0.184484 0.457463 0 0.0392854
1231209 232658 m2 0.113745 -0.445161 0.180759 -0.0980939 0
1231209 635401 m2 0.075249 -0.296511 0.374721 -0.0228287 0
1231209 677810 m2 0.0100598 0.143408 0.276711 -0.00773229 0
1231209 435135 m2 0.0152888 0.335363 0.335759 0.0354417 0
1231209 653511 m2 0.0184263 0.000408825 0.132856 -0.0232307 0
1231209 163027 m2 0.0123506 0.45094 -0.133228 0.0145564 0
1231209 406739 m2 0.023008 -0.289143 0.0726937 0 -0.0851757
1231209 83668 m2 0.118177 -0.427355 0.0728917 -0.0555331 0
1231209 292184 m2 0.0371016 0.334135 0.295065 0 -0.00173854
1231209 531691 m2 0.0306275 0.252141 0.407917 0 -0.0168577
1231209 446925 m2 0.100498 -0.231116 0.389375 0 0.00745646
1231209 622985 m2 0.0123008 0.102555 -0.253027 0.0299425 0
1231209 76632 m2 0.0216135 0.114206 0.184752 0.00681649 0
1231209 608428 m2 0.0274402 0.190297 0.270455 0 0.0233226
1231209 151998 m2 0.112052 0.498843 -0.220622 0.00563438 0
1231209 248892 m2 0.137002 0.440911 0.25803 0 0.0270571
1231209 538147 m2 0.0216135 0.346307 0.248576 0 0.0105033
1231209 485860 m2 0.038994 0.123862 -0.0212604 0 0.014716
1231209 469098 m2 0.0179283 0.216894 0.223735 0.0554374 0
1231209 595784 m2 0.0318227 -0.0955597 0.484368 -0.0480913 0
1231209 653762 m2 0.0213645 0.0958437 0.372256 0 0.0548748
1231209 597479 m2 0.0113048 0.190331 0.300544 0.0364531 0
1231209 231659 m2 0.240139 -0.109046 0.599062 0 0.0768994
1231209 526711 m2 0.0531873 -0.171951 0.424227 -0.00197592 0
1231209 338902 m2 0.062251 0.462022 0.327173 0 0.0420592
1231209 692930 m2 0.0130976 0.206913 0.263183 -0.00534463 0
1231209 620529 m2 0.0469124 0.296165 0.492887 0 -0.0585195
1231209 68380 m2 0.0403884 -0.13411 0.219458 0 -0.028179
1231209 264923 m2 0.124054 -0.214914 -0.511106 0 -0.0403442
1231209 716566 m2 0.0126992 0.382207 0.15703 0.0149253 0
1231209 691662 m2 0.0166833 -0.238037 0.283436 0 0.00499369
1231209 256843 m2 0.0289841 0.348429 0.208928 0.0476251 0
1231209 635146 m2 0.0416833 0.31356 0.381223 0.0191835 0
1231209 649529 m2 0.012998 0.245436 0.0459708 0 -0.0417821
1231209 141128 m2 0.291285 0.543061 -0.128199 0.0268943 0
1231209 250217 m2 0.0318227 -0.294366 0.0845662 0 -0.0177921
1231209 469090 m2 0.023506 0.220702 -0.202205 0 -0.0277062
1231209 516640 m2 0.0192729 0.274114 -0.10061 0 0.00272668
1231209 618804 m2 0.0310259 0.174443 0.346707 0 -0.0604504
1231209 504671 m2 0.0621016 -0.2635 0.328754 -0.00216998 0
1231209 458035 m2 0.0319721 -0.0988577 0.0177909 0 0.000844515
1231209 447183 m2 0.0184263 -0.109484 -0.341264 0 0.0834215
1231209 559184 m2 0.0640936 0.264106 0.36349 0.00255909 0
1231209 442247 m2 0.0147908 -0.038133 -0.34285 0 -0.00401356
1231209 633381 m2 0.0356076 -0.313473 0.298994 -0.0119126 0
1231209 159551 m2 0.0189243 0.267461 -0.25366 0 0.0237439
1231209 667653 m2 0.0125498 -0.132483 -0.00918156 0.0515462 0
1231209 248373 m2 0.0149402 -0.0349064 0.167864 0 -0.0144824
1231209 381104 m2 0.108815 -0.23262 -0.394185 0 -0.0122525
1231209 427344 m2 0.099502 -0.0653507 0.615783 0 0.059133
1231209 640899 m2 0.0392928 -0.174008 0.41031 -0.0111572 0
1231209 82409 m2 0.150896 -0.00478228 0.571484 -0.0261736 0
1231209 1583 m2 0.0302789 0.0714904 -0.123432 0 -0.0228649
1231209 568116 m2 0.0201693 0.253761 0.344117 0.01723 0
1231209 135563 m2 0.0577689 0.251029 -0.532775 0 -0.0505965
1231209 409917 m2 0.0146414 0.139773 -0.0264266 0.0262404 0
1231209 464150 m2 0.0295817 0.425491 0.170479 0 0.073856
1231209 353827 m2 0.0182769 -0.247167 -0.260085 0 0.0307639
1231209 311892 m2 0.0241036 0.381651 0.244496 0 0.0151493
1231209 98403 m2 0.114392 0.0304422 -0.356287 0.0410992 0
1231209 685926 m2 0.0159363 0.197267 0.396433 0.029221 0
1231209 645800 m2 0.0216135 -0.1753 0.267571 0 0.00195417
1231209 375591 m2 0.0186255 0.14835 0.360274 0 -0.0280617
1231209 545491 m2 0.0115538 0.203437 0.154501 0 -0.0441783
1231209 601559 m2 0.0123008 0.347257 0.00630229 0.0744787 0
1231209 665100 m2 0.0253984 0.175037 0.266755 0.0470121 0
1231209 447450 m2 0.0225598 -0.176233 0.0481584 -0.0122516 0
1231209 418444 m2 0.109313 -0.348795 -0.308141 -0.0542627 0
1231209 388431 m2 0.15259 -0.124398 0.423175 0 0.0376737
1231209 480514 m2 0.011255 0.0253672 -0.323243 0 -0.0647845
1231209 319359 m2 0.0492032 -0.208196 0.187968 0.0382918 0
1231209 384342 m2 0.0657869 0.0235228 0.434207 0 0.0309683
1231209 424822 m2 0.038745 -0.328375 -0.305725 -0.0518321 0
1231209 586221 m2 0.0204183 0.0774311 0.37802 0.0496085 0
1231209 239397 m2 0.162948 -0.00514562 0.300498 0 0.0673318
1231209 198374 m2 0.0737052 0.251024 -0.46855 0 0.0165058
1231209 527211 m2 0.0372012 -0.0219466 -0.352314 0 -0.0398873
1231209 487344 m2 0.0313247 0.463636 0.0812649 0 -0.0308176
1231209 481027 m2 0.0187251 -0.18783 0.191628 -0.0123708 0
1231209 253242 m2 0.122908 -0.272035 -0.26995 0 -0.091841
1231209 476834 m2 0.074502 0.168344 0.477684 0.0115795 0
1231209 423569 m2 0.0294323 -0.119841 0.00111168 0 0.0448312
1231209 362114 m2 0.0552291 -0.235653 0.452448 -0.054442 0
1231209 491678 m2 0.10752 0.388965 0.578388 0.048686 0
1231209 453032 m2 0.0344124 0.164944 0.0507942 0.0208741 0
1231209 705629 m2 0.0171813 -0.281469 0.24199 0.0128688 0
1231209 693409 m2 0.0108068 0.273349 -0.0295602 0.0069527 0
1231209 431855 m2 0.0251494 -0.143941 -0.0805256 0 -0.0770129
1231209 347851 m2 0.103486 -0.366941 0.248669 0 0.0615354
1231209 518642 m2 0.0302291 0.417705 0.328 0.0710324 0
1231209 669028 m2 0.011753 0.34368 0.0398691 0.0462483 0
1231209 555911 m2 0.0169821 -0.1684 0.122174 0.0071091 0
1231209 532974 m2 0.0128984 -0.21296 -0.0287276 0 0.0204386
1231209 4310 m2 0.0186255 0.426914 0.0797601 0 -0.0266794
1231209 618248 m2 0.0176793 0.00723704 0.259313 0.0077537 0
1231209 512566 m2 0.0120518 -0.254112 -0.276362 -0.0897421 0
1231209 672978 m2 0.0170319 0.388387 0.0893061 0.0427425 0
1231209 156859 m2 0.0534363 0.408665 -0.480532 0.0571095 0
1231209 633606 m2 0.0165339 -0.284714 0.162317 -0.0931687 0
1231209 167503 m2 0.0105578 -0.148786 -0.0366987 -0.0249464 0
1231209 621968 m2 0.0103088 -0.0570587 0.198051 0 0.059008
1231209 527440 m2 0.0268426 -0.271622 0.387334 0 0.0986932
1231209 612442 m2 0.0203187 0.234149 0.253656 0 0.0260857
1231209 498099 m2 0.0141932 0.376687 -0.0598524 0 -0.0453332
1231209 63598 m2 0.0241036 0.306231 -0.0169796 0 0.0464943
1231209 404703 m2 0.0343625 0.262958 0.327184 0.0232912 0
1231209 545478 m2 0.0221614 -0.0678853 0.344081 -0.00874892 0
1231209 246814 m2 0.0518924 -0.131025 -0.110707 -0.00784105 0
1231209 539429 m2 0.0292829 0.281576 -0.00552115 -9.79459e-05 0
1231209 657306 m2 0.0194721 -0.132919 -0.0154128 0 0.0676435
1231209 704893 m2 0.014741 0.189935 0.0686922 0 -0.0308046
1231209 583376 m2 0.0385458 -0.245389 -0.305759 0 -0.00622517
1231209 561118 m2 0.0157869 0.188205 0.0648648 0.0333774 0
1231209 166717 m2 0.107669 -0.32639 -0.334109 -0.000690991 0
1231209 134538 m2 0.0472112 0.19307 0.291549 0.084777 0
1231209 637068 m2 0.0113048 0.151647 0.264321 -0.0117437 0
1231209 247324 m2 0.034761 -0.23185 -0.296321 -0.0579174 0
1231209 679840 m2 0.0125996 0.0656893 -0.117791 0 -0.115344
1231209 689368 m2 0.012998 0.256339 0.365677 -0.0555787 0
1231209 709537 m2 0.0155876 0.187273 0.177558 -0.0392397 0
1231209 100384 m2 0.103088 0.22564 -0.12409 0 -0.0317614
1231209 425565 m2 0.010259 0.109134 0.149999 -0.0089843 0
1231209 675336 m2 0.011504 0.364143 0.0176291 0 -0.0675874
1231209 492161 m2 0.0140936 0.315063 -0.0771122 0.0305929 0
1231209 553608 m2 0.0101096 0.359475 0.0631144 0.056715 0
1231209 136536 m2 0.0285359 0.364352 -0.363866 -0.0103725 0
1231209 594980 m2 0.0182271 0.237625 0.232027 0 0.0363729
1231209 648487 m2 0.0177291 0.221901 0.311239 0 -0.0126726
1231209 595740 m2 0.0100598 0.185856 0.0645663 0.027663 0
1231209 261591 m2 0.129432 -0.417582 0.176018 -0.0473681 0
1231209 126753 m2 0.0255478 -0.0716387 -0.300953 0 0.055013
1231209 658011 m2 0.0143924 0.428944 0.116961 0.0380676 0
1231209 405460 m2 0.0274402 -0.139364 0.172395 0 -0.014149
1231209 526427 m2 0.0141932 -0.0115938 -0.253682 0 -0.00646242
1231209 35602 m2 0.0370518 0.286026 -0.457442 0.0708828 0
1231209 596965 m2 0.0180777 0.364892 0.123963 0.0527201 0
1231209 641837 m2 0.014243 0.388239 -0.24824 0 0.0878945
1231209 48923 m2 0.149153 -0.0248133 0.220616 0 0.0144115
1231209 575354 m2 0.0354582 0.0837057 0.134061 0 0.024999
1231209 597187 m2 0.0135458 -0.0466264 -0.172538 0 0.0625528
1231209 318574 m2 0.118127 -0.240341 0.436573 0 0.044155
1231209 212695 m2 0.0591633 0.238735 -0.255706 0.0440578 0
1231209 230370 m2 0.0422809 0.4116 0.0723511 0.035883 0
1231209 597662 m2 0.0120518 0.423354 0.133878 0.0372478 0
1231209 93076 m2 0.0951693 0.398272 0.491231 0 0.0123049
1231209 22080 m2 0.0650398 -0.435514 0.104132 -0.0229006 0
1231209 145405 m2 0.176096 0.092717 0.50032 0 0.00268189
1231209 631593 m2 0.0170319 -0.145134 0.312099 0 -0.0139129
1231209 3941 m2 0.25742 0.360413 0.624408 0 0.0332178
1231209 23586 m2 0.0326195 -0.266129 -0.342075 0 -0.00668985
1231209 642646 m2 0.0287849 0.303501 0.139363 0.011512 0
1231209 689347 m2 0.0125498 -0.132483 -0.00918156 0 0.0292135
1231209 712995 m2 0.0180279 0.366313 0.157868 -0.0428875 0
1231209 325343 m2 0.0173805 0.0760337 -0.0543203 0 0.0554088
1231209 717036 m2 0.0146414 0.188328 0.0262849 0.085079 0
1231209 534881 m2 0.0246016 0.308284 0.0262055 0 0.0167249
1231209 407411 m2 0.0775896 -0.382381 0.156974 -0.0138834 0
1231209 398412 m2 0.0414841 0.323434 0.421796 0 0.0654945
1231209 681306 m2 0.0122012 -0.26783 0.175088 0 -0.0231935
1231209 278626 m2 0.0198705 0.0875882 -0.375365 0.0283232 0
1231209 266816 m2 0.0481076 0.0942468 -0.468726 0 -0.0692606
1231209 243997 m2 0.0103088 0.196272 -0.256303 0 -0.05798
1231209 402403 m2 0.0390936 -0.250366 0.347224 0 -0.0199065
1231209 719865 m2 0.0106076 -0.101423 0.112252 0.0107221 0
1231209 265590 m2 0.0456673 0.112658 0.0363179 0 -0.0841219
1231209 347310 m2 0.0170817 -0.148353 -0.0603574 0 0.0152059
1231209 620947 m2 0.0114542 0.218223 -0.194066 0 -0.0778209
1231209 186171 m2 0.132869 -0.282858 -0.338161 -0.0628471 0
1231209 699828 m2 0.0193725 -0.253922 -0.0811841 0.0279068 0
1231209 517603 m2 0.0180777 -0.245658 0.157364 -0.0608807 0
1231209 522403 m2 0.0224104 0.330057 0.335114 0 0.0230261
1231209 459012 m2 0.0270916 -0.248194 0.0424155 -0.0301301 0
1231209 408602 m2 0.0498506 0.52197 -0.00348797 0 -0.0257614
1231209 674259 m2 0.012998 -0.0697515 0.168144 0 -0.0777119
1231209 189092 m2 0.0862052 -0.202312 0.274954 0 0.00723938
1231209 385274 m2 0.144821 -0.250934 0.239954 0 0.0515344
1231209 396218 m2 0.0591135 0.331399 0.0308684 0.0413642 0
1231209 615619 m2 0.0129482 -0.0550832 0.0204395 -0.0346802 0
1231209 472768 m2 0.010508 0.232533 0.0786149 -0.0097101 0
1231209 604472 m2 0.0129482 0.179541 -0.393086 0 0.0139113
1231209 692866 m2 0.0108566 -0.208084 0.284723 0.0938556 0
1231209 278123 m2 0.161056 0.536238 -0.4957 -0.0158607 0
1231209 232302 m2 0.0190239 -0.0746973 -0.148498 -0.00163343 0
1231209 246033 m2 0.129432 0.142435 -0.0731485 -0.00873786 0
1231209 608071 m2 0.0140438 0.215507 -0.358671 0 0.03242
1231209 127963 m2 0.026743 0.336735 0.151611 0 0.0269976
1231209 7582 m2 0.0827191 -0.272379 0.396503 0.000911428 0
1231209 695830 m2 0.0138944 0.406107 0.09666 0 -0.011178
1231209 286022 m2 0.026743 0.195394 0.431489 0.0082923 0
1231209 146892 m2 0.101195 0.138255 -0.407426 0 0.00417938
1231209 528142 m2 0.010259 0.155971 0.0495283 0.0427473 0
1231209 75550 m2 0.0378486 0.348444 0.336402 0.0565177 0
1231209 636291 m2 0.010259 0.133729 -0.211634 0 -0.0283461
1231209 469031 m2 0.0116534 0.173887 0.2903 0 -0.0685321
1231209 7864 m2 0.16494 -0.135892 0.164733 0.0104926 0
1231209 529844 m2 0.0713645 -0.213193 -0.425586 -0.028779 0
1231209 226299 m2 0.0474104 -0.184044 -0.406877 0.0105046 0
1231209 145368 m2 0.0682271 0.258675 -0.397891 0 -0.0301552
1231209 414894 m2 0.0302789 0.0767076 -0.0769421 0.052556 0
1231209 635535 m2 0.0475598 -0.296257 0.0388133 0 -0.0347109
1231209 347037 m2 0.178038 0.072313 0.665352 0 0.0533223
1231209 83073 m2 0.105528 0.131302 -0.514118 -0.0202034 0
1231209 722340 m2 0.0109064 -0.000359112 0.153485 0.0474507 0
1231209 79303 m2 0.153287 0.0858933 -0.553132 0.0072003 0
1231209 456447 m2 0.0217131 -0.163166 -0.0947395 0 0.0103318
1231209 536853 m2 0.0315737 0.113171 0.438321 0.0100307 0
1231209 529330 m2 0.0327689 -0.124627 -0.183096 -0.0410328 0
1231209 378992 m2 0.0126494 0.251288 0.306348 -0.000343571 0
1231209 666852 m2 0.011504 0.380271 0.20332 0 0.00874177
1231209 63018 m2 0.0943725 0.566569 0.261871 0.0724874 0
1231209 608869 m2 0.0193725 -0.032002 0.173497 -0.0243433 0
1231209 702788 m2 0.0121016 0.0414711 0.100995 0 0.00819896
1231209 438552 m2 0.08501 -0.33376 0.357738 -0.0305318 0
1231209 232556 m2 0.0790837 -0.521277 0.114737 -0.119468 0
1231209 105361 m2 0.117629 0.391286 -0.397337 0 -0.0192074
1231209 446318 m2 0.10991 -0.0176235 -0.430086 -0.0151578 0
1231209 295772 m2 0.0926295 0.289716 0.597877 0.0349369 0
1231209 247007 m2 0.022012 0.107881 -0.179604 0.0415917 0
1231209 264109 m2 0.0209661 0.114018 0.183322 -0.00753586 0
1231209 55992 m2 0.0305777 0.451595 -0.226613 0.100219 0
1231209 633290 m2 0.0146912 -0.0457643 -0.364902 -0.0025355 0
1231209 595918 m2 0.0374502 0.251276 -0.0347788 0 -0.0274953
1231209 289607 m2 0.155578 -0.0654007 -0.5182 0 -0.0611265
1231209 561310 m2 0.01499 0.253478 0.13452 0.079089 0
1231209 55719 m2 0.283317 0.340231 0.152727 0.0338801 0
1231209 526143 m2 0.0349104 0.427864 0.42431 0.0577816 0
1231209 357538 m2 0.0510458 -0.0934115 -0.333112 0.0265459 0
1231209 348710 m2 0.146912 0.297969 -0.385833 0.0485208 0
1231209 445087 m2 0.0294323 0.334667 0.104153 0 -0.0107552
1231209 607341 m2 0.0138446 -0.157816 -0.0884785 0.000556365 0
1231209 411353 m2 0.0384462 0.058754 0.437735 0 -0.0245594
1231209 326823 m2 0.0194223 -0.0760527 0.189339 0.109451 0
1231209 650950 m2 0.0161853 -0.215428 0.0340119 0 0.0280278
1231209 308936 m2 0.0590139 0.0700856 -0.514213 0 -0.067942
1231209 527841 m2 0.0227092 0.500384 -0.241016 0 0.0753207
1231209 51209 m2 0.0534861 -0.298437 0.407849 0 0.0305868
1231209 635521 m2 0.0218625 0.0572424 0.0800045 0 -0.0463323
1231209 536065 m2 0.0182271 -0.197714 0.0306681 0 -0.0299101
1231209 73826 m2 0.0719124 -0.222131 -0.187646 0 -0.00237895
1231209 382747 m2 0.128785 -0.3759 0.198638 -0.0269197 0
1231209 596665 m2 0.0171813 0.479124 0.00460009 0.0334257 0
1231209 542844 m2 0.0146414 0.0889134 -0.295804 0 0.0395928
1231209 680317 m2 0.0126992 -0.303616 -0.0114614 -0.0698135 0
1231209 443339 m2 0.0108068 0.29832 -0.00192981 0 -0.0546824
1231209 602446 m2 0.0196713 0.345831 0.335113 -0.00320044 0
1231209 354739 m2 0.0101096 0.312375 0.362511 0 -0.0300629
1231209 78772 m2 0.0459163 -0.154424 -0.370231 0 0.0426473
1231209 526131 m2 0.0378486 0.40655 0.0537456 0.0202646 0
1231209 536548 m2 0.047261 -0.154987 0.228814 0 0.0290576
1231209 76290 m2 0.0346614 -0.171374 -0.196419 -0.00975552 0
1231209 650180 m2 0.011504 0.26478 -0.0385798 0 -0.00844489
1231209 376492 m2 0.0515438 -0.0514443 -0.246921 0 -0.00395203
1231209 296698 m2 0.074751 -0.00641556 -0.155049 0 -0.0249588
1231209 83797 m2 0.0131474 0.437732 0.08312 0.103345 0
1231209 697037 m2 0.010757 0.0619016 -0.212262 0.0372956 0
1231209 309446 m2 0.0638446 -0.262061 -0.233661 -0.0301032 0
1231209 248277 m2 0.0414841 0.451074 -0.168759 0.0440123 0
1231209 686332 m2 0.0255976 0.370037 0.317516 0 0.0247163
1231209 620669 m2 0.0183267 0.384952 0.16466 0 -0.10338
1231209 559820 m2 0.0101594 0.148049 -0.206627 0 0.0818965
1231209 266022 m2 0.0158865 0.281219 0.260302 0 0.0489451
1231209 384471 m2 0.035757 0.272945 0.454158 0.00854838 0
1231209 328618 m2 0.0314741 0.372039 0.374424 0.0489821 0
1231209 216845 m2 0.14004 0.0788749 -0.186054 0 -0.0108592
1231209 666830 m2 0.022261 0.0668077 0.0786413 0 -0.0238362
1231209 550460 m2 0.0118526 0.285322 -0.185501 0.0248927 0
1231209 519054 m2 0.0188247 0.00881075 0.0152691 0.00807602 0
1231209 159426 m2 0.0119024 0.190584 0.0791444 0 -0.0224212
1231209 425755 m2 0.0533367 0.241616 -0.0408824 0.0239838 0
1231209 670658 m2 0.0110558 0.153453 0.0551412 0.0285801 0
1231209 702053 m2 0.0212649 0.478406 0.0461308 0 0.0339917
1231209 574792 m2 0.0310259 0.3613 -0.123835 -0.0108346 0
1231209 534332 m2 0.0108068 0.344451 0.205788 0.0204607 0
1231209 258998 m2 0.321962 -0.0196042 -0.147676 0 -0.000712761
1231209 309156 m2 0.172759 0.541552 -0.430057 0.0564449 0
1231209 43315 m2 0.0683765 0.123514 -0.094789 0 0.00367411
1231209 655109 m2 0.0148406 0.369735 -0.268316 0.0477063 0
1231209 140758 m2 0.0368028 -0.058933 -0.468791 0.0371665 0
1231209 430521 m2 0.0118526 0.387897 -0.0450505 0.0696706 0
1231209 80767 m2 0.0557769 -0.218916 0.0445963 0 0.00669757
1231209 174807 m2 0.0553287 -0.268646 -0.29574 0 -0.0423866
1231209 37494 m2 0.174701 -0.241864 0.0336915 0.00151277 0
1231209 383436 m2 0.0696215 0.367505 0.311433 0 0.0419437
1231209 625745 m2 0.0149402 0.452578 -0.304036 0.0370119 0
1231209 402090 m2 0.0313745 0.464014 0.350769 0 -0.0150574
1231209 513168 m2 0.0247012 0.396111 -0.258703 0.0703117 0
1231209 199000 m2 0.230478 0.0919845 0.671146 0 0.0166009
1231209 586901 m2 0.0376494 0.323746 -0.10904 0.0434657 0
1231209 401523 m2 0.0104084 -0.178333 0.0827806 0 0.0752164
1231209 244985 m2 0.0433765 0.434694 0.290737 0.0661277 0
1231209 311253 m2 0.0345618 0.202011 -0.379179 0 -0.065922
1231209 64251 m2 0.0184761 0.135512 -0.0918875 -0.0147462 0
1231209 460925 m2 0.0157869 -0.213044 0.0935063 -0.0683019 0
1231209 447845 m2 0.022261 0.388277 0.0960671 -0.00780488 0
1231209 246224 m2 0.119173 0.396945 0.567199 0.0337067 0
1231209 352429 m2 0.0679283 0.262779 -0.133566 0.0229727 0
1231209 447318 m2 0.0545817 -0.46592 0.224681 -0.024107 0
1231209 35477 m2 0.0244522 0.0323796 -0.0629269 -0.0219632 0
1231209 325263 m2 0.0293327 0.129958 0.437815 -0.0110198 0
1231209 52410 m2 0.12012 -0.280602 -0.264138 -0.0071363 0
1231209 110679 m2 0.0400896 -0.283521 -0.119059 -0.0501002 0
1231209 60405 m2 0.0715139 0.287342 0.276043 0.00544256 0
1231209 141724 m2 0.196763 0.130952 -0.251183 0 -0.0991814
1231209 89667 m2 0.0910857 -0.31921 -0.397086 -0.0567158 0
1231209 42796 m2 0.0202191 0.329233 0.430953 0.0821936 0
1231209 403064 m2 0.0234064 -0.19984 0.154488 0 -0.00512635
1231209 150134 m2 0.038745 0.160911 -0.0519471 -0.021942 0
1231209 547395 m2 0.0115538 0.318485 0.12177 0 -0.0266768
1231209 486484 m2 0.0437749 0.21449 0.405962 0.00198186 0
1231209 654334 m2 0.0142928 -0.187224 -0.229789 0 -0.0475905
1231209 35966 m2 0.176494 -0.247408 -0.239057 0 0.00895975
1231209 66693 m2 0.0616036 -0.395126 -0.222657 -0.0384984 0
1231209 651910 m2 0.0202689 0.408741 0.0274692 0 -0.0552236
1231209 261726 m2 0.0754482 -0.424965 0.0702907 -0.0124099 0
1231209 296434 m2 0.035508 -0.345738 -0.17979 0 -0.00804819
1231209 639707 m2 0.0190737 -0.220884 -0.20871 0 0.0405425
1231209 491799 m2 0.01499 -0.267079 -0.244053 0.0220923 0
1231209 176295 m2 0.105478 0.430116 0.499919 0.0327131 0
1231209 297627 m2 0.0852092 0.4616 -0.363454 0.0614228 0
1231209 178843 m2 0.0136952 0.0125074 -0.354441 0.0188055 0
1231209 642550 m2 0.0162849 0.352418 -0.30317 0.0178442 0
1231209 588864 m2 0.022759 0.376496 0.126113 0 -0.0126144
1231209 93450 m2 0.175996 0.105194 0.0695652 0 0.0199571
1231209 386698 m2 0.108616 0.0141862 -0.0763457 0 -0.0333752
1231209 463721 m2 0.0159861 0.406897 0.211547 0.0466042 0
1231209 50652 m2 0.0233566 0.346361 -0.172687 0 0.00360644
1231209 657422 m2 0.0126992 0.272041 -0.16508 0 0.0437336
1231209 664210 m2 0.0197709 -0.198915 0.102502 0 -0.062875
1231209 598612 m2 0.0188745 0.343298 -0.353341 0 -0.000440393
1231209 571002 m2 0.0210657 -0.287341 -0.0675073 -0.0308256 0
1231209 661960 m2 0.0141434 -0.175962 0.112649 0 -0.0250415
1231209 455133 m2 0.0223108 0.109451 0.00466314 0.00355926 0
1231209 671387 m2 0.024253 -0.263531 -0.356563 0 -0.0515623
1231209 560288 m2 0.0171315 -0.0534147 -0.210311 0.024974 0
1231209 313251 m2 0.0418327 -0.0329316 -0.255602 -0.00974214 0
1231209 336897 m2 0.0100598 0.103619 0.279245 -0.00275586 0
1231209 437488 m2 0.0405876 -0.372563 0.165966 0 0.0237432
1231209 481427 m2 0.0229582 0.26951 0.392268 -0.0316981 0
1231209 710895 m2 0.014243 0.0849285 0.0550325 0.0269183 0
1231209 127894 m2 0.0996016 -0.0794901 0.301091 0.00854561 0
1231209 262752 m2 0.0456175 -0.16613 0.429183 -0.0674691 0
1231209 336180 m2 0.106325 0.343277 0.580731 0.0162206 0
1231209 595624 m2 0.0183765 0.365979 0.147545 0 -0.0158244
1231209 353654 m2 0.0815737 0.441457 -0.471618 0 -0.00310235
1231209 665728 m2 0.014492 0.129538 -0.33241 0.0126658 0
1231209 659396 m2 0.010259 0.122554 0.118046 0 0.00552293
1231209 218073 m2 0.0628486 -0.27846 0.418686 -0.0329035 0
1231209 70939 m2 0.101195 -0.137356 -0.449312 0 -0.117611
1231209 218311 m2 0.025996 0.346407 -0.00977093 0.0845165 0
1231209 705229 m2 0.0171315 0.37547 -0.155045 0.00860298 0
1231209 441392 m2 0.0150896 0.289202 0.353234 -0.00468751 0
1231209 505223 m2 0.0463645 -0.341607 -0.323498 -0.0335014 0
1231209 80240 m2 0.140986 -0.174945 0.00407769 0 -0.0170949
1231209 271688 m2 0.0130478 -0.131245 -0.195719 -0.0476723 0
1231209 291254 m2 0.0619522 0.279538 -0.417339 0.0382456 0
1231209 562977 m2 0.0152888 -0.119259 -0.270196 -0.0138593 0
1231209 679986 m2 0.0166335 0.0523775 0.121321 0.0224055 0
1231209 229217 m2 0.0955179 0.322374 -0.360818 -0.0064041 0
1231209 598593 m2 0.0385458 0.00525252 -0.20607 0.084423 0
1231209 262232 m2 0.0930279 0.0442768 0.321551 0 -0.0179176
1231209 638947 m2 0.0135458 0.469408 -0.175872 0 0.00366017
1231209 608535 m2 0.0305777 -0.238555 -0.166655 -0.0175216 0
1231209 253799 m2 0.0527888 -0.404955 -0.104321 -0.0569273 0
1231209 456881 m2 0.0333167 -0.102402 0.466496 0 0.100318
1231209 421173 m2 0.0843625 0.290459 -0.63185 0.0414063 0
1231209 638703 m2 0.0364044 -0.00920689 -0.206849 -0.059704 0
1231209 92184 m2 0.0241534 0.34958 -0.362171 0 0.010685
1231209 84988 m2 0.0653386 0.447621 -0.402331 0.00528669 0
1231209 549455 m2 0.0223108 0.112299 0.351007 0 -0.0105486
1231209 310952 m2 0.0263944 -0.12048 -0.233292 0 -0.0599288
1231209 610059 m2 0.010259 0.103504 -0.120994 0 0.0226708
1231209 570005 m2 0.013247 0.399109 0.0158075 0.0568887 0
1231209 523993 m2 0.0153884 0.0669641 -0.070626 0 -0.0144639
1231209 251587 m2 0.0584163 -0.18907 -0.431317 0 -0.074162
1231209 103775 m2 0.0908865 -0.158161 -0.337603 -0.021681 0
1231209 95433 m2 0.10996 0.172072 0.329694 0 -0.0233248
1231209 643566 m2 0.0277888 0.307152 -0.43826 0 0.0268555
1231209 225735 m2 0.0945717 0.300313 -0.12063 0.0169353 0
1231209 412048 m2 0.0345618 -0.211664 -0.43685 0 -0.0140309
1231209 367707 m2 0.0229582 0.0513877 0.347954 0 0.0628561
1231209 124803 m2 0.0911355 0.0999516 0.0823962 0 -0.04797
1231209 250774 m2 0.0125498 0.0324498 -0.40582 -0.0235727 0
1231209 139174 m2 0.0339641 -0.251456 0.336375 0 -0.0190311
1231209 608260 m2 0.0107072 -0.207062 -0.00044301 0.0398746 0
1231209 118069 m2 0.111404 -0.194556 0.185094 0.0380334 0
1231209 234237 m2 0.210608 0.236791 0.584192 0 -0.0134155
1231209 125263 m2 0.191135 0.555582 0.105941 0 0.016195
1231209 243126 m2 0.0942729 0.439732 0.381776 0.0577007 0
1231209 337381 m2 0.0126494 0.249737 -0.0400589 0.0122615 0
1231209 666503 m2 0.0129482 0.185465 -0.290029 0 0.0318908
1231209 393863 m2 0.0473108 0.484731 0.0408722 0 -0.0340869
1231209 647392 m2 0.0100598 -0.176084 -0.152749 -0.0202818 0
1231209 151532 m2 0.0337649 0.406812 -0.42426 0 0.00892482
1231209 401262 m2 0.0184761 0.152885 -0.341358 -0.0163761 0
1231209 434121 m2 0.0193227 0.245615 -0.312914 0.0671665 0
1231209 654769 m2 0.0199203 0.241217 -0.404722 -0.00359282 0
1231209 682199 m2 0.0188745 -0.340669 -0.0708568 0 0.00214348
1231209 458058 m2 0.0532371 -0.369518 0.0736488 0 0.0292239
1231209 673367 m2 0.0276394 0.292015 -0.115543 0 0.00762352
1231209 167055 m2 0.0664841 -0.175716 0.147613 0 0.0163391
1231209 130581 m2 0.340837 0.769457 0.221524 0.050797 0
1231209 425645 m2 0.137998 0.332386 -0.608753 0 -0.00363392
1231209 311212 m2 0.0184761 0.303456 -0.143929 0.0637933 0
1231209 427384 m2 0.0464641 0.0393462 -0.388448 0 -0.0887268
1231209 446231 m2 0.0124502 0.00181998 -0.185902 0.00741566 0
1231209 562676 m2 0.0121514 0.432189 0.173511 0 0.00618017
1231209 493205 m2 0.064492 -0.371914 0.348541 0 -0.0357775
1231209 213343 m2 0.0186255 0.327042 -0.1166 0.0601274 0
1231209 262454 m2 0.0473606 0.176595 -0.377597 -0.0497753 0
1231209 154578 m2 0.216882 0.129877 -0.634396 0 -0.0442675
1231209 243858 m2 0.0743028 0.175831 0.383251 0.0897773 0
1231209 517989 m2 0.0118028 0.374398 -0.00996153 0.0264497 0
1231209 134356 m2 0.21489 0.572651 -0.23216 0 0.0137112
1231209 264985 m2 0.0145418 -0.0345397 -0.121324 0.0783455 0
1231209 600145 m2 0.0258466 0.0403962 -0.416705 0 0.0370729
1231209 186763 m2 0.0463147 -0.0387173 0.236369 0 -0.0278762
1231209 617356 m2 0.0531873 0.146218 0.16099 0.00241432 0
1231209 260645 m2 0.0269422 0.37769 -0.319067 0 0.0547935
1231209 140932 m2 0.0153884 0.206339 0.068239 0 0.0365329
1231209 370371 m2 0.0812749 0.0221683 -0.00328858 -0.0174155 0
1231209 338405 m2 0.262799 0.332217 -0.647294 0 -0.0656508
1231209 246651 m2 0.0563247 -0.0904001 -0.468153 0 -0.0470151
1231209 400257 m2 0.129731 0.490098 0.177957 0.0353157 0
1231209 432412 m2 0.0554781 0.286135 0.150614 0.0223553 0
1231209 362654 m2 0.175448 -0.374619 -0.232198 -0.061339 0
1231209 304348 m2 0.0481076 0.408328 -0.348931 0 -0.0106065
1231209 278512 m2 0.0236056 0.467631 0.145859 0 0.010313
1231209 357656 m2 0.12739 0.320242 0.458805 0.0451474 0
1231209 657387 m2 0.0122012 0.177586 -0.269213 0 0.013798
1231209 507860 m2 0.0926793 0.28713 -0.603565 0 -0.092506
1231209 233453 m2 0.0604582 -0.0271378 0.117178 -0.00694041 0
1231209 351893 m2 0.231026 0.16086 -0.607234 0 -0.0189253
1231209 243853 m2 0.0521414 0.337483 0.0971284 0.0279092 0
1231209 703987 m2 0.0261454 -0.288362 -0.317894 -0.0225105 0
1231209 563719 m2 0.0153386 0.216009 -0.214158 0 0.0212389
1231209 363153 m2 0.0241534 -0.346618 0.342528 -0.0525198 0
1231209 395042 m2 0.0345618 -0.243591 -0.393404 -0.0896162 0
1231209 193196 m2 0.0613546 0.359553 -0.472201 0.0717303 0
1231209 408995 m2 0.0751992 -0.205114 -0.434518 -0.0145461 0
1231209 190691 m2 0.286653 0.518989 -0.584941 0.115011 0
1231209 701216 m2 0.0210159 0.166731 -0.311568 0 -0.0214862
1231209 575454 m2 0.0269422 0.37769 -0.319067 0 0.00505436
1231209 282533 m2 0.0543327 -0.375102 -0.0619971 -0.0454853 0
1231209 596535 m2 0.0239542 0.0273426 -0.370539 0.00904689 0
1231209 566943 m2 0.0368028 -0.113408 -0.333013 0.0366002 0
1231209 541246 m2 0.0106076 0.139437 -0.180475 0 -0.00336692
1231209 620102 m2 0.0288845 0.375681 0.373039 0.0182062 0
1231209 218749 m2 0.0446713 -0.122446 -0.345533 0 -0.0211512
1231209 620101 m2 0.0109064 -0.207044 0.267409 -0.00509328 0
1231209 255891 m2 0.0126992 0.18447 0.315832 0 -0.0286847
1231209 661175 m2 0.0267928 0.435798 -0.281399 0.0971591 0
1231209 434417 m2 0.113994 0.0687042 -0.418524 0 -0.0346919
1231209 264489 m2 0.123705 -0.119164 -0.299761 -0.000683482 0
1231209 215783 m2 0.0439741 0.508518 -0.216918 0.0238602 0
1231209 536465 m2 0.038994 0.440951 -0.376643 0 0.0443407
1231209 251333 m2 0.0311753 0.0228489 -0.440637 -0.0393758 0
1231209 648312 m2 0.0159861 -0.144737 -0.0774402 -0.0132948 0
1231209 326959 m2 0.0800299 0.269692 -0.0165901 0.0203329 0
1231209 224963 m2 0.121912 0.260965 -0.406753 0 -0.0272429
1231209 268947 m2 0.0234562 0.216816 -0.313733 0 -0.0283671
1231209 617799 m2 0.0165837 -0.0254095 -0.353642 0 0.0473981
1231209 635196 m2 0.0143924 0.270601 0.182906 0.0168295 0
1231209 280507 m2 0.119572 0.569521 -0.485043 0.0203455 0
1231209 417024 m2 0.026245 0.460566 -0.29936 0 0.0147541
1231209 254807 m2 0.16499 -0.218902 0.543787 0 -0.00313617
1231209 544007 m2 0.0236554 0.43404 0.292986 -0.00276285 0
1231209 272167 m2 0.149751 -0.0163038 -0.518214 0 -0.0262768
1231209 631675 m2 0.0146912 0.135778 -0.198814 0 -0.0608967
1231209 607062 m2 0.0146414 0.135545 -0.34062 0 -0.0124758
1231209 405015 m2 0.0500498 -0.124662 0.431984 -0.0217525 0
1231209 447516 m2 0.0222112 0.0171365 0.0105557 0 -0.0200116
1231209 419717 m2 0.0928287 -0.25706 -0.013098 0 -0.0355314
1231209 536743 m2 0.0173307 -0.251774 -0.229963 0 -0.0128148
1231209 258919 m2 0.062998 -0.247926 -0.415907 0 0.03241
1231209 321923 m2 0.168924 0.456755 0.412911 0.0667997 0
1231209 634147 m2 0.0147908 -0.0104813 -0.0512191 -0.0516472 0
1231209 691233 m2 0.0101096 0.240772 0.0842159 0.0297737 0
1231209 292706 m2 0.123606 0.255594 -0.445673 0.00840185 0
1231209 640674 m2 0.0145916 0.276653 -0.0651485 0 -0.0583532
1231209 511087 m2 0.0389442 0.353423 0.224681 -0.0172238 0
1231209 446952 m2 0.0592629 0.0556061 -0.259574 0.0153938 0
1231209 630682 m2 0.0606574 0.332191 -0.524213 0.0641341 0
1231209 554695 m2 0.0557271 -0.291366 -0.388172 0 0.0386327
1231209 335378 m2 0.0332669 -0.213522 0.17812 0 -0.0184935
1231209 385631 m2 0.0830179 -0.0582635 -0.164807 0 0.0205152
1231209 626714 m2 0.013745 -0.270119 -0.230484 0 -0.0113369
1231209 303629 m2 0.13506 -0.267066 0.38541 0 -0.0189599
1231209 377409 m2 0.0671813 0.06243 -0.143292 0 -0.0205631
1231209 678643 m2 0.0151892 0.333188 -0.1462 0.000525019 0
1231209 413989 m2 0.0422809 0.500008 0.440692 0 0.0335859
1231209 534005 m2 0.0285857 -0.0865918 -0.466067 0 0.00104446
1231209 287716 m2 0.0287351 0.268184 0.00764113 0 -0.0346534
1231209 475139 m2 0.116633 -0.0158234 -0.507548 0 0.00269311
1231209 641954 m2 0.0189741 -0.264753 -0.251629 0 0.0351977
1231209 340134 m2 0.131125 0.453157 -0.362307 0.028555 0
1231209 505427 m2 0.0665837 -0.195443 0.475361 0 0.0440097
1231209 690680 m2 0.0197211 -0.0121349 -0.449252 0 -0.0764394
1231209 576386 m2 0.0375498 0.335723 -0.402764 0 -0.0511452
1231209 662634 m2 0.0131972 0.2502 0.0666236 0 -0.0373694
1231209 533516 m2 0.0489044 0.299192 -0.539085 0.0508836 0
1231209 370106 m2 0.0320717 0.0367765 0.265401 0 0.00360011
1231209 441814 m2 0.0593127 0.013097 -0.533007 0 -0.0304779
1231209 366238 m2 0.0393924 -0.333261 -0.368439 0 -0.0210573
1231209 586246 m2 0.0631474 0.398925 -0.441121 0 -0.0273011
1231209 595061 m2 0.0243028 0.134126 -0.35419 0 0.0605624
1231209 691460 m2 0.01499 0.0449538 -0.104192 0 0.0258066
1231209 545254 m2 0.011006 -0.217627 0.0141168 0 -0.0768154
1231209 484300 m2 0.121315 -0.0539954 -0.600279 0 -0.134751
1231209 705462 m2 0.0108068 0.36835 0.124369 0.00190297 0
1231209 473112 m2 0.0939243 -0.318291 -0.169272 -0.0391362 0
1231209 493901 m2 0.037749 -0.28837 -0.120573 0 0.0214228
1231209 431903 m2 0.10239 -0.360803 -0.57703 0 -0.0617185
1231209 716878 m2 0.0111056 0.334718 -0.349276 0 0.0876349
1231209 547799 m2 0.0574701 0.109749 -0.571763 0 -0.0672057
1231209 364911 m2 0.0215637 0.407055 -0.124906 0.0498176 0
1231209 610526 m2 0.0323705 -0.304569 0.12821 -0.0373895 0
1231209 717699 m2 0.0232072 0.0148923 -0.384475 0.00333569 0
1231209 599091 m2 0.0202191 0.142109 0.0318881 -0.000586026 0
1231209 589543 m2 0.0109562 -0.167721 -0.137651 0 0.071922
1231209 470411 m2 0.0150896 0.164173 -0.211969 0 0.0316999
1231209 485647 m2 0.0169323 -0.0159072 -0.279634 0.101851 0
1231209 591588 m2 0.0714143 0.548286 -0.248969 0 0.0294873
1231209 486907 m2 0.0710657 -0.0285618 0.177588 0.0477298 0
1231209 679622 m2 0.0216135 0.210784 -0.334775 -0.00445219 0
1231209 673066 m2 0.0111056 0.129057 -0.327324 0.0042691 0
1231209 669322 m2 0.0125 -0.246181 -0.287565 0 -0.00864228
1231209 705711 m2 0.0180279 0.353102 -0.378536 0 -0.0620254
1231209 604079 m2 0.0101096 -0.0865758 -0.0988155 0 0.0800249
1231209 473615 m2 0.034512 -0.305587 -0.0540649 -0.0165583 0
1231209 447241 m2 0.0643924 -0.202201 -0.283212 0 -0.00815628
1231209 591833 m2 0.0146912 -0.0319068 0.38635 0 -0.0193659
1231209 611737 m2 0.0152888 0.18684 -0.0829039 -0.00207298 0
1231209 528726 m2 0.0245518 0.00231891 -0.368654 0 -0.0243077
1231209 522500 m2 0.014741 -0.224918 -0.334647 -0.0416896 0
1231209 617253 m2 0.0234562 -0.262829 -0.380443 -0.0308285 0
1231209 498398 m2 0.0261454 0.476609 -0.409941 0.0226796 0
1231209 483557 m2 0.0577689 -0.2367 -0.336743 0.0341267 0
1231209 649805 m2 0.0178785 0.218285 -0.365248 0 -0.05782
1231209 679668 m2 0.0152888 -0.228524 -0.385111 -0.0636017 0
1231209 486634 m2 0.0187251 -0.221848 -0.193012 -0.0599725 0
1231209 612487 m2 0.0226096 0.0264251 -0.351847 0.00306954 0
1231209 566184 m2 0.0143426 0.35832 -0.222083 -0.0120484 0
1231209 634944 m2 0.0110558 -0.0283025 0.158382 0 0.0723677
1231209 693726 m2 0.0106076 0.362827 0.0224981 0 0.0418765
