// Initial random seed:
2336940355893

// RunInitializeCallbacks():
initializeTreeSeq();
initializeMutationRate(2.5e-08);
initializeSex("A");
initializeMutationType(2, 0.5, "f", 0);
initializeGenomicElementType(1, m2, 1);
initializeGenomicElement(g1, 0, 500000);
initializeRecombinationRate(c(1e-06, 0.5, 1e-06, 0.5, 1e-06, 0.5, 1e-06, 0.5, 1e-06, 0.5, 1e-06, 0.5, 1e-06, 0.5, 1e-06, 0.5, 1e-06, 0.5, 1e-06, 0.5, 1e-06, 0.5, 1e-06, 0.5, 1e-06, 0.5, 1e-06, 0.5, 1e-06, 0.5, 1e-06, 0.5, 1e-06, 0.5, 1e-06, 0.5, 1e-06, 0.5, 1e-06), c(50000, 50001, 100000, 100001, 150000, 150001, 200000, 200001, 250000, 250001, 300000, 300001, 350000, 350001, 400000, 400001, 450000, 450001, 500000, 500001, 550000, 550001, 600000, 600001, 650000, 650001, 700000, 700001, 750000, 750001, 800000, 800001, 850000, 850001, 900000, 900001, 950000, 950001, 1000000));

QTL DFE means: 
0 0

QTL DFE variance-covariance matrix: 
      [,0]  [,1]
[0,] 0.002     0
[1,]     0 0.002

// Starting run at generation <start>:
1 

100:0.99896 0.99896 1.13243e-14 0.00124829 -0.00078658 -0.0441342 0.0844601 NAN NAN
200:0.997719 0.997719 -5.60663e-14 0.00884147 -0.0188908 -0.357102 0.234005 NAN NAN
300:0.996645 0.996645 -4.69624e-14 0.00554022 -0.00894184 -0.447828 -0.0478676 NAN NAN
400:0.995719 0.995719 5.32907e-15 0.00761121 -0.00479673 -0.327895 0.0596313 NAN NAN
500:0.994149 0.994149 -3.17524e-14 0.00709985 -0.0420798 -0.0453739 0.428276 NAN NAN
600:0.994118 0.994118 3.05311e-14 0.00851331 -0.0445285 0.113864 0.334761 NAN NAN
700:0.993794 0.993794 -2.33147e-15 0.0183399 -0.0451151 -0.136069 0.376462 NAN NAN
800:0.993531 0.993531 1.93179e-14 0.0250366 -0.0261508 0.0538302 0.0777311 NAN NAN
900:0.992624 0.992624 -1.28786e-14 -0.00183375 -0.0186521 -0.152699 0.112726 NAN NAN
1000:0.991571 0.991571 1.32117e-14 -0.00935943 -0.0114133 0.103609 0.37177 NAN NAN
1100:0.990598 0.990004 0.000594114 0.00166948 -0.00928334 0.212708 0.187401 0.0591521 0.0355116
1200:0.987396 0.984604 0.00279218 0.0156068 -0.000566316 0.390928 0.385247 0.241072 0.18648
1300:0.985286 0.974743 0.0105434 0.00589808 -0.0115841 0.733001 0.633291 0.495445 0.334776
1400:0.982559 0.956036 0.0265223 -0.00813137 -3.29157e-05 0.869095 0.762139 0.674758 0.523436
1500:0.976853 0.935768 0.0410855 -0.015512 0.0218376 0.860343 0.8277 0.725608 0.593354
1600:0.978226 0.897663 0.0805633 0.0142874 -0.00452543 0.937541 0.927641 0.829582 0.716835
1700:0.975347 0.844289 0.131058 0.00461652 -0.0149025 0.963681 0.940429 0.88014 0.741253
1800:0.971713 0.784542 0.187171 0.00399486 0.0314318 0.981081 0.965402 0.906718 0.78826
1900:0.962583 0.688807 0.273777 0.0163254 0.0771406 0.989805 0.950466 0.928295 0.806782
2000:0.949454 0.53987 0.409584 0.00824534 0.0456101 0.992872 0.97456 0.946747 0.841653
2100:0.953856 0.537369 0.416487 -0.000332371 0.0099855 0.994572 0.982759 0.948403 0.865531
2200:0.951091 0.537346 0.413745 -0.00223066 -0.0133107 0.991116 0.964401 0.95094 0.864052
2300:0.952995 0.539686 0.413309 -0.00391178 0.0164019 0.994195 0.962681 0.94824 0.84863
2400:0.955094 0.53606 0.419034 -0.0038162 -0.0137686 0.99556 0.9684 0.953256 0.857995
2500:0.95231 0.538909 0.413401 -0.00137487 0.0122373 0.994319 0.973567 0.952754 0.843278
2600:0.954343 0.539317 0.415027 0.00651087 0.0549648 0.996255 0.967508 0.952594 0.843033
2700:0.952683 0.539147 0.413536 0.00660372 0.0599729 0.993914 0.96716 0.952779 0.835072
2800:0.95359 0.539208 0.414382 0.0101932 0.0666439 0.994404 0.96915 0.953179 0.825386
2900:0.951602 0.535113 0.416489 0.00379319 0.043867 0.991106 0.965243 0.952522 0.842852
3000:0.951726 0.538821 0.412905 0.0147221 0.0493711 0.995107 0.961548 0.953519 0.823402
