seed mutID muttype p cor_sal cor_temp mutSalEffect mutTempEffect
1231119 1383 m2 0.485807 0.884358 -0.016468 0.55831 0
1231119 2095 m2 0.251892 -0.579794 -0.120758 -0.128493 0
1231119 2217 m2 0.0148904 -0.474888 -0.0254014 -0.778363 0
1231119 1556 m2 0.293924 0.0174843 0.89171 0 0.281361
1231119 1743 m2 0.0141434 0.237535 -0.324338 0 -0.463151
1231119 1778 m2 0.073755 -0.184259 -0.470361 0 -0.323309
1231119 1774 m2 0.193526 0.0748315 -0.681822 0 -0.31569
1231119 1796 m2 0.0704183 -0.548285 -0.0255725 -0.35677 0
1231119 2871 m2 0.0231574 -0.23321 0.148107 -0.166284 0
