// Initial random seed:
2226539455858

// RunInitializeCallbacks():
initializeTreeSeq();
initializeMutationRate(2.5e-08);
initializeSex("A");
initializeMutationType(2, 0.5, "f", 0);
initializeGenomicElementType(1, m2, 1);
initializeGenomicElement(g1, 0, 500000);
initializeRecombinationRate(c(1e-06, 0.5, 1e-06, 0.5, 1e-06, 0.5, 1e-06, 0.5, 1e-06, 0.5, 1e-06, 0.5, 1e-06, 0.5, 1e-06, 0.5, 1e-06, 0.5, 1e-06, 0.5, 1e-06, 0.5, 1e-06, 0.5, 1e-06, 0.5, 1e-06, 0.5, 1e-06, 0.5, 1e-06, 0.5, 1e-06, 0.5, 1e-06, 0.5, 1e-06, 0.5, 1e-06), c(50000, 50001, 100000, 100001, 150000, 150001, 200000, 200001, 250000, 250001, 300000, 300001, 350000, 350001, 400000, 400001, 450000, 450001, 500000, 500001, 550000, 550001, 600000, 600001, 650000, 650001, 700000, 700001, 750000, 750001, 800000, 800001, 850000, 850001, 900000, 900001, 950000, 950001, 1000000));

QTL DFE means: 
0 0

QTL DFE variance-covariance matrix: 
      [,0]  [,1]
[0,] 0.002     0
[1,]     0 0.002

// Starting run at generation <start>:
1 

100:0.995824 0.995824 -4.57412e-14 -0.0117083 0.00323654 -0.0799357 0.127857 NAN NAN
200:0.992808 0.992808 -5.32907e-15 -0.0157042 0.0066113 -0.19936 -0.0619256 NAN NAN
300:0.989619 0.989619 2.68674e-14 -0.00993689 -0.00584382 -0.256937 0.132424 NAN NAN
400:0.988396 0.988396 -2.4758e-14 -0.0025971 0.00407318 -0.143376 0.0527667 NAN NAN
500:0.987129 0.987129 -8.32667e-15 -0.0125853 0.0078772 0.0144914 -0.0972037 NAN NAN
600:0.986314 0.986314 3.33067e-15 -0.0241591 0.00697693 0.0781243 0.0282425 NAN NAN
700:0.985607 0.985607 -3.41949e-14 -0.014462 -9.24989e-06 -0.0469929 0.017706 NAN NAN
800:0.985145 0.985145 -2.68674e-14 -0.0140087 0.000718665 -0.052838 -0.134039 NAN NAN
900:0.983147 0.983147 7.99361e-15 -0.00274196 0.00669178 -0.177766 0.0186388 NAN NAN
1000:0.98255 0.98255 -3.91909e-14 -0.00371713 -0.00441159 0.0929415 0.0586504 NAN NAN
1100:0.981533 0.976418 0.00511465 -0.00136057 0.00470568 0.38851 0.759279 0.151717 0.305343
1200:0.979192 0.95392 0.0252719 -0.0151374 -0.00333874 0.679907 0.950494 0.324809 0.619875
1300:0.975783 0.913372 0.0624102 -0.00431575 -0.00276224 0.82407 0.975413 0.48484 0.788076
1400:0.971026 0.863812 0.107215 0.000356469 -0.00500565 0.916225 0.987056 0.609834 0.852229
1500:0.9682 0.799878 0.168322 0.0101231 -0.00565077 0.96309 0.991056 0.748386 0.899549
1600:0.963876 0.72692 0.236956 0.00424302 -0.00615456 0.976997 0.992668 0.8375 0.919421
1700:0.957396 0.645945 0.311451 0.0107009 0.000758325 0.983617 0.994174 0.874241 0.934083
1800:0.949299 0.552213 0.397086 0.00270557 0.00826744 0.990705 0.995702 0.904336 0.943959
1900:0.94207 0.445535 0.496535 0.000167712 -0.0053141 0.995651 0.99705 0.931175 0.955809
2000:0.921885 0.328522 0.593363 0.00247323 -0.000853286 0.996995 0.99704 0.94678 0.959966
2100:0.922046 0.325477 0.596569 -0.00416623 -0.00564405 0.998101 0.997291 0.947396 0.961094
2200:0.922582 0.323311 0.599271 -0.00290026 0.0102444 0.997192 0.997529 0.948419 0.961546
2300:0.919285 0.325364 0.593921 -0.00527902 0.00517481 0.9972 0.99741 0.945893 0.95885
2400:0.921634 0.324738 0.596896 0.00287093 0.00170404 0.997426 0.997599 0.948847 0.958869
2500:0.921377 0.325579 0.595798 -0.00760727 0.00213308 0.997468 0.997279 0.948746 0.958131
2600:0.920161 0.324837 0.595325 0.0126115 -0.00185765 0.996968 0.997964 0.948241 0.957673
2700:0.919063 0.321671 0.597392 -0.000763882 -0.00438549 0.997505 0.997009 0.949479 0.956706
2800:0.920655 0.320728 0.599928 -0.0113826 0.00673004 0.997556 0.997307 0.951229 0.957516
2900:0.920056 0.324779 0.595277 0.00771893 -0.00143872 0.997882 0.997183 0.949039 0.956926
3000:0.919297 0.322311 0.596986 0.00471869 0.0125521 0.997869 0.997456 0.949625 0.95633
