seed mutID muttype p cor_sal cor_temp mutSalEffect mutTempEffect
1231199 687549 m2 0.01001 -0.180164 0.421364 -0.0704737 0
1231199 545809 m2 0.0115538 0.175202 0.393936 0 0.0376699
1231199 343930 m2 0.0200697 -0.0808054 0.515469 0 0.0370653
1231199 512320 m2 0.138845 -0.0888943 0.624132 -0.00774462 0
1231199 574663 m2 0.0751494 0.0184166 0.735628 0.0116278 0
1231199 194441 m2 0.0512948 -0.0614635 0.676241 0.00999913 0
1231199 600664 m2 0.0256474 0.00116784 0.308056 0.0405552 0
1231199 327414 m2 0.134861 0.0179571 0.197526 -0.00964435 0
1231199 9070 m2 0.0611056 0.101458 0.525618 0.0358741 0
1231199 228310 m2 0.0151892 0.111525 0.507577 0.0861963 0
1231199 186480 m2 0.184213 -0.0257529 0.866004 0 0.0938106
1231199 340398 m2 0.0256972 -0.0447326 0.535987 0 0.0829892
1231199 607231 m2 0.012002 0.170561 0.55523 0.0569113 0
1231199 356498 m2 0.154333 0.020838 0.835959 -0.025487 0
1231199 84315 m2 0.243078 -0.0393397 0.912933 -0.0372578 0
1231199 543059 m2 0.0603088 0.114465 0.429713 0 0.0144445
1231199 360623 m2 0.0114542 -0.0673061 0.417938 0 0.0337859
1231199 499492 m2 0.0285857 0.00711909 0.542021 0.0419321 0
1231199 117165 m2 0.0289343 0.00166273 0.541864 0.00206172 0
1231199 486266 m2 0.0510956 -0.0670088 0.677908 0 0.00614784
1231199 229267 m2 0.16997 0.346231 0.703773 0.054827 0
1231199 435417 m2 0.0750996 0.113666 0.569902 0 0.0486389
1231199 311565 m2 0.0263944 0.128352 0.544916 0 0.0462111
1231199 184741 m2 0.316833 0.268956 0.439071 0.0160235 0
1231199 240261 m2 0.300797 -0.00374683 0.585569 0 0.0673062
1231199 247985 m2 0.0223108 -0.0247946 0.551246 0 -0.0128322
1231199 147221 m2 0.122659 0.154221 0.755253 0.0195323 0
1231199 483209 m2 0.0270418 -0.020678 0.540419 -0.0664432 0
1231199 173115 m2 0.0612052 -0.177255 0.242264 -0.0362957 0
1231199 439719 m2 0.0674801 0.0705263 0.576443 0.068866 0
1231199 431697 m2 0.0528386 0.0380412 0.52912 -0.0284469 0
1231199 286283 m2 0.0786355 0.133309 0.414206 0 0.0209666
1231199 348106 m2 0.137799 -0.0285428 0.790533 0 0.0525526
1231199 533248 m2 0.0242032 -0.091686 0.44778 0 -0.0258756
1231199 407395 m2 0.0723108 -0.0841148 0.490337 -0.09682 0
1231199 681845 m2 0.0159861 -0.0816364 0.499659 -0.0944059 0
1231199 640188 m2 0.0140438 -0.0326023 0.377439 0 -0.00290181
1231199 199282 m2 0.0921315 -0.0330908 0.673426 -0.00797981 0
1231199 411049 m2 0.077739 0.11174 0.417745 0 -0.0174392
1231199 600659 m2 0.0191235 0.050856 0.173888 0.00248093 0
1231199 700976 m2 0.0164343 -0.0515255 0.343078 0.072357 0
1231199 447810 m2 0.0348606 -0.0500707 0.613282 0 0.097267
1231199 274812 m2 0.107072 0.0447718 0.774727 0 0.0586995
1231199 492251 m2 0.0217629 -0.0576988 0.514939 -0.0765583 0
1231199 252805 m2 0.0214641 -0.0119015 0.551434 0 0.00918236
1231199 239762 m2 0.17002 -0.0751252 0.839493 0 0.0442917
1231199 396563 m2 0.03999 0.0137473 0.484146 0.0618401 0
1231199 594507 m2 0.0374004 -0.0364909 0.637703 0 -0.0237294
1231199 48707 m2 0.103984 -0.0920645 0.354879 -0.0410059 0
1231199 642200 m2 0.0146414 -0.139887 0.461911 -0.0116338 0
1231199 563260 m2 0.0151394 -0.0765273 0.177174 0 0.0296533
1231199 483462 m2 0.0434761 -0.067962 0.61631 -0.0763423 0
1231199 697796 m2 0.0104084 -0.0307921 0.419388 -0.0504111 0
1231199 527932 m2 0.0110558 0.169874 0.396419 0 -0.0984882
1231199 365787 m2 0.123954 -0.0589977 0.548806 -0.0166319 0
1231199 483710 m2 0.0724104 0.117406 0.624943 0.0719161 0
1231199 99017 m2 0.150996 0.121358 0.696892 -0.036981 0
1231199 411039 m2 0.163695 -0.190335 0.420068 -0.0155722 0
1231199 30733 m2 0.109064 0.00721809 0.705558 0.0357361 0
1231199 230481 m2 0.0852092 -0.0325025 0.416012 0 0.0238019
1231199 667175 m2 0.040488 -0.12689 0.269943 -0.0281582 0
1231199 734434 m2 0.0119024 0.191199 0.23911 0.0659214 0
1231199 706494 m2 0.0122012 0.175963 0.454701 0 0.0201447
1231199 223436 m2 0.128287 -0.0540108 0.302352 -0.004528 0
1231199 334873 m2 0.0113048 -0.121194 0.289688 0 -0.0332945
1231199 577142 m2 0.0217629 0.189018 0.600777 0 0.0154392
1231199 647441 m2 0.0316733 -0.114538 0.632434 0 -0.0132097
1231199 172364 m2 0.0498008 -0.0146043 0.57671 0 0.0278943
1231199 900 m2 0.348954 0.276194 0.434053 0.0734542 0
1231199 693281 m2 0.0150896 0.14914 0.584581 0.00284795 0
1231199 596996 m2 0.12739 -0.00804283 0.72609 0.00524976 0
1231199 719491 m2 0.023008 0.154512 0.455535 0 0.00390248
1231199 589605 m2 0.0196713 -0.0178282 0.398859 -0.0482457 0
1231199 553518 m2 0.0299303 -0.17033 0.453201 0.0623267 0
1231199 64393 m2 0.221564 0.00638441 0.290645 0 0.0180916
1231199 478030 m2 0.0182271 -0.019061 0.570858 0.0921508 0
1231199 328911 m2 0.0124004 0.090423 0.528767 0 0.014078
1231199 658340 m2 0.0141932 -0.165928 0.335293 -0.036826 0
1231199 508696 m2 0.0517928 0.00132776 0.606862 0.00404388 0
1231199 693528 m2 0.014243 -0.0647985 0.507276 0.0462776 0
1231199 663144 m2 0.0320717 -0.0639833 0.437178 0 -0.0624279
1231199 434887 m2 0.126544 -0.113277 0.557408 -0.0609902 0
1231199 394351 m2 0.0695219 -0.039499 0.417005 -0.0268158 0
1231199 526132 m2 0.0914343 0.133965 0.489924 0.0248061 0
1231199 431142 m2 0.256873 0.376103 0.699944 0.100278 0
1231199 521146 m2 0.0260956 0.159962 0.600637 0.0352536 0
1231199 549818 m2 0.0321713 0.174445 0.391696 0 -0.037011
1231199 695777 m2 0.0154382 -0.0116703 0.291401 0 -4.9423e-05
1231199 663891 m2 0.0114542 0.275926 0.535862 0 -0.0575781
1231199 634437 m2 0.0374004 -0.137668 0.261219 -0.063537 0
1231199 710284 m2 0.0160359 0.0381088 0.304639 -0.00270752 0
1231199 685264 m2 0.0254482 -0.144617 0.44737 -0.05744 0
1231199 461413 m2 0.0168327 -0.258777 0.531012 -0.0879281 0
1231199 429869 m2 0.0396414 -0.137822 0.658168 -0.10685 0
1231199 222678 m2 0.157869 -0.0316273 0.465315 -0.0357359 0
1231199 717263 m2 0.0176793 0.0592756 0.457774 0 -0.000214583
1231199 197956 m2 0.0592629 -0.0794308 0.108189 0.0101671 0
1231199 451427 m2 0.0212649 0.0440286 0.284895 0.00745195 0
1231199 326915 m2 0.109661 -0.144468 0.783987 -0.00756298 0
1231199 49410 m2 0.127938 -0.0342553 0.246699 -0.0276678 0
1231199 447793 m2 0.0367032 -0.130833 0.46737 -0.138024 0
1231199 568499 m2 0.0833167 0.0219243 0.701757 0 0.0180343
1231199 613134 m2 0.0578187 0.241623 0.598842 0.0566772 0
1231199 180956 m2 0.0347112 0.0354949 0.230421 0 0.000119952
1231199 671883 m2 0.063247 0.0167801 0.389169 0.0689118 0
1231199 624417 m2 0.0159363 0.0779674 0.380502 0.0203287 0
1231199 375045 m2 0.0343625 -0.113423 0.354686 -0.0572831 0
1231199 439695 m2 0.0366534 0.0859524 0.675356 0.00514779 0
1231199 673902 m2 0.011504 0.0592483 0.144995 0 0.0165922
1231199 583359 m2 0.0316733 0.182012 0.445268 0 0.00708737
1231199 597732 m2 0.0154382 -0.186428 0.322937 0 0.030171
1231199 447789 m2 0.0199203 0.171913 0.492686 0.0263507 0
1231199 144643 m2 0.0245518 -0.0272881 -0.12448 0 -0.0282689
1231199 456398 m2 0.0623008 -0.0108007 0.2222 0 -0.0115644
1231199 583872 m2 0.0229582 -0.0764734 0.433749 0 -0.0466287
1231199 429608 m2 0.0762948 -0.0799294 0.267952 0.0577816 0
1231199 48191 m2 0.0150398 -0.0379233 0.292534 -0.0551248 0
1231199 713491 m2 0.0216135 0.0650821 0.396755 0 0.0793365
1231199 136219 m2 0.175946 0.274533 0.67001 0.0573036 0
1231199 739376 m2 0.0130478 -0.122633 0.256829 0.0229385 0
1231199 671873 m2 0.0328685 0.00244694 0.207108 0 0.0367805
1231199 578145 m2 0.0233566 -0.0659482 0.30088 0 0.0279318
1231199 681290 m2 0.0195717 0.00554544 0.213103 0 0.0703116
1231199 352775 m2 0.0204183 0.219044 0.194455 0.0355158 0
1231199 606221 m2 0.0202191 -0.0283533 0.438241 0 -0.00653905
1231199 433154 m2 0.133317 -0.0360533 0.422 0 -0.008902
1231199 491217 m2 0.0408367 0.0393135 0.305016 -0.0408142 0
1231199 251761 m2 0.022261 -0.119937 0.381904 -0.0433177 0
1231199 401059 m2 0.0691733 0.22426 0.0844859 0.08149 0
1231199 617071 m2 0.0293327 -0.0280707 0.39635 -0.0150756 0
1231199 50355 m2 0.182869 0.100366 0.739609 0.0408553 0
1231199 448041 m2 0.0172311 -0.0926064 0.0572602 0 -0.0120296
1231199 424196 m2 0.0239542 0.262569 0.232719 0.0450955 0
1231199 259997 m2 0.0923307 0.0276388 0.51675 0.0127348 0
1231199 211577 m2 0.126843 -0.0329675 0.387079 -0.013955 0
1231199 676595 m2 0.0153884 -0.0045341 0.167129 0.047995 0
1231199 668414 m2 0.036753 0.148786 0.193212 0 -0.033187
1231199 376545 m2 0.0525896 -0.0124686 0.675839 0 -0.0224541
1231199 488259 m2 0.136703 0.161824 0.621359 0 0.0301016
1231199 702790 m2 0.0413347 -0.0671846 0.423829 0 0.0610459
1231199 491464 m2 0.0256972 0.213364 0.0954755 0.118762 0
1231199 155259 m2 0.272958 0.147239 0.896055 0.0621903 0
1231199 581088 m2 0.037998 0.0667288 0.174995 -0.0176981 0
1231199 423944 m2 0.100847 0.276244 -0.0287356 0.0322809 0
1231199 643408 m2 0.063247 0.0568505 0.405112 0 -0.0661799
1231199 209308 m2 0.0779382 0.272694 0.138954 0.111208 0
1231199 555017 m2 0.0346614 0.143442 -0.166761 0 -0.018284
1231199 168282 m2 0.0458167 0.144204 0.65962 0 0.0058597
1231199 97021 m2 0.0582669 0.0483461 0.668767 0 0.00240523
1231199 678032 m2 0.0181275 -0.156154 0.14962 0.00142669 0
1231199 318919 m2 0.0468625 0.0318771 0.0699886 0.0095834 0
1231199 553248 m2 0.101843 0.278555 0.537936 0.0630451 0
1231199 577876 m2 0.0164343 -0.0423386 -0.052594 0.0227653 0
1231199 699200 m2 0.0328685 0.227692 -0.126667 0 -0.00514469
1231199 5039 m2 0.0220618 -0.040315 0.193851 -0.0360876 0
1231199 723928 m2 0.0187251 0.0643323 0.287825 0 -0.00882919
1231199 388493 m2 0.0566733 -0.00816878 0.608172 0 -0.0330116
1231199 491711 m2 0.0443227 0.0196245 0.197925 0 0.00589207
1231199 115864 m2 0.0138944 -0.0526045 -0.291497 0.0214302 0
1231199 506913 m2 0.10244 -0.237402 0.368312 -0.0747929 0
1231199 393813 m2 0.0151394 0.142985 0.269265 0.0157778 0
1231199 647389 m2 0.0565239 0.238935 0.361816 0.0782641 0
1231199 549022 m2 0.0180279 -0.14777 0.246534 -0.129818 0
1231199 99712 m2 0.118277 -0.0661883 -0.0107733 0 0.00327888
1231199 118561 m2 0.0387948 -0.0291986 0.0691086 -0.0228725 0
1231199 227492 m2 0.0167829 0.219476 0.0331545 0 -0.0347455
1231199 664113 m2 0.025 0.043573 0.0950272 0 -0.0710294
1231199 208054 m2 0.164592 -0.019756 0.814299 0 0.0726925
1231199 649628 m2 0.0317231 0.0403691 0.503049 0.0336698 0
1231199 493513 m2 0.0496514 0.0307574 0.408816 0 -0.0705766
1231199 288200 m2 0.141135 -0.0144155 0.558075 -0.0525837 0
1231199 609559 m2 0.0222112 -0.00750289 0.413372 -0.0408524 0
1231199 659297 m2 0.0183765 -0.174699 0.164112 0 0.0549363
1231199 453603 m2 0.101145 -0.028554 0.186861 -0.0662513 0
1231199 610055 m2 0.04751 -0.0707515 0.321033 0 -0.00866263
1231199 645874 m2 0.0780876 -0.112176 0.25733 -0.0753892 0
1231199 521864 m2 0.0298307 -0.146659 0.15189 -0.00839468 0
1231199 60020 m2 0.0466633 0.139258 0.00862739 0 0.00827697
1231199 564249 m2 0.0183267 0.162594 0.462463 0.0108951 0
1231199 662070 m2 0.0103088 -0.186189 0.0454412 0 -0.0680503
1231199 711275 m2 0.0167331 -0.103234 0.154028 0 -0.0628389
1231199 688270 m2 0.011255 0.131566 0.232058 -0.0334132 0
1231199 135429 m2 0.173157 0.146749 0.180957 0 0.0154845
1231199 705290 m2 0.0217131 0.267745 0.201389 0.0933178 0
1231199 699939 m2 0.0132968 -0.0697917 0.099714 0.0357871 0
1231199 313033 m2 0.147062 -0.0173103 0.108847 0 0.0583115
1231199 491703 m2 0.0791833 0.102203 0.258083 0.0163705 0
1231199 192571 m2 0.11758 0.183108 0.558636 -0.00145138 0
1231199 422184 m2 0.0594622 0.292262 0.514128 0.108826 0
1231199 415924 m2 0.105926 -0.0561669 0.303884 0 0.0243055
1231199 532250 m2 0.0286853 0.0966922 0.196237 0 -0.0199319
1231199 709439 m2 0.0131474 -0.159916 0.14622 0 0.0535338
1231199 118293 m2 0.0156873 0.0437589 0.113894 -0.0386138 0
1231199 591514 m2 0.0210657 0.0428917 -0.0371083 0 -0.0697978
1231199 111563 m2 0.088994 -0.0520193 0.451923 0 -0.0180838
1231199 682516 m2 0.0140438 -0.112768 0.159135 -0.0311383 0
1231199 395537 m2 0.16006 0.204638 0.29992 0.0624695 0
1231199 585615 m2 0.0121016 0.0705823 0.175458 0 0.02765
1231199 699686 m2 0.0109064 -0.117717 0.161605 0 -0.00446198
1231199 29168 m2 0.0798307 -0.109957 -0.109097 -0.0498032 0
1231199 567227 m2 0.0179283 0.160438 0.0670206 0 -0.0351835
1231199 409454 m2 0.086255 -0.0099275 0.355726 -0.00989663 0
1231199 509970 m2 0.0150398 -0.0365213 0.168044 0 -0.0153997
1231199 436562 m2 0.0476594 0.0202293 -0.054208 0.00782573 0
1231199 305471 m2 0.0257968 0.022508 0.20912 0 0.0346816
1231199 243742 m2 0.267729 -0.109556 0.286144 -0.0378611 0
1231199 683238 m2 0.0145418 -0.00774216 0.00117125 0.0294137 0
1231199 349778 m2 0.0169821 -0.0446151 0.284058 0.0525771 0
1231199 40427 m2 0.183964 0.019061 0.540718 0 0.045845
1231199 415667 m2 0.0508964 -0.15303 0.103623 -0.118973 0
1231199 243737 m2 0.0204183 0.00473565 0.155442 0 -0.00383335
1231199 416465 m2 0.0583665 0.0972572 0.399062 -0.0148111 0
1231199 136181 m2 0.0800797 -0.109883 0.220596 0 0.0518053
1231199 713461 m2 0.0148406 0.00573378 0.313978 0 0.0511438
1231199 362556 m2 0.197859 0.244522 0.432118 0.0656163 0
1231199 576324 m2 0.118526 -0.0493083 0.602993 0 0.0214881
1231199 480457 m2 0.0307271 0.093285 0.329894 0 -0.00148017
1231199 649613 m2 0.0189243 -0.0994805 0.0207908 0 -0.0311485
1231199 274465 m2 0.0116036 -0.0797766 0.16501 0 0.0393396
1231199 49773 m2 0.0363048 0.263251 -0.240888 0.0429467 0
1231199 206212 m2 0.0449203 0.172176 -0.129431 -0.00213283 0
1231199 541487 m2 0.0395916 0.0287571 -0.0877039 0 0.0276649
1231199 470629 m2 0.0146912 0.141526 0.268263 -0.028134 0
1231199 652806 m2 0.0171813 -0.109624 0.0534737 0 0.058976
1231199 635655 m2 0.0248506 -0.138911 0.20505 0 0.0103032
1231199 557463 m2 0.010757 -0.0922086 0.281872 -0.00472521 0
1231199 653051 m2 0.0489542 -0.0604904 0.197094 0 -0.0205138
1231199 349032 m2 0.132022 -0.0900574 0.14103 -0.0347763 0
1231199 536531 m2 0.0121514 -0.0225427 0.173387 -0.00538603 0
1231199 524261 m2 0.0118028 -0.13869 0.0463142 -0.0317679 0
1231199 273972 m2 0.077739 -0.0936935 0.51395 0 0.00223866
1231199 607410 m2 0.03999 -0.0600138 0.262577 0 -0.00258455
1231199 320376 m2 0.0529382 0.269295 0.695103 0.0487681 0
1231199 357448 m2 0.149851 0.115635 0.0294756 0 0.0403357
1231199 692215 m2 0.0182271 0.201248 0.136431 0.08952 0
1231199 453115 m2 0.0783367 -0.299085 0.149113 -0.071666 0
1231199 333063 m2 0.0531873 -0.0674689 0.0806972 -0.087102 0
1231199 262751 m2 0.144173 -0.0262528 0.0668532 -0.0381538 0
1231199 683004 m2 0.0115538 -0.0322616 0.153256 0 0.0397109
1231199 632123 m2 0.0421813 0.0766761 0.174826 -0.0165002 0
1231199 686965 m2 0.0130478 -0.150039 0.144987 0 -0.0921974
1231199 233734 m2 0.100697 -0.147547 0.77557 -0.0343235 0
1231199 361000 m2 0.0534861 -0.0414322 0.0683303 0.0246964 0
1231199 693456 m2 0.0249004 -0.121806 0.168271 0 -0.0127864
1231199 678770 m2 0.0107072 -0.175038 0.234279 0 -0.0333401
1231199 147642 m2 0.0217629 -0.243792 -0.0951422 0 0.0385322
1231199 606175 m2 0.0321215 -0.0651439 0.0532012 0 -0.0330846
1231199 655497 m2 0.0189243 -0.0459373 0.0300618 0.00862654 0
1231199 283339 m2 0.060508 -0.158682 0.230175 -0.059619 0
1231199 385166 m2 0.0581175 -0.0365005 0.100946 -0.0391067 0
1231199 220300 m2 0.0197709 0.171251 0.4928 0.0246295 0
1231199 81952 m2 0.0555777 -0.108559 0.250884 0 -0.0374209
1231199 450423 m2 0.0109064 -0.0953601 0.281023 0.0744034 0
1231199 326599 m2 0.0826195 0.0573295 0.275227 0 0.0496491
1231199 432087 m2 0.130179 -0.204029 0.449249 -0.116431 0
1231199 613350 m2 0.0162351 0.102669 0.248829 0 -0.0209378
1231199 645842 m2 0.0133466 0.066598 0.0614164 0 -0.00774023
1231199 403781 m2 0.0958167 -0.116622 0.262344 -0.0430053 0
1231199 206195 m2 0.0553785 -0.285827 0.175345 0 0.0458939
1231199 621394 m2 0.0510956 -0.0214167 0.0570855 -0.0606786 0
1231199 349524 m2 0.12988 -0.0997246 -0.0503129 0 0.0216228
1231199 76896 m2 0.0603088 -0.0456123 0.0597644 -0.0334394 0
1231199 383619 m2 0.0747012 -0.0121373 0.0969077 0 0.0584019
1231199 673312 m2 0.0252988 0.108035 0.0424924 0 0.0343732
1231199 410213 m2 0.0958665 -0.0331996 0.00673583 0.0597238 0
1231199 441606 m2 0.0155876 -0.0232151 0.0489801 0.00121459 0
1231199 588041 m2 0.0170817 0.0557337 -0.293906 0.0734772 0
1231199 674300 m2 0.0236056 -0.0934779 0.0544989 0 -0.00898565
1231199 340580 m2 0.0986554 0.222456 0.51671 0 0.03767
1231199 587562 m2 0.01001 0.197085 0.11107 0.0477042 0
1231199 575064 m2 0.049253 -0.0749777 0.0526898 -0.0689019 0
1231199 287122 m2 0.0441733 -0.0437417 0.0667471 0 0.0460446
1231199 196807 m2 0.104382 -0.00118578 -0.207934 0.0469317 0
1231199 238892 m2 0.0285857 -0.189283 -0.356131 -0.0631415 0
1231199 540972 m2 0.0178785 0.11736 0.163017 -0.0644298 0
1231199 398744 m2 0.0151394 0.00875348 0.0570788 -0.0346841 0
1231199 700390 m2 0.0178287 -0.144559 0.0497487 0 -0.140465
1231199 467786 m2 0.103635 0.00328035 0.133777 0 -0.0784697
1231199 696977 m2 0.0143426 -0.15271 0.202272 0 0.102142
1231199 724118 m2 0.0143924 0.236025 0.120818 0.0175584 0
1231199 141452 m2 0.114741 -0.0123216 -0.552478 0 -0.0112447
1231199 595147 m2 0.0291833 0.0951869 0.0724688 0.0185518 0
1231199 671056 m2 0.0172809 -0.0168533 0.0626207 -0.0226284 0
1231199 56386 m2 0.0531375 0.0318012 0.298164 0.010878 0
1231199 616766 m2 0.0863048 -0.0503533 0.0787021 0.00872681 0
1231199 206399 m2 0.0676295 0.0365769 -0.131378 0 0.0244744
1231199 603825 m2 0.0212151 -0.0835399 0.0403306 0 -0.00620281
1231199 638321 m2 0.0535857 0.133216 -0.0359915 0.0280344 0
1231199 379288 m2 0.155578 0.050292 0.054139 0 0.0367597
1231199 164988 m2 0.371116 0.248331 -0.893296 0.0960367 0
1231199 729628 m2 0.0125498 0.195874 -0.11499 -0.0116606 0
1231199 644080 m2 0.0153884 -0.121271 0.155052 0 0.041157
1231199 449922 m2 0.0206673 0.0338923 0.214151 0.0255636 0
1231199 708184 m2 0.0126494 0.0263526 0.0541422 0 0.0547754
1231199 693440 m2 0.0192231 -0.0545812 0.170061 0 0.0218093
1231199 436287 m2 0.0640936 -0.0327642 -0.314613 -0.0210958 0
1231199 651241 m2 0.0179781 0.189597 0.00376208 0.0607463 0
1231199 473898 m2 0.0976096 -0.148233 0.07468 -0.0326972 0
1231199 657270 m2 0.0208665 -0.0828114 -0.172375 0 -0.0248796
1231199 283302 m2 0.0792829 -0.0493708 -0.0607703 0 0.0158792
1231199 382376 m2 0.0526394 0.155556 -0.0386084 0.0870751 0
1231199 713665 m2 0.0160359 0.0971884 0.0313646 0.0372693 0
1231199 661736 m2 0.0334661 -0.0221764 0.0309039 0.0498777 0
1231199 502765 m2 0.0270418 -0.116989 0.172126 -0.0680543 0
1231199 21725 m2 0.151743 -0.0298773 -0.501387 0 -0.00310916
1231199 127334 m2 0.0985558 0.249301 0.699036 0.0389385 0
1231199 175421 m2 0.0908865 0.0376753 0.393113 -0.0284565 0
1231199 155177 m2 0.0442231 0.0435123 -0.209186 0 0.0068924
1231199 602269 m2 0.03501 -0.184563 0.254325 -0.0246219 0
1231199 725588 m2 0.0125 0.259538 -0.0602647 -0.00137448 0
1231199 497270 m2 0.0523406 -0.0863562 -0.0407497 -0.0160749 0
1231199 309217 m2 0.0299303 0.0535222 -0.0376646 0 -0.00986697
1231199 461825 m2 0.0407869 -0.057876 0.178721 0 0.0600409
1231199 637323 m2 0.0224602 -0.0631032 -0.00272082 0 0.0220415
1231199 611555 m2 0.0240538 0.0818622 -0.193036 0.00523755 0
1231199 539443 m2 0.0543327 -0.103452 0.0577748 0 0.0101419
1231199 672783 m2 0.0227092 -0.047612 -0.109162 0.0525563 0
1231199 601033 m2 0.0205677 0.23808 -0.0770656 0 0.0739412
1231199 584057 m2 0.116335 -0.0975857 0.063796 -0.0628745 0
1231199 582296 m2 0.0541833 -0.103561 0.0577522 0 -0.0296612
1231199 573277 m2 0.0103088 0.0949947 -0.0460217 0.0334604 0
1231199 652501 m2 0.0145916 -0.00628362 -0.0538641 0 0.0355118
1231199 24886 m2 0.0492032 -0.179504 -0.588078 0 0.0181002
1231199 668092 m2 0.0323207 -0.148139 0.062379 -0.0684539 0
1231199 192494 m2 0.208367 0.107748 -0.185939 -0.01799 0
1231199 714406 m2 0.02251 0.328757 -0.114214 0.0647136 0
1231199 448428 m2 0.0873008 0.0413162 0.106882 0.0765189 0
1231199 659712 m2 0.0311255 -0.110644 -0.0538554 -0.0382394 0
1231199 737724 m2 0.0121016 0.130426 -0.15864 0 0.0466569
1231199 567391 m2 0.073257 -0.140985 -0.0705797 -0.105421 0
1231199 196772 m2 0.0228088 0.0881499 -0.314341 0 -0.0360665
1231199 307963 m2 0.341434 0.487612 0.18097 0.109071 0
1231199 522761 m2 0.0187749 0.172404 0.0393863 0 0.023746
1231199 562653 m2 0.0329681 -0.0141096 0.259009 0 0.0398285
1231199 275964 m2 0.0352092 0.0263786 0.193158 0 -0.000486947
1231199 459306 m2 0.117181 -0.030665 0.157551 0 -0.0495043
1231199 491126 m2 0.135807 -0.0871855 0.0776782 -0.0275049 0
1231199 248849 m2 0.0791335 -0.224823 0.328042 -0.0502265 0
1231199 54796 m2 0.279731 -0.0352093 0.60763 0 -0.0169563
1231199 507098 m2 0.0353586 -0.0380183 -0.0410675 -0.042499 0
1231199 520520 m2 0.0109562 0.0318568 0.328652 0 0.0918563
1231199 174921 m2 0.0957171 -0.0951802 0.755275 0 -0.00842143
1231199 620080 m2 0.0160857 0.214362 -0.102903 0.0443468 0
1231199 375441 m2 0.136504 0.195556 -0.265531 0.0265706 0
1231199 691167 m2 0.0187251 0.165014 0.0240509 0.0156452 0
1231199 372628 m2 0.0746016 -0.130883 0.323231 0 0.0342693
1231199 11161 m2 0.0348108 0.00879868 -0.319028 0 -0.0364376
1231199 575512 m2 0.0301295 0.0753248 0.0567899 0 -0.0362975
1231199 165442 m2 0.102341 -0.0139779 -0.324345 0 0.00505119
1231199 654513 m2 0.0121016 0.0458855 0.00753503 -0.0646865 0
1231199 592669 m2 0.012749 -0.0355011 -0.0689897 -0.00886684 0
1231199 497819 m2 0.0817231 -0.130532 -0.0504248 -0.0158618 0
1231199 644779 m2 0.0135458 -0.137703 0.00577999 0.0525227 0
1231199 454979 m2 0.013247 -0.121818 -0.363588 0 0.0130477
1231199 122437 m2 0.112002 -0.014035 0.132427 0 -0.0531162
1231199 607348 m2 0.0103586 -0.156516 -0.0481292 0 -0.0462169
1231199 64746 m2 0.13242 0.0196479 -0.349098 0 -0.00781636
1231199 97901 m2 0.0140936 -0.0233396 0.0543761 0.0662834 0
1231199 545153 m2 0.101295 -0.0577817 -0.114855 0 0.0456509
1231199 663762 m2 0.0186255 0.0272728 0.0376652 0 0.0321745
1231199 118942 m2 0.213147 0.102024 -0.819134 0 -0.0439752
1231199 706356 m2 0.0116534 0.309882 0.0269528 0.0792842 0
1231199 544141 m2 0.0492032 -0.0739684 -0.168024 -0.0509624 0
1231199 497008 m2 0.0261454 0.101358 -0.26219 0.0309756 0
1231199 652473 m2 0.011006 -0.200967 -0.0405341 0 -0.0681499
1231199 598112 m2 0.013994 -0.215488 -0.259668 0.0461662 0
1231199 711412 m2 0.0102092 -0.150841 -0.148242 -0.0416221 0
1231199 526533 m2 0.0288347 0.00202995 -0.0474369 0 -0.0180928
1231199 268374 m2 0.0631972 0.113748 -0.253949 -0.00455618 0
1231199 14515 m2 0.0173805 0.0883359 -0.055382 0 -0.0137833
1231199 605084 m2 0.0378486 -0.125875 0.0277596 -0.0127888 0
1231199 360705 m2 0.0103586 0.203607 -0.227909 0 0.00645511
1231199 56889 m2 0.0192231 -0.0715989 -0.166295 -0.0684708 0
1231199 375940 m2 0.0761454 -0.138891 0.0596877 0 0.00479678
1231199 71345 m2 0.0839143 0.108696 -0.654888 0.00846493 0
1231199 337517 m2 0.0177291 -0.012945 -0.171655 -0.0641927 0
1231199 204104 m2 0.0382968 -0.164483 -0.166786 -0.0875794 0
1231199 693874 m2 0.0150896 0.147689 -0.0454175 0 0.00638337
1231199 292707 m2 0.0726594 -0.0567885 -0.71199 0 -0.0726007
1231199 601966 m2 0.0398904 0.0593187 0.249697 0.00952419 0
1231199 229851 m2 0.0361554 -0.167497 -0.0578443 -0.0812358 0
1231199 604591 m2 0.0316733 -0.0286552 -0.19145 0 0.0865414
1231199 71622 m2 0.309263 -0.0602807 0.0661705 -0.0535668 0
1231199 627350 m2 0.0756474 0.162257 -0.014227 0.0772902 0
1231199 383073 m2 0.112102 0.0595229 0.0201742 0 -0.00588142
1231199 642521 m2 0.0339143 0.0268082 -0.250538 0 -0.041487
1231199 651415 m2 0.034761 -0.0631894 -0.169231 -0.0231213 0
1231199 420795 m2 0.104681 -0.104385 -0.0539213 -0.0973858 0
1231199 411421 m2 0.0162351 -0.0534499 0.0544781 0.0210634 0
1231199 572753 m2 0.0317729 -0.00103897 -0.0649943 -0.0164876 0
1231199 449883 m2 0.0320219 -0.046801 -0.067073 -0.0346098 0
1231199 653228 m2 0.0298307 -0.0617117 -0.0642261 0 -0.0377099
1231199 695923 m2 0.0236056 -0.0951313 0.00954284 -0.031098 0
1231199 625301 m2 0.0198705 -0.0538946 0.108766 -0.0151155 0
1231199 642515 m2 0.0138446 -0.159579 -0.205261 -0.019348 0
1231199 466487 m2 0.05 0.0564151 0.076128 0 0.0527058
1231199 230625 m2 0.121414 -0.0482827 0.633591 0 -0.0286505
1231199 63485 m2 0.0994522 0.072543 0.864889 0 0.0396531
1231199 297690 m2 0.0116036 -0.143064 -0.093232 0 0.0215159
1231199 427941 m2 0.0176295 -0.0128126 -0.171568 0 -0.017779
1231199 586287 m2 0.0624502 0.0612913 -0.181293 0.0463886 0
1231199 145517 m2 0.0814741 -0.05116 0.65897 -0.00587157 0
1231199 33293 m2 0.0196713 0.116134 -0.0591032 0.00352306 0
1231199 698133 m2 0.010508 0.194945 -0.0204225 0 -0.0463901
1231199 688418 m2 0.0186255 -0.127288 -0.052471 0.020094 0
1231199 80586 m2 0.0326693 -0.0529473 -0.287631 0 0.0381073
1231199 534597 m2 0.0364542 0.265519 -0.298943 0.0576441 0
1231199 698128 m2 0.0155876 0.277653 0.124635 0 -0.0192439
1231199 674030 m2 0.0366036 0.21426 0.221418 0 -0.00264551
1231199 439569 m2 0.123207 0.0193142 -0.669401 0 -0.00365995
1231199 258865 m2 0.101643 0.10809 -0.243112 0.0348723 0
1231199 692130 m2 0.010508 0.0338764 -0.0204218 0 -0.0447325
1231199 323777 m2 0.0753984 -0.0812242 -0.273621 0 -0.0211145
1231199 447398 m2 0.0181773 -0.179926 0.0810427 -0.0156081 0
1231199 669511 m2 0.0209163 0.197162 -0.18571 0 -0.0472286
1231199 725547 m2 0.0175299 -0.00545603 -0.256566 0.000498119 0
1231199 580968 m2 0.012002 -0.0493167 -0.0675978 -0.0374722 0
1231199 399419 m2 0.0198705 0.0674044 -0.473365 0 -0.0939364
1231199 323770 m2 0.064741 -0.011974 -0.517263 0 -0.0458552
1231199 599538 m2 0.0714641 -0.141154 -0.0640301 -0.052678 0
1231199 569097 m2 0.024004 -0.0981259 -0.0213346 0 -0.0207225
1231199 141641 m2 0.122311 -0.00694574 -0.368435 0.0247504 0
1231199 718856 m2 0.0169821 -0.0910581 -0.0531493 -0.0615993 0
1231199 656472 m2 0.0206175 -0.120894 -0.0531355 0 -0.0029133
1231199 198056 m2 0.0413845 -0.0654947 0.250691 0 0.0119378
1231199 231867 m2 0.0325697 0.0235113 -0.274984 -0.0685616 0
1231199 532379 m2 0.0291833 -0.0299565 -0.0597615 0 0.0383185
1231199 395435 m2 0.023008 -0.108967 -0.117141 0 -0.00306866
1231199 417142 m2 0.0699701 -0.0908858 -0.141385 -0.0323428 0
1231199 505518 m2 0.0455179 0.193399 -0.199261 0 -0.00746952
1231199 635042 m2 0.0164343 0.0428171 -0.536658 0 -0.00133847
1231199 603002 m2 0.0106574 -0.115039 -0.0512882 -0.0298307 0
1231199 210670 m2 0.0344124 0.0303984 -0.577237 -0.0311844 0
1231199 565435 m2 0.0412849 -0.124023 -0.0542018 0.0241447 0
1231199 661183 m2 0.0238048 0.093429 -0.113683 0.0275945 0
1231199 520740 m2 0.0577191 -0.0551701 -0.185494 0 0.0658006
1231199 575187 m2 0.0284363 -0.113908 -0.535556 0 0.0270009
1231199 649231 m2 0.0587649 0.139246 -0.191014 -0.00745223 0
1231199 562611 m2 0.088745 -0.0340627 -0.330509 0 0.0383828
1231199 623518 m2 0.034512 -0.104513 -0.160267 0 0.0334872
1231199 652945 m2 0.0101594 0.216583 -0.198 0.0251782 0
1231199 658696 m2 0.024004 -0.119723 -0.0386405 0.0644368 0
1231199 155858 m2 0.0615538 0.286673 -0.514356 0.0826793 0
1231199 432245 m2 0.0479582 -0.13067 -0.194012 0 0.00718386
1231199 100588 m2 0.151444 0.0329811 -0.36257 0.0152744 0
1231199 578498 m2 0.0209661 0.0474593 -0.0766915 0.0132454 0
1231199 694375 m2 0.0166833 0.0107212 -0.0573068 -0.00225876 0
1231199 589939 m2 0.0401892 0.089557 -0.358424 0.0258777 0
1231199 675972 m2 0.0287849 -0.00870496 -0.196532 0 -0.00868018
1231199 587954 m2 0.0380478 -0.0409166 -0.296391 0 0.0156036
1231199 681439 m2 0.0101096 -0.150155 -0.0497363 -0.0123476 0
1231199 719320 m2 0.0111056 0.0511293 -0.201901 -0.0351955 0
1231199 619012 m2 0.0235558 0.0755753 -0.195036 0 -0.0206949
1231199 362461 m2 0.278785 -0.166318 0.241573 -0.0533475 0
1231199 148759 m2 0.104183 0.0332122 -0.257013 -0.0207796 0
1231199 582736 m2 0.0304781 0.0521949 -0.262438 0 0.02691
1231199 59171 m2 0.102092 0.168262 0.0309296 0 -0.0174363
1231199 588220 m2 0.011255 0.163163 -0.156023 0.0313206 0
1231199 450778 m2 0.0819223 -0.0230605 -0.479486 0 -0.0699495
1231199 665798 m2 0.0126992 -0.121188 -0.235249 0 0.0666113
1231199 729560 m2 0.0137948 -0.0698359 -0.16522 0 -0.02393
1231199 74506 m2 0.0741534 -0.1367 -0.399993 -0.0632511 0
1231199 239589 m2 0.0428785 -0.182728 -0.469915 -0.113022 0
1231199 559140 m2 0.0280378 -0.076638 -0.0848605 -0.00321901 0
1231199 610703 m2 0.0159861 0.0163265 0.05499 -0.00657404 0
1231199 150056 m2 0.0957669 0.0341685 -0.320538 0 0.00253051
1231199 203044 m2 0.0561255 0.1382 -0.20824 0.0450244 0
1231199 508782 m2 0.0802291 0.249233 -0.29624 0.09572 0
1231199 712067 m2 0.0114542 0.276496 -0.267094 0 -0.0658437
1231199 626034 m2 0.0170319 0.00662982 -0.525337 0 0.0285102
1231199 380160 m2 0.0576693 0.189457 -0.578437 0.0964148 0
1231199 316481 m2 0.0584163 -0.09912 -0.15583 -0.0236485 0
1231199 625502 m2 0.0505478 0.118447 -0.174448 0 -0.00839505
1231199 228609 m2 0.0330179 -0.0954473 -0.280618 0 -0.0447749
1231199 614260 m2 0.0286853 0.0821286 -0.334487 0.0681555 0
1231199 684369 m2 0.0148406 0.102757 -0.0496487 0 0.0254186
1231199 276881 m2 0.0871514 0.189708 -0.216015 0.0362363 0
1231199 128766 m2 0.0709661 0.127504 0.313924 0.0896842 0
1231199 448840 m2 0.101145 -0.0937983 -0.111267 0 0.0225972
1231199 721835 m2 0.0191733 -0.138357 -0.150487 -0.0680671 0
1231199 75493 m2 0.0541833 -0.0562543 -0.648213 0 0.0103385
1231199 378676 m2 0.024253 -0.107105 -0.0929296 0.0293578 0
1231199 594344 m2 0.0582171 -0.0813033 0.163626 -0.00935657 0
1231199 583463 m2 0.051992 0.113195 0.185861 -0.00784278 0
1231199 629771 m2 0.0526394 0.114666 -0.29016 0 -0.0432649
1231199 699790 m2 0.0535359 0.0666952 -0.195068 0.0212661 0
1231199 699558 m2 0.0293825 0.0692433 -0.175066 0 -0.0124404
1231199 86105 m2 0.407271 -0.00674596 -0.908661 0 -0.0441043
1231199 71800 m2 0.11245 0.0359924 -0.772186 0 -0.0175656
1231199 602200 m2 0.0150896 -0.012243 0.364904 0 -0.0136607
1231199 484050 m2 0.0903884 -0.118327 -0.332483 -0.0548588 0
1231199 411097 m2 0.0549303 0.00513303 -0.0463193 0 -0.0401172
1231199 410622 m2 0.0741534 -0.1367 -0.399993 0 0.0150902
1231199 396381 m2 0.0505478 0.00831826 0.0362296 0 -0.0269929
1231199 449836 m2 0.0448207 -0.126643 -0.0535891 -0.096643 0
1231199 599517 m2 0.0726594 0.0974856 -0.022027 0 0.0335813
1231199 729330 m2 0.0168327 0.205002 -0.152586 0 0.0183936
1231199 545599 m2 0.0718127 -0.0717218 -0.181531 -0.0126557 0
1231199 218897 m2 0.144422 0.0717257 -0.789799 0.0391106 0
1231199 56837 m2 0.26753 0.126556 -0.445858 -0.0136434 0
1231199 682650 m2 0.0248506 -0.00647889 -0.225054 -0.0253475 0
1231199 339933 m2 0.237799 -0.0227046 -0.901656 -0.0337663 0
1231199 292660 m2 0.0323705 -0.153881 -0.273596 0 -0.0123506
1231199 719071 m2 0.024004 -0.120105 -0.157019 0 -0.0192172
1231199 387561 m2 0.131723 -0.0829181 -0.535922 0 -0.0490735
1231199 523924 m2 0.0311255 -0.0429654 -0.39967 -0.033619 0
1231199 440761 m2 0.0925797 -0.183484 -0.320944 -0.0853151 0
1231199 527229 m2 0.036753 0.0159975 -0.600342 -0.0112842 0
1231199 159103 m2 0.0871016 -0.0527867 -0.738795 0 -0.00842309
1231199 292658 m2 0.0160857 0.0675149 -0.0228871 0 0.0071854
1231199 314423 m2 0.0914841 0.0586759 -0.664318 0 -0.0175905
1231199 260074 m2 0.261504 -0.20494 -0.227929 -0.0786643 0
1231199 678408 m2 0.02749 0.0785946 -0.338823 0 0.0155259
1231199 300631 m2 0.0505478 -0.211236 -0.138686 -0.0146177 0
1231199 496108 m2 0.0370518 0.205663 -0.150614 0.0435487 0
1231199 693809 m2 0.0176793 0.00576311 -0.280249 0 -0.0468466
1231199 114682 m2 0.0186255 0.0743748 -0.191871 0.011379 0
1231199 691365 m2 0.0370518 -0.0013717 -0.202986 -0.0136479 0
1231199 86342 m2 0.0239542 -0.0863525 -0.177916 0 0.0187912
1231199 434508 m2 0.074004 -0.0836751 -0.449301 -0.0873309 0
1231199 599244 m2 0.034761 -0.043972 -0.618188 -0.0146831 0
1231199 739459 m2 0.015239 0.0615452 -0.327775 0 0.0190486
1231199 344886 m2 0.0999004 0.0753677 -0.282497 0 -0.0187545
1231199 652909 m2 0.015239 -0.134367 -0.0765508 -0.0322931 0
1231199 694618 m2 0.0124004 -0.114982 -0.150911 -0.0273842 0
1231199 573179 m2 0.0191733 0.0703975 -0.399495 0 0.0253995
1231199 427580 m2 0.0503486 -0.200665 -0.304755 -0.0777661 0
1231199 121117 m2 0.103038 -0.17831 -0.727305 0 -0.0406838
1231199 131516 m2 0.087749 -0.177984 0.279814 -0.052817 0
1231199 233850 m2 0.0448705 0.0246669 -0.229946 -0.0303419 0
1231199 618981 m2 0.0180279 0.122184 -0.0453601 0 -0.0129219
1231199 220427 m2 0.254432 0.205932 -0.815766 0.060587 0
1231199 695092 m2 0.0142928 0.153933 -0.273953 0 0.0357265
1231199 331213 m2 0.0839143 0.121633 -0.796337 0.0263211 0
1231199 507280 m2 0.0208665 -0.0108558 -0.173222 0.0267995 0
1231199 400672 m2 0.141434 -0.0291343 -0.354404 0 -0.094864
1231199 396326 m2 0.0318227 0.0136089 -0.532469 0 -0.026498
1231199 703589 m2 0.0175797 0.150688 -0.687445 0 -0.0420046
1231199 323951 m2 0.0349104 0.00868802 -0.319356 0 -0.0355866
1231199 704625 m2 0.0117032 0.0172268 -0.319932 0 0.0237263
1231199 654905 m2 0.0476594 -0.0138828 -0.317224 0 -0.0601329
1231199 262903 m2 0.0520418 0.0392605 -0.570194 0 -0.0580289
1231199 445313 m2 0.0397908 0.234075 -0.633405 0.13051 0
1231199 491509 m2 0.0636454 0.0223352 -0.698252 -0.0253526 0
1231199 493368 m2 0.136155 -0.195887 -0.527794 -0.0729844 0
1231199 478987 m2 0.0325199 -0.0665377 -0.437184 -0.0418075 0
1231199 564833 m2 0.0182271 -0.112746 -0.359973 -0.0620283 0
1231199 616175 m2 0.0334163 0.0492172 -0.58242 0 -0.0119866
1231199 567302 m2 0.0162351 -0.105139 -0.302472 0 -0.0084146
1231199 408127 m2 0.0953187 -0.0577049 -0.32469 -0.0750051 0
1231199 604783 m2 0.0715139 0.149053 -0.241397 0 -0.0154998
1231199 447331 m2 0.0898904 0.0242568 -0.381441 -0.011398 0
1231199 170360 m2 0.0436255 0.328792 -0.607085 0.0875626 0
1231199 187540 m2 0.0475598 0.0547689 0.0412813 0.0489641 0
1231199 360861 m2 0.106673 -0.095469 -0.517858 -0.049897 0
1231199 364567 m2 0.0334661 0.151034 -0.431858 -0.025029 0
1231199 634963 m2 0.0138944 -0.0783401 -0.493761 0 -0.0301839
1231199 276821 m2 0.121863 -0.0474342 -0.534095 0 -0.0168823
1231199 370063 m2 0.0517928 -0.0382076 -0.536567 0 -0.0469063
1231199 724001 m2 0.0104084 -0.147665 -0.218732 0 -0.00537181
1231199 326947 m2 0.0200199 -0.10245 -0.565445 -0.0106274 0
1231199 551349 m2 0.025498 -0.0132329 -0.45615 0 -0.022786
1231199 235693 m2 0.125946 -0.169401 -0.497529 0 0.007854
1231199 430154 m2 0.1126 0.0272804 -0.790087 0 -0.0268807
1231199 712563 m2 0.011006 0.00925528 -0.156124 0 -0.109937
1231199 701331 m2 0.0105578 -0.204004 -0.129789 0 -0.0341887
1231199 637196 m2 0.0112052 -0.093843 -0.384044 -0.00791006 0
1231199 385773 m2 0.213496 -0.0338193 -0.759311 0 -0.0402174
1231199 701783 m2 0.0201693 0.0206221 -0.539975 0 0.0201622
1231199 163859 m2 0.0293825 0.0293951 -0.666091 -0.0131806 0
1231199 472772 m2 0.0918825 -0.0632004 -0.32825 -0.020977 0
1231199 158847 m2 0.365687 -0.208344 -0.204683 -0.0119251 0
1231199 357295 m2 0.0843625 -0.158148 -0.750515 -0.0611699 0
1231199 638212 m2 0.027988 -0.149617 -0.296982 0 0.00475811
1231199 662966 m2 0.0494522 -0.0276969 -0.233023 0 0.00558605
1231199 463164 m2 0.0670319 -0.0674061 -0.697958 -0.042258 0
1231199 481000 m2 0.0626494 0.00655704 -0.747656 0 -0.0470045
1231199 362872 m2 0.11504 0.00715412 -0.797043 0 -0.0218978
1231199 174132 m2 0.0835657 -0.185403 -0.368168 -0.0879785 0
1231199 364305 m2 0.133815 0.307786 -0.71384 0.0881248 0
1231199 400631 m2 0.125498 0.0277758 -0.318462 0 -0.0281379
1231199 558822 m2 0.0983068 -0.0070514 -0.470557 -0.059209 0
1231199 183093 m2 0.0804781 0.0129482 -0.47283 0 -0.00133805
1231199 495382 m2 0.0378486 0.16792 -0.629457 0.0570143 0
1231199 293378 m2 0.0593127 -0.056457 -0.70138 -0.0482863 0
1231199 494858 m2 0.0124004 -0.145552 -0.452119 -0.0187387 0
1231199 363567 m2 0.0135956 -0.11614 -0.475829 -0.0369146 0
1231199 491291 m2 0.034761 -0.106897 -0.32976 0.00524686 0
1231199 384983 m2 0.0400896 -0.162688 -0.638083 -0.0604785 0
1231199 285249 m2 0.101693 -0.0723237 -0.733372 -0.0570555 0
1231199 450733 m2 0.0803785 0.424144 -0.668193 0.0420002 0
1231199 599944 m2 0.052739 0.290414 -0.347427 0 0.0343242
1231199 501880 m2 0.0428785 -0.0872475 -0.673436 -0.0271846 0
1231199 449054 m2 0.0319223 -0.0859634 -0.542892 0 -0.0709448
1231199 530846 m2 0.0157371 -0.236019 -0.46145 0 0.00379399
1231199 545542 m2 0.0485558 0.0202805 -0.513192 -0.0174565 0
1231199 676873 m2 0.0107072 -0.00983981 -0.458295 0 -0.0537454
1231199 243028 m2 0.24004 -0.0302238 -0.258841 0 -0.0539709
1231199 410060 m2 0.0393924 0.192396 -0.283472 0.0144933 0
1231199 427597 m2 0.0123506 -0.116145 -0.152353 0 -0.0232073
1231199 650910 m2 0.0169323 -0.195924 -0.486972 0 0.0368788
1231199 246199 m2 0.149303 0.00853591 -0.822914 0.0101249 0
1231199 477030 m2 0.027241 -0.0945508 -0.509942 0 0.00520531
1231199 592810 m2 0.0136952 0.149775 -0.509262 0.051235 0
1231199 621480 m2 0.0351594 -0.00700954 -0.623484 -0.0513843 0
1231199 520925 m2 0.0108068 -0.0698786 -0.518214 -0.0479431 0
1231199 375341 m2 0.050747 0.0796773 -0.698922 0 -0.0592462
1231199 405088 m2 0.133068 0.0226686 -0.795141 0.00686554 0
1231199 290083 m2 0.0998506 -0.170792 -0.309014 -0.060256 0
1231199 617139 m2 0.0228088 -0.110529 -0.277044 -0.0494949 0
1231199 323692 m2 0.03501 0.00364199 -0.297758 -0.0415777 0
1231199 452675 m2 0.137251 0.0325856 -0.81921 0 -0.0315452
1231199 465395 m2 0.0180279 0.0375906 -0.409075 0 -0.00869139
1231199 369573 m2 0.0397908 -0.254596 -0.178174 0.0162096 0
1231199 499778 m2 0.0458665 0.127098 -0.495086 0 0.0257382
1231199 378904 m2 0.0290837 0.0342386 -0.458861 0 0.00987695
1231199 548844 m2 0.0271414 -0.223256 -0.510001 -0.0320944 0
1231199 314874 m2 0.0290837 -0.0142031 -0.549397 -0.000610351 0
1231199 709267 m2 0.0207669 0.0254348 -0.41526 0 0.00513822
1231199 468669 m2 0.0426793 -0.121842 -0.333899 0.0165687 0
1231199 307309 m2 0.168924 0.205123 -0.809479 0.0949029 0
1231199 550368 m2 0.17759 0.0623377 -0.792289 -0.00650025 0
1231199 384762 m2 0.0583665 0.204695 -0.349308 0.0370769 0
1231199 317192 m2 0.0402888 -0.0843623 -0.20617 -0.0308439 0
1231199 621995 m2 0.023755 -0.0529938 -0.527278 0 0.0571811
1231199 637210 m2 0.0319223 0.209047 -0.61207 0 0.0276524
1231199 388047 m2 0.0781873 0.0394404 -0.557953 0.100004 0
1231199 697075 m2 0.0104084 -0.107118 -0.498434 0.0488109 0
1231199 339899 m2 0.0380478 0.218939 -0.443581 0.0339112 0
1231199 405096 m2 0.0338645 0.0987926 -0.547791 -0.00531196 0
1231199 610668 m2 0.0198207 0.237878 -0.346551 0.0207811 0
1231199 544066 m2 0.0145916 0.0180379 -0.528168 0 0.0665311
1231199 589639 m2 0.0414841 0.193748 -0.464454 0 -0.00654057
1231199 545852 m2 0.199452 -0.041383 -0.882356 0.00834844 0
1231199 531821 m2 0.022759 -0.0603329 -0.353672 -0.035925 0
1231199 638698 m2 0.0157869 0.0895859 -0.5566 0.0384924 0
1231199 625446 m2 0.0416335 -0.00600421 -0.720512 0 -0.0373662
1231199 648674 m2 0.0193725 -0.104495 -0.599061 0 -0.0282719
1231199 531562 m2 0.0324203 0.0354619 -0.504302 0 -0.0338249
1231199 631950 m2 0.0312251 -0.073703 -0.388292 0 0.0279022
1231199 533531 m2 0.0525896 -0.0625563 -0.365837 0 0.0510287
1231199 579393 m2 0.0136952 0.100835 -0.245947 0.0326576 0
1231199 684301 m2 0.0156873 0.070695 -0.628293 0 0.00695166
1231199 612925 m2 0.0410359 0.130469 -0.480601 0.0407118 0
1231199 729281 m2 0.0103586 0.152303 -0.54391 0 -0.0282837
1231199 706790 m2 0.0261454 0.116645 -0.0747416 0.0258796 0
1231199 607001 m2 0.0300299 0.0658095 -0.601929 0.0156537 0
1231199 727778 m2 0.0128984 0.165225 -0.160229 0 0.0191476
1231199 717306 m2 0.0145916 0.111874 -0.273637 0 0.00693411
1231199 664164 m2 0.0228088 0.0982846 -0.661402 0 0.058513
1231199 695577 m2 0.0263446 0.0788991 -0.361589 0.0337456 0
1231199 723029 m2 0.0168825 0.0151771 -0.541992 0 -0.0375827
