// Initial random seed:
1945896275835

// RunInitializeCallbacks():
initializeTreeSeq();
initializeMutationRate(2.5e-08);
initializeSex("A");
initializeMutationType(2, 0.5, "f", 0);
initializeGenomicElementType(1, m2, 1);
initializeGenomicElement(g1, 0, 500000);
initializeRecombinationRate(c(1e-06, 0.5, 1e-06, 0.5, 1e-06, 0.5, 1e-06, 0.5, 1e-06, 0.5, 1e-06, 0.5, 1e-06, 0.5, 1e-06, 0.5, 1e-06, 0.5, 1e-06, 0.5, 1e-06, 0.5, 1e-06, 0.5, 1e-06, 0.5, 1e-06, 0.5, 1e-06, 0.5, 1e-06, 0.5, 1e-06, 0.5, 1e-06, 0.5, 1e-06, 0.5, 1e-06), c(50000, 50001, 100000, 100001, 150000, 150001, 200000, 200001, 250000, 250001, 300000, 300001, 350000, 350001, 400000, 400001, 450000, 450001, 500000, 500001, 550000, 550001, 600000, 600001, 650000, 650001, 700000, 700001, 750000, 750001, 800000, 800001, 850000, 850001, 900000, 900001, 950000, 950001, 1000000));

QTL DFE means: 
0 0

QTL DFE variance-covariance matrix: 
      [,0]  [,1]
[0,] 0.002     0
[1,]     0 0.002

// Starting run at generation <start>:
1 

100:0.99955 0.99955 2.66454e-14 -0.00533108 0.00213576 -0.237228 -0.0138414 NAN NAN
200:0.999103 0.999103 1.94289e-14 -0.00996354 0.00880771 -0.259601 0.0913215 NAN NAN
300:0.99856 0.99856 -2.24265e-14 -0.00320334 0.000902876 -0.21205 -0.325912 NAN NAN
400:0.998037 0.998037 -2.45359e-14 -0.00322807 0.00395939 0.00706972 -0.52033 NAN NAN
500:0.997681 0.997681 -4.51861e-14 0.0125424 -0.00417761 -0.115866 -0.370705 NAN NAN
600:0.997097 0.997097 -4.10783e-15 0.00721873 0.00931539 0.151555 -0.0197312 NAN NAN
700:0.996525 0.996525 6.43929e-15 0.0233902 0.0134915 0.0729023 -0.0729819 NAN NAN
800:0.995916 0.995916 -5.11813e-14 0.016647 0.00876711 0.210344 0.0583827 NAN NAN
900:0.995466 0.995466 5.18474e-14 -0.00745231 0.0206746 0.000524674 -0.350139 NAN NAN
1000:0.994961 0.994961 3.70814e-14 0.000726296 0.0120346 -0.0221418 -0.321672 NAN NAN
1100:0.993424 0.993216 0.000208157 0.0170294 0.0160981 0.0892786 0.126406 0.0343293 0.0517098
1200:0.992214 0.989344 0.00287009 0.00111433 0.00227798 0.645533 0.609013 0.291025 0.249789
1300:0.989677 0.979848 0.00982951 -0.0170747 -0.00787009 0.870543 0.791283 0.516278 0.45718
1400:0.987568 0.964904 0.0226646 -0.0119317 0.0210524 0.939888 0.925504 0.661671 0.656986
1500:0.985614 0.94193 0.0436844 0.0093895 0.0239712 0.969169 0.955186 0.78181 0.75407
1600:0.983443 0.908464 0.0749784 0.0141818 0.00327341 0.972941 0.963403 0.852321 0.813416
1700:0.981073 0.857994 0.123079 -0.00512701 0.00782731 0.986061 0.97785 0.900562 0.848831
1800:0.976985 0.795 0.181985 -0.00553892 0.00446591 0.992914 0.984877 0.921815 0.883648
1900:0.971131 0.687792 0.283339 0.000821011 -0.00314498 0.995696 0.979677 0.943771 0.901637
2000:0.957803 0.545749 0.412054 -0.00857521 -0.00418782 0.997342 0.982855 0.956257 0.914189
2100:0.959022 0.545147 0.413875 0.00562717 0.00245477 0.99682 0.989545 0.955586 0.926345
2200:0.960805 0.538384 0.422421 0.00518993 -0.00477323 0.998098 0.991528 0.958731 0.930761
2300:0.961742 0.53647 0.425272 -0.00458234 0.006536 0.997406 0.989218 0.960552 0.92922
2400:0.960645 0.537498 0.423147 -0.00304765 0.00686688 0.996973 0.990223 0.958525 0.93033
2500:0.960964 0.53704 0.423924 -0.00114186 -0.00308392 0.997272 0.988576 0.959987 0.923974
2600:0.961647 0.534405 0.427242 -0.00309131 0.00920552 0.997911 0.990131 0.961526 0.925404
2700:0.962826 0.535007 0.427819 0.00285369 -0.0132348 0.998057 0.985162 0.962796 0.925061
2800:0.962463 0.539629 0.422834 -0.00283616 -0.0103115 0.997772 0.98638 0.96174 0.920339
2900:0.961451 0.53867 0.422781 8.12535e-05 -0.00115011 0.996843 0.989975 0.961072 0.916316
3000:0.962735 0.537829 0.424906 0.00379618 0.0108684 0.99807 0.990478 0.963362 0.91494
