// Initial random seed:
4038411333588

// RunInitializeCallbacks():
initializeTreeSeq();
initializeMutationRate(1e-10);
initializeSex("A");
initializeMutationType(2, 0.5, "f", 0);
initializeGenomicElementType(1, m2, 1);
initializeGenomicElement(g1, 0, 500000);
initializeRecombinationRate(c(1e-06, 0.5, 1e-06, 0.5, 1e-06, 0.5, 1e-06, 0.5, 1e-06, 0.5, 1e-06, 0.5, 1e-06, 0.5, 1e-06, 0.5, 1e-06, 0.5, 1e-06, 0.5, 1e-06, 0.5, 1e-06, 0.5, 1e-06, 0.5, 1e-06, 0.5, 1e-06, 0.5, 1e-06, 0.5, 1e-06, 0.5, 1e-06, 0.5, 1e-06, 0.5, 1e-06), c(50000, 50001, 100000, 100001, 150000, 150001, 200000, 200001, 250000, 250001, 300000, 300001, 350000, 350001, 400000, 400001, 450000, 450001, 500000, 500001, 550000, 550001, 600000, 600001, 650000, 650001, 700000, 700001, 750000, 750001, 800000, 800001, 850000, 850001, 900000, 900001, 950000, 950001, 1000000));

QTL DFE means: 
0 0

QTL DFE variance-covariance matrix: 
     [,0] [,1]
[0,]  0.4    0
[1,]    0  0.4

// Starting run at generation <start>:
1 

100:0.999951 0.999951 2.22045e-14 0.000672573 0.000182007 0.00402836 0.210607 NAN NAN
200:0.999743 0.999743 4.66294e-15 0.000824988 -0.00132801 -0.0683574 0.192681 NAN NAN
300:0.999956 0.999956 -3.14193e-14 9.38829e-05 -2.95387e-05 0.0857419 0.0911945 NAN NAN
400:0.999988 0.999988 6.77236e-15 0.000117714 -3.08405e-06 0.0328387 0.0119398 NAN NAN
500:0.999574 0.999574 -8.43769e-15 -0.00462943 -0.00467806 -0.0710466 0.145347 NAN NAN
600:0.999878 0.999878 1.82077e-14 -0.00159649 0.00142586 0.0468462 -0.0553858 NAN NAN
700:0.999864 0.999864 -4.10783e-15 0.00048645 -0.000126423 0.0348313 0.115139 NAN NAN
800:0.999822 0.999822 -9.21485e-15 0.00131513 -0.00110803 -0.236698 0.0956184 NAN NAN
900:0.999948 0.999948 -4.32987e-15 -0.000812236 0.000301396 -0.130988 0.171135 NAN NAN
1000:0.999791 0.999791 1.33227e-15 0.00100442 -0.00182006 0.0234773 0.126415 NAN NAN
1100:0.998723 0.998715 7.46876e-06 -0.000154411 0.000627452 0.120128 0.00757457 0.0289816 0.00640414
1200:0.994841 0.994836 5.50637e-06 -0.00046594 6.29388e-05 0.0400473 0.0363902 0.0010173 0.00215877
1300:0.987774 0.987779 -4.69795e-06 0.000393698 -0.000175254 -0.121574 0.0756777 -0.020703 0.0355159
1400:0.976634 0.975253 0.00138059 0.0102058 -0.000763753 0.240133 0.264996 0.0532704 0.0353246
1500:0.959624 0.955978 0.00364564 0.0248912 -0.00212158 0.228593 0.235422 0.101529 0.0902607
1600:0.939473 0.931186 0.00828729 0.030772 -0.000690087 0.3822 0.231179 0.148353 0.0251481
1700:0.915983 0.880465 0.0355178 0.107729 -0.0010672 0.753 0.0575637 0.467413 -0.0487675
1800:0.896915 0.794212 0.102703 0.122565 0.0528017 0.838572 0.216823 0.716931 0.14637
1900:0.914365 0.653214 0.261151 0.00917085 0.0184182 0.97021 0.628513 0.891843 0.452562
2000:0.899333 0.505194 0.394139 0.00476817 0.123268 0.976923 0.834218 0.927115 0.700547
2100:0.907238 0.496398 0.41084 0.00694613 0.187119 0.987995 0.853631 0.937695 0.706415
2200:0.902578 0.497894 0.404683 0.0227832 0.198115 0.983541 0.859041 0.934448 0.687502
2300:0.907434 0.502137 0.405297 0.0221933 0.192595 0.984003 0.856783 0.937565 0.699566
2400:0.904957 0.50027 0.404688 0.00161634 0.228098 0.982623 0.846846 0.9386 0.690292
2500:0.904927 0.499375 0.405552 0.00111411 0.229196 0.982346 0.868043 0.93814 0.693603
2600:0.907376 0.498561 0.408815 -0.00425967 0.212907 0.979635 0.869853 0.938378 0.697333
2700:0.905655 0.500105 0.40555 0.0132244 0.221675 0.976479 0.872193 0.938378 0.701445
2800:0.906197 0.501096 0.405101 0.0247663 0.205014 0.980637 0.866806 0.937784 0.70955
2900:0.910078 0.50234 0.407738 0.0180045 0.207344 0.981041 0.866441 0.938727 0.707352
3000:0.913994 0.50334 0.410655 0.0119297 0.196556 0.986028 0.901869 0.941895 0.720581
