seed mutID muttype p cor_sal cor_temp mutSalEffect mutTempEffect
1231240 440034 m2 0.0508 -0.334915 -0.224561 -0.0050133 -0.0636083
1231240 3 m2 0.03215 0.378157 -0.0489031 0.0502802 0.0129787
1231240 553037 m2 0.08695 -0.332852 0.267314 -0.0181819 0.0185754
1231240 463520 m2 0.0102 -0.0263685 0.235033 -0.0506711 0.0502352
1231240 325163 m2 0.02625 -0.297565 0.248981 -0.0517364 -0.00785621
1231240 240531 m2 0.07855 -0.394108 0.243892 -0.0400272 0.0758354
1231240 375911 m2 0.02645 -0.311326 0.111837 -0.0262045 0.0519725
1231240 548439 m2 0.0146 0.226263 0.383388 0.0269846 -0.00207117
1231240 414192 m2 0.05245 -0.0166853 0.212514 -0.0408127 0.0391637
1231240 417745 m2 0.02205 -0.254725 0.430927 -0.00287923 0.0667018
1231240 119587 m2 0.02465 0.284496 -0.258316 0.0869176 -0.00665455
1231240 392387 m2 0.02625 -0.086818 0.370872 0.00296595 0.0787047
1231240 403355 m2 0.02155 0.00935355 0.361616 3.08429e-05 0.033453
1231240 692941 m2 0.01435 -0.243904 0.362859 -0.0163859 -0.0391838
1231240 682969 m2 0.0332 0.198219 0.46554 0.0513879 0.0206
1231240 460745 m2 0.07815 0.26083 0.46833 -0.00784766 0.086772
1231240 393653 m2 0.0569 -0.0336343 0.432571 0.0217044 0.0282373
1231240 2187 m2 0.11985 -0.00754524 0.306934 -0.0360901 -0.0071407
1231240 393889 m2 0.06565 0.196921 0.532174 0.0444729 0.0510463
1231240 142970 m2 0.02325 0.108484 -0.28328 0.0526885 -0.0216272
1231240 587761 m2 0.0193 0.228259 0.392013 0.0702962 -0.0185164
1231240 618203 m2 0.01255 -0.207789 0.223874 0.0253749 0.0278789
1231240 698209 m2 0.0101 -0.157856 0.263711 -0.0042668 -0.0578347
1231240 627231 m2 0.0219 -0.254979 0.318157 -0.00374682 -0.00881445
1231240 148 m2 0.0438 -0.246771 -0.153406 0.00144433 0.030514
1231240 565660 m2 0.01835 -0.143349 0.336238 0.00360744 0.0410502
1231240 194276 m2 0.0385 0.506725 0.349029 0.058126 0.00140956
1231240 481044 m2 0.03795 -0.166917 0.41514 -0.0235064 0.0272632
1231240 648107 m2 0.01065 0.311329 0.18455 0.0200252 -0.0118435
1231240 327875 m2 0.04835 0.429733 0.5223 0.0349029 0.0163926
1231240 453380 m2 0.0137 -0.127689 0.262443 0.00301683 -0.0274336
1231240 679489 m2 0.0196 0.0089605 0.430065 0.0251696 0.101712
1231240 116107 m2 0.0286 0.272141 -0.354835 0.074552 -0.0541411
1231240 718093 m2 0.017 -0.142533 0.322328 -0.0458404 0.0166963
1231240 638174 m2 0.0127 0.349633 0.383724 0.0337946 0.00974861
1231240 664171 m2 0.0172 0.0290687 0.414418 0.0267005 -0.0453531
1231240 531448 m2 0.0185 -0.270938 0.264301 -0.0219525 -0.0477035
1231240 473706 m2 0.01725 0.291676 0.398966 0.00830779 0.0358236
1231240 242458 m2 0.04135 -0.256663 0.419778 -0.06621 0.0937534
1231240 48311 m2 0.0334 0.496963 0.33379 0.0272237 -0.0109745
1231240 209955 m2 0.01445 0.12247 -0.00690674 -0.0302968 0.0172218
1231240 68698 m2 0.14345 -0.139526 0.733872 -0.0336402 0.0799351
1231240 565900 m2 0.0192 0.31284 0.466772 0.0179866 0.0645843
1231240 640991 m2 0.02485 0.404938 0.276553 0.0536722 -0.0977177
1231240 681717 m2 0.01905 0.279507 0.235449 0.015203 -0.0431235
1231240 277005 m2 0.10085 0.207139 0.582606 0.00190289 -0.00478117
1231240 315922 m2 0.1592 -0.062234 -0.386705 0.0329738 0.0065409
1231240 509016 m2 0.02095 0.016198 0.204668 0.0421541 0.022504
1231240 276248 m2 0.08615 0.118195 -0.0145439 -0.00938162 -0.0334952
1231240 676737 m2 0.01215 0.18493 0.378549 -0.018635 0.07369
1231240 401083 m2 0.0108 0.0568072 0.138462 -0.0426666 0.0263767
1231240 234115 m2 0.0418 -0.240433 0.47956 -0.00551412 0.0070916
1231240 382720 m2 0.04185 -0.22069 0.267025 -0.0342781 -0.000789879
1231240 374347 m2 0.05935 0.333811 0.471028 0.0455335 -0.00304907
1231240 119986 m2 0.0508 0.382459 -0.0838038 -0.000425642 -0.0353025
1231240 466030 m2 0.01275 -0.134471 0.311036 -0.02697 0.0737321
1231240 702821 m2 0.015 0.268875 0.37081 0.0266928 -0.0784147
1231240 568352 m2 0.01215 -0.197785 0.334615 -0.0509899 -0.0493962
1231240 513864 m2 0.03685 0.253815 0.122464 -0.0256013 0.0178679
1231240 363315 m2 0.0272 0.282659 -0.199443 0.056419 0.0417721
1231240 541851 m2 0.02135 0.40176 0.202309 0.0416254 0.0665842
1231240 653858 m2 0.01065 0.17233 0.373904 0.0199108 0.00855511
1231240 256301 m2 0.01025 0.0359938 0.203333 0.0362697 0.00909946
1231240 594999 m2 0.01375 -0.243912 0.239799 -0.0456324 -0.0515545
1231240 30755 m2 0.01755 -0.305863 0.185104 -0.0325001 -0.0190594
1231240 7156 m2 0.0344 -0.26786 -0.220181 -0.00587878 -0.0431915
1231240 620162 m2 0.01445 0.290647 0.330012 0.0545483 -0.0811343
1231240 430751 m2 0.0278 0.0379062 -0.402083 0.0049283 -0.0393726
1231240 687580 m2 0.0113 -0.229819 0.258847 -0.0311448 0.00277488
1231240 656946 m2 0.0123 0.283356 0.286612 0.00993845 0.0224162
1231240 503518 m2 0.01725 -0.153502 0.398284 0.0226001 0.048962
1231240 659725 m2 0.0191 0.13864 -0.0428985 0.0767614 -0.0468188
1231240 414889 m2 0.0433 0.386896 0.483737 0.0100062 0.0461114
1231240 481528 m2 0.0165 0.354747 0.298387 0.0600692 -0.0209319
1231240 610964 m2 0.025 0.301453 0.553037 -0.0421441 0.0643441
1231240 506299 m2 0.0285 -0.288392 0.261615 -0.0264813 0.0710127
1231240 632899 m2 0.0245 0.318257 0.369063 -0.0037075 0.0243561
1231240 90569 m2 0.1619 -0.363033 -0.197922 -0.026425 -0.0144342
1231240 662669 m2 0.01715 0.252749 0.372882 0.0106094 -0.0531226
1231240 616686 m2 0.01915 -0.142246 0.246918 0.0372458 0.0199372
1231240 484973 m2 0.0874 -0.21703 0.500278 0.0198401 0.0447611
1231240 713322 m2 0.0143 0.031299 0.311709 -0.00902964 0.088248
1231240 488711 m2 0.054 -0.186928 0.143299 0.00304626 0.0201509
1231240 646599 m2 0.02235 -0.31144 0.261184 -0.0529076 0.0364088
1231240 193262 m2 0.02715 -0.249527 0.259019 -0.0426986 0.0350297
1231240 548678 m2 0.03165 -0.301693 0.359069 0.0111478 0.0403615
1231240 620427 m2 0.02525 -0.279382 0.182419 0.0472742 -0.0026798
1231240 227868 m2 0.04965 -0.13899 0.120308 0.00383846 0.0173544
1231240 696151 m2 0.011 -0.192198 0.225812 0.0425969 0.0525255
1231240 700635 m2 0.01345 -0.0780543 0.0617224 -0.0189799 0.0253254
1231240 513371 m2 0.01225 -0.214861 0.285478 -0.0153461 0.0823672
1231240 620425 m2 0.02625 0.313509 0.418524 -0.00115711 0.034247
1231240 567144 m2 0.0121 0.352643 -0.281609 -0.0126023 -0.0162396
1231240 638917 m2 0.01675 0.053226 0.460307 -0.0209259 -0.0286044
1231240 361320 m2 0.0232 -0.302264 0.287081 -0.0115413 -0.00389264
1231240 571481 m2 0.0139 -0.259268 0.0438805 -0.0331655 -0.0278537
1231240 660727 m2 0.01025 -0.232607 0.304837 -0.0750724 0.0418667
1231240 656933 m2 0.0134 0.223087 0.325601 0.0462256 0.0218316
1231240 656628 m2 0.0166 0.0793887 0.388707 0.071659 -0.0236193
1231240 90307 m2 0.11025 -0.137073 0.573241 -0.0270823 0.049971
1231240 565360 m2 0.01105 -0.21146 0.307623 0.0134274 0.0266027
1231240 566633 m2 0.0192 0.243386 0.472765 0.0348539 0.0369641
1231240 655902 m2 0.0118 0.0423694 0.157307 -0.00674751 -0.0298748
1231240 531189 m2 0.0112 0.0392524 0.121667 0.0358462 -0.0237605
1231240 239462 m2 0.02545 -0.304296 0.102399 -0.0529417 0.0451469
1231240 349126 m2 0.0176 -0.258749 0.313795 -0.0807246 -0.0118897
1231240 536152 m2 0.017 0.304057 -0.181151 0.00368566 -0.0770523
1231240 600194 m2 0.0227 -0.0735724 0.381367 -0.0336535 -0.0363817
1231240 534230 m2 0.0726 -0.116306 0.465089 0.0182361 -0.070364
1231240 191978 m2 0.03825 -0.294454 0.388156 -0.0261393 0.0490742
1231240 123235 m2 0.02375 0.0393206 0.566317 0.0324328 0.0219249
1231240 695891 m2 0.01315 -0.253202 0.286198 -0.0204143 0.0289245
1231240 709455 m2 0.012 -0.224267 0.316437 -0.0453338 0.0463925
1231240 642194 m2 0.01155 -0.127355 0.354629 0.0117852 0.0252077
1231240 237964 m2 0.02015 -0.254836 -0.0265453 0.0407194 -0.0397602
1231240 60283 m2 0.03375 -0.187287 0.392658 -0.03807 0.0148896
1231240 473435 m2 0.0428 -0.386887 0.0876074 -0.0704533 0.0552754
1231240 197788 m2 0.02115 0.291682 0.185271 -0.0164712 0.0194851
1231240 350351 m2 0.02535 0.210602 0.454322 0.0464841 -0.0248582
1231240 417200 m2 0.0268 0.128411 0.371397 0.0258311 -0.0222932
1231240 394093 m2 0.0671 -0.285311 0.303054 0.000523313 0.043053
1231240 228871 m2 0.01085 0.112357 -0.18146 0.0286814 0.0249896
1231240 676434 m2 0.0185 0.294146 0.430037 0.00226204 -0.0194875
1231240 7328 m2 0.04125 0.0520346 0.480566 -0.0217918 0.080656
1231240 617914 m2 0.0195 0.0217239 0.188083 -0.0245714 -0.00631363
1231240 378916 m2 0.0223 0.264606 0.474536 0.0120543 0.0445458
1231240 331574 m2 0.0524 0.525751 0.0551708 0.0414885 -0.0372888
1231240 19737 m2 0.06515 -0.39534 0.269937 0.00964032 0.0129426
1231240 361556 m2 0.0555 0.578 0.351515 0.00560099 0.0747696
1231240 473432 m2 0.01045 -0.269488 -0.050376 -0.0362492 -0.0274318
1231240 632406 m2 0.0291 -0.296887 0.291785 0.0112294 -0.0295768
1231240 698893 m2 0.01195 0.292215 0.380449 -0.0112885 0.0650162
1231240 608462 m2 0.01755 0.363302 0.171552 -0.0453887 -0.0120932
1231240 436695 m2 0.02675 -0.337774 0.215137 0.00573182 -0.00146674
1231240 586717 m2 0.0215 -0.159461 0.369206 -0.0172008 0.0220924
1231240 434413 m2 0.01975 0.346767 -0.074643 0.0263549 0.0408857
1231240 459457 m2 0.0184 0.256484 -0.0310433 0.0371324 0.0285795
1231240 178291 m2 0.0706 -0.102172 -0.0688728 -0.0208026 -0.00158723
1231240 711772 m2 0.0137 -0.151931 0.274557 -0.0450171 0.0725283
1231240 663621 m2 0.03415 0.19559 0.228161 0.0346157 -0.00128477
1231240 569058 m2 0.0104 0.0676082 0.181955 0.00200187 0.0096904
1231240 257811 m2 0.0236 0.415147 0.440414 0.001679 0.0508384
1231240 425520 m2 0.01795 0.108519 0.3564 -0.00412784 0.037376
1231240 147246 m2 0.07065 -0.178864 0.472611 -0.0497496 0.0579752
1231240 62556 m2 0.06285 -0.195916 -0.485158 -0.0507802 0.0641999
1231240 12027 m2 0.0759 -0.137378 -0.359379 0.0234371 -0.0636807
1231240 524402 m2 0.01135 -0.312803 0.319887 -0.0553439 0.000606345
1231240 660942 m2 0.01085 -0.0245136 0.271587 0.0530672 0.0339153
1231240 427507 m2 0.01435 0.294494 0.112001 0.00593499 0.0241926
1231240 299356 m2 0.045 -0.173874 0.425607 -0.0349394 -0.00682055
1231240 139728 m2 0.0391 -0.118584 -0.0607752 0.0131038 -0.00400531
1231240 472660 m2 0.0298 -0.0403306 0.439677 -0.0274434 -0.0167819
1231240 611163 m2 0.0128 0.239417 0.394308 0.00528684 -0.022596
1231240 627157 m2 0.016 0.356362 0.174853 0.00856481 0.0314099
1231240 716993 m2 0.0121 -0.0114836 0.228276 0.026955 0.0309224
1231240 228354 m2 0.0288 -0.0023318 0.102163 0.0176301 -0.0198054
1231240 353574 m2 0.0633 -0.0201556 0.629682 0.0341078 0.0690861
1231240 251573 m2 0.0451 0.0475649 0.570994 0.0353636 0.0465139
1231240 283092 m2 0.10165 0.481167 0.47106 0.0536452 0.0502186
1231240 567596 m2 0.0192 0.408131 -0.0247359 0.0393041 -0.0226592
1231240 607444 m2 0.0268 0.0843488 0.285997 -0.00621801 0.0104063
1231240 163182 m2 0.01265 0.0642829 0.222831 -0.014412 0.0153154
1231240 576824 m2 0.037 0.361504 0.407176 0.0448404 0.0162402
1231240 468647 m2 0.04875 -0.282403 0.319865 -0.0632502 0.0667039
1231240 639899 m2 0.0148 0.0993428 0.228174 -0.00444967 -0.0311105
1231240 523598 m2 0.0184 0.430157 0.350641 0.0431458 0.00296439
1231240 641912 m2 0.0232 0.0604234 0.244076 -0.0666852 -0.0365674
1231240 539619 m2 0.0166 0.238217 0.338122 -0.0183051 0.0862617
1231240 365735 m2 0.0401 -0.137055 0.058463 -0.00701102 -0.0254054
1231240 351017 m2 0.02795 -0.218944 0.434912 0.0214156 0.0789382
1231240 574605 m2 0.01585 0.229464 0.438225 0.0245569 -0.0113938
1231240 128562 m2 0.0153 0.292875 0.403166 0.0499146 0.0741977
1231240 629155 m2 0.0138 -0.289379 0.14007 0.00574669 0.0493219
1231240 579930 m2 0.01245 -0.376195 0.185781 -0.0161211 -0.0283563
1231240 86995 m2 0.0233 0.185679 0.0201536 0.0194173 0.0174033
1231240 639894 m2 0.0202 -0.151514 0.229674 -0.00183126 -0.0418057
1231240 111503 m2 0.0984 -0.143803 0.472224 0.00234899 0.0202795
1231240 328756 m2 0.01025 0.297744 -0.433134 0.0114316 0.0535262
1231240 632839 m2 0.02525 -0.233826 0.356081 -0.00685327 0.0025573
1231240 384097 m2 0.01785 0.29842 0.411925 0.0223946 0.0436828
1231240 598391 m2 0.0118 -0.193978 0.183661 -0.0393266 0.0234823
1231240 439421 m2 0.01505 0.109198 0.339155 -0.0220007 0.0551441
1231240 203223 m2 0.05 -0.219306 0.27859 0.0113272 -0.000935115
1231240 587172 m2 0.0175 0.120241 0.172486 -0.00181491 -0.0067513
1231240 148208 m2 0.12255 -0.376032 0.201345 -0.0538124 -0.0027865
1231240 708885 m2 0.0271 -0.274842 0.367188 -0.00452947 -0.00968612
1231240 487421 m2 0.0131 0.261775 0.374666 0.00787673 0.0103871
1231240 236321 m2 0.0122 -0.12888 0.274677 -0.0158169 -0.0150267
1231240 542293 m2 0.01555 0.12516 0.208973 -0.000354652 0.0768585
1231240 102769 m2 0.02895 0.199977 0.0875827 -0.0580756 -0.0319538
1231240 539348 m2 0.01205 0.302581 0.417719 0.000284612 -0.00636601
1231240 41056 m2 0.03945 -0.129537 -0.0094528 -0.000795093 -0.00139875
1231240 457931 m2 0.02645 -0.203752 0.27198 -0.0147106 0.036675
1231240 460154 m2 0.0123 0.330906 -0.0662471 0.0333174 -0.0433839
1231240 137750 m2 0.0428 -0.0338747 0.460467 -0.0170853 0.053512
1231240 681386 m2 0.0179 -0.0673648 0.231619 -0.013358 0.0528268
1231240 283321 m2 0.0118 0.323647 0.386888 0.0389463 0.0120454
1231240 640126 m2 0.0107 -0.00425558 0.290697 -0.00326045 0.00323322
1231240 579666 m2 0.0278 0.0434526 0.258938 0.0151251 -0.0086644
1231240 5424 m2 0.01725 -0.211251 0.348827 -0.0284265 0.0707983
1231240 105489 m2 0.1307 -0.140056 0.448248 -0.0265333 0.0496392
1231240 157758 m2 0.2184 -0.17737 -0.6449 -0.0249361 -0.0244118
1231240 657103 m2 0.02605 0.292648 0.236717 -0.0243566 0.00632963
1231240 218304 m2 0.0426 0.334976 0.481175 0.00546686 0.0278102
1231240 532101 m2 0.01525 0.237556 0.258822 0.0117744 -0.0078381
1231240 569477 m2 0.02985 0.319262 0.230481 0.0730969 -0.0280622
1231240 640123 m2 0.0245 -0.0981854 0.395968 0.0279659 -0.00221688
1231240 479138 m2 0.0228 -0.216267 0.191649 0.043456 -0.0362032
1231240 563392 m2 0.0166 0.124908 0.343371 0.00905471 0.033689
1231240 497709 m2 0.02155 0.158563 0.411568 0.0419439 -0.017492
1231240 365987 m2 0.0419 -0.100064 0.182406 0.0152745 0.00859672
1231240 579415 m2 0.0326 0.328286 0.406108 0.0357821 0.0330119
1231240 227819 m2 0.0131 0.188256 0.293351 0.0172798 0.0155305
1231240 27963 m2 0.02305 -0.128114 0.453558 0.0268427 0.0613055
1231240 372537 m2 0.02525 -0.180589 0.231963 -0.0104945 -0.0180826
1231240 675673 m2 0.01115 0.206924 0.365057 -0.0347564 -0.0408003
1231240 134784 m2 0.1107 -0.384276 0.276403 0.00607445 -0.00773264
1231240 7922 m2 0.0582 0.404891 0.471688 -0.0236141 0.0195976
1231240 167523 m2 0.182 0.569254 -0.548276 0.0297683 -0.0488709
1231240 657097 m2 0.0162 -0.225805 0.039379 -0.0272047 0.0256232
1231240 21395 m2 0.0265 -0.293315 0.34634 -0.0176135 0.0911152
1231240 252334 m2 0.0426 0.291643 0.325254 0.0176407 -0.0216783
1231240 248108 m2 0.01215 0.125377 0.373454 0.0292425 0.0153589
1231240 426222 m2 0.04775 0.0891997 -0.307752 -0.0114394 0.036748
1231240 12736 m2 0.0133 -0.251407 0.290474 0.0331779 -0.0315359
1231240 372534 m2 0.01365 -0.303941 -0.308381 -0.016859 -0.0951126
1231240 438375 m2 0.01855 -0.215201 0.143166 -0.0428005 -0.0285527
1231240 284057 m2 0.0727 -0.116433 0.46523 -0.0893232 0.0440547
1231240 14966 m2 0.1054 0.683249 -0.189975 0.0521304 -0.0183714
1231240 669593 m2 0.0134 -0.253838 0.293663 -0.0165119 -0.0583998
1231240 485886 m2 0.01105 -0.087872 0.358328 0.0148391 0.0372777
1231240 163155 m2 0.04765 0.414086 0.170807 0.0391052 0.115496
1231240 376033 m2 0.0708 0.0412539 0.615086 0.0313779 0.0622361
1231240 314582 m2 0.1219 0.418088 0.647052 0.0410031 0.0851321
1231240 462122 m2 0.0188 -0.354672 -0.136233 -0.00728688 0.0283771
1231240 213558 m2 0.07555 -0.313918 0.0127054 -0.0926469 -0.000232448
1231240 94295 m2 0.01035 0.117298 0.339073 0.042974 0.0680144
1231240 228036 m2 0.01775 -0.239531 0.267289 -0.0210652 0.0163228
1231240 698838 m2 0.0165 0.307086 0.118431 -0.00645725 0.0431708
1231240 400747 m2 0.02455 -0.281662 0.280355 -0.0901883 0.0669426
1231240 353779 m2 0.0356 0.0535448 0.444211 -0.0215605 -0.0047551
1231240 614864 m2 0.01115 -0.122809 0.21328 0.0086988 0.0659267
1231240 393508 m2 0.1489 0.49295 0.403314 -0.00558215 -0.0156561
1231240 693063 m2 0.0162 -0.251214 0.254255 -0.042757 -0.0558398
1231240 593653 m2 0.06285 0.39769 0.458992 0.0131863 0.0478208
1231240 356035 m2 0.0185 0.114222 0.423908 -0.0327321 -0.0303863
1231240 567075 m2 0.05285 -0.327299 -0.0026517 0.0240506 0.0643781
1231240 12428 m2 0.05665 -0.316261 0.338014 -0.0477284 -0.0170826
1231240 288449 m2 0.0245 0.022437 0.251479 0.0688884 0.0416522
1231240 629846 m2 0.01635 -0.314435 0.195539 0.000904548 -0.0278009
1231240 647991 m2 0.021 0.104116 0.469727 0.0319218 0.0736318
1231240 89196 m2 0.02185 0.282748 -0.0965209 0.024055 -0.00845529
1231240 363723 m2 0.0398 -0.0296277 0.0764949 -0.00472377 -0.0212285
1231240 380090 m2 0.01595 0.367617 0.233435 0.0161111 0.00562551
1231240 672446 m2 0.01905 -0.296633 0.286248 -0.00708601 -0.0222041
1231240 415068 m2 0.02065 0.252193 0.373236 0.0258385 -0.00674978
1231240 612827 m2 0.02475 -0.322728 0.302558 -0.0759642 -0.0292561
1231240 244057 m2 0.01225 -0.199416 0.324014 -0.0641121 0.0675839
1231240 139437 m2 0.02465 -0.0401969 0.331088 0.0382568 0.0308322
1231240 583884 m2 0.0355 0.332958 -0.00329774 -0.0185546 0.0177251
1231240 222321 m2 0.0171 -0.219733 0.205757 -0.0280754 0.00245986
1231240 649945 m2 0.0164 -0.0480201 0.385822 0.0379467 -0.0236583
1231240 502680 m2 0.08255 -0.410995 -0.101754 -0.0235325 0.0345594
1231240 444975 m2 0.012 -0.264477 0.357035 -0.0509589 0.0324135
1231240 237884 m2 0.0297 -0.324483 -0.0458757 -0.0396801 -0.0260391
1231240 83099 m2 0.1936 0.287144 0.655555 0.0180352 0.0433321
1231240 317598 m2 0.02245 0.119236 0.435179 0.0145393 0.0943646
1231240 126856 m2 0.0156 -0.181699 0.184176 -0.0271308 0.0124573
1231240 102729 m2 0.0565 -0.319417 0.361373 -0.0534784 0.0283857
1231240 541494 m2 0.0125 -0.0798362 -0.0417676 -0.00685862 -0.0607674
1231240 61713 m2 0.0234 0.123629 0.448443 -0.0181155 -0.0308203
1231240 701547 m2 0.016 0.284377 0.203885 -0.0637009 -0.0099813
1231240 547793 m2 0.017 -0.248671 0.315318 -0.0291037 -0.0268026
1231240 558567 m2 0.0194 -0.089358 0.344804 -0.0167519 0.0356445
1231240 284549 m2 0.05825 -0.332995 0.301719 -0.0398454 0.0316006
1231240 431887 m2 0.02075 0.0810212 0.229012 -0.00767315 -0.0194284
1231240 221110 m2 0.01945 -0.144333 0.0743722 0.0155682 0.0250979
1231240 424201 m2 0.0235 0.299299 -0.0774118 0.0174889 -0.0258714
1231240 329188 m2 0.05645 0.0263582 -0.0970574 -0.000957195 -0.00703811
1231240 595377 m2 0.03185 0.145288 0.360173 0.0464938 -0.00539434
1231240 207548 m2 0.1072 -0.21938 0.476351 -0.0542207 0.079433
1231240 20860 m2 0.01295 -0.0857902 -0.0363889 -0.026759 0.0226947
1231240 594904 m2 0.0109 0.128243 0.0298771 0.0621601 0.011073
1231240 339730 m2 0.01605 -0.322737 0.305844 -0.0099596 -0.0684964
1231240 450207 m2 0.01315 0.128639 0.259741 0.0520115 0.016383
1231240 125410 m2 0.1201 -0.348066 0.0309404 -0.0296293 -0.0148517
1231240 562559 m2 0.0256 -0.168322 0.0712284 -0.00945563 -0.0277575
1231240 638032 m2 0.0143 -0.00133913 0.288772 0.0257788 0.0804122
1231240 217015 m2 0.0101 -0.113809 0.324106 -0.00110842 -0.0144392
1231240 429411 m2 0.08915 0.397872 0.253279 0.0407792 0.04569
1231240 431167 m2 0.0348 0.292217 0.367588 -0.0150896 0.0528959
1231240 129229 m2 0.03475 -0.394502 -0.26706 -0.0531653 -0.0428577
1231240 435336 m2 0.01025 -0.276849 -0.123222 -0.0362358 0.0118364
1231240 249805 m2 0.02585 -0.340244 0.240817 -0.00667482 0.0172917
1231240 185030 m2 0.13645 -0.0929717 -0.41013 -0.00948502 -0.0211084
1231240 437845 m2 0.01395 0.282 0.331171 0.00269748 -0.00824653
1231240 20578 m2 0.10815 -0.247481 0.185724 -0.0375287 0.00738054
1231240 608839 m2 0.05485 -0.256479 0.308032 -0.0460133 0.00857105
1231240 276630 m2 0.02515 0.176134 0.425483 0.0247362 0.0789796
1231240 240656 m2 0.16185 0.191114 -0.449169 0.0590583 0.0382682
1231240 644769 m2 0.01055 0.137819 0.347275 0.010209 -0.0288687
1231240 172936 m2 0.0206 0.034229 -0.026955 0.0219899 0.0438318
1231240 175909 m2 0.02045 0.310356 0.0358315 -0.027235 0.0611859
1231240 631778 m2 0.02865 -0.2988 0.305426 -0.0370393 0.10214
1231240 217761 m2 0.06795 0.429668 0.344258 0.0608825 0.0724053
1231240 125911 m2 0.02695 0.136595 -0.0307155 0.0375901 -0.0117505
1231240 252553 m2 0.0726 -0.153014 0.4241 -0.0349721 0.02639
1231240 576279 m2 0.01505 0.355967 0.203434 0.0176319 0.00380252
1231240 609597 m2 0.03325 0.43467 0.445161 0.0329643 -0.0163823
1231240 184005 m2 0.0436 0.488074 0.153968 0.0198692 -0.046207
1231240 70055 m2 0.0261 0.291608 0.236283 0.0124314 -0.0530756
1231240 618761 m2 0.017 0.371964 0.378245 0.0268076 0.0138184
1231240 686232 m2 0.01115 -0.0797496 0.233499 -0.04858 -0.0647514
1231240 370657 m2 0.0701 -0.199134 0.385182 -0.0183496 -0.0233182
1231240 90436 m2 0.03255 -0.383978 0.287139 -0.00959724 0.0547319
1231240 280945 m2 0.01975 0.346767 -0.074643 0.0990759 -0.0307801
1231240 632329 m2 0.0119 -0.22163 0.332184 -0.00417959 0.0225813
1231240 203851 m2 0.1206 0.473687 0.576727 0.0787217 0.0691266
1231240 509641 m2 0.0227 0.392853 0.386764 0.0278476 0.0430032
1231240 319639 m2 0.01505 0.111583 0.388216 0.0170588 0.0343937
1231240 66994 m2 0.06225 0.35536 0.124758 0.030912 0.000356226
1231240 353994 m2 0.16475 0.403778 0.083411 0.0360363 -0.00943789
1231240 647240 m2 0.0264 0.270539 0.217577 0.00232138 -0.027017
1231240 548016 m2 0.01735 -0.229783 0.25903 -0.0225256 0.0017848
1231240 599591 m2 0.0116 -0.296459 -0.0900132 -0.101859 -0.0335314
1231240 27144 m2 0.11945 -0.237729 0.431163 -0.0390701 0.00940864
1231240 611339 m2 0.0208 0.388595 0.277703 0.00260677 0.0310396
1231240 24877 m2 0.01105 -0.133355 0.278966 0.0139559 0.0699375
1231240 573805 m2 0.022 -0.205846 0.118332 -0.0335156 -0.0266727
1231240 635794 m2 0.04405 -0.319686 -0.303348 -0.0188363 0.0137729
1231240 390701 m2 0.06085 -0.174658 0.461671 -0.0240149 0.0358031
1231240 534363 m2 0.0154 0.453808 0.338843 0.0581767 -0.014785
1231240 658364 m2 0.0347 0.294646 0.301867 0.0376021 0.0163864
1231240 360190 m2 0.02505 0.287169 0.352939 0.0245022 -0.043968
1231240 701522 m2 0.01225 -0.277179 0.0699575 -0.0213386 0.0565658
1231240 25143 m2 0.07945 0.343022 0.515719 0.0684236 0.0500709
1231240 648954 m2 0.03235 -0.195564 0.280074 -0.0106743 -0.0318979
1231240 153308 m2 0.0848 -0.317555 0.421669 -0.0516728 0.0608141
1231240 335260 m2 0.0222 0.0894058 0.502232 -0.0012289 0.00383992
1231240 565747 m2 0.0177 -0.172729 0.325311 -0.0493181 0.0284623
1231240 600607 m2 0.0167 0.185605 0.348625 0.0247768 0.0109127
1231240 579609 m2 0.02185 -0.338018 0.118836 0.0112687 0.0101612
1231240 468573 m2 0.01635 -0.29338 -0.0737179 -0.0428783 -0.0072786
1231240 165465 m2 0.0212 -0.183166 0.396648 -0.024292 0.000620721
1231240 188279 m2 0.02655 0.371849 0.379004 0.010273 -0.0269156
1231240 676840 m2 0.0324 -0.240008 0.161396 0.00704289 -0.00280969
1231240 195909 m2 0.34455 0.161417 -0.879898 -0.00574046 -0.0323136
1231240 446400 m2 0.0248 0.168846 0.283508 0.06214 0.00627019
1231240 522988 m2 0.0243 -0.265988 0.290998 -0.0149092 -0.0655414
1231240 290685 m2 0.1294 -0.403559 -0.00751089 -0.044721 0.0347564
1231240 595611 m2 0.0112 -0.350155 0.120929 0.00676093 -0.024237
1231240 407256 m2 0.0164 -0.0756196 0.407891 -0.0428414 0.0459634
1231240 346232 m2 0.0307 -0.300633 -0.0873583 -0.0398944 0.0744777
1231240 475547 m2 0.011 0.12757 0.408397 0.00383529 0.0217853
1231240 261958 m2 0.1686 0.0480304 0.0740015 -0.00108028 -0.0187934
1231240 620556 m2 0.01655 0.337094 0.0958577 0.00242778 -0.0551456
1231240 688188 m2 0.0132 -0.157277 0.155849 -0.0230733 0.0639997
1231240 603583 m2 0.0101 -0.145435 0.313563 -0.0821997 0.0020363
1231240 118423 m2 0.02475 0.248887 -0.275093 0.0777761 -0.0409033
1231240 37691 m2 0.0172 0.390851 0.354714 -0.00735506 -0.050171
1231240 104168 m2 0.0183 -0.309038 -0.252136 -0.0920006 -0.0115104
1231240 515954 m2 0.03635 0.0461149 0.257597 0.0229346 0.0173026
1231240 628343 m2 0.0199 0.170929 0.411236 0.0448364 0.0107743
1231240 469831 m2 0.0195 0.388232 -0.202851 0.0353913 0.0802173
1231240 46847 m2 0.0983 -0.171574 -0.276422 0.0467431 -0.0378716
1231240 366173 m2 0.04055 -0.113984 0.414746 0.0187984 0.0372989
1231240 292674 m2 0.06325 -0.331836 -0.403413 -0.135326 -0.0841085
1231240 70789 m2 0.0305 0.188704 0.347675 0.0112457 0.0467001
1231240 167740 m2 0.03325 -0.229953 0.193464 -0.059434 0.0459218
1231240 186004 m2 0.09905 -0.225884 0.376662 -0.0309532 0.0165187
1231240 651247 m2 0.01255 0.296744 0.375403 -0.036322 0.000885559
1231240 304285 m2 0.05835 0.191858 -0.264968 0.00715003 0.0316074
1231240 478109 m2 0.01605 -0.0866758 0.129409 -0.0108896 -0.0796647
1231240 619236 m2 0.01705 -0.116705 0.392271 0.0575612 0.0782743
1231240 687686 m2 0.0197 0.124045 -0.222021 0.00282774 -0.0475965
1231240 487588 m2 0.01235 -0.189572 0.30889 -0.0292797 -0.060653
1231240 650423 m2 0.0227 -0.0567344 0.263255 0.0204768 0.0607308
1231240 413095 m2 0.01735 -0.225356 0.200514 -0.0550846 -0.0790197
1231240 522980 m2 0.0599 0.0746399 0.262676 0.0484069 -0.0350484
1231240 527795 m2 0.0269 0.185861 -0.0719896 0.0114259 -0.0425607
1231240 373445 m2 0.03465 0.226588 0.334662 -0.0219239 0.00768895
1231240 213256 m2 0.05455 0.0198254 0.384898 -0.0433166 0.0371654
1231240 521013 m2 0.04755 0.0654275 0.524783 0.0540365 0.00650355
1231240 123827 m2 0.0526 0.316839 0.432865 0.0470694 0.119141
1231240 103662 m2 0.04885 0.344686 0.0768739 0.0185507 0.0311501
1231240 94699 m2 0.0438 0.29612 0.403898 0.0201904 0.013661
1231240 676823 m2 0.0133 0.355869 0.31517 -0.00440223 -0.00531484
1231240 511902 m2 0.04275 -0.237122 0.294337 0.00272226 0.000876757
1231240 647446 m2 0.0234 -0.230418 -0.243176 -0.0384593 0.0522342
1231240 205082 m2 0.11385 0.348344 0.139191 0.0272256 -0.00523001
1231240 393711 m2 0.04585 -0.253679 0.281264 -0.0282504 0.0612286
1231240 78837 m2 0.0245 -0.336567 0.329658 -0.00435533 0.0675474
1231240 700256 m2 0.0114 -0.129254 0.108829 -0.0442518 -0.0427878
1231240 271422 m2 0.07325 -0.464893 0.0629831 -0.0389024 0.0252969
1231240 48063 m2 0.128 -0.171086 -0.585896 0.0040676 -0.0876755
1231240 677342 m2 0.01145 -0.281838 0.134843 0.0447433 0.05158
1231240 58361 m2 0.045 -0.393638 0.0372908 -0.0165368 0.00437166
1231240 458532 m2 0.04615 0.331579 -0.126805 0.029509 0.0183606
1231240 703151 m2 0.0131 0.355054 0.0013693 0.0595815 -0.0137982
1231240 262418 m2 0.10995 -0.0441052 -0.571545 -0.048964 -0.0329326
1231240 321989 m2 0.04725 -0.14609 -0.418688 -0.0237402 -0.0295574
1231240 101647 m2 0.04765 -0.367181 -0.129036 -0.0648549 0.0147777
1231240 576717 m2 0.06465 0.316776 0.459897 0.0313576 0.0238331
1231240 251719 m2 0.02325 0.172409 -0.114714 -0.026708 -0.0303832
1231240 225259 m2 0.03265 0.0404168 0.537083 -0.0378822 0.0307105
1231240 511894 m2 0.03325 0.296647 0.286431 0.0110493 0.0353662
1231240 187783 m2 0.01375 -0.105213 0.416724 -0.0278105 0.0385144
1231240 458794 m2 0.0597 -0.0162081 0.446039 -0.0261435 0.0143244
1231240 218498 m2 0.0428 -0.276057 0.0836459 -0.0134052 0.000480453
1231240 59125 m2 0.05685 0.347355 -0.21614 0.0461237 0.0165919
1231240 323212 m2 0.02845 -0.190863 0.410241 -0.00467372 -0.00522991
1231240 242284 m2 0.02105 -0.222283 0.328823 -0.0368148 -0.0755942
1231240 451944 m2 0.0733 0.503281 0.122938 0.0338611 0.0449527
1231240 124612 m2 0.0149 0.222283 0.304262 0.068469 0.0497837
1231240 372909 m2 0.07185 0.333491 0.272275 -0.00472821 0.0252364
1231240 630061 m2 0.01045 0.351158 -0.149104 0.0454398 -0.00585787
1231240 75839 m2 0.01185 -0.0463948 0.035854 0.00591496 0.00584986
1231240 291394 m2 0.0558 0.261729 0.515496 0.0606904 0.0565212
1231240 633459 m2 0.0164 -0.345714 -0.0732002 0.00812348 0.0356874
1231240 348447 m2 0.0554 0.298829 0.162649 -0.0117474 -0.012146
1231240 488284 m2 0.0111 -0.136304 -0.157853 0.054664 -0.0453525
1231240 625003 m2 0.0141 -0.286362 -0.0572342 -0.0312932 0.0215931
1231240 186276 m2 0.0322 0.408016 -0.421958 0.00700074 -0.029394
1231240 699993 m2 0.01315 0.261736 0.362088 0.00628304 0.0179562
1231240 425646 m2 0.01765 0.171599 0.51653 -0.0282888 0.0615088
1231240 445401 m2 0.04515 0.204368 -0.264662 0.0449666 0.00884028
1231240 685430 m2 0.01265 -0.282708 0.162621 0.000489001 0.00247678
1231240 104148 m2 0.0835 0.296139 0.550291 0.0245886 0.0725598
1231240 608317 m2 0.0125 0.241682 -0.0319933 0.00837592 0.114085
1231240 598067 m2 0.0136 0.102554 0.4055 0.00165964 0.0175109
1231240 230649 m2 0.13525 0.471616 0.55392 0.0506041 0.00374766
1231240 439315 m2 0.02845 0.473258 0.3251 0.0436677 -0.0947449
1231240 235991 m2 0.0466 -0.215686 0.383076 -0.0132499 0.123226
1231240 502893 m2 0.01035 0.239967 0.17738 -0.00779624 -0.0653881
1231240 426652 m2 0.0582 -0.305539 0.40184 -0.0291583 0.0618379
1231240 579317 m2 0.01075 -0.0583857 0.337986 -0.0451137 0.0459558
1231240 622513 m2 0.0674 -0.0527248 0.230004 0.0433098 -0.0704794
1231240 352939 m2 0.03715 0.372958 0.467017 0.0377413 0.00309765
1231240 348441 m2 0.03625 -0.0203083 0.0303636 0.0214507 -0.0495588
1231240 264788 m2 0.142 0.436247 0.123799 0.0044229 -0.0205571
1231240 611303 m2 0.04905 0.318663 0.442708 0.0240376 0.0829407
1231240 408286 m2 0.0944 -0.0213164 -0.46343 0.0169781 -0.0362562
1231240 437005 m2 0.12715 -0.211479 -0.0248541 0.0250583 -0.0120019
1231240 71701 m2 0.1037 -0.174778 0.497274 -0.010741 0.0342388
1231240 648165 m2 0.01555 0.0360298 0.115075 -0.0305461 -0.0681442
1231240 485326 m2 0.0125 0.257879 0.0562539 -0.0159285 -0.0361425
1231240 71981 m2 0.0703 0.000819472 0.664393 -0.0110633 0.0301775
1231240 107612 m2 0.0185 0.0727699 0.297268 0.0247289 0.00143181
1231240 465585 m2 0.02925 -0.164418 0.00117784 0.0168976 -0.0297889
1231240 466601 m2 0.01625 0.248815 0.196438 -0.0131029 -0.0494711
1231240 98646 m2 0.0866 -0.251349 0.372417 -0.0147707 0.0250232
1231240 663500 m2 0.0122 -0.215751 -0.0240693 -0.0642018 0.128268
1231240 123583 m2 0.0233 -0.0378579 0.412379 -0.028367 0.0560735
1231240 442773 m2 0.0568 -0.295503 0.463039 -0.0425604 0.0335202
1231240 488040 m2 0.02315 0.382102 0.0522631 0.0319119 -0.0691036
1231240 721168 m2 0.0104 0.24745 0.0773359 -0.000706249 -0.00243028
1231240 658312 m2 0.02125 0.279174 0.192813 0.056199 0.0220482
1231240 153261 m2 0.17785 0.188524 -0.78559 0.0239601 -0.0678135
1231240 262685 m2 0.03025 -0.222969 0.3811 -0.0670573 0.0387663
1231240 309996 m2 0.0277 0.0684092 0.236906 0.0213749 0.0134966
1231240 131631 m2 0.02225 -0.0737822 0.118267 0.00334827 -0.0697133
1231240 203798 m2 0.0993 0.441386 -0.184945 0.0129274 0.0386314
1231240 670575 m2 0.0118 0.345076 0.0122178 0.0177217 -0.0601201
1231240 496314 m2 0.0545 0.352183 0.0352041 0.0340945 -0.00134581
1231240 508583 m2 0.04645 0.425729 0.0830709 -0.0223818 0.0234423
1231240 234922 m2 0.0452 -0.305618 0.216644 -0.0620012 -0.0306406
1231240 117438 m2 0.07195 -0.163366 0.12791 0.0103356 0.0126877
1231240 94950 m2 0.01995 0.39079 -0.121239 0.0980195 -0.0398976
1231240 542643 m2 0.0176 -0.0272764 -0.27082 0.00654781 -0.0913625
1231240 588566 m2 0.0119 0.25885 0.100321 0.00702962 0.13301
1231240 705545 m2 0.01715 -0.0548806 -0.366965 -0.00989884 0.103895
1231240 505367 m2 0.03425 0.398196 -0.203904 -0.0179727 0.0127531
1231240 653423 m2 0.0189 -0.024809 -0.0582154 -0.0177857 0.0344437
1231240 240316 m2 0.10915 0.00629826 0.383737 0.0471107 0.0201652
1231240 363627 m2 0.0116 -0.249871 0.306763 0.0216048 0.0192867
1231240 448932 m2 0.0704 -0.318545 0.0632468 -0.0213352 -0.0309738
1231240 541933 m2 0.03045 0.300938 0.393421 0.0209718 0.0606089
1231240 383970 m2 0.06225 0.46126 -0.411742 0.0874078 0.0121854
1231240 694465 m2 0.0116 -0.0142395 0.153374 -0.0251191 0.0907723
1231240 682736 m2 0.03385 0.275337 0.0495697 0.0922436 -0.0122588
1231240 482863 m2 0.022 -0.0841599 0.347393 -0.0148242 -0.0153734
1231240 472039 m2 0.04835 -0.0289732 -0.279363 -0.0481706 0.00076654
1231240 587052 m2 0.0201 -0.108408 0.314095 0.0195177 -0.00700585
1231240 161829 m2 0.03525 -0.264419 0.280714 -0.0105439 -0.00639565
1231240 518906 m2 0.0339 0.14747 -0.285367 -0.0373793 -0.0260707
1231240 203785 m2 0.1428 -0.169763 -0.220754 0.0236765 0.0100783
1231240 525730 m2 0.0892 -0.183587 -0.281893 -0.0335754 0.002657
1231240 417047 m2 0.0662 -0.0819633 -0.360324 -0.00442349 -0.144129
1231240 661516 m2 0.01515 0.123231 -0.48209 -0.0902235 -0.0563305
1231240 299906 m2 0.07005 -0.168607 -0.403592 0.00510447 -0.0188238
1231240 448382 m2 0.04925 -0.374772 -0.234836 -0.0462298 -0.020814
1231240 462286 m2 0.03045 0.202978 0.459146 0.00641251 0.0488358
1231240 641779 m2 0.0252 0.476185 0.124152 -0.00951972 0.0249714
1231240 248249 m2 0.0313 -0.0348056 0.584898 -0.0133231 0.0272688
1231240 551051 m2 0.02875 0.272383 0.0280324 0.000458795 -0.0110968
1231240 263969 m2 0.06745 -0.4589 0.179302 -0.0970284 0.0518985
1231240 526262 m2 0.07825 0.451922 -0.208189 0.020348 -0.0148247
1231240 671827 m2 0.01755 0.414389 -0.0261321 -0.0279944 0.00394964
1231240 443448 m2 0.01245 -0.0989716 0.40568 0.00949543 0.00328348
1231240 580865 m2 0.01275 -0.10426 0.0917158 0.0138272 0.025447
1231240 319299 m2 0.02045 -0.35447 0.073631 -0.0864031 -0.0610584
1231240 481879 m2 0.0192 0.30689 0.351124 0.0567746 -0.0151891
1231240 181163 m2 0.01605 0.348138 -0.356373 0.078451 -0.0431015
1231240 209977 m2 0.21335 0.255371 -0.297385 0.0183011 -0.0236012
1231240 349433 m2 0.0604 0.248238 0.0386288 0.0739522 -0.00481149
1231240 414700 m2 0.10425 0.161841 -0.433746 0.0111494 -0.0651553
1231240 147073 m2 0.1 0.576398 0.368135 0.0509942 0.011498
1231240 554023 m2 0.0327 -0.26639 -0.105482 -0.0379973 -5.40796e-05
1231240 148550 m2 0.0319 0.198405 -0.483383 -0.104882 -0.0425841
1231240 253916 m2 0.08895 -0.37778 -0.262609 -0.0263499 -0.026517
1231240 638977 m2 0.01195 -0.345026 0.0549965 -0.0449152 0.0174947
1231240 448908 m2 0.0175 0.0181373 0.197253 0.028065 -0.0605681
1231240 540930 m2 0.0329 -0.362233 0.0283122 -0.00478505 -0.0219635
1231240 278416 m2 0.04705 -0.192849 -0.175435 -0.0371099 -0.00490114
1231240 660018 m2 0.0117 -0.0723064 0.143939 -0.0339224 -0.00769136
1231240 333648 m2 0.07905 -0.218214 -0.444932 -0.0451336 -0.00261741
1231240 275767 m2 0.04555 0.430505 0.0763777 0.026291 -0.0431418
1231240 385415 m2 0.02185 -0.242083 -0.17322 -0.00330802 -0.0967079
1231240 699713 m2 0.02285 -0.191157 -0.447185 -0.00888888 -0.0205359
1231240 413048 m2 0.0111 -0.241286 0.286869 -0.0326696 -0.0151099
1231240 291324 m2 0.02905 -0.354886 -0.05305 -0.0756811 -0.0211906
1231240 261900 m2 0.0161 -0.0912571 0.288091 0.0239589 0.0315359
1231240 502600 m2 0.04455 -0.331395 -0.272584 0.0203618 -0.0682672
1231240 697013 m2 0.0128 -0.317822 -0.289366 -0.0648045 0.0827443
1231240 501658 m2 0.02585 -0.261777 -0.0898716 0.0212784 -0.0830234
1231240 326652 m2 0.205 0.127541 -0.548507 -0.00143628 -0.0159432
1231240 607056 m2 0.029 0.358862 -0.167488 0.0687549 -0.013008
1231240 420041 m2 0.0241 -0.0571531 0.262363 0.00975559 0.0259375
1231240 516391 m2 0.01645 -0.0212166 0.263604 -0.0935225 0.0268353
1231240 220482 m2 0.18645 0.590206 -0.204929 0.0376333 -0.00400641
1231240 188729 m2 0.0677 -0.251982 0.367442 -0.00151665 0.0357022
1231240 385155 m2 0.1862 -0.277188 -0.104581 -0.0222204 -0.064546
1231240 636222 m2 0.0388 -0.064865 -0.19521 0.00712936 0.100659
1231240 385152 m2 0.018 0.366038 -0.365295 0.0338095 0.0220418
1231240 657212 m2 0.01475 -0.260816 -0.308099 -0.0163999 -0.0116605
1231240 601065 m2 0.01145 0.423121 -0.14493 0.0394362 0.0140513
1231240 429798 m2 0.10145 0.158221 -0.428211 0.033963 -0.0169879
1231240 247728 m2 0.02275 -0.0244897 0.448129 0.00126081 0.00992885
1231240 677781 m2 0.01075 0.252931 -0.125936 0.0452408 -0.0161596
1231240 291337 m2 0.01825 -0.309018 -0.252045 7.19579e-05 -0.0764268
1231240 303540 m2 0.01335 -0.103798 0.0305821 -0.000496485 0.0210168
1231240 453159 m2 0.01215 0.22691 0.337827 0.00974813 0.04135
1231240 551541 m2 0.069 0.0482863 -0.529792 0.0276791 0.00929598
1231240 463027 m2 0.0761 -0.37414 0.174572 -0.0428279 0.0554133
1231240 580855 m2 0.01385 0.107549 0.04827 0.00500808 -0.0341419
1231240 225461 m2 0.02955 0.561824 0.34584 0.055218 -0.052643
1231240 291578 m2 0.01135 0.330129 -0.13025 0.0190502 0.0161975
1231240 383732 m2 0.02985 -0.340798 -0.31691 -0.0434233 -0.00214776
1231240 402095 m2 0.01285 -0.178177 -0.083113 -0.0483226 0.0476392
1231240 300943 m2 0.0457 -0.290564 0.360134 0.00591756 0.0232267
1231240 367563 m2 0.11505 0.149135 -0.312092 -0.0195387 0.0610991
1231240 453399 m2 0.03005 0.0241771 -0.0999015 -0.00740906 0.0493045
1231240 408476 m2 0.04165 0.0323457 0.542079 -0.0527665 0.0182488
1231240 546972 m2 0.03475 0.409684 0.0489306 0.00512216 0.0453132
1231240 700210 m2 0.0149 -0.283818 0.0632642 -0.0488257 0.0268286
1231240 497591 m2 0.0294 0.399015 -0.308037 -0.0152443 -0.0279729
1231240 286613 m2 0.0588 -0.295799 0.282889 -0.0280611 0.0387732
1231240 612973 m2 0.0255 -0.256508 0.0686949 0.0341992 0.0123207
1231240 244755 m2 0.0127 0.124048 0.330452 0.0215057 -0.0249645
1231240 490007 m2 0.15525 0.205426 -0.706867 -0.0198724 0.00665179
1231240 505867 m2 0.07695 0.0313683 -0.554781 -0.0392126 0.0348961
1231240 344003 m2 0.054 -0.283319 0.340167 -0.0411831 0.0531474
1231240 632471 m2 0.01605 -0.230006 -0.34542 -0.0372236 0.0173215
1231240 386949 m2 0.0218 -0.168378 -0.361929 -0.0414409 0.0154687
1231240 261653 m2 0.067 0.315283 0.51524 0.0758755 0.0802751
1231240 427087 m2 0.16415 0.180608 -0.68385 0.016397 0.0544444
1231240 304470 m2 0.0448 -0.0191023 0.145772 -0.00436307 0.0654522
1231240 323416 m2 0.0158 -0.272359 0.365785 -0.00595874 0.0362761
1231240 604540 m2 0.02725 -0.339525 -0.0990231 -0.0367381 0.0330468
1231240 631668 m2 0.01735 0.329107 -0.0627472 -0.0200978 0.0525799
1231240 558744 m2 0.0237 0.247505 -0.34825 0.0532768 0.0119493
1231240 683703 m2 0.01015 -0.0317172 0.122928 -0.039759 -0.0382738
1231240 615966 m2 0.05545 0.215662 -0.587759 0.0248731 -0.00964486
1231240 675796 m2 0.0278 0.30644 0.187676 0.0324256 -0.055211
1231240 657246 m2 0.0104 -0.328514 -0.0217054 -0.0685354 -0.00594146
1231240 509801 m2 0.04795 0.305461 -0.331858 -0.0185688 -0.0186591
1231240 543149 m2 0.01005 0.302863 0.180375 0.014334 0.0237526
1231240 470988 m2 0.03355 0.148817 0.16104 -0.0106549 0.00543193
1231240 605573 m2 0.01605 0.261827 -0.0142177 -0.0115611 0.00142735
1231240 498606 m2 0.03835 -0.0518932 0.416732 -0.0115224 -0.0560198
1231240 277278 m2 0.0912 -0.158352 -0.0824569 -0.0331506 -0.00439055
1231240 295628 m2 0.04755 -0.379419 -0.159687 -0.0345622 -0.0523116
1231240 575453 m2 0.0232 -0.133044 0.342366 0.0459434 -0.0364856
1231240 421008 m2 0.0112 0.321945 0.392221 -0.0166154 -0.0264725
1231240 388625 m2 0.0464 0.280577 0.213181 0.0408021 0.052038
1231240 364532 m2 0.049 0.425162 -0.555931 0.0909693 -0.0494226
1231240 343955 m2 0.06035 -0.328938 0.259043 -0.0354828 0.035844
1231240 486011 m2 0.02985 -0.340798 -0.31691 0.00742347 0.0463604
1231240 635971 m2 0.02285 0.0660876 -0.31098 0.00998535 -0.0316441
1231240 365598 m2 0.10785 -0.406624 0.0517148 -0.0626577 0.00201623
1231240 701687 m2 0.0251 0.16175 -0.256883 0.0306462 0.0270136
1231240 385424 m2 0.0154 -0.00582836 0.150514 0.00752803 -0.0427456
1231240 553282 m2 0.0211 0.406711 -0.404407 0.0376951 -0.0519659
1231240 696241 m2 0.01165 0.209511 0.178026 -0.0501712 -0.022836
1231240 525985 m2 0.05415 0.105918 -0.646809 -0.00380741 0.0262492
1231240 376935 m2 0.05595 0.312654 -0.652995 0.0399491 0.0333519
1231240 419504 m2 0.0293 0.17315 0.463224 0.0241527 -0.0601431
1231240 372388 m2 0.0163 0.0905064 0.486662 -0.00961021 0.0470678
1231240 550833 m2 0.03685 0.298782 0.501774 -0.00884395 0.0020043
1231240 678987 m2 0.01065 0.249131 -0.0997616 -0.0060538 0.00460064
1231240 625966 m2 0.0114 -0.0660122 -0.121819 0.00876562 0.019051
1231240 515886 m2 0.0209 -0.096599 0.416777 -0.01694 0.00192735
1231240 485770 m2 0.05795 -0.220205 0.406528 0.0106443 0.0551978
1231240 475469 m2 0.0957 0.125647 -0.184517 0.0118199 0.0132317
1231240 594302 m2 0.0216 -0.276741 -0.4009 -0.0597058 -0.0550998
1231240 565914 m2 0.0422 -0.285893 -0.419098 -0.0185688 0.0322538
1231240 609975 m2 0.01835 -0.235355 -0.400695 -0.0033457 -0.0173343
1231240 603494 m2 0.0196 0.0305218 -0.343259 -0.0124595 -0.0468177
1231240 604766 m2 0.0185 -0.00706007 -0.395367 -0.0223839 0.00256431
1231240 609987 m2 0.0279 -0.110735 0.30316 -0.00449764 0.0162989
1231240 631407 m2 0.0119 -0.059584 0.0879341 -0.0466751 -0.0316151
1231240 666646 m2 0.0275 0.148622 -0.405071 0.0173025 0.0713944
1231240 698223 m2 0.01275 -0.259288 -0.33925 0.0356559 -0.0369859
1231240 633416 m2 0.0481 -0.308927 -0.390982 0.0276721 -0.028181
1231240 672041 m2 0.01235 -0.106108 -0.31897 0.00386526 -0.0352724
1231240 669719 m2 0.017 -0.320094 -0.206441 -0.0417432 -0.0919438
1231240 667414 m2 0.0115 0.2071 -0.121499 -0.0375467 -0.0426375
1231240 705041 m2 0.01145 -0.166025 -0.100472 0.0153241 0.124168
1231240 697500 m2 0.01025 -0.256213 -0.19901 0.0278018 0.0413751
1231240 666402 m2 0.0126 0.0455557 0.092465 0.0363653 0.0166222
