seed mutID muttype p cor_sal cor_temp mutSalEffect mutTempEffect
1231206 496648 m2 0.0242 -0.0101449 0.508656 0 -0.00912328
1231206 263037 m2 0.1003 0.314984 0.592981 0.0126078 0
1231206 324979 m2 0.0173 0.0826717 0.470683 0 0.036357
1231206 252126 m2 0.17495 0.287859 0.660786 0.04517 0
1231206 350562 m2 0.05195 -0.102047 0.331579 0 0.00802574
1231206 556517 m2 0.011 0.273191 0.315047 0 -0.0599057
1231206 118193 m2 0.02435 0.204385 0.443141 0.0126862 0
1231206 497626 m2 0.0166 0.220966 0.327539 0.0465781 0
1231206 123398 m2 0.0612 0.38157 0.445698 0.0657439 0
1231206 413008 m2 0.01505 -0.09885 0.370828 0 0.0253166
1231206 278481 m2 0.02455 0.317443 0.32912 0 -0.00615324
1231206 669570 m2 0.011 0.1035 0.213111 0 -0.0179071
1231206 323996 m2 0.0257 0.0709163 0.454551 0 -0.00615209
1231206 60856 m2 0.1028 -0.0301876 0.16776 0 -0.029592
1231206 471041 m2 0.03955 0.244688 0.458516 0 -0.015005
1231206 290915 m2 0.2152 0.0617871 0.783664 0 0.0681603
1231206 557293 m2 0.03305 0.243363 0.45697 0 0.0148313
1231206 631355 m2 0.0136 0.35069 0.406817 0 0.124238
1231206 667833 m2 0.01125 0.250192 0.33317 0 -0.0451558
1231206 456563 m2 0.04575 0.317357 0.47251 0.0345304 0
1231206 588498 m2 0.0187 -0.038047 0.451082 0 -0.0398102
1231206 256471 m2 0.0845 0.131999 0.640013 -0.00686916 0
1231206 680045 m2 0.01655 0.314406 0.325758 -0.00800589 0
1231206 670491 m2 0.0178 0.321039 0.316669 0 -0.0421855
1231206 198630 m2 0.01845 0.220249 0.362999 0 0.0315222
1231206 655459 m2 0.01295 0.0937564 0.455002 -0.00179281 0
1231206 21671 m2 0.01185 0.316132 0.267102 0.0502775 0
1231206 645140 m2 0.0223 0.264394 0.542617 0 -0.0226951
1231206 108737 m2 0.08415 0.335727 0.54788 0 0.0621673
1231206 470515 m2 0.0154 -0.128583 0.413798 -0.0404951 0
1231206 378960 m2 0.09695 -0.311983 0.588837 0.0116288 0
1231206 252584 m2 0.0213 -0.100608 0.439421 0.0095235 0
1231206 103434 m2 0.1107 -0.0642823 0.720539 0 0.0538313
1231206 620942 m2 0.0202 0.209687 0.435345 0.0219432 0
1231206 308119 m2 0.03585 0.321619 0.323558 0.0619162 0
1231206 175284 m2 0.05815 0.102412 0.544043 0 -0.00465424
1231206 581656 m2 0.01885 0.259051 0.481387 0 0.0512785
1231206 530961 m2 0.0297 0.393339 0.424824 0 0.0170873
1231206 715856 m2 0.0175 0.115459 0.403366 -0.0235387 0
1231206 361893 m2 0.0574 -0.393371 0.413723 0.0247273 0
1231206 383645 m2 0.10645 0.0766741 0.687589 0.000153773 0
1231206 620938 m2 0.03405 -0.282602 0.456321 0 -0.0146729
1231206 601345 m2 0.05965 -0.167776 0.570579 0 -0.00711213
1231206 582664 m2 0.0105 -0.0165967 0.358781 0 -0.0207161
1231206 117946 m2 0.13655 0.311466 0.611637 0.0297384 0
1231206 183857 m2 0.0201 -0.333524 0.41269 -0.0292089 0
1231206 567547 m2 0.01645 0.194283 0.357872 0 0.107424
1231206 560576 m2 0.01785 0.252706 0.353143 0 0.0418951
1231206 394123 m2 0.08595 -0.401007 0.490777 0 0.0115094
1231206 132202 m2 0.0441 -0.0577462 0.533005 0 0.0325966
1231206 661224 m2 0.0153 -0.0762839 0.363068 -0.00869993 0
1231206 596651 m2 0.04095 -0.368547 0.420021 0 -0.0594815
1231206 137693 m2 0.106 -0.323219 0.568322 0 0.0587521
1231206 362897 m2 0.01815 0.151561 0.431697 0.00791559 0
1231206 271224 m2 0.1635 0.0302641 0.752012 0 0.0375679
1231206 517945 m2 0.0194 0.204095 0.404103 0 0.0087914
1231206 592736 m2 0.0292 0.314382 0.488958 -0.0084269 0
1231206 377735 m2 0.05085 -0.393913 0.410773 -0.0650078 0
1231206 242593 m2 0.09045 -0.381768 0.493046 -0.0667976 0
1231206 299903 m2 0.08305 0.342655 0.505661 0.067055 0
1231206 572757 m2 0.01295 -0.132833 0.339003 0 -0.0349071
1231206 495874 m2 0.0201 -0.333524 0.41269 0 0.0803292
1231206 583700 m2 0.0163 -0.0401251 0.401251 0 0.0365282
1231206 439352 m2 0.0184 0.161175 0.473681 0 0.134426
1231206 497344 m2 0.09115 -0.429575 0.484841 -0.0106256 0
1231206 275702 m2 0.02935 0.229711 0.153618 0 0.0247777
1231206 691771 m2 0.0156 -0.278642 0.390974 0 -0.0163084
1231206 554512 m2 0.01415 -0.277553 0.358251 0.000990198 0
1231206 237171 m2 0.0401 0.177763 0.514608 -0.00251771 0
1231206 247219 m2 0.0294 0.270651 0.370215 0 -0.0263453
1231206 194573 m2 0.0347 0.347635 0.444972 0.0731383 0
1231206 632843 m2 0.01405 -0.198919 0.208003 0 0.025496
1231206 490401 m2 0.10435 0.329044 0.581829 0.0324495 0
1231206 567283 m2 0.0251 0.327029 0.372903 0 0.0337109
1231206 630847 m2 0.01705 -0.215531 0.426025 0 0.0481024
1231206 498584 m2 0.02425 -0.18728 0.113255 0 0.0231352
1231206 278713 m2 0.05775 0.0756613 0.661939 0 0.0679577
1231206 585536 m2 0.0488 0.367887 0.441866 -0.0192197 0
1231206 16390 m2 0.07315 -0.0827538 0.167301 -0.0526159 0
1231206 632842 m2 0.02175 0.189567 0.457659 0 0.040508
1231206 196838 m2 0.02325 -0.147643 0.515312 0.0110807 0
1231206 416055 m2 0.05225 0.312928 0.563452 0 -0.0114986
1231206 561053 m2 0.05495 -0.38764 0.452812 0 -0.00561613
1231206 173209 m2 0.05515 -0.275828 0.570447 0 0.0137308
1231206 647663 m2 0.012 -0.052936 0.377642 0 0.00338497
1231206 658710 m2 0.01475 -0.320641 0.320356 0 0.0735622
1231206 604350 m2 0.02665 -0.286384 0.495298 0 -0.0200833
1231206 309613 m2 0.1241 0.340301 0.588903 0.090882 0
1231206 632586 m2 0.0277 -0.345132 0.383722 0 0.0451065
1231206 706900 m2 0.0191 -0.209194 0.418388 0.0584141 0
1231206 166251 m2 0.14165 -0.355305 0.599437 -0.118491 0
1231206 92641 m2 0.02515 0.382711 0.444492 0.0390821 0
1231206 234380 m2 0.03215 0.225479 0.445275 -0.0234722 0
1231206 671689 m2 0.0105 -0.280613 0.317833 0.0324051 0
1231206 578747 m2 0.01115 0.258008 0.327303 -0.0246544 0
1231206 319538 m2 0.0584 -0.151866 0.667765 0 0.0725258
1231206 571794 m2 0.01385 0.25521 0.348156 0 -0.0175091
1231206 628577 m2 0.01365 -0.250076 0.276531 0 0.0247086
1231206 134513 m2 0.05035 0.0316043 0.596256 0.0179926 0
1231206 569015 m2 0.0106 -0.05134 0.471724 0 -0.0147388
1231206 705679 m2 0.0113 0.337298 0.319892 0 -0.0299097
1231206 439337 m2 0.05085 0.233828 0.540631 0 -0.0066463
1231206 350277 m2 0.09595 0.267751 0.601198 0 0.0179028
1231206 376401 m2 0.0286 -0.237511 0.535492 0 0.104395
1231206 210527 m2 0.0127 0.190213 0.454901 -0.0299345 0
1231206 456018 m2 0.06285 0.398254 0.403421 0 -0.0249297
1231206 496848 m2 0.01395 0.198212 0.331759 0 0.0281751
1231206 260430 m2 0.07275 0.369621 0.554291 0 0.0747862
1231206 397221 m2 0.05275 -0.105203 0.599921 0 0.0253204
1231206 583677 m2 0.02035 0.360621 0.428142 0.0498176 0
1231206 485992 m2 0.01225 0.197819 0.463155 0.0646741 0
1231206 318517 m2 0.0475 0.191148 0.136384 0.0824755 0
1231206 39275 m2 0.0185 0.366265 0.436923 -0.00513059 0
1231206 445307 m2 0.04535 -0.264713 0.467527 -0.0276106 0
1231206 637151 m2 0.0176 0.0515208 0.279839 0.0895837 0
1231206 392791 m2 0.03745 0.374332 0.441908 -0.00265459 0
1231206 502434 m2 0.0364 0.0959352 0.673045 -0.00741405 0
1231206 727531 m2 0.0148 0.245723 0.249936 0 -0.0810865
1231206 320781 m2 0.09075 0.00931599 0.667912 0 0.0668159
1231206 16858 m2 0.1057 -0.135455 0.683636 0 0.029373
1231206 585994 m2 0.02695 0.337714 0.479457 0 0.00806587
1231206 420075 m2 0.03905 0.373227 0.463468 0.0288088 0
1231206 74755 m2 0.0528 0.10151 0.640027 0 -0.00602783
1231206 626596 m2 0.03965 -0.374663 0.442038 0 0.0573521
1231206 258689 m2 0.02315 -0.179847 0.434956 0 0.0261412
1231206 114344 m2 0.0487 -0.132488 0.536016 0 0.0331761
1231206 235387 m2 0.1654 -0.159018 0.727411 -0.0309471 0
1231206 8649 m2 0.12265 0.103161 0.691099 0.021517 0
1231206 117113 m2 0.0226 -0.113983 0.403824 -0.0281476 0
1231206 570745 m2 0.0208 -0.224017 0.439367 0.00974373 0
1231206 85394 m2 0.0122 -0.28321 0.365497 -0.0410721 0
1231206 654691 m2 0.03335 0.383962 0.384316 0 -0.0415926
1231206 390826 m2 0.0118 0.195639 0.40345 0.0695738 0
1231206 135452 m2 0.0106 0.20279 0.0969733 0.0618168 0
1231206 371487 m2 0.0838 -0.0565007 0.629797 0 0.0648709
1231206 429963 m2 0.0636 -0.203768 0.629402 0 0.0258818
1231206 33451 m2 0.0193 -0.133065 0.419667 0 -0.0187728
1231206 637649 m2 0.01495 0.322662 0.300646 -0.040841 0
1231206 439560 m2 0.02365 -0.38254 0.269791 -0.040525 0
1231206 507200 m2 0.04185 0.0808442 0.608841 0 -0.0484586
1231206 437296 m2 0.0479 0.395658 0.455121 -0.0108751 0
1231206 653909 m2 0.01255 -0.16598 0.340082 -0.00523549 0
1231206 565013 m2 0.0538 0.27561 0.503227 0.0080123 0
1231206 180057 m2 0.0482 0.16477 0.146395 0 -0.0129683
1231206 435564 m2 0.0545 0.397515 0.431282 0 0.0504379
1231206 370523 m2 0.08265 0.384918 0.476138 0 0.0629523
1231206 199054 m2 0.0331 0.106689 0.577239 -0.000538795 0
1231206 479302 m2 0.02635 -0.31594 0.410626 0 -0.0136495
1231206 447517 m2 0.0292 -0.0975493 0.498238 0 0.0830851
1231206 706131 m2 0.01105 -0.293194 0.221377 -0.0169932 0
1231206 450519 m2 0.0104 -0.0571459 0.343934 0.00413941 0
1231206 642873 m2 0.02065 0.29433 0.385399 0 0.0305484
1231206 243473 m2 0.1179 -0.401001 0.49932 -0.144538 0
1231206 425362 m2 0.03405 0.25445 0.115051 0.0828976 0
1231206 110893 m2 0.1652 0.00776275 0.683324 -0.00818703 0
1231206 448258 m2 0.0361 0.075873 0.54668 -0.0188824 0
1231206 682255 m2 0.01015 -0.32089 0.261147 0 -0.128923
1231206 444755 m2 0.0359 0.253106 0.521653 0 -0.032173
1231206 470467 m2 0.0333 -0.376196 0.479517 0 -0.0206414
1231206 567257 m2 0.01775 0.300469 0.257064 0 -0.0768545
1231206 514239 m2 0.0505 -0.406165 0.472892 -0.0216255 0
1231206 91328 m2 0.07525 -0.373312 0.522503 -0.0140467 0
1231206 232419 m2 0.01915 0.373687 0.438731 0.043003 0
1231206 544335 m2 0.04135 0.213802 0.489946 0 0.0140604
1231206 396958 m2 0.02635 0.289524 0.491642 0 0.0346087
1231206 520702 m2 0.0355 0.330893 0.455808 0 -0.000119859
1231206 97374 m2 0.02155 0.0975173 0.369221 -0.00696991 0
1231206 652159 m2 0.01055 -0.0173729 0.0894069 -0.036431 0
1231206 612078 m2 0.01925 -0.3753 0.3958 -0.00975609 0
1231206 130438 m2 0.01525 -0.0900859 0.417446 0 0.0425909
1231206 332582 m2 0.1017 0.296395 0.647517 0 0.128173
1231206 319257 m2 0.0422 -0.397794 0.435365 -0.0621753 0
1231206 508176 m2 0.01635 -0.318358 0.36225 0 0.00351412
1231206 636081 m2 0.0149 -0.0958075 0.344981 0 -0.0382984
1231206 712809 m2 0.01665 0.209977 0.366019 0 -0.0697582
1231206 278921 m2 0.02465 0.221595 0.50132 0.0309816 0
1231206 626843 m2 0.02955 0.377174 0.40154 0 -0.0463503
1231206 18599 m2 0.01175 -0.203158 0.088215 -0.0484826 0
1231206 659426 m2 0.0223 -0.237515 0.377561 0 0.0400218
1231206 385833 m2 0.0192 -0.325109 0.348239 0 0.00409515
1231206 694551 m2 0.02285 0.256693 0.258355 0 0.0112191
1231206 214449 m2 0.03245 -0.0287366 0.602708 0 -0.0241391
1231206 128376 m2 0.16035 0.147183 0.744956 0 0.0275528
1231206 205451 m2 0.0618 0.353346 0.563652 -0.00922226 0
1231206 50558 m2 0.04365 -0.200847 0.130457 0.00286619 0
1231206 379845 m2 0.03355 -0.00393484 0.583498 0 0.00991709
1231206 334523 m2 0.04795 -0.344505 0.512646 0 0.0861295
1231206 677804 m2 0.0167 -0.0823218 0.447134 -0.0159482 0
1231206 645359 m2 0.01365 -0.142307 0.42964 0.0215299 0
1231206 272161 m2 0.09485 -0.226775 0.663359 0 0.0331583
1231206 511878 m2 0.0108 -0.123328 0.340645 -0.0147547 0
1231206 536181 m2 0.05295 0.381946 0.492926 0 0.0652049
1231206 241278 m2 0.0341 0.323786 0.485275 0.0128999 0
1231206 66178 m2 0.0195 0.239566 0.474718 -0.0474653 0
1231206 564252 m2 0.0744 0.11778 0.655533 0 -0.00835477
1231206 679754 m2 0.0131 -0.320311 0.360454 0.0785017 0
1231206 313049 m2 0.02205 0.358915 0.417819 0.049468 0
1231206 305617 m2 0.01365 0.232289 0.330972 0 0.0863438
1231206 573972 m2 0.0123 0.0738741 0.333026 0.0926929 0
1231206 510105 m2 0.03705 0.42128 0.423734 0.0229796 0
1231206 121350 m2 0.03835 -0.227218 0.111463 0 0.0317895
1231206 677796 m2 0.01795 -0.363266 0.396771 0 0.0800463
1231206 509121 m2 0.0366 0.193598 0.460032 0 -0.0340189
1231206 367170 m2 0.0705 -0.206508 0.647363 0 0.0090104
1231206 411946 m2 0.028 -0.37397 0.443344 -0.0393106 0
1231206 532172 m2 0.01025 -0.327022 0.348676 0.0145604 0
1231206 78849 m2 0.03475 -0.319208 0.478348 -0.0148463 0
1231206 425854 m2 0.02635 0.306682 0.455042 -0.0110352 0
1231206 524184 m2 0.0211 0.232593 0.112763 0.067118 0
1231206 635328 m2 0.0104 -0.294967 0.338229 -0.0135048 0
1231206 546353 m2 0.0247 0.30619 0.494847 -0.0326479 0
1231206 368959 m2 0.0622 -0.129369 0.177554 0 0.034262
1231206 457982 m2 0.0108 0.27637 0.290132 0 -0.0217914
1231206 332568 m2 0.07085 -0.399256 0.452591 0 0.0258229
1231206 116286 m2 0.18925 -0.161457 0.442349 0 -0.00268235
1231206 420282 m2 0.0121 -0.22162 0.0867208 -0.0126101 0
1231206 663699 m2 0.02235 0.17776 0.122373 0 -0.0192608
1231206 156555 m2 0.091 0.375714 0.547507 0.0490822 0
1231206 6383 m2 0.0183 -0.301651 -0.0094034 0 -0.0268054
1231206 453739 m2 0.04275 -0.272326 0.4773 -0.0228524 0
1231206 184024 m2 0.0707 0.2885 -0.0159343 0.0223921 0
1231206 14551 m2 0.17215 -0.0330426 -0.0256397 -0.0617562 0
1231206 147480 m2 0.02185 0.0304448 0.48004 0 0.0413798
1231206 3030 m2 0.0104 0.312348 -0.370699 -0.0174637 0
1231206 507417 m2 0.05725 -0.397233 0.43111 0 -0.0358984
1231206 211467 m2 0.02925 -0.289317 0.429204 0.0400077 0
1231206 199574 m2 0.086 -0.153993 0.609277 0 0.0292469
1231206 12238 m2 0.0672 0.20145 0.062557 -0.0122054 0
1231206 699045 m2 0.01025 0.00422968 0.343494 0.0232262 0
1231206 371219 m2 0.0265 0.0797175 0.146716 -0.00592463 0
1231206 316154 m2 0.01005 0.00220969 0.149031 0.0446109 0
1231206 644802 m2 0.01165 -0.168907 0.343969 0.024913 0
1231206 256904 m2 0.05395 0.0394414 0.17383 0 0.0308248
1231206 519635 m2 0.015 0.0878198 0.396915 0 0.0119698
1231206 618423 m2 0.01215 -0.0102059 0.418878 0 -0.0258705
1231206 263473 m2 0.0282 -0.11939 0.38913 0 -0.00995463
1231206 409983 m2 0.02045 -0.346209 0.344552 -0.0647715 0
1231206 512952 m2 0.0103 -0.176646 0.377559 -0.0331229 0
1231206 164934 m2 0.0157 0.256335 0.151793 -0.0348426 0
1231206 308816 m2 0.07005 0.132745 0.157392 0.0127537 0
1231206 52123 m2 0.0918 0.0714059 -0.00883737 -0.0152164 0
1231206 79071 m2 0.0773 -0.0720893 0.18162 0 0.0561665
1231206 7341 m2 0.16485 0.0105006 -0.771675 0 0.0126049
1231206 386600 m2 0.01835 -0.337513 0.351933 0 -0.0344362
1231206 160696 m2 0.06405 -0.0248517 0.167205 0 0.0245303
1231206 109920 m2 0.036 -0.0108667 0.536772 0 0.0127204
1231206 662932 m2 0.01305 0.211272 0.464887 0.0679126 0
1231206 140434 m2 0.0141 0.207059 0.428816 0 -0.0183348
1231206 410930 m2 0.0186 0.247231 0.109798 0.0515233 0
1231206 600791 m2 0.03675 0.113904 0.139455 -0.00149571 0
1231206 628517 m2 0.0215 0.303662 -0.0156297 0.00899788 0
1231206 453192 m2 0.01315 -0.00979948 0.108898 -0.0180265 0
1231206 168652 m2 0.0163 0.190982 0.0926884 0 -0.0136781
1231206 589143 m2 0.0231 0.213796 0.101619 0 0.0364938
1231206 545554 m2 0.04625 0.104461 0.137591 0.0189264 0
1231206 378185 m2 0.0132 0.106539 0.409733 0 0.00286191
1231206 299060 m2 0.01415 0.195649 0.131636 -0.0361015 0
1231206 331788 m2 0.0368 0.280876 0.195108 -0.0108773 0
1231206 72685 m2 0.0178 -0.12332 0.0137702 -0.0458694 0
1231206 647353 m2 0.0188 0.310775 0.00173982 0.0431154 0
1231206 145713 m2 0.0887 0.0182848 0.671859 0 0.0191529
1231206 272143 m2 0.02765 0.160331 0.120395 0.0370862 0
1231206 564001 m2 0.0371 0.121224 0.414084 0 0.0405354
1231206 564980 m2 0.0277 0.38266 0.428843 0.0158463 0
1231206 197038 m2 0.02825 -0.375608 0.387381 0 -0.0295429
1231206 248608 m2 0.0299 -0.100233 0.145301 -0.00328619 0
1231206 513932 m2 0.01125 0.131452 0.206518 0 -0.0389643
1231206 40758 m2 0.105 0.175311 0.00512737 0 -0.0412162
1231206 597083 m2 0.024 0.0824544 0.138385 -0.0501156 0
1231206 311255 m2 0.045 -0.13716 0.155649 0 0.000676471
1231206 651618 m2 0.0219 -0.170306 0.38902 0.0438248 0
1231206 644551 m2 0.02075 -0.226504 0.0947309 0 0.0539509
1231206 185078 m2 0.0686 -0.141912 0.173996 -0.0593913 0
1231206 279620 m2 0.03915 -0.219351 0.518697 -0.022647 0
1231206 368473 m2 0.03775 -0.228111 0.11162 -0.0936119 0
1231206 338521 m2 0.01505 -0.116067 0.352704 0.00951786 0
1231206 630563 m2 0.0179 0.219769 0.0976954 -0.0239688 0
1231206 10768 m2 0.0116 -0.193348 -0.0912958 -0.022265 0
1231206 17299 m2 0.03555 0.206596 -0.10267 0 -0.0192598
1231206 666755 m2 0.02345 -0.219732 0.114046 0 -0.0054678
1231206 607584 m2 0.01225 -0.103201 0.105498 -0.0454194 0
1231206 626810 m2 0.04625 0.104461 0.137591 0 -0.0313352
1231206 631046 m2 0.01285 -0.269813 0.40002 0 -0.0210366
1231206 24738 m2 0.0217 -0.0720885 0.0275108 0 -0.0236324
1231206 290545 m2 0.08015 0.210972 0.0873582 0 0.0436949
1231206 445476 m2 0.0101 0.28623 0.0100557 -0.0319294 0
1231206 127138 m2 0.0133 -0.248777 0.00975594 0 -0.0437245
1231206 699250 m2 0.0117 0.118187 0.113343 0 0.0803651
1231206 675153 m2 0.0156 0.326648 0.331462 0 0.0123766
1231206 646608 m2 0.0157 0.172115 0.117829 0 0.0400841
1231206 289301 m2 0.0229 -0.198178 0.11026 0 0.00695481
1231206 159232 m2 0.0689 -0.334242 0.0909918 -0.0423062 0
1231206 608296 m2 0.0285 -0.222167 0.106998 0 0.0979107
1231206 303494 m2 0.0421 -0.334252 0.00562524 0 -0.0660681
1231206 549811 m2 0.0328 -0.189565 0.136347 0 0.0479972
1231206 230120 m2 0.11375 -0.291939 -0.0197252 -0.038412 0
1231206 580250 m2 0.0174 0.00190583 0.110538 0 0.0377919
1231206 308033 m2 0.02315 0.0784852 -0.00571438 0.0117124 0
1231206 593649 m2 0.0471 -0.0428673 0.154099 0 -0.0264548
1231206 136603 m2 0.029 -0.198783 0.128528 -0.0215484 0
1231206 127635 m2 0.03335 0.20372 0.124994 0.00148067 0
1231206 131653 m2 0.07325 -0.0948104 -0.0243932 -0.00720436 0
1231206 545537 m2 0.0114 0.288422 0.00355103 0.0340608 0
1231206 38457 m2 0.07145 -0.0615435 0.351856 0 -0.0231473
1231206 127852 m2 0.02135 -0.107654 -0.0169584 0 -0.0370053
1231206 496568 m2 0.01955 -0.375626 0.386178 0 0.0129055
1231206 646865 m2 0.0159 0.142582 0.127842 0 -0.0876474
1231206 100059 m2 0.0171 -0.100565 -0.00382773 0.0206959 0
1231206 194752 m2 0.0419 0.416643 0.334686 0 -0.00838506
1231206 597074 m2 0.01885 -0.0559449 -0.0170512 0 0.0250499
1231206 181489 m2 0.05425 -0.297194 -0.0725375 -0.065076 0
1231206 318701 m2 0.0185 0.205677 0.110474 -0.00415615 0
1231206 670656 m2 0.01125 -0.218403 0.11245 0.019385 0
1231206 357539 m2 0.0531 -0.0145516 0.20788 -0.0382827 0
1231206 409213 m2 0.01435 -0.117075 0.102062 0 -0.0280609
1231206 469693 m2 0.01325 0.21275 0.0958993 0.0161601 0
1231206 332542 m2 0.04955 0.186482 0.139059 0.0691991 0
1231206 249330 m2 0.03185 -0.177254 0.120129 -0.0488723 0
1231206 215888 m2 0.02455 -0.150373 0.131993 0 0.012377
1231206 539777 m2 0.01155 -0.0915107 0.13295 0.0381366 0
1231206 591911 m2 0.01345 -0.222035 0.08695 0 -0.0352862
1231206 529380 m2 0.055 0.154433 0.147976 0 0.0213559
1231206 412912 m2 0.01395 0.272013 0.0086334 0 0.0423073
1231206 655609 m2 0.0305 -0.135815 0.130816 0 0.0343611
1231206 32877 m2 0.05675 -0.441953 -0.492209 -0.0753805 0
1231206 434260 m2 0.02525 0.0400645 0.137015 0 0.0202409
1231206 79261 m2 0.04565 -0.304576 -0.075999 0 0.0537846
1231206 552851 m2 0.0237 0.224921 0.106826 0 0.0148017
1231206 432333 m2 0.04665 0.177409 -0.0323319 0 0.0362847
1231206 536409 m2 0.0133 -0.21058 0.0971345 0.0405054 0
1231206 312738 m2 0.04785 0.32269 -0.00651641 0.122554 0
1231206 530138 m2 0.0336 -0.216593 0.213327 -0.00458346 0
1231206 152108 m2 0.07355 0.258583 0.137389 0 0.0253516
1231206 391742 m2 0.0189 0.279058 -0.019002 0 0.0348236
1231206 44444 m2 0.05395 0.157205 -0.0960954 0.045704 0
1231206 458406 m2 0.02425 -0.27951 -0.00351755 -0.0397044 0
1231206 277184 m2 0.0912 -0.301208 0.202853 0 0.0479232
1231206 623747 m2 0.02145 -0.167424 -0.00958489 0 -0.0715924
1231206 376324 m2 0.0186 -0.231104 0.0516141 0.0206726 0
1231206 621792 m2 0.03965 -0.296874 -0.0105138 0 0.0682867
1231206 99347 m2 0.09055 0.205484 0.0587282 0 -0.0450694
1231206 41472 m2 0.0407 0.210986 -0.123846 0 -0.035369
1231206 255587 m2 0.0226 -0.291372 -0.00207628 0 0.031479
1231206 158537 m2 0.0406 0.222638 0.119974 0.0954418 0
1231206 147916 m2 0.1179 -0.262328 -0.00804647 0 -0.0345393
1231206 669484 m2 0.01205 0.281941 -0.00962193 0.00531825 0
1231206 482943 m2 0.01335 -0.255411 -0.00849395 0 0.0499064
1231206 549535 m2 0.01025 0.227733 0.00686726 0 -0.00141211
1231206 40981 m2 0.0297 0.236569 0.0215872 0.0458489 0
1231206 60954 m2 0.0224 0.163775 0.140809 0 0.049741
1231206 95139 m2 0.07395 0.46389 0.362891 0.0534337 0
1231206 432328 m2 0.07585 0.118331 -0.0061477 0 0.0225073
1231206 522118 m2 0.01665 0.198232 -0.00475426 0 -0.020676
1231206 600263 m2 0.01735 -0.203027 -0.00048225 0 0.027896
1231206 367443 m2 0.01665 0.244311 0.164868 -0.0236989 0
1231206 51003 m2 0.02665 -0.153103 0.12469 0 -0.0307088
1231206 514916 m2 0.05285 -0.044478 -0.0107506 0 -0.0349145
1231206 157769 m2 0.01045 0.110314 -0.0128816 0.073101 0
1231206 537152 m2 0.0157 0.268755 0.0164105 0.0656936 0
1231206 297517 m2 0.0711 -0.290827 -0.00396462 -0.0510922 0
1231206 21517 m2 0.0962 0.254707 -0.310061 0.00592508 0
1231206 545783 m2 0.04935 -0.22616 -0.0192281 0 0.0423937
1231206 100544 m2 0.0738 -0.397892 0.0362666 -0.0958555 0
1231206 422300 m2 0.02145 -0.00217879 0.112164 -0.0274491 0
1231206 81540 m2 0.02085 -0.195389 0.00879684 -0.0322851 0
1231206 317165 m2 0.0792 0.292201 -0.0132928 0 -0.0501883
1231206 201585 m2 0.05405 0.3255 0.0229312 0 0.0276375
1231206 669189 m2 0.01005 0.0991761 0.000720408 0.0291301 0
1231206 319467 m2 0.0163 -0.324431 -0.030867 0.0325498 0
1231206 663413 m2 0.02875 0.309048 -0.00132034 0 0.0451716
1231206 261607 m2 0.03415 -0.290078 0.00991652 0 0.0218431
1231206 341289 m2 0.0517 -0.197494 0.168171 -0.0389525 0
1231206 549006 m2 0.0237 -0.251336 0.0771209 0 -0.05295
1231206 156730 m2 0.01765 -0.165529 -0.0179958 0 -0.0590198
1231206 121520 m2 0.0828 0.315086 0.0144267 0.0697762 0
1231206 403219 m2 0.027 0.320133 0.00434655 0 0.0534254
1231206 301522 m2 0.03675 0.13867 0.149296 0.0303064 0
1231206 133658 m2 0.1138 -0.161133 0.0207376 0 0.0844262
1231206 198740 m2 0.06645 0.326113 0.00139563 0.0832129 0
1231206 217825 m2 0.08025 -0.064067 0.171248 0 0.0273721
1231206 664406 m2 0.02775 0.304086 -0.00470418 -0.0385215 0
1231206 337239 m2 0.01325 0.302029 -0.0279151 0.0533497 0
1231206 681170 m2 0.0172 0.106073 0.0115716 0 -0.0210267
1231206 349022 m2 0.027 0.00252854 0.0221734 0 0.0815355
1231206 265426 m2 0.01265 0.28522 -0.0116206 0 0.011484
1231206 445676 m2 0.0254 0.270716 -0.0118466 0 0.0320728
1231206 425044 m2 0.10115 -0.103718 -0.00152125 0 -0.00841671
1231206 485895 m2 0.0219 0.133474 -0.122445 0.0174959 0
1231206 607071 m2 0.02425 0.240751 -0.000387267 0 0.0745293
1231206 245382 m2 0.01665 0.293453 -0.0110361 0.0839523 0
1231206 653833 m2 0.04815 0.28262 -0.00215271 0 -0.0668883
1231206 34347 m2 0.02905 -0.220337 -0.113322 -0.0440103 0
1231206 193751 m2 0.09245 0.15226 -0.00967383 0 -0.036629
1231206 241721 m2 0.01395 0.259878 0.00115355 0.0615613 0
1231206 691929 m2 0.0109 0.0842482 -0.00837828 0.0608182 0
1231206 180998 m2 0.01885 0.19322 -0.104912 0.0612711 0
1231206 80013 m2 0.04165 0.126382 -0.150369 -0.00814904 0
1231206 539486 m2 0.0165 0.296971 -0.0170177 0 -0.00658034
1231206 383526 m2 0.0472 0.234649 -0.125294 0 0.0332391
1231206 356978 m2 0.0254 -0.242958 0.000457117 -0.0173124 0
1231206 490522 m2 0.01675 0.0853873 0.0130886 0 0.0270904
1231206 525902 m2 0.0588 0.0372908 -0.0180988 0.017347 0
1231206 146376 m2 0.02 -0.00598945 -0.0179683 0.00250319 0
1231206 591113 m2 0.0137 0.00626843 0.0188053 0 -0.0579274
1231206 441708 m2 0.0264 -0.261012 -0.00063765 0 0.0337508
1231206 358970 m2 0.08465 0.285103 0.000577676 0 -0.0245957
1231206 409426 m2 0.0229 0.0790637 -0.130752 -0.0509093 0
1231206 554140 m2 0.01485 0.32334 -0.0091433 0.0450905 0
1231206 208145 m2 0.01245 0.266592 0.0184843 0.0734935 0
1231206 653824 m2 0.02395 0.302053 0.00659849 -0.0298626 0
1231206 663136 m2 0.0106 -0.292437 -0.0169243 0 0.0125522
1231206 313205 m2 0.0282 0.0989029 -0.00850565 0 0.0437562
1231206 701874 m2 0.01805 0.233851 -0.104021 0.0463838 0
1231206 352025 m2 0.02785 -0.0879198 0.000108947 0.0103481 0
1231206 48447 m2 0.02975 0.221166 -0.247281 0 -0.0280642
1231206 253770 m2 0.015 -0.30077 0.010574 -0.018624 0
1231206 659364 m2 0.02285 -0.21115 0.00570677 0 0.0339658
1231206 406953 m2 0.0405 0.0657467 0.0918461 0.0220548 0
1231206 488477 m2 0.0538 -0.279336 0.00676977 0 -0.0329783
1231206 93626 m2 0.0229 0.11564 -0.0345886 0 -0.0579379
1231206 596781 m2 0.01195 0.192157 0.0853306 0 -0.0548884
1231206 658100 m2 0.01155 0.287019 -0.0062512 0 0.0253597
1231206 350418 m2 0.02025 -0.267098 -0.00191973 -0.0126785 0
1231206 672337 m2 0.0186 0.0979327 -0.00743793 -0.0176884 0
1231206 517830 m2 0.0111 -0.317228 -0.000907661 0.045467 0
1231206 500685 m2 0.019 -0.22849 0.101875 -0.0447932 0
1231206 473652 m2 0.0295 -0.254493 -0.00376001 0.0287204 0
1231206 380785 m2 0.02215 0.205701 -0.0268551 0 -0.020949
1231206 571906 m2 0.01685 -0.120926 -0.141011 -0.0226838 0
1231206 636554 m2 0.0136 0.147248 -0.0205792 -0.0034911 0
1231206 459634 m2 0.0407 0.322417 0.0029156 0 -0.0013651
1231206 465668 m2 0.01185 -0.200267 -0.0927598 -0.0110531 0
1231206 31574 m2 0.0366 0.242761 -0.288859 0 0.0323113
1231206 388486 m2 0.02535 0.0409322 0.0829761 0 -0.00416381
1231206 574445 m2 0.0146 0.142673 0.0234453 0.035059 0
1231206 39656 m2 0.01985 0.199632 -0.458864 0.0325952 0
1231206 506128 m2 0.013 -0.0404722 -0.0211355 0 0.0219249
1231206 484091 m2 0.02065 -0.18943 -0.115136 0.0134341 0
1231206 434978 m2 0.02655 0.131824 -0.0287353 -0.00295507 0
1231206 351780 m2 0.1029 -0.393057 -0.0591033 0 -0.0122908
1231206 406949 m2 0.0552 0.27539 -0.000607122 0.0427956 0
1231206 290781 m2 0.01935 -0.301838 0.0392568 -0.0623953 0
1231206 461892 m2 0.02665 0.0164084 -0.0931318 0 -0.0303638
1231206 134627 m2 0.0675 0.278692 -0.283559 0 -0.0589641
1231206 570660 m2 0.0138 -0.308966 0.00139962 0 0.0310104
1231206 97032 m2 0.04005 -0.0619953 -0.168556 0 0.0221321
1231206 655803 m2 0.0112 -0.28832 0.0134415 0 0.0361385
1231206 578899 m2 0.03205 -0.292757 -0.00460517 0 0.019006
1231206 61871 m2 0.046 0.189871 -0.602489 0 0.0200434
1231206 23933 m2 0.1052 -0.29791 -0.620214 0 0.0389484
1231206 707291 m2 0.01045 0.244904 0.0165833 0 -0.00580283
1231206 670362 m2 0.0139 0.210745 -0.103878 -0.0125897 0
1231206 482455 m2 0.02235 -0.20641 0.101562 0 -0.068256
1231206 126824 m2 0.0125 0.132189 -0.111922 0.0610633 0
1231206 291515 m2 0.08965 -0.191794 -0.593732 0.0190486 0
1231206 178746 m2 0.01135 -0.245095 -0.0112747 0 -0.013344
1231206 622500 m2 0.0145 -0.19348 0.00729388 0 0.0107415
1231206 669165 m2 0.01635 0.219452 -0.0876913 -0.0325664 0
1231206 329423 m2 0.10745 0.324815 0.0136706 0.0798741 0
1231206 109341 m2 0.0413 0.111023 -0.142558 0 -0.0403247
1231206 280538 m2 0.06065 0.29391 -0.000568892 0.04007 0
1231206 217793 m2 0.10405 -0.320687 -0.0470758 0 0.0476963
1231206 53777 m2 0.047 0.0119782 -0.541521 0 -0.0732419
1231206 435478 m2 0.07445 -0.362601 0.0116733 -0.0522073 0
1231206 108336 m2 0.04525 0.0116916 -0.13461 0 -0.00426449
1231206 344519 m2 0.0326 -0.0298127 -0.145264 0 -0.0402412
1231206 528845 m2 0.0138 0.135204 -0.00130842 0 -0.0127798
1231206 327644 m2 0.05035 -0.470351 -0.333619 -0.0406972 0
1231206 397895 m2 0.0256 -0.2121 -0.00944807 -0.07224 0
1231206 243380 m2 0.0337 0.35482 -0.426436 0 -0.0683529
1231206 488222 m2 0.0197 -0.291959 -0.00122982 0 0.00648362
1231206 165863 m2 0.04455 -0.0643667 -0.186187 0.0327335 0
1231206 449938 m2 0.03345 0.0795182 -0.158806 0 -0.0169223
1231206 509039 m2 0.0317 0.216945 -0.140804 0 0.021247
1231206 596281 m2 0.0154 0.0129686 0.00771939 -0.0222287 0
1231206 479448 m2 0.02275 0.292122 0.00415871 -0.00810604 0
1231206 101504 m2 0.1106 0.162424 -0.137287 0.0313584 0
1231206 575174 m2 0.0238 0.093939 -0.00181817 0.017158 0
1231206 221753 m2 0.06415 -0.308401 -0.127571 -0.0604073 0
1231206 449454 m2 0.011 -0.23494 -0.023916 0 -0.0522392
1231206 656776 m2 0.0138 0.340094 -0.297848 0 0.0137707
1231206 261571 m2 0.06245 0.154788 -0.151865 0 -0.0430001
1231206 573147 m2 0.03325 0.319051 0.00826966 -0.0199438 0
1231206 453669 m2 0.02465 -0.195308 -0.001314 0 -0.0288769
1231206 685663 m2 0.01765 -0.0759667 0.0140679 -0.0382712 0
1231206 299234 m2 0.0405 0.181148 -0.140285 0.0270871 0
1231206 496266 m2 0.02105 -0.00231735 0.00015449 0.0183648 0
1231206 36327 m2 0.06435 0.2974 -0.530846 0.0392468 0
1231206 547974 m2 0.03935 -0.228903 -0.123127 0 0.0340257
1231206 320382 m2 0.091 0.363626 -0.557396 0 -0.0512065
1231206 45583 m2 0.03045 -0.163895 -0.575058 0 -0.0184399
1231206 550214 m2 0.01045 0.236339 -0.374837 0 0.04531
1231206 503088 m2 0.0222 -0.201998 0.0619519 0 -0.0255433
1231206 615814 m2 0.02635 0.205368 -0.129494 0.0411271 0
1231206 182448 m2 0.0546 -0.189248 -0.293309 0.00413906 0
1231206 483388 m2 0.04665 0.185159 -0.134816 0.0299068 0
1231206 648779 m2 0.0229 -0.0258509 0.0014914 0 0.00793368
1231206 545743 m2 0.0383 -0.316034 0.00344139 0.0201402 0
1231206 334188 m2 0.02065 0.210255 -0.101562 0.0887083 0
1231206 705067 m2 0.0162 0.355557 -0.383157 0.000185246 0
1231206 621048 m2 0.02535 -0.178017 -0.0268773 0 -0.0276697
1231206 517305 m2 0.02155 -0.106716 -0.00643857 -0.0354618 0
1231206 356459 m2 0.0232 -0.0991334 -0.1273 -0.0297426 0
1231206 416152 m2 0.0228 -0.224112 -0.19512 0 -0.0110554
1231206 92228 m2 0.0783 0.12508 -0.666655 0 -0.0271987
1231206 277579 m2 0.0923 -0.13337 -0.158588 -0.0268402 0
1231206 592587 m2 0.017 0.22365 -0.0930356 0 0.0624447
1231206 491001 m2 0.02815 0.0714379 -0.152138 0.0492787 0
1231206 282263 m2 0.05685 0.0965368 -0.151536 0.0150509 0
1231206 592583 m2 0.0142 0.217548 -0.085573 0 0.000120561
1231206 362515 m2 0.06255 -0.273516 -0.00253006 0 -0.0378478
1231206 241431 m2 0.0187 -0.255719 -0.00514009 0 -0.0541062
1231206 611966 m2 0.0102 -0.12074 -0.118418 0 0.0533676
1231206 368875 m2 0.0174 -0.0367414 -0.427379 0 -0.0675611
1231206 651834 m2 0.01395 -0.0405939 0.0019128 0 0.0330502
1231206 554885 m2 0.03035 0.121695 -0.134599 0 0.00225313
1231206 73084 m2 0.01065 -0.246026 -0.326867 0 -0.0446265
1231206 272060 m2 0.01385 -0.060181 -0.109913 0.0400824 0
1231206 84967 m2 0.24125 -0.263486 -0.758281 -0.0780022 0
1231206 425518 m2 0.06995 -0.0425075 -0.173021 0 0.0308266
1231206 48122 m2 0.01695 0.0511626 -0.537314 0 -0.11459
1231206 165359 m2 0.06455 -0.0873229 -0.400662 0 -0.0279048
1231206 61141 m2 0.01855 -0.0700441 -0.519307 0.0141418 0
1231206 127779 m2 0.06105 0.0690447 -0.633885 -0.0362871 0
1231206 660101 m2 0.01275 0.164639 -0.123844 -0.0051668 0
1231206 314422 m2 0.01135 0.103897 -0.371787 0 0.0146563
1231206 630498 m2 0.01155 0.0776414 -0.115711 0.014614 0
1231206 539715 m2 0.01035 0.0246738 0.0074222 0 0.0455496
1231206 694463 m2 0.01855 -0.0969041 -0.0119803 -0.0719243 0
1231206 554101 m2 0.02015 -0.1139 -0.0127237 0.0428979 0
1231206 312427 m2 0.0357 0.197797 -0.129408 0.0056851 0
1231206 636523 m2 0.01015 -0.262997 -0.0120703 0 -0.0445222
1231206 208096 m2 0.0373 0.320074 -0.497442 0 -0.0204397
1231206 342763 m2 0.0146 0.314212 0.00737876 0 0.00559786
1231206 694188 m2 0.01685 -0.285215 -0.0144619 0 0.0187126
1231206 109562 m2 0.05485 0.273003 -0.578597 0 0.0534778
1231206 97471 m2 0.1098 0.1876 -0.529583 0 0.00673622
1231206 363039 m2 0.01435 0.277718 -0.0142134 -0.0251263 0
1231206 482878 m2 0.04565 -0.147665 -0.569133 0 -0.0348334
1231206 591066 m2 0.018 0.0569284 -0.430977 0 0.0435649
1231206 598474 m2 0.01815 -0.219627 -0.0947222 0 0.0559658
1231206 370125 m2 0.03505 -0.184235 -0.152102 -0.0160911 0
1231206 59625 m2 0.013 0.318976 -0.339457 0 0.00798095
1231206 536589 m2 0.0285 -0.210306 -0.138431 -0.00341317 0
1231206 479192 m2 0.0338 -0.195778 -0.129706 0 -0.00212543
1231206 52961 m2 0.02735 0.0712889 -0.532997 0 -0.0395088
1231206 206077 m2 0.02135 0.312318 -0.268705 0.0518898 0
1231206 627709 m2 0.01815 -0.219627 -0.0947222 0 -0.00267444
1231206 253975 m2 0.0926 0.378305 -0.536047 0 -0.0754399
1231206 662591 m2 0.01785 -0.00393171 -0.11317 0.0126803 0
1231206 460842 m2 0.0224 0.164687 -0.132857 0.0413497 0
1231206 606535 m2 0.01205 -0.0680869 -0.109897 -0.0023047 0
1231206 166328 m2 0.1564 0.0102759 -0.712193 -0.00865451 0
1231206 534322 m2 0.0151 -0.248333 0.0164364 0 -0.00285856
1231206 651045 m2 0.0244 -0.203011 -0.11794 0 0.0662536
1231206 331421 m2 0.0323 -0.0619387 -0.136702 -0.0786441 0
1231206 256058 m2 0.0262 -0.0535671 -0.511191 0.030637 0
1231206 547731 m2 0.0186 0.151402 -0.348256 0.0285942 0
1231206 656537 m2 0.0106 -0.0127687 -0.00306449 0 -0.0590377
1231206 514863 m2 0.0122 -0.00214984 -0.0983554 0 0.0352676
1231206 471144 m2 0.0126 -0.209698 -0.0886642 0 0.0649346
1231206 199728 m2 0.05305 0.145933 -0.147722 0 -0.0211476
1231206 122409 m2 0.018 -0.383635 -0.36532 0 -0.0623056
1231206 465860 m2 0.0127 -0.145754 -0.109965 -0.0197637 0
1231206 120715 m2 0.17805 -0.378993 -0.654604 0 -0.10258
1231206 336191 m2 0.01235 0.0408953 -0.415335 -0.0146797 0
1231206 239440 m2 0.1617 0.300729 -0.654122 0.0483391 0
1231206 464891 m2 0.0345 -0.0621104 -0.164832 -0.0261643 0
1231206 591051 m2 0.02075 0.324566 -0.399899 0.0697078 0
1231206 120958 m2 0.0778 0.274577 -0.667833 0.0470279 0
1231206 585104 m2 0.03335 0.241959 -0.116508 0 -0.0268038
1231206 248518 m2 0.09955 0.399399 -0.536311 0.0438778 0
1231206 127754 m2 0.0887 0.0048582 -0.596781 0.0138097 0
1231206 119977 m2 0.0241 -0.195723 -0.34285 0 -0.0218976
1231206 581259 m2 0.04715 -0.101687 -0.00103034 0 0.0574219
1231206 638975 m2 0.0109 0.308602 -0.319094 0.0213093 0
1231206 477235 m2 0.0463 -0.36623 -0.0531281 0 0.0107184
1231206 379256 m2 0.0142 -0.255223 -0.381724 0.00521235 0
1231206 655525 m2 0.02945 -0.348136 -0.3885 0.00209399 0
1231206 421463 m2 0.05285 -0.132013 -0.153761 -0.0104151 0
1231206 400561 m2 0.08925 0.0745885 -0.70753 0.0136786 0
1231206 474258 m2 0.063 -0.108365 -0.617762 -0.020013 0
1231206 675059 m2 0.0181 -0.237244 -0.140016 -0.00464649 0
1231206 79403 m2 0.13545 0.402187 -0.613407 0 -0.021539
1231206 591565 m2 0.02595 -0.0338695 -0.149535 0 -0.00993638
1231206 701820 m2 0.01415 -0.0189993 -0.286972 0 -0.00713133
1231206 654563 m2 0.01265 -0.293627 -0.145544 0.00902369 0
1231206 127752 m2 0.02235 -0.342071 -0.366762 0 -0.0589101
1231206 236951 m2 0.045 -0.273004 -0.621689 -0.0382336 0
1231206 312670 m2 0.0173 0.0623544 -0.150521 0 -0.0012076
1231206 687632 m2 0.0189 -0.23758 -0.330885 0 -0.0265098
1231206 410822 m2 0.0154 -0.337355 -0.393141 0 -0.0845237
1231206 586337 m2 0.01655 0.0288877 -0.126464 0.00915862 0
1231206 707253 m2 0.01085 -0.220812 0.00510877 0 -0.00779629
1231206 302452 m2 0.0757 -0.314078 -0.00168983 0 -0.0123801
1231206 308460 m2 0.1159 -0.379303 -0.513368 -0.0923309 0
1231206 311153 m2 0.01175 -0.209193 -0.376292 0.00725628 0
1231206 469622 m2 0.0244 -0.102286 -0.140212 0 -0.0306198
1231206 233967 m2 0.01555 0.331782 -0.420119 0.00550697 0
1231206 545706 m2 0.02785 0.349281 -0.433823 0 0.00724015
1231206 500643 m2 0.02485 0.0887037 -0.00281064 0 0.0187807
1231206 377831 m2 0.0172 0.12039 -0.118101 0 0.0365814
1231206 626948 m2 0.0137 0.344534 -0.308938 0.0279673 0
1231206 688185 m2 0.0103 0.210806 -0.103317 -0.010325 0
1231206 527633 m2 0.0158 0.0506677 -0.129819 0.0281924 0
1231206 369388 m2 0.0334 0.180785 -0.131456 0.0344388 0
1231206 473358 m2 0.0164 0.219854 -0.0881568 0.0385111 0
1231206 731388 m2 0.0106 0.0314404 -0.0829604 0.0795574 0
1231206 345972 m2 0.0601 0.0538147 -0.589708 0.00522719 0
1231206 465082 m2 0.0192 -0.136697 -0.319804 0 -0.0204826
1231206 370112 m2 0.01865 0.348728 -0.320351 0.0666909 0
1231206 395016 m2 0.02645 0.373093 -0.387996 0 0.0114753
1231206 322793 m2 0.0253 -0.303211 -0.46971 -0.0519247 0
1231206 173774 m2 0.06205 -0.266737 -0.582724 0 0.0349875
1231206 186436 m2 0.0408 0.212377 -0.581972 0.0544279 0
1231206 574659 m2 0.02025 -0.186519 -0.0923073 0 0.0140804
1231206 499878 m2 0.03665 0.115239 -0.132672 0.0188347 0
1231206 538141 m2 0.0231 0.163409 -0.130613 0 -0.0606341
1231206 327361 m2 0.0447 -0.366987 -0.491635 -0.01622 0
1231206 510519 m2 0.0125 -0.227082 -0.103975 0 -0.035569
1231206 185197 m2 0.20545 0.168171 -0.752888 0 -0.0516808
1231206 182159 m2 0.03435 -0.108276 -0.455891 -0.0190706 0
1231206 669899 m2 0.0191 -0.181218 -0.117331 0 -0.0689221
1231206 350370 m2 0.0174 0.187022 -0.424047 0.0300229 0
1231206 655750 m2 0.0217 -0.237849 -0.364962 0 -0.00470164
1231206 395566 m2 0.05355 0.441821 -0.0320006 0 0.0253319
1231206 485631 m2 0.0108 -0.0951164 -0.456809 0 -0.0255934
1231206 365512 m2 0.04225 -0.219079 -0.105613 -0.0100438 0
1231206 635202 m2 0.0303 -0.190589 -0.460002 0 -0.0203129
1231206 232268 m2 0.08625 -0.260891 -0.539452 0.0425507 0
1231206 211593 m2 0.0687 -0.0772071 -0.343265 -0.00918054 0
1231206 325797 m2 0.06585 -0.395664 -0.498359 -0.0368016 0
1231206 251411 m2 0.1075 0.372163 -0.526387 0.040183 0
1231206 545440 m2 0.0152 -0.00938056 -0.371975 0 0.0196316
1231206 660349 m2 0.02175 -0.285936 -0.00156249 0 -0.0466083
1231206 311144 m2 0.0985 0.350351 -0.551131 0 -0.0354974
1231206 605466 m2 0.0168 0.32159 -0.378341 0 0.0231121
1231206 423766 m2 0.01665 0.403813 -0.378544 0.0855847 0
1231206 546965 m2 0.0152 -0.16327 -0.363024 -0.0227298 0
1231206 546505 m2 0.0291 0.224137 -0.109559 0 0.00356556
1231206 348720 m2 0.02815 -0.0661088 -0.13013 0 -0.00711423
1231206 335437 m2 0.02625 0.352639 -0.402473 0.0273587 0
1231206 632986 m2 0.0157 -0.0535342 0.0152179 -0.0127582 0
1231206 556589 m2 0.01155 0.0776414 -0.115711 -0.0466127 0
1231206 439422 m2 0.0191 0.371902 -0.459268 0 -0.0279785
1231206 340718 m2 0.015 0.375064 -0.395274 0.0242658 0
1231206 540184 m2 0.0221 0.0495596 -0.386786 0 -0.0506218
1231206 205015 m2 0.054 -0.303139 -0.512798 0.00773465 0
1231206 269012 m2 0.01285 -0.166032 -0.144963 -0.0529303 0
1231206 557131 m2 0.0258 -0.209636 -0.00648821 -0.0241218 0
1231206 277758 m2 0.10795 0.141886 -0.677602 -0.025291 0
1231206 485364 m2 0.0333 0.202844 -0.12501 0.0606551 0
1231206 363769 m2 0.01825 0.178768 -0.122728 0 -0.051256
1231206 328104 m2 0.2015 -0.233325 -0.698929 0 -0.0751937
1231206 287638 m2 0.0704 0.392692 -0.466853 0.0544335 0
1231206 112633 m2 0.0204 0.0354686 -0.502358 0 0.0019282
1231206 504052 m2 0.0183 -0.375525 -0.403076 -0.0389472 0
1231206 479160 m2 0.0384 -0.212044 -0.551833 -0.0117283 0
1231206 693863 m2 0.0229 0.337875 -0.274904 0 0.0797789
1231206 446609 m2 0.03455 0.210452 -0.130136 0 -0.0560973
1231206 701801 m2 0.0162 0.284768 -0.398606 -0.00142801 0
1231206 598888 m2 0.0123 -0.0112476 -0.380544 0 0.0213231
1231206 231268 m2 0.1418 -0.179723 -0.688092 0 0.0209894
1231206 189154 m2 0.1907 -0.287501 -0.622793 -0.0470942 0
1231206 167262 m2 0.0723 0.131248 -0.660558 0 0.00493951
1231206 151490 m2 0.0591 0.0651585 -0.634534 0 -0.0315754
1231206 603457 m2 0.02125 0.35852 -0.375646 -0.0209509 0
1231206 417819 m2 0.0606 -0.334754 -0.55708 0 -0.107545
1231206 417356 m2 0.04555 -0.386335 -0.428577 -0.0970702 0
1231206 448100 m2 0.01065 -0.00646932 -0.440173 0 0.0479321
1231206 651223 m2 0.01085 -0.294399 -0.359922 0 0.0122697
1231206 291937 m2 0.02675 -0.0235755 -0.371073 0 -0.0546127
1231206 248252 m2 0.0127 -0.108197 -0.373848 0 -0.0142836
1231206 673809 m2 0.0128 -0.0431769 -0.419799 0.00205857 0
1231206 192614 m2 0.0163 -0.354227 -0.369138 0 -0.0298804
1231206 583801 m2 0.02025 0.06938 -0.140261 0 -0.0410877
1231206 299438 m2 0.07555 0.398169 -0.475584 0 -0.0398429
1231206 660827 m2 0.01385 -0.11764 -0.111697 0 -0.035867
1231206 532534 m2 0.0116 0.0788295 -0.373864 0.0175669 0
1231206 181876 m2 0.1812 -0.010945 -0.789161 0 -0.107467
1231206 558369 m2 0.0254 -0.139845 -0.434241 0 -0.0330441
1231206 353152 m2 0.0273 0.285763 -0.480655 0 0.00731247
1231206 170743 m2 0.0462 -0.301688 -0.451634 -0.0478523 0
1231206 463829 m2 0.0174 0.00424612 -0.526095 0 0.0556408
1231206 217992 m2 0.0145 0.177898 -0.376638 -0.054817 0
1231206 677643 m2 0.02015 -0.2647 -0.29721 0 0.0716343
1231206 463330 m2 0.0282 -0.159196 -0.467954 0 0.0708557
1231206 661549 m2 0.01265 0.312247 -0.195516 0.0540037 0
1231206 430296 m2 0.0229 -0.121615 -0.475963 0 -0.0492031
1231206 654761 m2 0.0219 0.325701 -0.289467 0.0270123 0
1231206 439868 m2 0.0169 0.360614 -0.386902 0 0.0357032
1231206 540394 m2 0.01635 0.24598 -0.316296 0.0320212 0
1231206 683384 m2 0.0108 0.0152291 -0.41445 -0.0173794 0
1231206 427697 m2 0.09645 0.20277 -0.62903 0.00525335 0
1231206 563623 m2 0.0161 0.212624 -0.404747 0.0132118 0
1231206 686578 m2 0.0189 0.0581564 -0.375605 0 0.0231766
1231206 710135 m2 0.0132 0.322008 -0.308655 0 0.0645697
1231206 548904 m2 0.0348 0.310655 -0.421416 -0.00175232 0
1231206 174498 m2 0.0509 -0.179805 -0.437439 0 -0.0983446
1231206 571399 m2 0.03555 0.253472 -0.106739 0.0311554 0
1231206 354449 m2 0.0129 0.210067 -0.100242 0 0.0156665
1231206 692860 m2 0.0127 -0.335791 -0.320665 0 0.0408295
1231206 206748 m2 0.04665 -0.378601 -0.447044 -0.0726906 0
1231206 646244 m2 0.0132 -0.287546 -0.34938 -0.010571 0
1231206 486347 m2 0.02125 -0.0995729 -0.484031 -0.00616193 0
1231206 304678 m2 0.1179 0.392832 -0.541272 0.073907 0
1231206 673521 m2 0.01645 0.111959 -0.429584 0.056564 0
1231206 517966 m2 0.0243 0.296849 -0.437271 0.0820179 0
1231206 253384 m2 0.0287 -0.324834 -0.448086 -0.0164434 0
1231206 277002 m2 0.0185 -0.346837 -0.353888 -0.0377816 0
1231206 454310 m2 0.0142 0.245843 -0.350497 0.0040242 0
1231206 328876 m2 0.05285 -0.113018 -0.561536 0 -0.0200822
1231206 487095 m2 0.03045 0.379827 -0.364851 0 0.0200826
1231206 549648 m2 0.038 0.0304053 -0.500413 -0.0278513 0
1231206 646757 m2 0.0189 0.349422 -0.394685 0 -0.0295547
1231206 221681 m2 0.1266 0.0495038 -0.719112 0 -0.0339092
1231206 693624 m2 0.01045 0.0680148 -0.368013 0 0.053677
1231206 479848 m2 0.01235 0.155568 -0.317866 -0.006734 0
1231206 253383 m2 0.02245 0.39507 -0.346177 0 -0.154269
1231206 488879 m2 0.0143 0.28692 -0.39359 0.0397352 0
1231206 222430 m2 0.0539 -0.32132 0.00314249 -0.0594376 0
1231206 699586 m2 0.0127 0.229961 -0.349733 -0.00368536 0
1231206 355441 m2 0.0289 0.334497 -0.343352 0.0499725 0
1231206 331887 m2 0.0285 0.0776714 -0.372333 0 -0.0188605
1231206 314100 m2 0.0363 -0.366107 -0.487776 0.0251653 0
1231206 634722 m2 0.01465 0.0262251 -0.38135 -0.0095073 0
1231206 673792 m2 0.0187 0.158596 -0.51988 0 -0.0325287
1231206 227439 m2 0.03345 -0.353308 -0.436328 0 0.00504289
1231206 304671 m2 0.02245 0.351896 -0.374044 0.0697175 0
1231206 494676 m2 0.0215 0.325549 -0.400856 0.0104623 0
1231206 603438 m2 0.0232 -0.262691 -0.432948 0 -0.0694402
1231206 602402 m2 0.01235 0.339364 -0.329843 0.0181004 0
1231206 437604 m2 0.04375 -0.0708404 -0.468878 0 -0.0525907
1231206 605711 m2 0.01345 -0.331061 -0.294034 0 -0.0169307
1231206 521521 m2 0.0204 -0.0563834 -0.553884 0 0.0158195
1231206 516994 m2 0.05315 0.367923 -0.473867 -0.0205977 0
1231206 486371 m2 0.0119 -0.0503216 -0.0812152 0 -0.0489034
1231206 384696 m2 0.0354 0.295402 -0.491353 0.0145648 0
1231206 646001 m2 0.013 0.327415 -0.35689 0 0.0392453
1231206 647223 m2 0.04105 -0.131857 -0.513687 0 0.028098
1231206 577312 m2 0.03205 0.0421875 -0.536276 -0.0273703 0
1231206 253899 m2 0.0269 0.0203335 -0.539373 -0.0150419 0
1231206 455575 m2 0.02635 0.311626 -0.365634 -0.00415976 0
1231206 353655 m2 0.03875 0.0994655 -0.534036 0 -0.0311378
1231206 484781 m2 0.10995 -0.0694904 -0.70513 0 -0.000654324
1231206 320565 m2 0.05885 0.00322458 -0.527253 0 0.0160783
1231206 564816 m2 0.0217 -0.237849 -0.364962 0 0.01862
1231206 406086 m2 0.0369 0.216509 -0.38752 0.0148908 0
1231206 289152 m2 0.03345 -0.301854 -0.374885 -0.0469452 0
1231206 319069 m2 0.1165 0.0906658 -0.701353 0 0.00631678
1231206 543174 m2 0.01265 -0.167914 -0.330238 -0.00269947 0
1231206 334630 m2 0.1438 -0.217181 -0.693082 0 0.00154321
1231206 421161 m2 0.02725 -0.111035 -0.54488 0 0.0290436
1231206 258978 m2 0.0387 0.139992 -0.54086 0 -0.00994811
1231206 382189 m2 0.052 0.133815 -0.529534 0.0313933 0
1231206 357119 m2 0.0153 -0.0463686 -0.480379 0 0.0542101
1231206 644932 m2 0.0139 -0.283519 -0.38691 0 -0.0253327
1231206 324024 m2 0.04545 0.355057 -0.503249 0.0513972 0
1231206 688883 m2 0.015 0.354832 -0.349461 0 -0.0702296
1231206 352405 m2 0.02935 -0.119622 -0.474353 0 -0.0023329
1231206 608682 m2 0.02135 -0.3531 -0.306179 -0.0180328 0
1231206 613458 m2 0.01275 -0.160378 -0.465121 -0.00662113 0
1231206 368346 m2 0.01905 0.30468 -0.354349 0 -0.0355744
1231206 627655 m2 0.0131 0.272195 -0.428321 0.0135075 0
1231206 598406 m2 0.0101 -0.316274 -0.313699 0.00530345 0
1231206 517467 m2 0.02005 0.270681 -0.406516 0 0.0145954
1231206 367343 m2 0.0129 0.0678339 -0.0996796 0 -0.00562093
1231206 525256 m2 0.0272 -0.19827 -0.56772 0.0192828 0
1231206 468784 m2 0.01325 0.283986 -0.433188 0 -0.0021919
1231206 441576 m2 0.02405 0.37828 -0.350306 0.0242908 0
1231206 376432 m2 0.05455 -0.324098 -0.522387 0 -0.00951125
1231206 614737 m2 0.02095 0.0315432 -0.270322 0 0.0159563
1231206 404590 m2 0.03345 0.312716 -0.433013 -0.0222488 0
1231206 398352 m2 0.0116 -0.0544012 -0.281631 0.0319062 0
1231206 539647 m2 0.0227 -0.190581 -0.387127 0 0.110874
1231206 446070 m2 0.01825 -0.176322 -0.330098 0 -0.0784273
1231206 633888 m2 0.0307 0.369522 -0.352641 0 0.0140144
1231206 647462 m2 0.0108 0.343354 -0.38135 -0.00911108 0
1231206 676053 m2 0.012 0.206258 -0.413007 0 -0.0254587
1231206 597935 m2 0.02225 0.379852 -0.375379 0 0.00148775
1231206 636430 m2 0.01995 0.0633694 -0.384369 0 0.0162391
1231206 499573 m2 0.01645 -0.345512 -0.399617 -0.0356446 0
1231206 553989 m2 0.0269 -0.345709 -0.326954 0 0.0579961
1231206 563066 m2 0.0207 -0.349093 -0.393619 0 -0.00547781
1231206 644886 m2 0.012 -0.225144 -0.383088 0 -0.0665219
1231206 407070 m2 0.0686 -0.287206 -0.549916 -0.0242941 0
1231206 580386 m2 0.0121 0.312791 -0.369697 -0.0195792 0
1231206 559360 m2 0.0105 -0.174229 -0.419117 0 -0.0357005
1231206 373299 m2 0.02545 0.308134 -0.436184 0 -0.0702524
1231206 545890 m2 0.0284 -0.317353 -0.466956 0 0.0226131
1231206 452302 m2 0.0262 0.339746 -0.326267 0 -0.016506
1231206 551893 m2 0.01395 -0.235823 -0.475676 -0.00973048 0
1231206 687071 m2 0.01465 0.237611 -0.41647 0 0.00885966
1231206 702794 m2 0.01055 0.276308 -0.195159 0 -0.0142562
1231206 455337 m2 0.04885 -0.219262 -0.238388 -0.0618258 0
1231206 660544 m2 0.0211 -0.324937 -0.411783 0 -0.0130185
1231206 524014 m2 0.04195 -0.368047 -0.420734 -0.030308 0
1231206 510468 m2 0.04945 -0.0408185 -0.612804 0 -0.0317587
1231206 427202 m2 0.0398 -0.394522 -0.434162 0 -0.0157459
1231206 719518 m2 0.01015 -0.0920203 -0.434394 0 -0.0384168
1231206 540129 m2 0.0355 0.373338 -0.413539 0 -0.0100765
1231206 578064 m2 0.02615 -0.329147 -0.381699 0.00169436 0
1231206 513509 m2 0.0298 -0.301402 -0.360398 0 -0.0440044
1231206 547655 m2 0.01635 -0.26841 -0.430402 0 -0.0829789
1231206 698349 m2 0.01125 -0.166848 -0.227017 0 0.0612229
1231206 551909 m2 0.014 0.206666 -0.301748 0 -0.0337585
1231206 521975 m2 0.07315 -0.0638992 -0.607553 0.0153549 0
1231206 614213 m2 0.02125 0.0670838 -0.53534 0.029652 0
1231206 557071 m2 0.01775 0.330344 -0.37727 0.0365729 0
1231206 661242 m2 0.0173 -0.131868 -0.439123 0.0350906 0
1231206 663012 m2 0.03565 -0.267369 -0.448469 0 0.0140284
1231206 633184 m2 0.01245 0.266405 -0.241211 0 0.0225291
1231206 594200 m2 0.01785 0.00791434 -0.542615 -4.16976e-05 0
1231206 601609 m2 0.01375 0.145425 -0.274806 0.0222998 0
1231206 602631 m2 0.0187 0.351294 -0.409747 0.0111818 0
1231206 672751 m2 0.02225 -0.0340849 -0.404809 0 -0.0321185
1231206 610208 m2 0.0337 0.131653 -0.481509 0 -0.00369347
1231206 646707 m2 0.0231 -0.29672 -0.341438 0 -0.000796641
1231206 686814 m2 0.02295 -0.124108 -0.432571 0 -0.0842129
1231206 585348 m2 0.0148 0.102211 -0.349752 0 0.00664734
1231206 659527 m2 0.0125 0.320186 -0.373478 0 -0.0521177
1231206 664803 m2 0.0141 -0.253326 -0.36132 0 -0.0421355
1231206 601879 m2 0.0118 -0.233733 -0.297622 0 -0.044079
1231206 685051 m2 0.0116 -0.186424 -0.383392 0 0.0470216
1231206 675753 m2 0.01215 -0.290698 -0.369243 0 -0.044139
1231206 682081 m2 0.0145 0.277538 -0.329692 0 -0.0774301
1231206 689091 m2 0.0103 -0.359901 -0.418426 0 -0.0386796
