seed mutID muttype p cor_sal cor_temp mutSalEffect mutTempEffect
1231200 447304 m2 0.05265 -0.0951782 0.16674 -0.046577 0
1231200 263284 m2 0.07795 0.0162462 0.763668 0.0129267 0
1231200 661630 m2 0.0112 0.100045 0.592858 -0.0108829 0
1231200 240794 m2 0.0608 0.106207 0.685776 0 0.0113187
1231200 341747 m2 0.1652 0.0775045 0.763849 0.0247465 0
1231200 450547 m2 0.0279 0.0832558 0.622301 0 0.0300135
1231200 454445 m2 0.01815 0.152971 0.0725256 0.0711788 0
1231200 205894 m2 0.0643 0.000482528 0.573056 0 0.0187703
1231200 685955 m2 0.0222 -0.0523794 0.508719 0 -0.0597081
1231200 337436 m2 0.02795 0.0922119 0.70555 -0.000564795 0
1231200 256773 m2 0.04065 -0.158089 0.682039 0.0169923 0
1231200 244395 m2 0.01115 0.0961638 0.441812 0 -0.0314472
1231200 166984 m2 0.1634 -0.0383005 0.782097 -0.0382644 0
1231200 541710 m2 0.0227 0.0463742 0.646796 0 0.0318868
1231200 161231 m2 0.02185 -0.10337 0.520663 0 0.000219485
1231200 92906 m2 0.03185 -0.0678721 0.657889 -0.0162842 0
1231200 598094 m2 0.0105 -0.0484223 0.519772 0 -0.000635581
1231200 687689 m2 0.0267 0.142113 0.531388 0.0651553 0
1231200 241549 m2 0.03575 0.0261297 0.533035 0 -0.0231904
1231200 3479 m2 0.0135 0.162509 0.235837 0 -0.000539201
1231200 303303 m2 0.0921 -0.0691305 0.712696 -0.0511574 0
1231200 482498 m2 0.0306 0.185118 0.620353 0 -0.041421
1231200 318095 m2 0.0163 0.192762 0.653646 0.102095 0
1231200 393421 m2 0.02225 0.131184 0.547198 0.0525272 0
1231200 469013 m2 0.0733 -0.0882441 0.579707 -0.0775162 0
1231200 584359 m2 0.09505 0.143917 0.783607 0.0595425 0
1231200 310604 m2 0.21075 0.131926 0.829219 0.0557337 0
1231200 58586 m2 0.0782 -0.0377841 0.454523 0 0.0262178
1231200 675828 m2 0.02005 -0.082198 0.496905 0 -0.0180957
1231200 554319 m2 0.01085 0.165968 0.472409 0 -0.0494094
1231200 445535 m2 0.01285 0.114299 0.575657 0 -0.00255344
1231200 293622 m2 0.07615 0.00724646 0.664308 0 0.0376847
1231200 676877 m2 0.01335 0.00839267 0.618453 0 0.0313727
1231200 174750 m2 0.0766 -0.0796925 0.700429 -0.0427985 0
1231200 263546 m2 0.0927 0.150483 0.663156 0.0558361 0
1231200 485243 m2 0.02015 0.00556878 0.605979 0 0.0524062
1231200 543235 m2 0.037 0.0948494 0.732374 0 -0.0719952
1231200 661116 m2 0.02285 -0.0779743 0.548081 0.000171402 0
1231200 591827 m2 0.0104 0.101992 0.547209 0 0.0449009
1231200 226953 m2 0.1257 0.0266269 0.848806 0 0.046832
1231200 191887 m2 0.03775 0.0368898 0.574094 0 0.0526418
1231200 609747 m2 0.0163 0.0208534 0.541302 0 -0.0512943
1231200 545208 m2 0.0171 -0.0739867 0.675099 0.0363203 0
1231200 575019 m2 0.02965 0.0622851 0.594348 0.0677201 0
1231200 366453 m2 0.09195 0.0283293 0.758946 0.00550519 0
1231200 554066 m2 0.0414 0.147869 0.676143 0.0448758 0
1231200 396206 m2 0.0493 0.0502989 0.587414 0 0.0958827
1231200 203993 m2 0.1038 -0.0574495 0.667647 0 0.0430148
1231200 215819 m2 0.05655 -0.0588815 0.699303 -0.0558416 0
1231200 295030 m2 0.1739 0.301518 0.11791 -0.0119595 0
1231200 207389 m2 0.0452 0.0156427 0.606025 0.00617851 0
1231200 471811 m2 0.0196 -0.114217 0.399159 -0.0526524 0
1231200 320754 m2 0.07165 0.117893 0.539338 0.0334632 0
1231200 309339 m2 0.01475 0.0462465 0.707619 0.0272102 0
1231200 527970 m2 0.03955 -0.053969 0.589026 -0.064219 0
1231200 603529 m2 0.01875 0.188436 0.571406 0.0409538 0
1231200 681268 m2 0.0176 0.0229252 0.680017 0 0.0460539
1231200 162476 m2 0.0773 -0.110652 0.57216 -0.0528012 0
1231200 585585 m2 0.0232 -0.057808 0.510637 0 -0.074761
1231200 190092 m2 0.1922 -0.0482012 0.751537 -0.0264936 0
1231200 287884 m2 0.0303 0.0669994 0.547834 0 -0.0449322
1231200 85263 m2 0.05825 0.0233637 0.551749 0.0142553 0
1231200 550858 m2 0.04455 0.035209 0.719741 0 0.0421253
1231200 386427 m2 0.0122 0.0747398 0.532042 0.019827 0
1231200 238078 m2 0.0367 -0.0682569 0.627391 -0.00997064 0
1231200 612364 m2 0.01715 0.0766345 0.670018 0.0324773 0
1231200 473995 m2 0.01255 0.0959511 0.559977 0 0.00536932
1231200 214084 m2 0.11765 -0.0994568 0.779367 0 0.0945885
1231200 527003 m2 0.03785 0.015859 0.655234 0 0.000270567
1231200 510614 m2 0.0106 0.063348 0.375029 0 -0.0607467
1231200 202713 m2 0.0707 -0.0534669 0.715627 -0.0508599 0
1231200 128199 m2 0.06795 -0.137689 0.526394 -0.0287587 0
1231200 110060 m2 0.0143 -0.18134 0.410888 -0.0707857 0
1231200 620381 m2 0.0214 -0.109642 0.496769 0 0.00756479
1231200 696756 m2 0.02755 -0.0958382 0.491109 0 -0.0717536
1231200 354200 m2 0.0503 -0.0610271 0.690297 -0.0291633 0
1231200 328649 m2 0.01075 0.0193264 0.40754 0 0.015059
1231200 404377 m2 0.03255 0.0850883 0.654925 0.00269464 0
1231200 608072 m2 0.03065 -0.040279 0.641072 0 -0.0388887
1231200 696752 m2 0.01265 0.143507 0.520284 0 -0.00445214
1231200 64778 m2 0.0594 0.141606 0.559215 0.0583125 0
1231200 251527 m2 0.07375 -0.0782223 0.591409 -0.0217218 0
1231200 317087 m2 0.0552 0.0895234 0.675834 0 -0.0183067
1231200 496241 m2 0.04445 -0.194406 0.644941 0 0.0713488
1231200 442991 m2 0.0524 0.00770115 0.618995 0.027156 0
1231200 698808 m2 0.0133 0.143006 0.52787 0.0420618 0
1231200 108831 m2 0.0566 -0.0407344 0.631703 0 0.0461058
1231200 256747 m2 0.03645 -0.0233545 0.665536 0 0.0116976
1231200 590865 m2 0.04155 0.0358847 0.688499 0 -0.0184163
1231200 123621 m2 0.0406 0.141857 0.472071 0.0174249 0
1231200 709395 m2 0.015 -0.113058 0.466408 -0.0269654 0
1231200 301737 m2 0.1124 0.0011437 0.737214 0 0.0710008
1231200 642541 m2 0.01075 0.0510608 0.495469 0 0.0597506
1231200 330131 m2 0.09155 -0.0730139 0.550397 -0.0716623 0
1231200 377662 m2 0.07985 0.0162187 0.0747498 0 -0.0102131
1231200 265278 m2 0.04885 0.100258 0.715381 0.0143406 0
1231200 273662 m2 0.0871 -0.00122002 0.82185 0 0.0487719
1231200 416929 m2 0.01875 0.0424795 0.704989 0 0.0194733
1231200 76522 m2 0.04355 -0.184706 0.735453 -0.0297172 0
1231200 193575 m2 0.0435 0.0538819 0.419361 0.0442738 0
1231200 375149 m2 0.05735 0.0278948 0.686976 -0.0174893 0
1231200 452959 m2 0.0404 0.0584451 0.604664 -0.0168857 0
1231200 465233 m2 0.0803 -0.0338778 0.758426 0 0.0201973
1231200 664494 m2 0.0337 -0.165102 0.501408 -0.0477951 0
1231200 299447 m2 0.0671 -0.21392 0.773617 0 0.0588925
1231200 445261 m2 0.08905 -0.160066 0.709501 0 0.0490553
1231200 432289 m2 0.02445 0.0861132 0.615159 0.018844 0
1231200 645337 m2 0.01545 0.0239027 0.513444 0.0534734 0
1231200 726843 m2 0.013 -0.168102 0.440793 0 0.041257
1231200 649801 m2 0.02315 0.0142835 0.517061 0 0.0589912
1231200 149444 m2 0.0221 -0.042186 0.215787 0.00711706 0
1231200 82271 m2 0.02605 0.144318 0.379066 0.0603843 0
1231200 252015 m2 0.07615 0.0312684 0.817915 0.0166873 0
1231200 25121 m2 0.204 0.230289 0.111939 0.0339165 0
1231200 438523 m2 0.0752 -0.0445421 0.687588 0 -0.00500679
1231200 282026 m2 0.0272 0.124676 0.479706 0 0.0141407
1231200 506277 m2 0.0217 0.126205 0.656107 0.0240193 0
1231200 601017 m2 0.01255 0.0918579 0.60854 -0.00436915 0
1231200 620372 m2 0.03335 -0.0669622 0.667983 -0.0108859 0
1231200 399896 m2 0.0178 0.347232 0.377548 0.0569159 0
1231200 300437 m2 0.15335 0.189283 0.784565 0.0975867 0
1231200 306559 m2 0.02165 0.116172 0.670267 -0.0637787 0
1231200 439561 m2 0.0114 -0.0199473 0.511148 -0.00670426 0
1231200 611124 m2 0.0105 0.0731292 0.463085 -0.0219207 0
1231200 514611 m2 0.01765 0.0836558 0.52386 0.0115043 0
1231200 252790 m2 0.0516 -0.0389749 0.311763 -0.00686628 0
1231200 391721 m2 0.03625 -0.0868398 0.607702 -0.0410367 0
1231200 548594 m2 0.01515 0.0494753 0.53817 0 0.0362064
1231200 158031 m2 0.01205 5.69236e-05 0.570811 -0.00227932 0
1231200 218268 m2 0.05945 -0.136166 0.474817 -0.0861093 0
1231200 384677 m2 0.01895 -0.00553014 0.562661 0 -0.0011532
1231200 345288 m2 0.0246 0.0422169 0.364537 0.019448 0
1231200 571039 m2 0.01785 -0.00985976 0.598521 0 -0.0338286
1231200 440799 m2 0.02925 0.176358 0.616412 0.0736964 0
1231200 361715 m2 0.03515 -0.016217 0.764043 0 0.0442598
1231200 218509 m2 0.0144 0.124084 0.567244 -0.0158932 0
1231200 382207 m2 0.06175 -0.0530497 0.588101 0 -0.0348774
1231200 602506 m2 0.0185 0.10447 0.506863 0 -0.0114604
1231200 453671 m2 0.0191 -0.150516 0.555534 -0.0059267 0
1231200 82520 m2 0.027 -0.0733978 0.217247 0.0144267 0
1231200 594832 m2 0.0149 0.0581277 0.596815 0.0375525 0
1231200 280274 m2 0.0764 0.0626374 0.714175 -0.0100398 0
1231200 440548 m2 0.0186 -0.0489887 0.537896 0 0.0265491
1231200 674278 m2 0.01195 -0.154091 0.448512 0.00388202 0
1231200 109067 m2 0.03655 -0.0248648 0.663861 0 0.0225825
1231200 714121 m2 0.0102 -0.0321512 0.541718 -0.0317125 0
1231200 592775 m2 0.0574 0.0940752 0.661045 0.0312123 0
1231200 544937 m2 0.014 0.149572 0.625366 0.0546416 0
1231200 56845 m2 0.0758 0.13055 0.74941 0 -0.00478329
1231200 238806 m2 0.06605 0.17101 0.572899 0.0604082 0
1231200 470493 m2 0.0269 0.160853 0.643733 -0.0349287 0
1231200 359175 m2 0.035 -0.128857 0.601202 0 0.0143324
1231200 679652 m2 0.01605 0.075513 0.498524 0 0.0725803
1231200 690148 m2 0.01005 0.151159 0.496103 0.0260309 0
1231200 427965 m2 0.0694 0.233484 0.749436 0.0741361 0
1231200 3152 m2 0.2071 -0.0245464 0.704396 0 0.0634074
1231200 14611 m2 0.14835 -0.101171 0.765004 0 -0.0226454
1231200 351883 m2 0.01265 0.0634223 0.540416 0.0382509 0
1231200 316795 m2 0.0129 0.0266148 0.551653 0 0.11173
1231200 423399 m2 0.01445 0.0933998 0.501033 0 0.01785
1231200 601733 m2 0.01395 0.176415 0.497617 0.0337081 0
1231200 543429 m2 0.0284 0.0144765 0.572871 0.00481488 0
1231200 612607 m2 0.0133 -0.153583 0.613166 0 0.0103143
1231200 457937 m2 0.01005 -0.0229764 0.510367 0 -0.037375
1231200 694443 m2 0.0112 -0.124705 0.36123 0 0.030282
1231200 380432 m2 0.03225 -0.0926547 0.475453 0.0117725 0
1231200 548843 m2 0.02855 -0.028151 0.630149 0 -0.0107498
1231200 422885 m2 0.0349 -0.0402425 0.364506 0 -0.00790171
1231200 351637 m2 0.0596 -0.0462019 0.704501 0.0320623 0
1231200 548586 m2 0.02725 -0.00669394 0.664808 0.0187254 0
1231200 56092 m2 0.01805 -0.0265401 0.658816 0 0.0686233
1231200 635802 m2 0.0341 -0.0856348 0.570538 0.00587271 0
1231200 662531 m2 0.0112 0.13711 0.537249 0 0.0544146
1231200 174930 m2 0.0606 -0.0349434 0.583754 0 -0.0114656
1231200 585795 m2 0.01045 0.0938627 0.474926 0.00711716 0
1231200 365676 m2 0.03 -0.03909 0.482331 -0.0242795 0
1231200 234593 m2 0.0362 -0.0562392 0.605915 0 0.02118
1231200 410920 m2 0.05715 0.0124573 0.383046 0.00859294 0
1231200 128446 m2 0.04885 0.054503 0.639641 0.0555247 0
1231200 634244 m2 0.02555 0.0258843 0.416363 -0.0573411 0
1231200 331626 m2 0.03635 0.154824 0.622288 0 0.0556105
1231200 67224 m2 0.0528 -0.0325963 0.705642 0 0.00488137
1231200 659877 m2 0.01115 -0.0283705 0.529063 -0.00862747 0
1231200 556796 m2 0.0376 0.0414778 0.560204 -0.0113267 0
1231200 247278 m2 0.03755 -0.0788688 0.50083 -0.0300911 0
1231200 584079 m2 0.01525 -0.0680871 0.581734 0 0.0404188
1231200 123065 m2 0.0813 -0.0769908 0.629538 0 -0.00286885
1231200 693432 m2 0.01115 -0.0221529 0.550458 0 -0.0478541
1231200 533990 m2 0.0304 0.0416018 0.431679 0.0271009 0
1231200 600756 m2 0.0178 -0.083524 0.529992 -0.0486157 0
1231200 499930 m2 0.0997 -0.0661288 0.680414 0 -0.0172286
1231200 319004 m2 0.06095 -0.0963176 0.653661 0 0.054192
1231200 459417 m2 0.01905 -0.0791366 0.517832 0.0209448 0
1231200 120823 m2 0.26655 -0.098578 0.802236 -0.0475313 0
1231200 289653 m2 0.0222 0.0193636 0.531607 -0.045124 0
1231200 405576 m2 0.0758 0.176471 0.721713 0 0.0286413
1231200 666983 m2 0.01005 0.138989 0.394247 0 0.0424295
1231200 639285 m2 0.0322 0.0192496 0.520228 0 0.0141605
1231200 22079 m2 0.0702 0.0914084 0.493435 0 0.0341465
1231200 441244 m2 0.1046 -0.0523818 0.699186 0 0.0167971
1231200 400900 m2 0.0271 -0.0276135 0.300883 0 0.012505
1231200 693921 m2 0.0138 0.148583 0.287265 0.048644 0
1231200 586536 m2 0.0386 0.00224731 0.535031 0 0.0294649
1231200 502427 m2 0.0256 0.00559599 0.671055 -0.0039869 0
1231200 534983 m2 0.03015 -0.0470044 0.644476 0 0.0200435
1231200 595818 m2 0.02745 0.0231549 0.599834 0 -0.00284655
1231200 95953 m2 0.3111 0.283897 0.6674 0.0886412 0
1231200 317782 m2 0.0103 -0.0670011 0.515568 0 0.0567557
1231200 329598 m2 0.01535 0.120823 0.421543 -0.0214521 0
1231200 69719 m2 0.034 -0.0158027 0.702665 0 0.0128518
1231200 90621 m2 0.01895 0.00460462 0.611257 0 -0.019714
1231200 674265 m2 0.0236 0.108839 0.52555 0.00105575 0
1231200 292408 m2 0.06175 0.161598 0.773748 0.016505 0
1231200 434778 m2 0.0418 -0.0927535 0.699393 0 0.0347537
1231200 555254 m2 0.0211 0.207704 0.638138 0 -0.0133585
1231200 472969 m2 0.0384 -0.0148772 0.646578 0 0.018294
1231200 363439 m2 0.0156 0.00591924 0.608771 0 -0.00456303
1231200 174179 m2 0.02645 0.00872082 0.0345972 0 0.0725223
1231200 428767 m2 0.03015 0.230849 0.661107 0.100773 0
1231200 513534 m2 0.03505 0.107421 0.681879 0.000114436 0
1231200 436725 m2 0.01705 0.0630491 0.529222 -0.0369778 0
1231200 380931 m2 0.0551 0.0192569 -0.00293961 0 0.0141902
1231200 297477 m2 0.0525 -0.146234 0.752533 0 -0.0478812
1231200 699025 m2 0.0142 0.139131 0.321753 -0.0451522 0
1231200 131348 m2 0.0319 0.17618 0.417549 0.021096 0
1231200 433535 m2 0.02625 0.055143 0.513694 0.044007 0
1231200 77522 m2 0.0942 0.0773372 0.572017 0 0.00802785
1231200 684937 m2 0.01365 0.102561 0.292046 0.000804176 0
1231200 295201 m2 0.0254 -0.158149 0.475522 -0.0332065 0
1231200 540654 m2 0.01445 -0.203111 0.577662 0 -0.0346368
1231200 63776 m2 0.1915 -0.147027 0.725839 0 0.0143664
1231200 288369 m2 0.03455 -0.00354429 0.310965 0.0179403 0
1231200 241241 m2 0.0792 0.0697636 0.413109 0 0.0170915
1231200 400364 m2 0.02475 0.238133 0.432643 0.0686669 0
1231200 366177 m2 0.23665 0.390189 0.351625 0.0895484 0
1231200 452921 m2 0.0621 -0.0895676 0.56895 0 0.0406739
1231200 653111 m2 0.01075 -0.0823082 0.155295 0 0.00540002
1231200 617556 m2 0.0127 0.0409253 0.348488 0.0154464 0
1231200 379902 m2 0.03375 -0.105086 0.612888 -0.00545836 0
1231200 55096 m2 0.17625 -0.0116307 0.796548 0 0.0734803
1231200 136108 m2 0.0136 -0.0574511 0.51706 0 0.0674436
1231200 672263 m2 0.01415 -0.0402303 0.481446 0 0.104746
1231200 541939 m2 0.0202 0.0635615 0.551042 0 0.0369298
1231200 632227 m2 0.02655 -0.050911 0.460493 0.0520594 0
1231200 385879 m2 0.06175 0.136105 0.721189 -0.0316772 0
1231200 409849 m2 0.03295 -0.103309 0.520617 0 0.0203431
1231200 171170 m2 0.12555 0.0288657 0.775657 0 0.0110155
1231200 86918 m2 0.51975 0.0054331 0.89958 0 0.100598
1231200 413910 m2 0.02605 0.0282417 0.782406 0 -0.00507731
1231200 512504 m2 0.0174 0.0639053 0.731294 0 0.0177127
1231200 237778 m2 0.0361 0.115755 0.431891 0.00116309 0
1231200 608525 m2 0.02065 0.0467881 0.461623 -0.0222961 0
1231200 164490 m2 0.0405 -0.0596479 0.617573 -0.0113787 0
1231200 341428 m2 0.01105 -0.104326 0.269822 0 0.0316573
1231200 539160 m2 0.01345 -0.165797 0.438684 -0.0141614 0
1231200 529897 m2 0.0157 -0.174908 0.548262 -0.00716249 0
1231200 202425 m2 0.01885 0.0786288 0.549253 -0.00537758 0
1231200 250001 m2 0.1878 -0.129717 0.367435 -0.0740247 0
1231200 137908 m2 0.04915 -0.012219 0.564621 -0.0233048 0
1231200 616273 m2 0.0121 -0.146037 0.449251 0 -0.0142179
1231200 474422 m2 0.01385 0.0343225 0.630378 0 -0.0183807
1231200 702515 m2 0.01915 0.0949248 0.494044 0.0360726 0
1231200 429535 m2 0.0352 -0.0294329 0.674838 0 0.0838254
1231200 449481 m2 0.03795 0.0439724 0.573341 0 0.0288962
1231200 35571 m2 0.02695 -0.151754 0.597003 -0.0045112 0
1231200 533189 m2 0.0325 0.0027824 0.46138 0 0.0659735
1231200 655001 m2 0.017 0.0271038 0.390272 0.0709392 0
1231200 603208 m2 0.0546 0.171852 0.381238 0 -0.0279706
1231200 330094 m2 0.03085 0.0263636 0.618862 0 -0.0191227
1231200 422593 m2 0.0111 -0.00408573 0.510205 0.114262 0
1231200 303226 m2 0.0777 0.0833245 0.573263 0 0.0824645
1231200 335540 m2 0.04695 -0.0379592 0.303855 0 -0.00181563
1231200 50542 m2 0.09205 -0.100144 0.558851 -0.0806089 0
1231200 563142 m2 0.04835 0.0928803 0.61508 0.0299777 0
1231200 61019 m2 0.09835 0.237841 0.658716 0.0625835 0
1231200 326549 m2 0.0502 0.118471 0.46155 0.0462534 0
1231200 369074 m2 0.0115 -0.197949 0.539908 -0.0472024 0
1231200 634215 m2 0.0115 0.277578 0.387252 0.0437454 0
1231200 643998 m2 0.0168 -0.114509 0.369496 0.0149745 0
1231200 150619 m2 0.0602 -0.0594748 0.683287 -0.0551828 0
1231200 152199 m2 0.1093 0.0602174 0.801778 0 -0.00769507
1231200 5549 m2 0.0275 0.0633491 0.455173 0.0107523 0
1231200 376864 m2 0.05175 0.195838 0.621827 0.094443 0
1231200 338125 m2 0.1019 -0.0456759 0.682752 0 0.054794
1231200 439752 m2 0.02605 0.00305916 0.55011 0.03005 0
1231200 491375 m2 0.01205 -0.193455 0.36506 -0.00970343 0
1231200 49789 m2 0.03385 -0.00547731 0.634133 0 0.0488136
1231200 147120 m2 0.22905 -0.0984522 0.815503 0 0.0294619
1231200 213005 m2 0.0102 0.132657 0.401914 0.0550014 0
1231200 666728 m2 0.04165 -0.109544 0.396262 -0.0382832 0
1231200 278515 m2 0.0138 -0.0137513 0.632011 0 -0.0280706
1231200 448440 m2 0.037 0.0368795 0.630724 0 0.02856
1231200 664933 m2 0.0199 -0.232363 0.440009 -0.0205211 0
1231200 179873 m2 0.0159 0.16761 0.556971 0 -0.00182423
1231200 204446 m2 0.05565 0.148842 0.3239 -0.00530338 0
1231200 516050 m2 0.0133 0.0303663 0.368574 0 0.0384753
1231200 445988 m2 0.0391 -0.0462886 0.547801 0.0145029 0
1231200 457384 m2 0.03275 0.121355 0.519389 0 0.0519706
1231200 295439 m2 0.0184 0.0678734 0.546081 0.00772911 0
1231200 411140 m2 0.05765 -0.158509 0.515441 -0.067358 0
1231200 209027 m2 0.0861 0.021281 0.625151 0 -0.0535336
1231200 222150 m2 0.08095 -0.116007 0.566344 -0.0560539 0
1231200 427154 m2 0.02295 0.00588779 0.40471 -0.0587564 0
1231200 584287 m2 0.08735 -0.0721356 0.502233 -0.0309341 0
1231200 433513 m2 0.0539 -0.0867793 0.653246 0 -0.0158391
1231200 279964 m2 0.04725 0.262954 0.596135 0.092951 0
1231200 139313 m2 0.0471 -0.0872942 0.235362 0 0.0725796
1231200 640453 m2 0.0578 -0.0168845 0.5175 0 -0.0456441
1231200 488630 m2 0.0359 -0.0444415 0.616942 0 0.0865852
1231200 261718 m2 0.02755 -0.141811 0.646438 0 0.0168188
1231200 342473 m2 0.1079 0.514924 0.0779871 0.103 0
1231200 410595 m2 0.0855 -0.0834338 0.401878 0 0.0633475
1231200 701408 m2 0.01005 0.00730689 0.263396 -0.0273593 0
1231200 636748 m2 0.01685 0.175186 0.476075 -0.0292476 0
1231200 704256 m2 0.0196 0.0622583 0.486562 0.0691503 0
1231200 355844 m2 0.0407 -0.0753654 0.295403 -0.0928988 0
1231200 646001 m2 0.0133 0.0691876 0.305697 0 0.0126673
1231200 722846 m2 0.011 -0.0949546 0.383259 0 0.0177822
1231200 331100 m2 0.0314 0.00590249 0.699553 0 0.0300695
1231200 589029 m2 0.01295 -0.00862235 0.38611 0.041856 0
1231200 266961 m2 0.06945 0.0201829 0.71456 0.0197639 0
1231200 245752 m2 0.04325 -0.136992 0.450208 -0.0555344 0
1231200 519813 m2 0.0317 -0.0262328 0.582017 0 0.0210979
1231200 88556 m2 0.0538 -0.0246745 0.410452 -0.0105617 0
1231200 70168 m2 0.081 -0.0826862 0.710666 -0.0348548 0
1231200 206801 m2 0.06065 0.0350747 0.310421 -0.0341048 0
1231200 462713 m2 0.09755 -0.15299 0.71852 -0.0324898 0
1231200 365192 m2 0.073 -0.204702 0.467698 -0.106614 0
1231200 11811 m2 0.0121 -0.127081 0.260971 -0.0322635 0
1231200 415878 m2 0.0158 0.0261837 0.606174 0 0.0878409
1231200 590530 m2 0.04295 0.110808 0.47119 0.0225812 0
1231200 386088 m2 0.02215 -0.0945204 0.636121 0 0.0546383
1231200 150861 m2 0.1436 -0.286714 0.626992 -0.120209 0
1231200 299871 m2 0.067 0.0112393 0.776852 0 0.0245466
1231200 688113 m2 0.01535 -0.0575455 0.523242 -0.0396349 0
1231200 543379 m2 0.05105 0.142044 0.354735 0.0406092 0
1231200 645502 m2 0.01505 -0.179692 0.323322 -0.0838781 0
1231200 629010 m2 0.0307 0.0741398 0.630876 0 0.0172177
1231200 12033 m2 0.06435 0.133323 -0.312973 0.0535776 0
1231200 14512 m2 0.0448 0.211376 0.624379 0.0774493 0
1231200 700942 m2 0.0109 -0.0865321 0.251267 -0.0421859 0
1231200 462931 m2 0.02835 0.032378 0.581508 -0.0167422 0
1231200 205776 m2 0.01455 0.251307 0.393099 -0.00217169 0
1231200 350827 m2 0.0666 -0.174555 0.305688 -0.0563441 0
1231200 588277 m2 0.05475 -0.0541501 0.521042 -0.0170922 0
1231200 128625 m2 0.16 -0.00727246 0.728927 0 0.0124303
1231200 301668 m2 0.0437 -0.192674 0.647229 -0.0261381 0
1231200 338839 m2 0.0507 -0.0345917 0.606157 0 0.0976873
1231200 450206 m2 0.02205 -0.0449744 0.406695 -0.0143512 0
1231200 411827 m2 0.06385 0.0880071 0.252118 0.00287036 0
1231200 614063 m2 0.01125 0.0676308 0.563206 0 0.0663741
1231200 31223 m2 0.0147 -0.14059 0.206861 -0.0165548 0
1231200 710825 m2 0.01675 0.0314148 0.506828 0 -0.103581
1231200 600453 m2 0.0292 -0.0360547 0.273656 0 -0.0206864
1231200 166642 m2 0.1016 -0.0146566 0.58414 -0.0157092 0
1231200 573420 m2 0.03645 -0.0432745 0.625831 0 -0.00437031
1231200 399591 m2 0.0142 0.0968865 0.028905 0.0257561 0
1231200 383892 m2 0.10225 -0.141962 0.651095 -0.129854 0
1231200 344469 m2 0.0166 -0.00685016 0.632552 0 0.0197757
1231200 196315 m2 0.0155 0.0133969 -0.0558178 0 -0.0142325
1231200 552217 m2 0.0297 0.0889182 0.510079 0 -0.00141765
1231200 660559 m2 0.0187 0.0421823 0.311875 0.0300833 0
1231200 259968 m2 0.0798 0.0278343 0.64851 0 0.014847
1231200 696170 m2 0.0317 0.0710134 0.56333 0 0.00780321
1231200 588778 m2 0.0474 -0.0315242 0.439 0 -0.00860522
1231200 171606 m2 0.01955 -0.0114545 0.334227 0 0.00371212
1231200 410307 m2 0.01335 0.0605729 0.38668 0 0.0418248
1231200 155140 m2 0.08915 -0.116033 0.718095 0.00276594 0
1231200 579303 m2 0.0133 0.173518 0.278654 0 0.0676325
1231200 13001 m2 0.1404 0.0405658 -0.19297 0 0.0539123
1231200 687343 m2 0.0231 -0.0745529 0.527255 -0.026689 0
1231200 447959 m2 0.0105 -0.0365929 0.137624 0.000733969 0
1231200 365882 m2 0.0318 -0.147316 0.444451 -0.0927603 0
1231200 453118 m2 0.0123 0.0729575 0.310077 0 0.0320682
1231200 562844 m2 0.09645 0.0447329 0.401753 0.00819756 0
1231200 643198 m2 0.01805 -0.123038 0.404403 0 -0.0584154
1231200 503900 m2 0.04295 -0.00950375 0.528528 -0.0110593 0
1231200 497416 m2 0.0266 -0.0655036 0.642428 -0.00314732 0
1231200 630213 m2 0.02465 0.0463841 0.580275 0.00310514 0
1231200 179149 m2 0.1052 0.101761 0.616756 0.0152805 0
1231200 724271 m2 0.0106 0.0133762 0.288892 0 -0.0138818
1231200 533664 m2 0.05 0.0487113 0.723024 0.0300859 0
1231200 497909 m2 0.0199 -0.0646159 0.454492 0 -0.0124752
1231200 642701 m2 0.0103 0.104183 0.435341 0 0.0265804
1231200 525600 m2 0.0172 0.11832 0.550194 0 0.0367479
1231200 723062 m2 0.01255 0.135993 0.283924 0 -0.0140049
1231200 568460 m2 0.0496 -0.0727067 0.283385 -0.0798532 0
1231200 487368 m2 0.01545 0.141876 0.406672 0.0171968 0
1231200 626538 m2 0.02865 0.0808849 0.667998 0 -0.0166425
1231200 547760 m2 0.04535 0.095208 0.710888 0 -0.0386079
1231200 507498 m2 0.02575 0.0157398 0.192852 0 0.0821925
1231200 538827 m2 0.01335 -0.145511 0.512066 -0.0366943 0
1231200 465141 m2 0.03705 -0.0470949 0.550153 -0.00354208 0
1231200 562833 m2 0.02505 0.10517 0.617619 0 0.0272325
1231200 659053 m2 0.02435 -0.0470932 0.360947 -0.00517542 0
1231200 667181 m2 0.0311 -0.145827 0.255876 -0.0952791 0
1231200 261187 m2 0.02585 -0.0496688 0.176901 0 -0.0146167
1231200 290590 m2 0.131 -0.210594 0.517634 -0.0737862 0
1231200 653329 m2 0.0215 0.0632443 0.373104 0 -0.0450576
1231200 138094 m2 0.0861 0.205164 0.785309 0.0876578 0
1231200 295926 m2 0.06955 0.22118 0.804355 0.0627302 0
1231200 492367 m2 0.062 -0.148031 0.399649 -0.0371838 0
1231200 456109 m2 0.06395 0.0479385 0.0746898 0.0227512 0
1231200 147565 m2 0.02935 -0.0367169 0.359147 0 0.0343226
1231200 204940 m2 0.0609 -0.117706 0.658136 0 0.00626623
1231200 418053 m2 0.061 0.243159 0.577507 0.10337 0
1231200 481623 m2 0.0369 -0.0487691 0.480653 0 0.024117
1231200 29947 m2 0.0722 -0.0361988 0.256672 0 0.00342953
1231200 27494 m2 0.0144 -0.0703654 0.08464 -0.0150209 0
1231200 424107 m2 0.041 -0.191697 0.143939 -0.0473176 0
1231200 328025 m2 0.03455 -0.0812129 0.301269 -0.0320194 0
1231200 659810 m2 0.01315 -0.152524 0.304095 -0.0504663 0
1231200 506664 m2 0.15105 -0.0176733 0.676205 0 0.0599914
1231200 445412 m2 0.0508 -0.0246309 0.606759 0 0.0786184
1231200 683894 m2 0.0151 0.14218 0.470114 0 0.0468967
1231200 386308 m2 0.04915 0.175083 0.487339 0.0672967 0
1231200 346152 m2 0.06125 -0.0202649 0.142872 0 0.0282334
1231200 299843 m2 0.0953 -0.20942 0.265896 -0.0502005 0
1231200 596497 m2 0.0178 0.145023 0.592993 0 0.0357906
1231200 543356 m2 0.022 -0.276087 0.331802 0 -0.00708237
1231200 57220 m2 0.0141 0.0162198 0.631344 0 -0.011816
1231200 561517 m2 0.03385 0.0294908 0.344671 -0.015592 0
1231200 485125 m2 0.02075 0.114761 0.369909 0 0.0941766
1231200 645480 m2 0.0116 -0.116399 0.256865 0 -0.00763411
1231200 356868 m2 0.07555 -0.0648593 0.584891 -0.0534901 0
1231200 288014 m2 0.05305 -0.0186242 0.0104232 0.011371 0
1231200 676212 m2 0.0151 -0.0562528 0.437825 0 -0.00448908
1231200 568697 m2 0.0728 0.239555 0.414459 0.0673577 0
1231200 62428 m2 0.1275 -0.0410727 0.728175 0 0.020014
1231200 322423 m2 0.0377 0.0530852 0.644436 0.00935322 0
1231200 106913 m2 0.04165 -0.0996689 0.0632975 -0.0742912 0
1231200 471911 m2 0.0441 -0.179161 0.65548 -0.0456376 0
1231200 673431 m2 0.013 -0.0706578 0.169751 0 0.05535
1231200 575912 m2 0.02525 -0.0116834 0.389309 0 0.0370615
1231200 214721 m2 0.0336 0.072667 0.538757 0.050735 0
1231200 697934 m2 0.01045 -0.0488602 0.269636 0 -0.0227303
1231200 613281 m2 0.0124 0.284863 -0.13662 0 0.0174669
1231200 104718 m2 0.0818 -0.0125912 0.635658 0 0.0246481
1231200 685625 m2 0.01345 0.0528312 0.349007 0.00799334 0
1231200 626045 m2 0.0129 0.158879 0.558584 0 -0.0407275
1231200 120239 m2 0.1246 0.125117 0.0331099 0.0637363 0
1231200 353596 m2 0.08495 -0.0814935 0.390748 0 0.00592961
1231200 593735 m2 0.0111 -0.0359628 0.219601 -0.0477734 0
1231200 419075 m2 0.0197 0.103277 0.494833 0 0.0359869
1231200 653049 m2 0.0351 0.17303 0.506279 0.0345508 0
1231200 321354 m2 0.1161 0.02083 0.264198 0 -0.00181824
1231200 303429 m2 0.02395 0.0206761 0.202064 -0.00786029 0
1231200 466318 m2 0.0905 0.0134055 0.0106138 0 0.0614052
1231200 79681 m2 0.06435 -0.02383 0.583113 -0.00854194 0
1231200 611515 m2 0.01115 -0.0626206 0.301674 0 0.0334573
1231200 223652 m2 0.09735 -0.101992 0.831458 0 -0.0474597
1231200 507200 m2 0.0145 0.0432242 0.0640207 0 -0.0707898
1231200 353810 m2 0.04495 -0.0330916 0.0569432 -0.027774 0
1231200 260927 m2 0.0495 -0.0322088 0.00881783 -0.0158796 0
1231200 407774 m2 0.02605 0.126704 0.347718 0.00746487 0
1231200 579013 m2 0.0127 -0.160688 0.218043 0.0155538 0
1231200 127553 m2 0.07165 -0.112407 0.24777 0 0.038155
1231200 28916 m2 0.0492 -0.00762209 -0.00766849 0 0.00613615
1231200 380091 m2 0.04495 -0.0962059 0.607727 -0.0318854 0
1231200 628504 m2 0.0178 0.0702804 0.633441 0 -0.0268251
1231200 105912 m2 0.0744 0.00257377 0.512335 0 -0.0189025
1231200 628966 m2 0.013 -0.0874969 0.191944 0.00317984 0
1231200 407298 m2 0.06705 -0.0117223 -0.116613 0.0379793 0
1231200 231060 m2 0.0325 -0.143538 -0.0104271 -0.0503405 0
1231200 626038 m2 0.01045 -0.047814 0.311251 0 0.0279334
1231200 539331 m2 0.0198 0.0935436 0.0379102 0.00868691 0
1231200 128350 m2 0.0227 0.0198969 0.213844 0 -0.0225253
1231200 520773 m2 0.06455 0.0443388 0.457588 0 0.0606221
1231200 44016 m2 0.0341 -0.0251825 0.321226 0 -0.00746657
1231200 476317 m2 0.02075 0.114761 0.369909 0.0392913 0
1231200 44012 m2 0.02835 -0.176032 -0.599142 -0.0530615 0
1231200 583753 m2 0.0106 -0.128667 0.07569 0 -0.00701208
1231200 617974 m2 0.02755 0.134532 0.355052 0.0292589 0
1231200 621249 m2 0.01165 0.00597128 0.292517 0 -0.0186684
1231200 613549 m2 0.0146 0.00561846 0.321965 -0.0464838 0
1231200 409014 m2 0.0318 -0.181074 0.21522 -0.107771 0
1231200 605655 m2 0.0148 -0.0161841 0.396314 0 0.0407592
1231200 408283 m2 0.06085 -0.260456 0.515566 -0.0661802 0
1231200 466096 m2 0.01715 -0.182994 0.389753 -0.130641 0
1231200 317427 m2 0.0612 -0.215063 0.223009 -0.101314 0
1231200 341066 m2 0.0336 0.129065 0.669611 0.0562959 0
1231200 610304 m2 0.0177 0.0601255 0.205577 0.00818394 0
1231200 216415 m2 0.03555 -0.0373351 0.0974006 0 -0.0237852
1231200 586447 m2 0.0485 -0.0213158 0.49105 -0.0439636 0
1231200 553437 m2 0.0248 0.00616404 0.343457 0 -0.102486
1231200 622227 m2 0.0405 0.000771853 0.303308 0 0.0153845
1231200 300104 m2 0.0138 0.127237 0.348016 0 0.0314185
1231200 551928 m2 0.03095 -0.100271 0.465479 0 -0.083104
1231200 147759 m2 0.0953 0.0482501 -0.19653 -0.014795 0
1231200 216632 m2 0.17555 -0.0714852 0.764401 0 -0.0347721
1231200 577698 m2 0.03235 0.0598218 0.311873 0 0.0514351
1231200 609618 m2 0.0201 0.0868305 0.128725 0 -0.0400824
1231200 30386 m2 0.0167 -0.169455 -0.44167 0 -0.0392367
1231200 374258 m2 0.0408 -0.0923621 0.0640118 -0.020506 0
1231200 121980 m2 0.07715 -0.031112 0.404509 0 0.0362386
1231200 505334 m2 0.02555 -0.133999 0.154972 -0.0885492 0
1231200 136024 m2 0.1251 -0.176077 0.507721 -0.037019 0
1231200 72138 m2 0.0458 0.0535886 0.650869 0 0.0572977
1231200 559501 m2 0.03695 0.188259 0.341883 0.0303741 0
1231200 713805 m2 0.01045 -0.0894803 0.306312 -0.0260473 0
1231200 351772 m2 0.2446 -0.0216288 0.459627 -0.0470959 0
1231200 674978 m2 0.0132 0.144308 0.459865 0 -0.00661226
1231200 702185 m2 0.01475 -0.0376648 0.365425 0.065352 0
1231200 304694 m2 0.08075 -0.0276556 0.282409 -0.0194841 0
1231200 578744 m2 0.0128 0.00031082 0.39412 0 0.0416277
1231200 58164 m2 0.1172 -0.116522 0.330376 0 -0.0506661
1231200 537566 m2 0.01315 -0.0886008 0.0548172 -0.019518 0
1231200 28373 m2 0.03555 0.0766099 -0.536893 -0.0125238 0
1231200 574383 m2 0.0183 0.100637 0.371183 0.0208719 0
1231200 665877 m2 0.0173 -0.159919 0.193163 0 -0.0308644
1231200 693816 m2 0.01065 -0.0208811 0.171806 0.00310605 0
1231200 723750 m2 0.0111 0.125664 0.314005 0.0643286 0
1231200 647483 m2 0.02315 0.209379 -0.069102 0.00501187 0
1231200 530565 m2 0.0119 0.0477337 0.268084 -0.0825517 0
1231200 514228 m2 0.136 -0.0187182 0.805613 0 -0.0296806
1231200 485897 m2 0.0184 -0.180936 0.522129 -0.0893269 0
1231200 449899 m2 0.0112 0.0538626 0.259579 0.0136643 0
1231200 561242 m2 0.0155 -0.109366 0.0585242 0 -0.00156397
1231200 112695 m2 0.06285 -0.0845078 0.19551 -0.033806 0
1231200 192451 m2 0.02615 -0.178903 0.0700523 0 -0.000984591
1231200 296384 m2 0.0461 0.294578 -0.746917 0.0413469 0
1231200 605372 m2 0.0126 -0.090061 0.262249 0.0370228 0
1231200 646736 m2 0.0335 -0.147492 0.275521 -0.0361119 0
1231200 523811 m2 0.0323 -0.0728709 0.18225 0 -0.00658095
1231200 242135 m2 0.09105 0.0738821 0.273573 0.0480281 0
1231200 662210 m2 0.0247 0.191001 0.289203 0 0.112409
1231200 339502 m2 0.0981 0.197749 0.731922 0.0637413 0
1231200 495097 m2 0.0355 0.0783172 0.316507 0 0.0678713
1231200 447664 m2 0.0242 -0.00466384 0.485007 -0.00353399 0
1231200 55472 m2 0.06595 -0.0230754 0.0664502 0 0.032262
1231200 630886 m2 0.02275 -0.0790857 -0.00476559 -0.0456154 0
1231200 229571 m2 0.0643 -0.0421893 0.0324947 0 0.0207278
1231200 643678 m2 0.0262 0.288889 0.464547 0.0686827 0
1231200 128038 m2 0.013 0.0776412 0.228687 0 -0.00288877
1231200 609609 m2 0.01815 0.0864112 0.383233 0 -0.0358512
1231200 135743 m2 0.0347 0.13331 0.0811666 0.0629709 0
1231200 547945 m2 0.03145 -0.0731946 0.169164 0.0517401 0
1231200 388017 m2 0.15165 -0.151867 0.109082 -0.08175 0
1231200 674966 m2 0.0294 0.18807 0.445054 0.104833 0
1231200 560245 m2 0.016 -0.0960956 0.6154 -0.0192389 0
1231200 135513 m2 0.0591 -0.234134 -0.0184161 -0.0747971 0
1231200 309694 m2 0.0429 0.0320133 0.550663 -0.00262273 0
1231200 278412 m2 0.24245 -0.0283341 -0.0115574 0.0239229 0
1231200 624743 m2 0.03595 -0.0764148 0.327737 0 0.0488928
1231200 513179 m2 0.03265 0.244463 0.119529 0.026893 0
1231200 320824 m2 0.022 0.146151 -0.0299867 0.0168978 0
1231200 469391 m2 0.01925 0.0123503 0.347496 -0.0164482 0
1231200 667141 m2 0.01915 0.108186 0.380213 0 -0.0369027
1231200 327975 m2 0.03665 0.136979 0.164211 0 0.01022
1231200 478994 m2 0.0592 -0.0560615 0.623453 -0.0231128 0
1231200 389529 m2 0.02245 0.195629 0.0902715 0.0276048 0
1231200 686053 m2 0.0194 -0.131357 0.291361 0.0291793 0
1231200 60334 m2 0.0116 0.238714 0.296557 0.0566137 0
1231200 590721 m2 0.01355 0.0718693 0.143155 0 0.0504444
1231200 230300 m2 0.0314 -0.201617 -0.153403 -0.0349019 0
1231200 465846 m2 0.0241 -0.0369696 0.498001 -0.0372184 0
1231200 45925 m2 0.1091 0.00122628 0.532508 0 0.0547804
1231200 669930 m2 0.0154 -0.155262 0.148567 0 -0.04159
1231200 53930 m2 0.073 0.251894 0.634936 0.0493577 0
1231200 533102 m2 0.0375 0.216524 0.52046 0.0436726 0
1231200 131015 m2 0.0388 -0.205251 0.296729 -0.054878 0
1231200 215171 m2 0.08345 -0.0363923 -0.245362 0 0.0166387
1231200 642896 m2 0.06895 0.0308719 0.231209 0 -0.0455216
1231200 530545 m2 0.017 0.165274 0.0668777 0 -0.0179576
1231200 55903 m2 0.0826 0.00993333 0.0246315 0.0391076 0
1231200 604874 m2 0.01555 -0.0884086 0.616221 0 -0.0216818
1231200 408255 m2 0.05005 -0.0310225 0.613674 -0.0352777 0
1231200 567699 m2 0.02105 0.182415 0.230997 0.0399023 0
1231200 300081 m2 0.0242 0.177782 0.359117 0.0545732 0
1231200 537328 m2 0.0118 0.0142167 -0.00849505 -0.021265 0
1231200 173826 m2 0.1395 0.341116 -0.572893 0.0304042 0
1231200 589989 m2 0.0114 0.120645 0.507136 0 0.0220894
1231200 582234 m2 0.01895 0.00244405 0.0413568 0 0.0376393
1231200 376520 m2 0.11745 -0.0705358 -0.242545 -0.0610579 0
1231200 298292 m2 0.02025 0.0408193 0.115556 -0.0435047 0
1231200 400510 m2 0.0271 -0.0681516 -0.290736 0 0.0732062
1231200 692791 m2 0.0149 0.0954084 0.118173 0.00527256 0
1231200 614706 m2 0.04005 0.0271708 0.23626 0 0.0503142
1231200 362837 m2 0.02725 -0.0276694 0.66571 0 0.00686626
1231200 61142 m2 0.015 -0.0959591 0.0527409 -0.0380048 0
1231200 476750 m2 0.1177 -0.0116519 0.0318974 -0.0228748 0
1231200 408507 m2 0.1226 0.323 0.746486 0.0285248 0
1231200 153052 m2 0.1228 0.00218293 -0.293722 0 -0.00868901
1231200 271496 m2 0.04045 -0.230945 -0.00698732 -0.0767365 0
1231200 176047 m2 0.0606 0.0646168 0.403912 0.0221642 0
1231200 70811 m2 0.1382 0.00492013 -0.604177 0 0.0512397
1231200 135994 m2 0.2849 0.557505 -0.336231 0.119059 0
1231200 154563 m2 0.017 -0.0948576 0.436573 0 -0.0532458
1231200 687768 m2 0.01405 -0.0297425 0.0920904 0 -0.055789
1231200 648183 m2 0.01065 0.0954002 0.201843 0 -0.0572749
1231200 642143 m2 0.04175 0.0157907 0.269571 -0.0420837 0
1231200 571182 m2 0.01105 0.141697 0.330126 0 -0.0182214
1231200 76591 m2 0.07815 0.0345456 -0.537119 0.00355058 0
1231200 270104 m2 0.0133 0.155396 0.0322625 0.00737415 0
1231200 531549 m2 0.03465 0.0210746 0.444849 0 0.0173091
1231200 86054 m2 0.0658 0.122473 -0.422858 0 0.0236102
1231200 222818 m2 0.032 -0.0344004 0.243178 -0.00844994 0
1231200 212909 m2 0.1326 0.0485936 0.904743 0 -0.0365632
1231200 659006 m2 0.0248 -0.0836581 0.0889326 0.00129477 0
1231200 483592 m2 0.0363 0.0549812 0.176503 0 0.0432202
1231200 365802 m2 0.08925 0.196209 0.0379713 0.0316525 0
1231200 533594 m2 0.0177 0.123929 -0.0365564 0.10384 0
1231200 93642 m2 0.15665 0.0129274 0.19922 0 -0.0402236
1231200 175539 m2 0.0956 -0.104405 0.519159 -0.005157 0
1231200 234895 m2 0.03275 -0.0435993 -0.147661 0.00346806 0
1231200 578482 m2 0.0114 -0.0460207 0.00394551 0 -0.00757229
1231200 132147 m2 0.0515 -0.137484 -0.320518 -0.0763523 0
1231200 238398 m2 0.01135 -0.057866 0.386192 -0.0552028 0
1231200 223329 m2 0.0129 -0.0197971 0.534957 0.0196943 0
1231200 104355 m2 0.0176 0.0872207 0.02241 0 0.0135133
1231200 220770 m2 0.19415 0.214102 -0.0475532 0.0819652 0
1231200 303311 m2 0.0788 0.0270197 -0.615444 0 0.038705
1231200 450359 m2 0.0467 -0.0391758 0.0500294 -0.0198624 0
1231200 430139 m2 0.02215 0.103356 0.199161 0 -0.0341107
1231200 365107 m2 0.0256 0.108198 0.354737 0 0.0796432
1231200 541524 m2 0.037 -0.158985 0.0626139 -0.0685011 0
1231200 673621 m2 0.03435 0.158103 0.100123 0.0338503 0
1231200 650646 m2 0.02155 0.168544 0.118558 0 0.0223682
1231200 253862 m2 0.04 0.0958056 0.146696 0.0269447 0
1231200 376968 m2 0.0685 -0.0625895 0.0538524 0 -0.0245921
1231200 327956 m2 0.0163 0.181417 0.37825 0.0316907 0
1231200 418233 m2 0.0926 -0.210359 0.146358 -0.0846512 0
1231200 342375 m2 0.01535 -0.151352 0.156535 -0.0135735 0
1231200 489725 m2 0.0298 0.0623716 -0.193791 0 -0.00520017
1231200 238915 m2 0.0123 0.0681972 0.0738636 0.0326365 0
1231200 288477 m2 0.152 -0.177223 0.290781 -0.0902659 0
1231200 520993 m2 0.0102 -0.0134152 0.0463435 0.0167496 0
1231200 649171 m2 0.01565 -0.0855456 0.401797 -0.0280296 0
1231200 226983 m2 0.1302 -0.0137439 -0.112343 -0.00292942 0
1231200 514465 m2 0.01415 -0.0723181 -0.208465 0 -0.0208781
1231200 359034 m2 0.06355 0.0138127 0.497041 0 0.0482094
1231200 648895 m2 0.036 -0.0994977 0.169433 0.0029549 0
1231200 176248 m2 0.05055 0.020601 -0.810085 0 0.0238494
1231200 449360 m2 0.0533 0.122902 -0.241359 0.0201548 0
1231200 323142 m2 0.028 -0.112923 0.00495238 -0.0305929 0
1231200 612983 m2 0.0327 0.0635852 0.0988189 0 -0.00732954
1231200 555607 m2 0.06265 -0.0456363 0.114262 -0.000776965 0
1231200 383537 m2 0.0251 -0.117584 0.0975085 -0.011648 0
1231200 452791 m2 0.0183 -0.0092756 0.0653391 0.0057839 0
1231200 647929 m2 0.02165 -0.0802767 0.0689148 -0.0605729 0
1231200 610041 m2 0.0887 0.0883997 0.265459 0.0213117 0
1231200 226972 m2 0.03245 -0.00725624 -0.298326 0 -0.0323563
1231200 253596 m2 0.0506 -0.03339 0.0297508 -0.0261734 0
1231200 256299 m2 0.0502 0.180702 0.425521 0 -0.0505901
1231200 342365 m2 0.0109 -0.105204 0.508984 0 0.027387
1231200 295841 m2 0.0358 -0.124547 0.058169 -0.0258847 0
1231200 232912 m2 0.03315 0.0383064 -0.54368 0 -0.0060228
1231200 615910 m2 0.0362 -0.0249347 0.212094 0.0201082 0
1231200 588188 m2 0.0168 0.0731366 0.3352 0 -0.0242213
1231200 643383 m2 0.01495 0.0213347 0.219674 0 0.034319
1231200 672889 m2 0.01875 0.0820606 0.0735995 0 -0.00342827
1231200 677975 m2 0.01235 -0.100772 0.0609629 -0.0604815 0
1231200 121129 m2 0.01885 0.036608 -0.054408 0 -0.0159012
1231200 207205 m2 0.0621 0.155005 0.221116 0.00572753 0
1231200 462596 m2 0.0381 -0.196217 -0.0717979 -0.105822 0
1231200 536325 m2 0.0211 0.147854 0.195823 -0.0395265 0
1231200 641852 m2 0.01585 0.0184132 0.0867807 0 0.0324436
1231200 444850 m2 0.01875 -0.0808257 -0.406551 0.0559967 0
1231200 430570 m2 0.0492 -0.22961 0.407881 -0.0209901 0
1231200 422477 m2 0.11295 0.157659 0.632263 0.052152 0
1231200 452286 m2 0.0268 -0.0651262 0.0387556 -0.00237563 0
1231200 533569 m2 0.0446 -0.136597 -0.174157 -0.0464108 0
1231200 266836 m2 0.03875 0.107625 0.0607759 0.0423917 0
1231200 366730 m2 0.0154 0.0909404 -0.237387 0 -0.053904
1231200 282854 m2 0.04635 0.074766 -0.712914 0 -0.00241803
1231200 638158 m2 0.026 -0.0333203 -0.0527212 0.00310933 0
1231200 503036 m2 0.0234 0.0373218 -0.292207 0.0523726 0
1231200 491969 m2 0.0395 -0.0121598 -0.788681 0 -0.0474941
1231200 493767 m2 0.01495 0.0454656 -0.671115 -0.000760755 0
1231200 414031 m2 0.0336 0.0811872 0.465788 0 -0.0300627
1231200 543284 m2 0.0178 -0.101571 -0.0518528 -0.0268488 0
1231200 682555 m2 0.02115 -0.135117 0.0640335 0 -0.0327842
1231200 221518 m2 0.02025 -0.0200706 -0.335903 0 -0.0681903
1231200 391783 m2 0.04355 -0.212488 -0.219205 -0.03382 0
1231200 117610 m2 0.08395 0.0171725 -0.815666 0 -0.0223283
1231200 350201 m2 0.06215 -0.0349342 0.184521 -0.0276391 0
1231200 589193 m2 0.01255 0.0778639 0.0546144 -0.0332064 0
1231200 125921 m2 0.06635 0.0426099 -0.502876 0 -0.0487828
1231200 653253 m2 0.04825 -0.026239 -0.0651798 0 0.0181507
1231200 401006 m2 0.08035 0.226673 -0.296065 0.0859882 0
1231200 677483 m2 0.0189 0.0774727 -0.318695 0.0324911 0
1231200 633080 m2 0.0171 0.116733 0.42717 0.0223158 0
1231200 484544 m2 0.0168 0.023117 -0.0501996 0 -0.0342678
1231200 677244 m2 0.0127 -0.00756817 0.0642709 0 -0.0111708
1231200 307622 m2 0.0448 0.00644956 -0.327277 -0.0109056 0
1231200 392983 m2 0.0469 -0.0478073 -0.329997 0 -0.0270865
1231200 447564 m2 0.0489 -0.0754675 -0.568803 -0.0573657 0
1231200 172001 m2 0.1364 0.00901798 -0.926551 0 -0.0287929
1231200 484771 m2 0.0375 -0.200312 -0.110184 0.0175029 0
1231200 258329 m2 0.01915 -0.155915 0.0580399 -0.0431467 0
1231200 597352 m2 0.0542 0.0359446 -0.265464 0 -0.0351321
1231200 314883 m2 0.09295 0.325021 0.692673 0.0685817 0
1231200 191142 m2 0.15385 0.0674583 -0.8339 0.0857162 0
1231200 313370 m2 0.03085 -0.00286348 -0.690163 0 -0.0675952
1231200 327431 m2 0.02625 -0.0449745 0.0734257 0 -0.0587156
1231200 652967 m2 0.01255 -0.0968107 0.0880938 0 0.067781
1231200 414025 m2 0.0383 -0.175739 -0.327817 -0.000729191 0
1231200 715927 m2 0.0106 -0.154398 0.0503774 -0.0188449 0
1231200 558332 m2 0.0229 0.0395553 -0.0394809 0.0486571 0
1231200 312151 m2 0.01175 0.0921353 -0.495143 0 -0.0774651
1231200 457517 m2 0.0294 -0.190048 -0.293239 0 0.0145796
1231200 676680 m2 0.01455 -0.124106 0.224122 0 0.0140878
1231200 563478 m2 0.0206 -0.13509 -0.273455 -0.0408228 0
1231200 421677 m2 0.0329 0.109394 -0.0509199 0 -0.0250795
1231200 529022 m2 0.02135 -0.116822 -0.267901 -0.0694142 0
1231200 436301 m2 0.03395 -0.0417758 -0.304046 -0.0455407 0
1231200 341226 m2 0.0934 -0.252798 -0.227114 -0.0689145 0
1231200 660460 m2 0.0115 -0.0911097 -0.158053 -0.0285078 0
1231200 229487 m2 0.06125 -0.0853523 -0.31731 0 -0.0403605
1231200 399693 m2 0.0258 0.10357 -0.714814 0.0366578 0
1231200 199966 m2 0.0179 0.0834516 0.170322 0.0219646 0
1231200 214846 m2 0.04115 -0.017087 -0.795374 0 -0.0493098
1231200 374418 m2 0.0414 0.207818 0.113401 0.0572601 0
1231200 391272 m2 0.0305 0.134404 0.187454 0 -0.102394
1231200 204829 m2 0.08295 0.024937 0.33671 0.0182226 0
1231200 288700 m2 0.03345 0.184606 -0.185559 0.0544041 0
1231200 258038 m2 0.0415 -0.0321394 -0.147187 -0.0749268 0
1231200 273937 m2 0.0346 -0.0453486 -0.782279 -0.0640104 0
1231200 472567 m2 0.02215 -0.0364581 -0.367599 0 0.00313836
1231200 264057 m2 0.0765 0.0693161 -0.613122 0 -0.0569072
1231200 651400 m2 0.0148 -0.0350503 -0.015932 0 0.0964663
1231200 720937 m2 0.018 -0.0534543 0.0591557 0 0.0300808
1231200 353979 m2 0.01575 0.0105593 -0.0176219 0.0388841 0
1231200 233907 m2 0.11275 -0.00845318 -0.909149 -0.0422437 0
1231200 498052 m2 0.028 0.0457553 0.140642 0.0164808 0
1231200 465536 m2 0.0107 -0.192981 -0.153554 -0.0855291 0
1231200 674388 m2 0.0116 0.0815144 0.0663779 0 -0.0156771
1231200 654872 m2 0.0197 -0.137811 -0.0491039 -0.0343143 0
1231200 378486 m2 0.0153 -0.0539508 -0.20851 0 -0.00805878
1231200 371185 m2 0.1331 0.0939429 -0.121038 0 -0.0460219
1231200 576604 m2 0.01765 -0.180212 -0.0233514 -0.0324744 0
1231200 516155 m2 0.01525 0.114336 -0.265967 0.0485133 0
1231200 307106 m2 0.05135 0.0248446 -0.565956 0 -0.0996767
1231200 308330 m2 0.15225 -0.0352668 -0.404679 0 0.00129742
1231200 501004 m2 0.02065 0.153292 0.0504855 0.0230547 0
1231200 343833 m2 0.0213 -0.101247 0.505241 0 0.0361832
1231200 596931 m2 0.0121 -0.0453828 0.0688829 0 0.0472964
1231200 330662 m2 0.0571 -0.0164733 -0.0818648 -0.000222775 0
1231200 704135 m2 0.0451 0.173019 0.509875 0.0219858 0
1231200 623459 m2 0.0191 -0.104545 -0.272114 -0.0897122 0
1231200 351681 m2 0.01515 -0.0669375 -0.334193 0.00421518 0
1231200 565173 m2 0.01465 -0.0185065 -0.175094 0 0.0514552
1231200 627930 m2 0.0101 -0.0187632 -0.150297 0 -0.0846408
1231200 309088 m2 0.06475 0.143938 -0.180953 0.0856089 0
1231200 309072 m2 0.02475 0.0216023 -0.0953861 0.00752169 0
1231200 719179 m2 0.01075 -0.0924566 -0.198868 0 -0.00814945
1231200 495522 m2 0.02615 0.000994629 -0.530635 -0.0440143 0
1231200 501983 m2 0.0469 -0.041437 -0.227236 0 -0.0260922
1231200 470055 m2 0.0455 -0.0578967 -0.657452 0 -0.0314162
1231200 667090 m2 0.0146 0.0501926 -0.0510361 0.0428472 0
1231200 434609 m2 0.03005 -0.0759652 -0.335151 0 -0.0553783
1231200 309096 m2 0.0411 0.229464 -0.721686 0.0865926 0
1231200 497517 m2 0.0136 0.0572605 -0.380651 0 -0.0393631
1231200 527751 m2 0.0183 -0.104251 -0.33183 0.0120254 0
1231200 430771 m2 0.02145 -0.0246419 -0.735895 -0.0207835 0
1231200 342013 m2 0.02005 -0.0157147 -0.32008 -0.0418841 0
1231200 546228 m2 0.06015 0.100534 0.00158058 0 -0.0193368
1231200 441356 m2 0.0316 0.0457054 -0.139939 -0.00788873 0
1231200 470548 m2 0.02335 -0.0432668 -0.0569172 0 0.0531957
1231200 616359 m2 0.02175 0.229129 -0.170835 0.0143827 0
1231200 610226 m2 0.04205 -0.0238736 -0.301257 -0.0258492 0
1231200 374676 m2 0.01065 -0.0738867 -0.236086 -0.00725717 0
1231200 371174 m2 0.05845 -0.0912979 -0.151004 0 -0.0063407
1231200 331972 m2 0.0657 -0.190029 -0.304527 -0.061059 0
1231200 431016 m2 0.0235 0.01312 -0.7258 -0.057837 0
1231200 431588 m2 0.0265 -0.0050449 0.0993702 -0.0067306 0
1231200 377191 m2 0.04945 -0.0369118 -0.836382 0 -0.0864736
1231200 515651 m2 0.01765 -0.119493 -0.264623 -0.0681312 0
1231200 428042 m2 0.01155 0.0936927 -0.387931 0.0763709 0
1231200 461569 m2 0.0295 -0.0220941 -0.230608 -0.0641347 0
1231200 469285 m2 0.04755 -0.147775 -0.267263 -0.0560831 0
1231200 437315 m2 0.08315 -0.0488369 -0.561731 0 -0.0353525
1231200 423479 m2 0.02015 -0.0959735 -0.177998 -0.0822761 0
1231200 336941 m2 0.0367 -0.00352831 -0.776741 0 -0.023467
1231200 689219 m2 0.0103 -0.143411 -0.157811 0.00603528 0
1231200 601776 m2 0.01495 0.0454656 -0.671115 0 0.000143616
1231200 598147 m2 0.02105 -0.118196 -0.167367 -0.0721677 0
1231200 454202 m2 0.09245 0.273055 -0.659969 0.0662659 0
1231200 564204 m2 0.0368 -0.0364473 -0.0743154 -0.0204973 0
1231200 579961 m2 0.0347 0.148867 -0.545791 0.0202493 0
1231200 513869 m2 0.0157 -0.0303618 -0.690673 -0.0395578 0
1231200 605559 m2 0.0287 -0.0252402 -0.0580009 -0.0462047 0
1231200 510880 m2 0.0258 -0.102736 -0.273112 0.00183115 0
1231200 388730 m2 0.10875 -0.0454546 -0.864573 -0.0396081 0
1231200 506078 m2 0.04265 -0.0445163 0.0764529 -0.0299462 0
1231200 578111 m2 0.0501 0.103571 -0.341686 0.0528477 0
1231200 653766 m2 0.01375 -0.0459504 0.0655488 -0.0125439 0
1231200 496790 m2 0.0472 -0.0621493 -0.113132 -0.0686224 0
1231200 441593 m2 0.02885 -0.154882 -0.324767 -0.0630845 0
1231200 555323 m2 0.02675 0.1733 -0.110485 0 -0.0280855
1231200 680226 m2 0.0134 0.0880233 -0.281367 0 0.0508088
1231200 400452 m2 0.0566 -0.0360765 -0.31637 0 -0.0577075
1231200 582676 m2 0.0252 0.0777236 -0.323415 0 -0.0527379
1231200 683535 m2 0.0113 0.169311 -0.144163 -0.00882934 0
1231200 637110 m2 0.021 0.106927 -0.647962 0 -0.0473908
1231200 630088 m2 0.012 0.0246581 -0.302157 -0.0220738 0
1231200 525742 m2 0.02255 -0.0169513 -0.108416 0 0.0517408
1231200 523468 m2 0.0217 -0.148984 0.0215493 0 -0.00784301
1231200 442305 m2 0.03575 0.145014 0.0586754 0 0.0176526
1231200 489480 m2 0.0465 0.0881616 0.137233 0.023376 0
1231200 599539 m2 0.0233 0.165429 -0.712416 0.0508388 0
1231200 450087 m2 0.04275 -0.170382 -0.007113 0 0.0510613
1231200 708649 m2 0.02415 -0.10235 -0.0576055 0.00695549 0
1231200 641106 m2 0.0354 0.129211 -0.248179 0.0466625 0
1231200 708098 m2 0.0111 0.185014 -0.2735 0 0.0459287
1231200 638659 m2 0.02305 -0.0470295 0.0367043 0 -0.0330254
1231200 562715 m2 0.0122 -0.0417156 -0.331179 0 0.00894967
1231200 648847 m2 0.0127 0.190851 -0.198904 0.0562658 0
1231200 523989 m2 0.0162 -0.119192 -0.157659 -0.0944531 0
1231200 630576 m2 0.02995 -0.030877 -0.171394 0 -0.0177486
1231200 520397 m2 0.04925 0.174792 -0.826477 0.0875658 0
1231200 654596 m2 0.01155 0.18746 -0.505269 0 0.00663264
1231200 637857 m2 0.01465 0.106072 -0.294097 0 -0.0779098
1231200 578901 m2 0.05845 0.0734675 -0.830503 -0.0218468 0
1231200 599533 m2 0.0148 0.264338 -0.565928 0.0733872 0
1231200 593621 m2 0.0276 -0.126758 -0.0462803 -0.0468607 0
1231200 651100 m2 0.01155 0.160361 -0.159491 0 0.08121
1231200 704821 m2 0.0127 0.046853 -0.208587 -0.0547009 0
1231200 620405 m2 0.0146 -0.223984 -0.254193 0 -0.0294217
1231200 578108 m2 0.03285 0.322871 -0.697377 0.0811211 0
1231200 635568 m2 0.01005 0.0978797 -0.284413 0 0.074297
1231200 616595 m2 0.0328 0.0555477 -0.121483 0.0180093 0
1231200 675610 m2 0.0122 0.00131673 -0.563199 0.0390728 0
1231200 587413 m2 0.0507 -0.0208129 -0.159415 -0.0108423 0
1231200 577846 m2 0.0105 0.072246 -0.625545 -0.0522616 0
1231200 576552 m2 0.02615 0.00816965 -0.730944 0 -0.0725297
1231200 714192 m2 0.01005 0.00881584 -0.0526106 0 0.0484397
1231200 649864 m2 0.0108 0.197932 -0.153457 0.0147772 0
1231200 678906 m2 0.0177 -0.0425133 -0.284902 0 -0.00868342
1231200 714931 m2 0.0105 0.153814 -0.142802 0 0.0203128
1231200 648113 m2 0.01245 0.114621 -0.264754 0 0.0412205
1231200 651334 m2 0.01385 -0.0371866 -0.439906 -0.0530794 0
1231200 713686 m2 0.02245 0.187822 -0.174227 0 0.00797149
1231200 676885 m2 0.01015 -0.0518978 -0.279204 0 -0.011842
