seed mutID muttype p cor_sal cor_temp mutSalEffect mutTempEffect
1231115 1658 m2 0.24635 0.506712 0.43738 0.315084 0
1231115 1295 m2 0.01565 -0.345531 0.290124 -0.059079 0
1231115 1246 m2 0.4147 -0.759345 0.0886568 -0.184983 0
1231115 1576 m2 0.07765 0.00518933 -0.863286 0 -0.42441
1231115 1399 m2 0.46665 0.217436 0.71875 0 0.231616
1231115 1380 m2 0.2648 -0.251416 0.593329 0 0.409993
1231115 1684 m2 0.1261 0.68491 -0.322858 0.439013 0
1231115 1907 m2 0.19395 -0.765631 -0.0923144 -0.321384 0
1231115 1656 m2 0.0701 0.313659 0.357127 0 0.393498
