seed mutID muttype p cor_sal cor_temp mutSalEffect mutTempEffect
1231197 266419 m2 0.0553 -0.0147984 0.189215 0 0.0311364
1231197 339986 m2 0.0285 0.164622 -0.148041 -0.00149974 0
1231197 636958 m2 0.01155 0.0495943 0.0455073 0 -0.00979175
1231197 609895 m2 0.02125 0.200536 0.397465 0.0796489 0
1231197 332288 m2 0.0223 -0.244636 0.296583 0 0.0300445
1231197 366695 m2 0.08835 -0.0122056 0.57529 -0.0316757 0
1231197 681354 m2 0.0154 -0.00255058 0.335932 0 -0.0218389
1231197 672755 m2 0.0342 -0.25961 0.402726 0 0.0626773
1231197 217965 m2 0.0222 0.195096 0.404667 -0.0359336 0
1231197 521403 m2 0.01185 0.00730992 0.313327 0.0204235 0
1231197 58926 m2 0.1393 0.0222024 0.563574 0 0.0213708
1231197 220906 m2 0.0813 0.261611 0.501181 0 -0.0104619
1231197 573440 m2 0.0202 0.363964 0.286471 0.0603952 0
1231197 214695 m2 0.05745 -0.384403 0.0649133 -0.0487 0
1231197 633375 m2 0.02275 0.370963 0.365128 0 0.0103662
1231197 587898 m2 0.0169 0.345309 0.0141011 0 0.0167756
1231197 396726 m2 0.02615 0.040623 0.16519 0 -0.00731
1231197 372479 m2 0.03455 -0.00274593 0.533704 0 0.0640984
1231197 592137 m2 0.03195 -0.0281296 0.207882 -0.00852277 0
1231197 287358 m2 0.13635 0.0647681 0.372566 0.00215776 0
1231197 638454 m2 0.0156 0.384146 0.32688 -0.0250144 0
1231197 91072 m2 0.08755 0.585168 -0.409024 0.0813008 0
1231197 120871 m2 0.1618 0.617888 0.498887 0.127414 0
1231197 314685 m2 0.15235 0.313529 0.460135 0 0.0335518
1231197 547013 m2 0.03145 0.270309 -0.430609 0 -0.0481996
1231197 7504 m2 0.02235 -0.280192 0.411683 -0.0307763 0
1231197 194839 m2 0.05585 0.0441398 0.447578 0 0.0393353
1231197 42809 m2 0.0642 0.197817 -0.565182 0.0570893 0
1231197 504595 m2 0.01755 -0.0333227 0.361686 -0.0232261 0
1231197 322032 m2 0.0591 0.0515439 0.586877 -0.0086512 0
1231197 690050 m2 0.01165 -0.288095 0.293291 0 0.000793568
1231197 401812 m2 0.04355 0.176329 0.148744 0 0.00277868
1231197 147451 m2 0.0632 -0.0323702 -0.0327517 0 -0.0124539
1231197 324010 m2 0.06015 0.281839 -0.0895552 0 0.0416669
1231197 373989 m2 0.01365 0.125525 0.171023 -0.0545642 0
1231197 551964 m2 0.02995 0.155058 0.529843 0 0.0894206
1231197 56664 m2 0.0262 0.329668 0.298536 0 -0.0104952
1231197 220894 m2 0.045 0.210781 0.333868 0 0.044287
1231197 633104 m2 0.02165 0.419918 0.253385 0 -0.0368423
1231197 286041 m2 0.1126 -0.251202 0.430992 0 0.0530806
1231197 228610 m2 0.1177 -0.136666 0.613407 0 0.0582373
1231197 704681 m2 0.0104 -0.0279776 0.410386 0 0.0290701
1231197 220142 m2 0.0114 -0.0491524 0.313268 -0.0245567 0
1231197 41537 m2 0.20845 0.577445 -0.485607 0.0149537 0
1231197 370503 m2 0.06075 -0.331856 0.614788 0.00727407 0
1231197 293352 m2 0.0605 0.341758 0.482341 0 -0.00423057
1231197 408985 m2 0.026 -0.314529 0.0388396 0 -0.0240198
1231197 366986 m2 0.07385 -0.3526 0.344734 -0.177157 0
1231197 556420 m2 0.026 -0.314529 0.0388396 -0.000773127 0
1231197 184865 m2 0.0628 -0.242172 0.39694 -0.0759917 0
1231197 411214 m2 0.0228 0.298263 0.334596 0 0.0386323
1231197 273711 m2 0.03575 0.339313 0.463194 0 0.0133722
1231197 118632 m2 0.03285 0.365707 0.00426617 0 0.00416488
1231197 452633 m2 0.03075 0.13341 0.417845 -0.000334972 0
1231197 648402 m2 0.015 -0.303987 0.282976 0.00166229 0
1231197 527875 m2 0.05405 -0.0775916 0.485783 0 0.00474658
1231197 4216 m2 0.03825 0.414363 0.444167 0 0.0159798
1231197 231637 m2 0.0346 -0.081771 0.279937 0 0.0207518
1231197 334736 m2 0.0174 0.4126 0.039135 0 -0.00865033
1231197 281470 m2 0.0986 0.289212 0.528754 0 0.00611127
1231197 385064 m2 0.0172 0.46233 -0.0143859 0.0376863 0
1231197 590610 m2 0.01745 0.136288 0.333581 0 0.0256923
1231197 331040 m2 0.02735 -0.175248 0.410126 0 0.0200636
1231197 305130 m2 0.02895 -0.301489 0.334253 -0.0892065 0
1231197 521947 m2 0.05835 -0.148604 0.150211 0 0.00588873
1231197 249500 m2 0.02715 0.00455126 0.465124 0 0.0561179
1231197 670246 m2 0.01055 0.298919 0.326718 0 0.00739164
1231197 136103 m2 0.1974 0.524101 0.267078 0.0309032 0
1231197 453148 m2 0.01475 -0.236153 0.312578 -0.0486943 0
1231197 300 m2 0.017 -0.16823 0.303417 -0.00556355 0
1231197 399617 m2 0.0466 0.269069 0.387946 0 0.07436
1231197 122058 m2 0.02985 0.19197 0.47152 0.0240439 0
1231197 103864 m2 0.0456 -0.369488 0.30031 -0.0449363 0
1231197 653157 m2 0.01655 0.213399 0.334736 0 -0.00313949
1231197 260111 m2 0.1142 0.078133 0.584168 0 0.0609562
1231197 407030 m2 0.0194 -0.0438645 -0.0289405 -0.00239065 0
1231197 483479 m2 0.02955 0.590364 -0.28563 -0.00523377 0
1231197 461592 m2 0.01685 0.345023 0.283773 0.0660855 0
1231197 16516 m2 0.06855 -0.222627 0.454198 0 0.0302193
1231197 451620 m2 0.0131 0.169577 0.385941 0.031088 0
1231197 80739 m2 0.2164 0.180676 -0.30876 0.0190244 0
1231197 682614 m2 0.0138 -0.129625 0.343615 -0.0958512 0
1231197 719635 m2 0.0117 0.0905458 0.337601 0 0.00434937
1231197 582759 m2 0.04075 -0.203189 0.443014 0 0.0193019
1231197 600275 m2 0.03725 0.473297 0.283374 -0.0187387 0
1231197 536155 m2 0.01755 -0.201066 0.330675 0 0.0401783
1231197 279748 m2 0.0644 0.428943 0.471922 0 0.0674646
1231197 497301 m2 0.05325 0.017466 0.520056 0 0.0510145
1231197 239006 m2 0.13845 -0.0513632 0.455385 0.00899108 0
1231197 327280 m2 0.02945 -0.272156 0.351319 0 0.0631832
1231197 430039 m2 0.0448 -0.166026 0.366875 0 0.03491
1231197 36555 m2 0.0645 0.0914784 0.315286 0 0.00143374
1231197 612657 m2 0.0201 0.0702713 0.263862 0 0.0248017
1231197 670720 m2 0.0177 -0.0540079 0.25426 0.0619196 0
1231197 571337 m2 0.0584 0.192019 0.323982 0 0.00684124
1231197 209176 m2 0.06125 -0.343055 -0.32088 0 -0.0187749
1231197 169032 m2 0.17185 -0.131803 0.267949 -0.0648791 0
1231197 687753 m2 0.01905 -0.303968 0.292874 -0.0272129 0
1231197 21145 m2 0.03185 -0.220703 0.381087 0.00519823 0
1231197 478174 m2 0.03145 -0.057966 -0.175135 0.0221888 0
1231197 641211 m2 0.0133 0.193011 0.365214 -0.0417366 0
1231197 202124 m2 0.05395 -0.149212 -0.118998 0 -0.00348531
1231197 535129 m2 0.0159 0.105668 0.134486 0.000472921 0
1231197 80725 m2 0.0243 -0.106576 -0.36859 0 -0.00850879
1231197 642173 m2 0.01515 -0.0417566 0.381722 0 -0.0163204
1231197 78489 m2 0.10265 -0.462869 0.1372 -0.0850552 0
1231197 526435 m2 0.0162 0.0691458 0.287714 0.0134315 0
1231197 431838 m2 0.0181 -0.318478 0.27772 0 -0.00478646
1231197 251747 m2 0.03535 0.0534882 0.513679 0 0.0565072
1231197 650340 m2 0.0215 0.0556598 0.473414 0.0213808 0
1231197 229351 m2 0.14845 0.5799 -0.442169 0.0984496 0
1231197 631784 m2 0.0231 0.139944 0.434956 0 -0.0510512
1231197 476404 m2 0.03955 -0.210625 -0.124269 0 -0.00524702
1231197 281689 m2 0.0259 0.340317 0.378976 0.112824 0
1231197 656399 m2 0.01145 0.395516 0.278729 0 0.0358402
1231197 122771 m2 0.0457 -0.00870388 0.329532 -0.0126934 0
1231197 647604 m2 0.0149 -0.268007 0.270019 0 0.0163343
1231197 650334 m2 0.0109 0.30257 0.277175 0 -0.0178507
1231197 695971 m2 0.01015 0.103059 0.306782 0 -0.0231001
1231197 631299 m2 0.01555 0.184617 0.338817 0 0.0642846
1231197 634888 m2 0.0131 0.351881 0.391456 -0.0394592 0
1231197 549911 m2 0.0178 0.282643 0.383941 0 0.00740336
1231197 105505 m2 0.06025 0.050502 0.421524 0.00334332 0
1231197 219647 m2 0.0119 0.0468763 0.0961678 0.0118963 0
1231197 642168 m2 0.01315 0.186399 0.00777342 0.0250366 0
1231197 287580 m2 0.11055 -0.129471 0.532641 -0.0347784 0
1231197 374722 m2 0.0815 -0.190349 0.466631 -0.0374006 0
1231197 712462 m2 0.0111 -0.191514 0.296636 0 -0.0471904
1231197 349783 m2 0.03365 -0.313532 0.0542025 -0.0116144 0
1231197 316957 m2 0.0615 0.0427874 0.565862 0 -0.00368018
1231197 58595 m2 0.0435 0.10562 0.360824 0.0157742 0
1231197 314650 m2 0.02175 0.306763 0.160479 0.0168511 0
1231197 687246 m2 0.01225 0.0537304 0.40694 -0.02908 0
1231197 561395 m2 0.019 -0.21957 0.290277 0.0382926 0
1231197 492287 m2 0.01875 0.232912 0.119231 0 0.0440305
1231197 490837 m2 0.0115 -0.292644 -0.0933526 -0.0124672 0
1231197 168013 m2 0.19885 0.229266 0.808295 0 0.0681838
1231197 636914 m2 0.0153 -0.182347 0.14681 -0.0444944 0
1231197 508839 m2 0.01005 -0.29801 0.0736096 0.00471462 0
1231197 257108 m2 0.1766 -0.374987 -0.308672 -0.113308 0
1231197 289545 m2 0.01905 0.047638 0.367536 0 0.0396037
1231197 297975 m2 0.02105 0.0992277 0.367986 0 0.0564383
1231197 421810 m2 0.0165 0.258553 -0.125711 0.0521285 0
1231197 1245 m2 0.1034 -0.306531 -0.385571 0 -0.0155614
1231197 4140 m2 0.07175 -0.124897 0.472376 0 -0.0173599
1231197 129508 m2 0.1402 0.0509144 0.250837 0.0151991 0
1231197 219872 m2 0.0339 -0.323475 -0.253253 0.00165814 0
1231197 533555 m2 0.03395 0.129349 0.566526 -0.0155803 0
1231197 333986 m2 0.02835 0.0492617 0.296825 0 6.63274e-05
1231197 438393 m2 0.03965 -0.082533 0.335005 0 0.000567644
1231197 261806 m2 0.0295 -0.304873 0.332348 0 0.0745781
1231197 562666 m2 0.0254 0.345682 0.328195 0 0.00309493
1231197 77211 m2 0.0178 0.0705715 0.491578 0 0.0210891
1231197 532122 m2 0.0542 -0.19779 0.26225 -0.0139477 0
1231197 212859 m2 0.0285 0.106782 0.415427 0 0.0494055
1231197 321463 m2 0.03045 -0.248722 0.468386 -0.01943 0
1231197 629073 m2 0.0205 -0.329509 0.18472 -0.0184004 0
1231197 504815 m2 0.04135 -0.107823 0.322275 0 0.0217263
1231197 670446 m2 0.0111 0.237461 0.296607 0 0.0455653
1231197 569030 m2 0.036 -0.0994549 -0.0927321 -0.077721 0
1231197 544560 m2 0.02265 0.448424 0.407243 0.0344467 0
1231197 437416 m2 0.0376 -0.0933404 0.040132 0.00680772 0
1231197 157913 m2 0.09855 0.174182 0.525174 0 0.0232511
1231197 292798 m2 0.0201 0.0178044 0.396744 0 0.0530753
1231197 521904 m2 0.0117 -0.193568 0.349456 -0.0875033 0
1231197 485488 m2 0.02195 -0.311169 -0.0473055 -0.0134107 0
1231197 93815 m2 0.1586 -0.134747 0.594192 0 0.0396232
1231197 586231 m2 0.0121 0.0401791 -0.375353 0.0408812 0
1231197 568282 m2 0.0155 0.00363255 -0.00393479 0 0.0140244
1231197 614334 m2 0.03235 0.350698 0.379687 0 -0.0127063
1231197 114662 m2 0.0642 0.0791898 0.286068 -0.0168297 0
1231197 381773 m2 0.06 -0.322431 -0.221594 -0.0311609 0
1231197 574950 m2 0.0188 -0.202986 0.33887 -0.0376337 0
1231197 428234 m2 0.0115 0.0654635 0.413951 0 0.0420025
1231197 65511 m2 0.0131 -0.21634 0.313088 0.00998481 0
1231197 10980 m2 0.15505 0.298577 0.658293 0 0.0322101
1231197 686216 m2 0.014 0.0506137 0.317547 -0.0192261 0
1231197 169490 m2 0.0671 0.631854 -0.270439 0.0744819 0
1231197 456230 m2 0.07085 0.0441325 0.558309 -0.00322048 0
1231197 63229 m2 0.0123 -0.287488 0.016882 0 -0.00314431
1231197 354595 m2 0.12595 0.00807493 0.524325 0 0.0382129
1231197 199565 m2 0.0951 0.478962 0.279286 0.0320205 0
1231197 659927 m2 0.026 -0.366497 0.0703811 -0.00953624 0
1231197 507560 m2 0.03415 0.376967 0.423558 0.0514028 0
1231197 446841 m2 0.05655 0.369488 0.448585 0 -0.0187611
1231197 175681 m2 0.07205 0.595707 0.126491 0.0644023 0
1231197 484738 m2 0.0808 -0.0422037 -0.264317 -0.00232381 0
1231197 641657 m2 0.045 0.0778868 0.415895 0.00211779 0
1231197 550136 m2 0.0282 0.356997 0.452229 0.0494813 0
1231197 302396 m2 0.0505 -0.0807441 0.527561 0 0.108578
1231197 151080 m2 0.06315 0.0945349 0.442275 0 0.0245696
1231197 696509 m2 0.0111 -0.191514 0.296636 0 0.00708622
1231197 108311 m2 0.14065 0.437072 0.357664 0 -0.00467048
1231197 704610 m2 0.0124 0.37986 -0.1875 0 -0.0269497
1231197 531887 m2 0.03395 0.379688 0.42302 -0.0167768 0
1231197 441908 m2 0.0254 0.345682 0.328195 0.0515633 0
1231197 417137 m2 0.03245 -0.383217 0.167019 -0.043424 0
1231197 426668 m2 0.0312 0.0122834 0.359458 0.035602 0
1231197 294284 m2 0.05295 0.122187 0.166355 0.0323135 0
1231197 624851 m2 0.01175 0.471702 0.0775025 0.0488361 0
1231197 499016 m2 0.04015 0.0498001 0.441276 0 0.0330388
1231197 296783 m2 0.0597 -0.14069 0.232821 0.0474279 0
1231197 406981 m2 0.06995 -0.147635 0.468376 -0.00854236 0
1231197 695155 m2 0.0102 0.140411 0.370486 0.0523195 0
1231197 379020 m2 0.1018 0.0113714 0.752073 0 0.0303921
1231197 631981 m2 0.01905 -0.194564 -0.026252 -0.0239565 0
1231197 624337 m2 0.02515 0.479034 0.118843 0 0.00339763
1231197 241667 m2 0.02095 -0.23971 0.0797209 0.00804628 0
1231197 702459 m2 0.01155 -0.268887 0.080306 0 -0.03821
1231197 448129 m2 0.02275 0.217817 0.337034 0 -0.00934239
1231197 290771 m2 0.053 0.391679 0.510761 0 0.0354462
1231197 637156 m2 0.0152 0.0363247 0.128019 -0.0049639 0
1231197 537761 m2 0.0314 -0.0214041 0.208401 0 0.0151384
1231197 57563 m2 0.0759 0.178748 0.659517 0.0194753 0
1231197 557882 m2 0.0189 -0.0329745 0.326514 0.032686 0
1231197 542273 m2 0.0235 -0.0294764 0.416439 -0.000543147 0
1231197 141798 m2 0.0917 0.26471 0.0191157 0.0328429 0
1231197 489542 m2 0.0219 0.220341 -0.230083 0.0126871 0
1231197 564933 m2 0.01285 -0.0216918 0.134295 0.00891 0
1231197 32502 m2 0.05495 0.224763 0.544235 0.0139345 0
1231197 218846 m2 0.1431 -0.118416 0.696597 0 0.0396656
1231197 37231 m2 0.17065 -0.231287 0.355786 -0.00491968 0
1231197 154643 m2 0.0279 -0.0244305 -0.129309 -0.00630188 0
1231197 633304 m2 0.01255 -0.226632 0.341106 0 -0.0402279
1231197 18138 m2 0.01995 -0.124015 0.391367 -0.00890546 0
1231197 384524 m2 0.0266 0.385233 -0.00103459 0.0395803 0
1231197 126294 m2 0.1292 -0.049956 0.630909 0 0.0283817
1231197 124289 m2 0.069 -0.415943 -0.00430681 -0.0212589 0
1231197 216365 m2 0.1037 0.435469 0.375033 0.0416989 0
1231197 634323 m2 0.0482 -0.0100291 0.532596 -0.0410541 0
1231197 426652 m2 0.05115 -0.285395 0.378429 -0.0207636 0
1231197 695395 m2 0.0239 -0.28685 0.232634 0 0.0633501
1231197 593771 m2 0.01545 0.0722632 -0.0146037 0.0176582 0
1231197 573352 m2 0.0245 0.237829 -0.0505951 -0.0281589 0
1231197 32229 m2 0.03295 0.115066 -0.0557467 0 -0.00173676
1231197 609572 m2 0.01185 0.214389 0.372406 0.0468939 0
1231197 180067 m2 0.1659 0.310322 -0.691305 0.0423001 0
1231197 278708 m2 0.02795 0.510459 0.156258 0.0408891 0
1231197 332193 m2 0.06355 -0.306199 -0.18966 0 0.0114234
1231197 502966 m2 0.01745 0.482214 0.172109 0 0.0119886
1231197 118571 m2 0.0127 -0.302649 -0.214412 -0.0441772 0
1231197 541212 m2 0.0576 -0.0457803 0.408019 0 0.046041
1231197 719562 m2 0.0122 0.350595 0.123984 0 -0.00753594
1231197 4753 m2 0.18705 -0.401009 -0.124837 -0.0640821 0
1231197 562120 m2 0.013 -0.109679 -0.142647 -0.0692904 0
1231197 379508 m2 0.0114 0.0467034 0.299281 0 0.0276384
1231197 619577 m2 0.01115 0.251396 0.353528 0 -0.00876142
1231197 319633 m2 0.0589 -0.199169 0.470155 0 0.0524785
1231197 485685 m2 0.01355 -0.0118648 0.120488 -0.00899047 0
1231197 389838 m2 0.0117 -0.0318413 0.187608 0 -0.0230716
1231197 598448 m2 0.013 -0.223117 -0.302101 0 0.0113931
1231197 478355 m2 0.03135 0.304175 0.353069 0 0.0230955
1231197 527809 m2 0.02585 -0.286729 0.184983 0 0.0155629
1231197 483696 m2 0.03405 -0.315961 -0.48246 -0.0512313 0
1231197 49556 m2 0.1298 0.0362775 0.366884 0 0.0208031
1231197 339898 m2 0.11665 -0.150543 -0.0128106 0.0116986 0
1231197 537538 m2 0.01015 -0.0262916 0.187472 0 0.0176337
1231197 659176 m2 0.0106 -0.284569 0.0298016 -0.00918578 0
1231197 77167 m2 0.0339 0.106939 -0.250103 0.0239107 0
1231197 387489 m2 0.0153 0.130054 0.326575 0.0451615 0
1231197 718337 m2 0.01425 0.117385 0.196027 -0.0836342 0
1231197 26727 m2 0.14675 0.182477 -0.691513 0.0677966 0
1231197 594783 m2 0.019 0.346752 0.164488 0.082328 0
1231197 566140 m2 0.0171 0.318528 -0.140855 0.00435743 0
1231197 459993 m2 0.02095 -0.0962862 -0.413927 0 0.0288846
1231197 95534 m2 0.04725 0.477961 0.16445 0.0624577 0
1231197 16652 m2 0.05205 0.0901473 0.126019 0 0.0256677
1231197 412119 m2 0.0123 0.291986 0.354549 0.0211447 0
1231197 454917 m2 0.0157 -0.17309 0.400883 0 0.0191866
1231197 708684 m2 0.0129 0.368104 0.140909 0 -0.0497162
1231197 526871 m2 0.01005 0.0726478 0.381646 -0.0363811 0
1231197 626110 m2 0.0159 0.287186 0.408784 0.0279569 0
1231197 39462 m2 0.0635 0.402026 0.437695 0.0192218 0
1231197 434320 m2 0.0105 0.0400059 -0.356244 0.00860195 0
1231197 458233 m2 0.0172 -0.24287 0.275467 0 0.0404003
1231197 692857 m2 0.0179 0.0501507 0.228847 -0.0318955 0
1231197 31497 m2 0.1099 -0.0690204 -0.34571 0 0.0143445
1231197 468715 m2 0.02505 -0.22628 0.132356 8.84978e-05 0
1231197 496504 m2 0.02455 -0.295736 0.150609 0 0.0435295
1231197 448332 m2 0.01095 -0.110581 0.268925 0 0.0195728
1231197 650555 m2 0.01425 0.0715048 0.249497 0.0106326 0
1231197 540256 m2 0.0219 0.435369 -0.320653 0.0775369 0
1231197 438086 m2 0.0481 0.422369 0.427716 0.0425438 0
1231197 388271 m2 0.133 0.132623 0.667105 0 0.0386409
1231197 616545 m2 0.01285 0.0853403 0.423768 0 0.0256062
1231197 686917 m2 0.01175 -0.229909 0.13838 -0.0418763 0
1231197 388270 m2 0.03095 -0.060832 0.480313 0 0.00998797
1231197 81863 m2 0.22545 -0.345951 -0.163786 -0.0422321 0
1231197 612827 m2 0.01115 0.294111 -0.227818 -0.00538181 0
1231197 667237 m2 0.02815 0.242381 0.0272922 0 -0.0199899
1231197 487687 m2 0.0401 -0.303487 0.0271242 -0.0496523 0
1231197 44736 m2 0.0396 0.197884 -0.208508 0 -0.0331047
1231197 460794 m2 0.0132 -0.218638 0.31299 -0.0253983 0
1231197 708166 m2 0.0118 -0.271118 0.0760934 -0.0483433 0
1231197 42437 m2 0.03275 -0.321072 -0.239721 -0.00829119 0
1231197 664372 m2 0.0257 0.375474 0.207912 0.0195354 0
1231197 540255 m2 0.0147 -0.257271 0.0371879 0 -0.00982651
1231197 237179 m2 0.0483 0.221975 0.214402 0.0342133 0
1231197 607549 m2 0.01255 -0.290748 0.265701 0 0.0735106
1231197 119480 m2 0.17615 0.0721484 0.600354 0 0.0283572
1231197 371321 m2 0.1571 0.584423 0.518671 0.0802733 0
1231197 291231 m2 0.01715 0.0601232 -0.259948 0 -0.0126473
1231197 83794 m2 0.04905 0.1393 0.569134 0 0.0157645
1231197 11922 m2 0.05415 -0.402503 0.0670537 -0.00757356 0
1231197 425132 m2 0.0617 -0.264392 0.173226 0.000587826 0
1231197 325949 m2 0.01135 -0.245624 -0.271128 -0.0638038 0
1231197 620100 m2 0.01685 0.116418 0.15829 0 -0.0648341
1231197 159352 m2 0.17475 -0.45267 -0.174938 -0.0692072 0
1231197 630489 m2 0.01545 -0.275592 0.0891312 0 0.0483624
1231197 480881 m2 0.01145 0.282427 0.198608 -0.0264796 0
1231197 621321 m2 0.01015 0.222649 -0.178017 0 -0.0506924
1231197 444302 m2 0.02055 -0.137061 0.00273975 0.013116 0
1231197 699646 m2 0.0115 -0.240613 -0.223464 -0.0171315 0
1231197 582960 m2 0.01425 -0.0769833 -0.040376 0 -0.0416835
1231197 421968 m2 0.01115 -0.310074 -0.0772938 -0.0383448 0
1231197 665651 m2 0.012 0.341952 0.225407 0.0367506 0
1231197 573573 m2 0.0227 0.293402 0.430336 0 0.00014301
1231197 373380 m2 0.0637 0.359728 0.0841726 0.043498 0
1231197 503689 m2 0.0297 0.422826 0.0984389 0.0591123 0
1231197 563094 m2 0.01775 -0.294819 -0.204469 0 0.0529286
1231197 89715 m2 0.1077 0.41442 -0.321238 0.0647131 0
1231197 49754 m2 0.013 0.0734725 0.232493 -0.0272324 0
1231197 691082 m2 0.014 0.352976 0.0328663 0 0.0133291
1231197 567278 m2 0.0222 0.32496 0.379695 0 0.0120146
1231197 306237 m2 0.06435 0.343712 -0.32475 0.00771202 0
1231197 62410 m2 0.0488 -0.404564 -0.398218 -0.0235377 0
1231197 404691 m2 0.08055 -0.470951 -0.0773976 -0.0715508 0
1231197 682276 m2 0.0108 -0.307171 -0.0727193 0 0.00999037
1231197 305033 m2 0.14115 -0.249883 -0.268031 0 -0.016333
1231197 167936 m2 0.01615 -0.322435 0.082766 0 0.0487567
1231197 203591 m2 0.13575 0.206598 -0.655903 0 -0.0344208
1231197 238923 m2 0.11805 -0.0117673 -0.121289 0 0.027193
1231197 542234 m2 0.0154 -0.348264 0.130958 0 -0.041243
1231197 631238 m2 0.0133 -0.290765 -0.32487 0.0190804 0
1231197 664116 m2 0.01415 0.300464 0.251408 0 -0.0780099
1231197 125017 m2 0.0241 0.354535 -0.419958 0 -0.026187
1231197 569768 m2 0.0137 -0.0918847 -0.1514 0 0.00319967
1231197 647278 m2 0.0277 -0.200013 0.307288 0 0.0998593
1231197 174389 m2 0.1368 -0.0196769 0.0727175 0 -0.00777341
1231197 409605 m2 0.01615 0.338312 0.340812 0.0438821 0
1231197 112405 m2 0.0639 -0.0595161 0.540451 0.00972597 0
1231197 568723 m2 0.018 -0.147597 0.0777237 -0.0107166 0
1231197 198043 m2 0.13675 -0.0775483 -0.542814 0 -0.0340671
1231197 93173 m2 0.02915 -0.0590881 0.221683 -0.000811342 0
1231197 575393 m2 0.0349 -0.33283 0.267386 0 -0.053707
1231197 305703 m2 0.07565 0.520035 -0.434148 0.0134073 0
1231197 38913 m2 0.06445 -0.182598 0.392724 0 -0.00526484
1231197 256066 m2 0.0315 0.294944 -0.262688 0 -0.00920857
1231197 458677 m2 0.0111 -0.173836 0.24352 0 0.0425812
1231197 94240 m2 0.05085 0.0500117 0.193048 0 0.0159999
1231197 413752 m2 0.03195 0.0593256 -0.242841 0 -0.0187181
1231197 567971 m2 0.0576 0.291398 -0.551453 0 0.00924515
1231197 696160 m2 0.0113 -0.0258252 0.0871245 -0.0423786 0
1231197 319115 m2 0.04335 0.476966 -0.305051 0.0519334 0
1231197 481112 m2 0.0388 0.34162 0.504013 0.0378148 0
1231197 686887 m2 0.01425 -0.225345 -0.389445 -0.0286668 0
1231197 712622 m2 0.01205 0.140404 -0.279346 0.000988623 0
1231197 563363 m2 0.0272 -0.129304 -0.00738514 0 0.0495438
1231197 40422 m2 0.0303 -0.237877 -0.236519 -0.0175114 0
1231197 553108 m2 0.0155 -0.327795 0.0541746 0 0.0391295
1231197 633780 m2 0.01485 0.0877537 -0.139774 0 0.0454554
1231197 609537 m2 0.0208 0.279982 0.327712 -0.0129195 0
1231197 617257 m2 0.03255 -0.273946 0.309784 0 0.0112434
1231197 145942 m2 0.05715 -0.0905864 -0.0823859 0.0256592 0
1231197 231257 m2 0.22205 0.75067 -0.125448 0.0393374 0
1231197 427151 m2 0.04195 -0.0879539 0.511142 0 0.0547649
1231197 449568 m2 0.0197 0.302221 -0.182466 0.0242491 0
1231197 360289 m2 0.03615 0.270865 0.16113 0 0.042523
1231197 527769 m2 0.01375 -0.122329 0.193104 0 -0.0176634
1231197 601465 m2 0.03945 0.391591 0.259575 0.0464726 0
1231197 167664 m2 0.02295 0.24845 0.180746 0 0.0233617
1231197 456168 m2 0.02085 -0.357894 0.00742399 -0.0842994 0
1231197 678218 m2 0.01535 0.218478 0.235442 0 -0.0346865
1231197 345459 m2 0.01195 0.160038 0.370899 0 0.0552151
1231197 425107 m2 0.0169 -0.0711571 0.360444 0.0107288 0
1231197 426853 m2 0.04945 -0.175336 -0.203295 -0.0371688 0
1231197 302800 m2 0.0283 -0.16226 0.331787 0 -0.0125635
1231197 680969 m2 0.0216 0.270531 -0.309156 0 -0.0356954
1231197 223745 m2 0.0513 0.276061 -0.333367 0.0560178 0
1231197 720449 m2 0.0103 -0.24901 -0.0444644 0 -0.00854735
1231197 407424 m2 0.01105 0.325924 0.288182 0.0445757 0
1231197 435058 m2 0.02735 0.140235 0.315159 -0.0423358 0
1231197 665351 m2 0.0218 0.253055 -0.0368915 -0.000836883 0
1231197 398793 m2 0.05205 0.463817 -0.476732 -0.0157011 0
1231197 669135 m2 0.02685 -0.306027 -0.120968 -0.0056637 0
1231197 243855 m2 0.02535 0.15956 0.425724 -0.00636653 0
1231197 559083 m2 0.0144 -0.187304 -0.291581 0 0.0352644
1231197 147794 m2 0.12355 -0.320548 0.363914 -0.0728543 0
1231197 607517 m2 0.02065 0.312084 -0.0376782 0 -0.0401638
1231197 599640 m2 0.012 0.076131 -0.334582 0.0351508 0
1231197 422698 m2 0.0362 0.124102 -0.261432 -0.0113564 0
1231197 620066 m2 0.0133 -0.247221 0.31817 -0.0318182 0
1231197 430178 m2 0.0129 0.232677 0.176635 0.0264048 0
1231197 385164 m2 0.0352 -0.220819 -0.41268 0 -0.0221523
1231197 442585 m2 0.02435 -0.0656665 -0.443433 -0.0508048 0
1231197 601456 m2 0.01245 0.075609 -0.359334 -0.0250595 0
1231197 150497 m2 0.03505 -0.160498 0.341628 0 -0.00785167
1231197 170649 m2 0.06825 0.26671 -0.51591 0.025345 0
1231197 386681 m2 0.0281 0.324248 -0.477701 0.074337 0
1231197 425620 m2 0.0504 -0.302257 -0.34638 -0.0608297 0
1231197 524570 m2 0.01255 0.141095 0.354678 0 0.00713073
1231197 184454 m2 0.01965 -0.148346 -0.188193 -0.0327226 0
1231197 363854 m2 0.0138 -0.338485 -0.237824 0 0.0251117
1231197 81816 m2 0.05135 -0.240546 0.435089 -0.0378745 0
1231197 545451 m2 0.0274 0.29348 0.383458 0 -0.00187848
1231197 242345 m2 0.02685 -0.379999 0.0854435 -0.0390613 0
1231197 524078 m2 0.0825 -0.225669 -0.205854 -0.00436783 0
1231197 482842 m2 0.02105 -0.080744 -0.345503 0 0.00516251
1231197 443071 m2 0.0198 0.209354 0.396871 0.0618217 0
1231197 136203 m2 0.01595 -0.186294 0.298991 -0.035177 0
1231197 542435 m2 0.01585 0.274601 -0.0295027 0.0621935 0
1231197 204812 m2 0.0753 -0.301668 -0.4104 0 -0.0216596
1231197 581157 m2 0.0429 0.107217 -0.132087 0 0.0214168
1231197 611735 m2 0.038 0.111014 0.0162645 0 -0.00243577
1231197 218997 m2 0.05395 -0.247736 0.365564 -0.0191494 0
1231197 37625 m2 0.10325 -0.13696 -0.526584 -0.0276813 0
1231197 435293 m2 0.0312 -0.419124 -0.00058737 -0.0596033 0
1231197 325120 m2 0.04685 0.164612 0.57324 -0.0128867 0
1231197 629459 m2 0.01305 0.198764 -0.255876 0 0.0450158
1231197 683702 m2 0.0146 0.278368 -0.0418893 0 -0.00187248
1231197 261716 m2 0.08505 -0.22125 -0.0431205 -0.0487172 0
1231197 719042 m2 0.0165 0.181124 -0.0976056 -0.0577478 0
1231197 376892 m2 0.0499 -0.105442 0.155524 0.00238631 0
1231197 699604 m2 0.0114 -0.113711 -0.140179 0 0.0305261
1231197 540925 m2 0.05745 -0.366988 -0.0783451 0 0.024222
1231197 561013 m2 0.0185 -0.292512 -0.0476521 0 0.00187738
1231197 527549 m2 0.04405 0.429648 -0.39815 0.0232781 0
1231197 445546 m2 0.0485 -0.188626 0.0256648 0 0.0441059
1231197 379662 m2 0.0479 -0.364738 0.255313 -0.0365564 0
1231197 524829 m2 0.0193 -0.173981 -0.381762 0 -0.0337732
1231197 439804 m2 0.0614 0.0947156 0.320947 0.0347495 0
1231197 476317 m2 0.0188 -0.00871256 0.320201 0 0.0413287
1231197 536501 m2 0.0479 -0.369854 0.0281298 0 0.00309368
1231197 53929 m2 0.12825 -0.325966 -0.255573 0 -0.026283
1231197 67626 m2 0.03315 0.363196 0.420064 0.0456114 0
1231197 228949 m2 0.0571 -0.156557 -0.480248 0 -0.0680818
1231197 725900 m2 0.0101 -0.0637079 -0.0563636 0.0108102 0
1231197 303054 m2 0.0581 -0.207719 0.388697 -0.0185525 0
1231197 547842 m2 0.01745 0.411927 0.111365 0.016893 0
1231197 238403 m2 0.01415 -0.172392 -0.164483 -0.0375365 0
1231197 302053 m2 0.025 -0.131138 0.104782 0 0.070394
1231197 602723 m2 0.0197 -0.255971 -0.135138 -0.0168541 0
1231197 361807 m2 0.01515 0.183061 -0.107531 0.014785 0
1231197 374847 m2 0.02315 0.311087 -0.0619294 -0.00150907 0
1231197 268790 m2 0.104 0.199561 0.605409 0 0.0219648
1231197 508986 m2 0.01465 -0.0483483 0.270948 0 -0.0216039
1231197 511691 m2 0.03395 -0.287917 0.164291 -0.0143563 0
1231197 348917 m2 0.03535 -0.279637 0.126363 0.0116253 0
1231197 582110 m2 0.0293 -0.00997539 0.0914092 -0.0191116 0
1231197 161558 m2 0.13765 -0.239684 -0.277965 -0.0296142 0
1231197 438017 m2 0.01965 -0.263404 -0.365504 0 0.0279825
1231197 651699 m2 0.0116 -0.285459 -0.125148 0 0.000409704
1231197 274849 m2 0.0513 -0.321178 -0.324712 0 0.00790845
1231197 270590 m2 0.05405 0.20107 0.440136 0.0770736 0
1231197 296442 m2 0.0275 -0.244471 -0.382667 -0.0401968 0
1231197 412983 m2 0.0117 -0.255109 -0.147633 -0.0691798 0
1231197 434520 m2 0.0417 0.352132 0.189292 0.0034011 0
1231197 455593 m2 0.0233 0.13871 -0.496179 0 -0.0585905
1231197 37833 m2 0.0129 0.0254332 -0.391326 0.0374086 0
1231197 241825 m2 0.13265 -0.411048 -0.122091 -0.0824411 0
1231197 252823 m2 0.01025 -0.278126 -0.0812143 -0.0693451 0
1231197 341070 m2 0.0336 0.0218371 -0.486744 0 -0.00829766
1231197 167137 m2 0.01545 -0.275592 0.0891312 -0.0716982 0
1231197 481071 m2 0.01585 0.12584 0.432516 0 0.02091
1231197 514437 m2 0.09655 -0.336742 -0.444707 0 -0.00845943
1231197 657349 m2 0.014 -0.197774 0.0401231 0 0.0317488
1231197 285612 m2 0.02195 0.234378 -0.384494 0 -0.0304423
1231197 631200 m2 0.01575 -0.0888011 0.151114 0.0275714 0
1231197 646474 m2 0.0132 -0.252916 -0.336005 -0.0162499 0
1231197 167621 m2 0.0829 -0.185207 -0.0212902 -0.05727 0
1231197 72066 m2 0.0888 0.391603 -0.281215 0 -0.0451862
1231197 389480 m2 0.04595 0.326509 0.404119 0 0.00753466
1231197 575344 m2 0.0322 0.127345 -0.292987 0 0.0101825
1231197 129604 m2 0.05995 0.553071 -0.273919 0.0528186 0
1231197 649453 m2 0.01565 0.131164 -0.0913529 0 -0.0216349
1231197 69066 m2 0.0867 -0.180301 -0.268591 -0.0151314 0
1231197 300524 m2 0.0874 0.368868 -0.413359 0.0194102 0
1231197 713065 m2 0.0102 0.00876323 -0.344218 0 -0.0240757
1231197 315577 m2 0.1555 0.0348747 -0.712524 0 -0.0897344
1231197 684657 m2 0.01485 0.197421 -0.32377 -0.0274337 0
1231197 57207 m2 0.1149 0.376469 -0.670392 0.0543797 0
1231197 289152 m2 0.40635 0.125515 -0.919272 0 -0.0722598
1231197 435032 m2 0.0132 -0.0290264 -0.416301 0 -0.0462554
1231197 270084 m2 0.07345 -0.158541 0.387448 0.0275927 0
1231197 167123 m2 0.06835 0.0119223 0.397028 0 0.0399536
1231197 558771 m2 0.04175 0.365329 -0.050369 0 0.0158526
1231197 189236 m2 0.1323 0.562783 0.493186 0.0593024 0
1231197 110097 m2 0.04115 -0.0995109 -0.14476 0.0520384 0
1231197 460727 m2 0.0846 -0.171563 -0.493314 0 -0.0166383
1231197 293926 m2 0.1285 -0.0684452 -0.607341 0 -0.0215619
1231197 646943 m2 0.01205 -0.296196 -0.286746 -0.0537591 0
1231197 214506 m2 0.0219 0.107295 0.329492 0.0240698 0
1231197 643263 m2 0.0335 -0.144072 -0.21329 0 -0.0462655
1231197 320060 m2 0.07595 -0.226766 -0.400391 -0.0172473 0
1231197 528523 m2 0.03015 -0.26714 -0.24429 -0.0487204 0
1231197 127380 m2 0.0989 -0.197631 -0.496035 -0.0406782 0
1231197 460430 m2 0.0301 -0.23021 -0.172056 0 -0.0216632
1231197 345638 m2 0.06365 0.291981 -0.477117 0.0279337 0
1231197 416485 m2 0.01255 0.405668 -0.0167699 0.0457496 0
1231197 658078 m2 0.0125 -0.193191 -0.361189 -0.0609672 0
1231197 357450 m2 0.0574 -0.114374 0.531209 0 0.0024776
1231197 412028 m2 0.02915 0.0937579 -0.23421 0 0.0084602
1231197 676702 m2 0.0287 -0.249541 -0.103004 0.0423068 0
1231197 77295 m2 0.02655 0.342681 -0.398616 0 -0.0243683
1231197 375812 m2 0.054 0.0242815 -0.607669 0 -0.0459143
1231197 283323 m2 0.0507 0.294501 0.4026 0.0477177 0
1231197 590457 m2 0.01185 -0.289279 -0.161684 0 -0.0268988
1231197 504946 m2 0.02525 0.238928 -0.468125 0.0405642 0
1231197 129092 m2 0.03545 -0.0865265 -0.266657 0 0.021665
1231197 216001 m2 0.2552 0.10081 -0.85372 0 -0.0403151
1231197 546837 m2 0.04585 -0.271108 -0.421245 0 -0.0251606
1231197 261905 m2 0.02075 -0.261224 0.0573067 -0.05571 0
1231197 605469 m2 0.01325 -0.289738 -0.296133 -0.0380685 0
1231197 403151 m2 0.0633 -0.286055 -0.404492 0 -0.110526
1231197 153686 m2 0.3213 0.0723149 -0.587379 0 -0.0337646
1231197 660794 m2 0.022 -0.0946667 -0.44871 0.0174221 0
1231197 614441 m2 0.01065 -0.213239 -0.32179 0 -0.0122426
1231197 160980 m2 0.07545 -0.116042 -0.629608 0 -0.0576727
1231197 537665 m2 0.04375 -0.171632 -0.431385 0 -0.00819902
1231197 99741 m2 0.05095 -0.0634872 -0.438262 0 -0.000453147
1231197 548287 m2 0.04555 -0.154224 -0.479804 0 -0.0112277
1231197 173027 m2 0.0428 0.132115 -0.512724 0.0784284 0
1231197 279826 m2 0.0809 0.476225 -0.0462668 0 -0.010517
1231197 187730 m2 0.12225 -0.294045 -0.318372 0 -0.02538
1231197 571183 m2 0.0158 -0.309758 -0.243481 0.0300703 0
1231197 673341 m2 0.0151 0.0821406 -0.330507 0 -0.0259098
1231197 176467 m2 0.0396 -0.073908 -0.315378 -0.00867187 0
1231197 129083 m2 0.04975 -0.00462767 -0.214283 0 -0.0181441
1231197 393236 m2 0.03905 -0.194646 -0.393574 0 -0.0321946
1231197 373804 m2 0.04945 -0.185679 -0.401636 0 -0.0466266
1231197 704757 m2 0.01685 0.283195 -0.398237 0 0.000749625
1231197 241542 m2 0.0662 -0.126896 -0.422319 -0.0470582 0
1231197 603449 m2 0.0103 0.28178 -0.296938 0.0158476 0
1231197 605193 m2 0.02215 0.28704 0.0649633 0.0407585 0
1231197 349386 m2 0.016 0.0893713 -0.0972474 0 -0.0504683
1231197 183687 m2 0.03735 -0.0508879 0.104826 0.0132859 0
1231197 388152 m2 0.0851 -0.107527 -0.511744 0 -0.0391241
1231197 540636 m2 0.01855 -0.0212992 -0.324104 0 -0.0457088
1231197 603931 m2 0.03235 -0.140603 -0.402897 0 0.0450019
1231197 510454 m2 0.03 -0.327162 -0.301104 -0.0146437 0
1231197 636772 m2 0.0159 -0.336086 -0.301253 0 -0.0355353
1231197 578563 m2 0.0398 0.340458 -0.547419 0 -0.0313886
1231197 715288 m2 0.01315 -0.226713 -0.067062 0.0327999 0
1231197 361976 m2 0.0209 -0.187577 -0.00237828 0 -0.00340576
1231197 642724 m2 0.01635 -0.115007 -0.292383 0 0.00374151
1231197 527284 m2 0.03355 -0.0700385 -0.417516 0 -0.0172703
1231197 178188 m2 0.1163 0.251214 -0.639706 -0.00283366 0
1231197 642723 m2 0.01165 -0.0812506 -0.415528 0 -0.0963489
1231197 173019 m2 0.08005 -0.0861199 -0.446496 0 -0.0150347
1231197 249330 m2 0.0919 -0.0598312 -0.52754 0 -0.051305
1231197 339265 m2 0.07465 -0.319771 -0.348395 0 0.000237972
1231197 636267 m2 0.02485 -0.317338 -0.334663 -0.0283415 0
1231197 397491 m2 0.0161 0.0323216 -0.28394 0.00434917 0
1231197 268994 m2 0.06295 0.0565678 -0.53783 0 -0.039906
1231197 176453 m2 0.12845 -0.269894 -0.55134 -0.00591029 0
1231197 392215 m2 0.02135 0.281135 0.500701 0 0.0183287
1231197 599834 m2 0.03465 -0.0219187 -0.0368728 0 -0.0177228
1231197 299765 m2 0.03345 0.340637 0.341296 0 -0.0188147
1231197 144415 m2 0.0164 -0.0961909 0.147113 -0.0314893 0
1231197 505445 m2 0.025 -0.192843 -0.0368232 0.0130008 0
1231197 409015 m2 0.0178 0.0510708 -0.369573 0 -0.0211318
1231197 447988 m2 0.03655 0.447837 -0.0949907 0 0.0162464
1231197 618428 m2 0.01135 -0.0598164 -0.263877 -0.00323711 0
1231197 665286 m2 0.0249 -0.0296816 -0.417549 0 -0.0288354
1231197 197916 m2 0.0621 -0.309882 0.229806 0 0.0156162
1231197 152004 m2 0.02095 0.0413708 0.0862195 -0.00388204 0
1231197 513906 m2 0.06485 -0.0848306 -0.452838 0 -0.0186857
1231197 159713 m2 0.04285 0.343893 -0.164223 0 0.0151699
1231197 690279 m2 0.0287 -0.181148 -0.40075 0 -0.00597137
1231197 304658 m2 0.01195 -0.114501 0.113582 0 0.0209481
1231197 163257 m2 0.21075 0.158677 -0.600928 0 -0.0254309
1231197 530250 m2 0.01255 0.116553 -0.0429253 0.0330658 0
1231197 505938 m2 0.03065 -0.367266 -0.258877 -0.0915636 0
1231197 160437 m2 0.03835 -0.337132 0.262307 -0.0697791 0
1231197 184621 m2 0.08235 0.579537 0.439671 0.0108753 0
1231197 437256 m2 0.01255 0.0576428 -0.422173 0.0110144 0
1231197 318293 m2 0.0536 -0.0926066 -0.409031 -0.0262572 0
1231197 274020 m2 0.17585 -0.143777 0.199242 0.00296671 0
1231197 546335 m2 0.02665 0.271156 0.0541559 0 0.0167269
1231197 276568 m2 0.0235 -0.33024 -0.207874 -0.0822893 0
1231197 629387 m2 0.0167 -0.24816 -0.404255 0.0567448 0
1231197 353191 m2 0.02165 -0.13227 -0.389729 0 -0.00246241
1231197 270764 m2 0.04315 0.0695017 0.392369 -0.00346888 0
1231197 515634 m2 0.02535 0.390803 -0.3556 0.0407392 0
1231197 377081 m2 0.0397 0.510922 0.166622 0.0812203 0
1231197 575062 m2 0.02335 0.0696758 -0.468277 0 -0.0551483
1231197 266668 m2 0.03895 -0.19466 -0.393468 -0.03501 0
1231197 362452 m2 0.0456 -0.0867251 -0.231003 -0.0441068 0
1231197 360679 m2 0.1114 -0.312484 -0.209142 -0.0343974 0
1231197 323800 m2 0.02515 0.12557 -0.515353 0 -0.0616403
1231197 376832 m2 0.05335 0.0524603 0.536147 -0.0172215 0
1231197 507172 m2 0.02125 -0.215032 -0.356881 -0.0489467 0
1231197 637240 m2 0.03865 0.336356 -0.231569 0 0.0366163
1231197 293883 m2 0.12015 -0.0870487 -0.667368 0 -0.0701879
1231197 417476 m2 0.0383 0.376084 -0.422089 0 -0.0315554
1231197 603213 m2 0.0157 -0.0363455 -0.41696 0 -0.0366178
1231197 288604 m2 0.0323 -0.249754 -0.271054 0 -0.0304691
1231197 497379 m2 0.02185 -0.160484 -0.0751031 0 0.0336712
1231197 510166 m2 0.02715 -0.313962 -0.34168 0 -0.0105467
1231197 619217 m2 0.05585 -0.25261 -0.423949 0.014288 0
1231197 425542 m2 0.0393 0.484874 0.118675 0 0.00629952
1231197 386837 m2 0.0256 0.447861 -0.00426403 0.0337374 0
1231197 314746 m2 0.04025 0.154511 0.576177 0.00607997 0
1231197 325554 m2 0.0427 -0.357182 -0.291744 -0.116966 0
1231197 414411 m2 0.0125 -0.329213 -0.193582 -0.0901071 0
1231197 622728 m2 0.02315 -0.197401 -0.129268 0.0162523 0
1231197 662744 m2 0.02145 0.223498 -0.39262 0.0721211 0
1231197 435220 m2 0.0588 -0.378757 0.0587089 -0.0330241 0
1231197 499602 m2 0.10395 -0.121308 -0.597425 0 -0.00103024
1231197 599552 m2 0.0461 -0.191749 -0.455715 0 -0.0460766
1231197 350920 m2 0.03225 0.137997 -0.383315 0 -0.00647664
1231197 625689 m2 0.01815 -0.24939 -0.328105 0 -0.00841235
1231197 518436 m2 0.01955 -0.0830808 -0.433575 0.0346365 0
1231197 523764 m2 0.0195 0.480522 -0.171366 0 -0.01387
1231197 670538 m2 0.0211 -0.222421 -0.343313 -0.0256008 0
1231197 348325 m2 0.02215 0.145731 -0.0183324 0.012516 0
1231197 327785 m2 0.07065 0.0734853 -0.491417 0 -0.0496188
1231197 343774 m2 0.01295 0.439375 -0.258836 0.101637 0
1231197 684609 m2 0.01255 0.269265 -0.0717787 0.0206853 0
1231197 521168 m2 0.011 -0.257418 -0.156383 -0.0506233 0
1231197 670287 m2 0.0165 0.36676 -0.346028 0 -0.0370428
1231197 720654 m2 0.0143 -0.274902 -0.199728 0 -0.0119386
1231197 636505 m2 0.0178 -0.197919 -0.362113 0 -0.0895612
1231197 323034 m2 0.09935 0.0480249 -0.239447 0 -0.00508775
1231197 315751 m2 0.01865 0.329291 -0.186741 -0.00634407 0
1231197 573704 m2 0.01225 -0.32104 -0.137069 0 -0.0140539
1231197 402871 m2 0.05855 -0.0778038 -0.363213 -0.0175165 0
1231197 389144 m2 0.01215 -0.28778 -0.0404046 -0.0735892 0
1231197 441460 m2 0.02265 0.0280389 -0.154722 0 -0.0117269
1231197 632102 m2 0.01125 -0.120387 0.108336 0 -0.0246079
1231197 715247 m2 0.0166 -0.14646 -0.392303 -0.043419 0
1231197 616433 m2 0.03825 -0.146833 -0.4388 0 0.0370763
1231197 548036 m2 0.033 0.457628 -0.391172 0.0128671 0
1231197 320007 m2 0.10135 -0.230195 -0.430867 0 -0.0472931
1231197 532479 m2 0.03055 0.167193 -0.52874 0 -0.0205985
1231197 616431 m2 0.0322 -0.0820618 -0.432674 -0.0417058 0
1231197 559297 m2 0.0104 0.0851748 -0.337023 -0.039669 0
1231197 600846 m2 0.0125 0.17535 -0.353424 0.00789689 0
1231197 521990 m2 0.01005 -0.234889 -0.0296013 -0.0822878 0
1231197 571402 m2 0.02525 -0.0988827 -0.343092 0 0.00329866
1231197 340010 m2 0.02045 0.179701 0.0116236 0.0280441 0
1231197 354151 m2 0.05005 0.0802244 -0.20238 0 -0.0451227
1231197 592879 m2 0.0197 0.40302 -0.334337 0.0331751 0
1231197 549965 m2 0.014 0.178949 -0.283086 -0.028052 0
1231197 566925 m2 0.01455 0.3337 0.0917561 -0.0184374 0
1231197 535165 m2 0.0123 -0.199334 -0.300935 0 0.0267977
1231197 509660 m2 0.01085 -0.288761 -0.0900066 0 0.0156375
1231197 583311 m2 0.0372 -0.308581 -0.34668 -0.029017 0
1231197 633902 m2 0.0305 -0.344185 -0.305245 0.0117731 0
1231197 482487 m2 0.01855 0.216249 -0.122577 -3.04016e-06 0
1231197 380060 m2 0.02875 -0.406321 0.051495 -0.0698348 0
1231197 409232 m2 0.024 0.0553955 -0.458325 0.0147018 0
1231197 471479 m2 0.0353 0.533074 -0.279206 0.0677069 0
1231197 633385 m2 0.0179 -0.0477382 -0.408156 0 -0.0239611
1231197 469977 m2 0.0118 0.355999 0.0907053 -0.0101122 0
1231197 473950 m2 0.01725 0.360986 -0.279543 0.102663 0
1231197 464850 m2 0.01125 -0.311199 -0.0626427 0.0340741 0
1231197 695233 m2 0.01555 -0.0356617 -0.397642 0.0406088 0
1231197 498342 m2 0.02075 0.366981 -0.113427 0.0660841 0
1231197 665529 m2 0.0123 -0.241496 -0.358867 -0.0286473 0
1231197 607424 m2 0.0509 0.429736 -0.33735 0.026423 0
1231197 498837 m2 0.0152 0.115924 -0.025896 -0.000883269 0
1231197 516124 m2 0.0145 0.383501 0.0550114 0 -0.00309384
1231197 489636 m2 0.01065 0.332771 -0.205605 0.0175092 0
1231197 501819 m2 0.0208 -0.21056 -0.365478 0 -0.028278
1231197 631123 m2 0.025 0.475166 -0.242216 0.0305066 0
1231197 638955 m2 0.01035 -0.272264 -0.0305404 0 0.0115234
1231197 530996 m2 0.02755 -0.0683296 0.0664393 0 0.00291178
1231197 460117 m2 0.03935 -0.386899 -0.136725 0 -0.00520865
1231197 611648 m2 0.02125 -0.155435 -0.392795 0 -0.0324783
1231197 459052 m2 0.1474 -0.456552 -0.586904 -0.061836 0
1231197 543602 m2 0.03785 0.0366111 0.107186 0.00187227 0
1231197 680849 m2 0.01035 0.0655708 -0.435576 0.0201095 0
1231197 593620 m2 0.02865 0.293978 -0.519124 0 -0.0269684
1231197 707768 m2 0.01095 0.0979649 -0.324378 0.0662225 0
1231197 569630 m2 0.05365 0.355702 -0.522755 0.0337732 0
1231197 617139 m2 0.01585 -0.234588 -0.323656 0 0.0133284
1231197 721345 m2 0.01045 -0.168914 -0.32616 0 -0.0134035
1231197 594383 m2 0.02155 0.337612 -0.353417 0 0.0179244
1231197 579519 m2 0.02615 0.199926 -0.394948 0 -0.0172481
1231197 590657 m2 0.01175 -0.00279977 -0.165651 -0.0197468 0
1231197 656758 m2 0.0247 0.0034593 -0.478611 0.0525663 0
1231197 579542 m2 0.01835 0.298294 -0.442741 0 -0.102842
1231197 579033 m2 0.0807 0.387112 -0.623844 0 -0.0449198
1231197 711486 m2 0.01055 -0.0822542 -0.382072 -0.00434269 0
1231197 699007 m2 0.0101 -0.1994 -0.292453 -0.0254603 0
