// Initial random seed:
2084038075349

// RunInitializeCallbacks():
initializeTreeSeq();
initializeMutationRate(2.5e-08);
initializeSex("A");
initializeMutationType(2, 0.5, "f", 0);
initializeGenomicElementType(1, m2, 1);
initializeGenomicElement(g1, 0, 500000);
initializeRecombinationRate(c(1e-06, 0.5, 1e-06, 0.5, 1e-06, 0.5, 1e-06, 0.5, 1e-06, 0.5, 1e-06, 0.5, 1e-06, 0.5, 1e-06, 0.5, 1e-06, 0.5, 1e-06, 0.5, 1e-06, 0.5, 1e-06, 0.5, 1e-06, 0.5, 1e-06, 0.5, 1e-06, 0.5, 1e-06, 0.5, 1e-06, 0.5, 1e-06, 0.5, 1e-06, 0.5, 1e-06), c(50000, 50001, 100000, 100001, 150000, 150001, 200000, 200001, 250000, 250001, 300000, 300001, 350000, 350001, 400000, 400001, 450000, 450001, 500000, 500001, 550000, 550001, 600000, 600001, 650000, 650001, 700000, 700001, 750000, 750001, 800000, 800001, 850000, 850001, 900000, 900001, 950000, 950001, 1000000));

QTL DFE means: 
0 0

QTL DFE variance-covariance matrix: 
      [,0]  [,1]
[0,] 0.002     0
[1,]     0 0.002

// Starting run at generation <start>:
1 

100:0.9959 0.9959 -3.94129e-14 -0.0025631 -0.00279225 -0.0772312 -0.175891 NAN NAN
200:0.993125 0.993125 -5.10703e-15 -0.0132485 0.0010367 0.0288265 0.263116 NAN NAN
300:0.991095 0.991095 3.9635e-14 -0.0157331 -0.00673203 -0.0523678 0.38801 NAN NAN
400:0.99037 0.99037 1.76525e-14 -0.0307202 0.00182979 0.0231729 0.11956 NAN NAN
500:0.988696 0.988696 4.56302e-14 -0.0138089 -0.00397379 -0.011751 0.0828373 NAN NAN
600:0.986985 0.986985 1.9984e-15 -0.0142922 0.000689478 0.112013 0.149298 NAN NAN
700:0.986396 0.986396 1.09912e-14 -0.0129006 0.00563104 -0.385661 0.186563 NAN NAN
800:0.986106 0.986106 4.55191e-15 0.0106432 0.000647533 0.042199 -0.311691 NAN NAN
900:0.985297 0.985297 0 -0.0163593 0.000572045 0.0327902 -0.0764618 NAN NAN
1000:0.98409 0.98409 2.08722e-14 -0.00251754 0.000268568 -0.130729 -0.251368 NAN NAN
1100:0.982128 0.976573 0.00555503 0.00526514 -0.000394764 0.0475241 0.902598 0.0141364 0.359246
1200:0.978409 0.955624 0.0227852 0.00169865 -0.0114562 0.497584 0.975796 0.118129 0.607206
1300:0.974253 0.916065 0.0581874 0.0101116 -0.00506227 0.534361 0.993894 0.142088 0.79614
1400:0.967772 0.869041 0.0987312 0.0154376 -0.0102239 0.706817 0.99477 0.199336 0.864746
1500:0.959652 0.808735 0.150917 0.00158294 -0.0111069 0.79923 0.996686 0.307119 0.907082
1600:0.948879 0.746259 0.20262 -0.00151015 -0.00730685 0.918553 0.997276 0.417024 0.928425
1700:0.935188 0.672474 0.262714 0.0117863 0.00225969 0.954603 0.997771 0.558137 0.939471
1800:0.919935 0.592439 0.327495 0.00280377 -0.00755773 0.97597 0.998657 0.661716 0.950776
1900:0.898586 0.493324 0.405262 0.00420203 -0.000752611 0.985678 0.998398 0.745376 0.95889
2000:0.859921 0.364305 0.495615 0.00215426 -0.00423187 0.99078 0.998948 0.815747 0.96587
2100:0.855902 0.357872 0.49803 -0.00845729 -0.00718023 0.991748 0.998924 0.811813 0.966472
2200:0.856307 0.355 0.501307 0.00834815 0.000195147 0.992074 0.998699 0.818416 0.964112
2300:0.85239 0.358767 0.493623 -0.0154491 -0.00160658 0.991128 0.998677 0.806641 0.964068
2400:0.850363 0.35572 0.494643 -0.00428273 -0.00288054 0.990635 0.998362 0.810449 0.961631
2500:0.85068 0.354977 0.495703 0.00320049 -0.00543349 0.990431 0.999123 0.807708 0.964173
2600:0.853474 0.354389 0.499085 -0.00494922 -0.00426234 0.992089 0.999198 0.812298 0.964669
2700:0.85054 0.354172 0.496368 0.00306419 0.0128446 0.991244 0.998702 0.808042 0.96437
2800:0.853524 0.355035 0.49849 -0.00365212 0.0038893 0.991514 0.998824 0.812585 0.965289
2900:0.849819 0.354432 0.495387 -0.00308192 -0.00250433 0.992388 0.998895 0.804668 0.965492
3000:0.848617 0.351561 0.497056 0.00351018 -0.00298365 0.991774 0.998684 0.806233 0.964854
