seed mutID muttype p cor_sal cor_temp mutSalEffect mutTempEffect
1231210 83866 m2 0.23595 -0.054723 0.703439 0 0.0319447
1231210 616562 m2 0.02035 0.326564 0.383747 0 -0.054866
1231210 34280 m2 0.03505 0.0648792 0.565291 -0.00348504 0
1231210 22033 m2 0.01425 -0.102357 0.4489 0 0.0359767
1231210 666365 m2 0.03835 -0.164411 0.385454 0.0095399 0
1231210 525068 m2 0.0278 0.324543 0.465784 0.0923501 0
1231210 522528 m2 0.02795 -0.276894 0.354667 -0.0182806 0
1231210 550376 m2 0.0288 -0.180309 0.404287 0 0.036176
1231210 622010 m2 0.01025 -0.238594 0.261274 0 -0.071906
1231210 644662 m2 0.0223 -0.0210086 0.457153 -0.0111469 0
1231210 687690 m2 0.0129 0.121625 0.206139 0 0.0315192
1231210 347751 m2 0.06285 -0.123588 0.536945 0 0.0395088
1231210 374705 m2 0.06645 -0.0836147 0.465423 0 0.0427882
1231210 208046 m2 0.21335 -0.049202 -0.441206 0 -0.0148164
1231210 517858 m2 0.0173 -0.0515482 0.316459 0 -0.00738177
1231210 333347 m2 0.04485 0.406023 0.380628 0 0.0200739
1231210 510554 m2 0.0473 0.110004 0.338551 0 -0.0431596
1231210 299944 m2 0.03205 0.0816487 0.0973867 0 0.0248399
1231210 223574 m2 0.11455 0.306273 0.557639 0 0.0526695
1231210 206323 m2 0.05125 0.248074 0.527864 0.0198181 0
1231210 488929 m2 0.0291 0.089346 0.532089 0 0.0202525
1231210 685128 m2 0.02575 0.303818 0.36957 0.0588333 0
1231210 199083 m2 0.0312 -0.19229 0.0959789 0 0.0459839
1231210 610472 m2 0.025 0.36764 0.440086 0.0423792 0
1231210 696639 m2 0.01205 -0.242538 0.241511 0 -0.057237
1231210 465374 m2 0.0104 0.0551196 0.100006 0.0210821 0
1231210 212882 m2 0.0659 -0.172957 -0.162134 0 -0.0201672
1231210 574900 m2 0.0121 0.222938 0.341263 0.00823205 0
1231210 667099 m2 0.0145 -0.16906 0.41898 0 0.00723136
1231210 668099 m2 0.01835 0.0776894 0.441233 -0.00679362 0
1231210 450632 m2 0.0869 -0.181783 0.370982 -0.0357279 0
1231210 250445 m2 0.0666 0.043972 0.39243 -0.043946 0
1231210 504227 m2 0.02765 -0.234661 0.350648 -0.0175391 0
1231210 605223 m2 0.014 -0.168779 0.252519 -0.0176009 0
1231210 648904 m2 0.0162 0.181414 0.229742 0.0380697 0
1231210 493231 m2 0.01165 -0.131533 0.0736576 0 -0.0251419
1231210 621991 m2 0.0148 -0.197246 0.361661 0 0.0324202
1231210 644165 m2 0.01355 0.206892 0.410595 0 0.0531807
1231210 459005 m2 0.01115 -0.0810888 0.266819 0.0182246 0
1231210 345517 m2 0.0349 -0.00780394 0.30918 0 0.00903825
1231210 337344 m2 0.05595 0.0672435 0.542845 -0.00405132 0
1231210 472883 m2 0.02545 -0.0678001 0.418283 0 0.0349473
1231210 680450 m2 0.0171 0.121328 0.348506 -0.0390914 0
1231210 343287 m2 0.06475 0.261139 -0.0972571 0 0.0443169
1231210 210375 m2 0.0676 -0.209116 -0.331614 -0.0491576 0
1231210 686099 m2 0.0141 0.319178 0.329904 0.00566789 0
1231210 362751 m2 0.02685 -0.133146 0.451705 0 0.0528927
1231210 193054 m2 0.03695 -0.283944 0.029171 0 0.0100684
1231210 586487 m2 0.01085 0.038457 0.326035 0 0.0155189
1231210 679240 m2 0.01125 0.176235 0.362729 0 0.00355373
1231210 139746 m2 0.03945 -0.102435 0.569803 0 0.0560026
1231210 40207 m2 0.0101 0.248645 0.176651 0 0.00959524
1231210 7539 m2 0.06625 -0.0594223 0.251946 0 -0.037117
1231210 665596 m2 0.02125 -0.201114 0.383553 0 0.0250947
1231210 667575 m2 0.02085 0.317539 0.418815 0.0286972 0
1231210 685348 m2 0.012 -0.0032563 0.238862 -0.00164682 0
1231210 576390 m2 0.01045 -0.244053 0.294591 0 -0.0806206
1231210 522218 m2 0.0313 0.104637 0.526293 0 0.000184675
1231210 709597 m2 0.0223 0.323959 0.384672 0 0.0623344
1231210 345992 m2 0.014 0.211335 0.395482 0 0.0637393
1231210 115735 m2 0.0397 0.076908 -0.192229 0 0.0335199
1231210 370225 m2 0.0263 -0.259382 0.319437 0 0.0338477
1231210 527563 m2 0.0298 0.300451 0.53 0.0261919 0
1231210 57739 m2 0.01835 -0.214447 0.0780628 0 -0.0346725
1231210 196340 m2 0.05995 0.451809 -0.29755 0 0.0709427
1231210 552387 m2 0.0177 -0.20877 0.357923 0 0.0424228
1231210 586224 m2 0.0458 0.0773998 0.451068 0 0.0526422
1231210 459492 m2 0.02825 0.331652 0.359192 0 -0.0171137
1231210 696368 m2 0.01175 -0.112318 0.378473 -0.0428018 0
1231210 227445 m2 0.0687 -0.100674 -0.114932 0 0.0624534
1231210 275772 m2 0.01615 0.208747 0.301695 0.0620478 0
1231210 637208 m2 0.01085 -0.313641 0.130675 0 0.0161093
1231210 365125 m2 0.0312 0.057713 0.123016 0.0544192 0
1231210 518344 m2 0.0215 0.041809 0.480798 -0.0459252 0
1231210 539494 m2 0.02005 -0.168848 0.373227 -0.0191666 0
1231210 683155 m2 0.01205 -0.0569469 0.292506 -0.0360641 0
1231210 399438 m2 0.01515 0.0352501 0.339762 0.0315845 0
1231210 632218 m2 0.0175 -0.13489 0.399287 0.0284576 0
1231210 576646 m2 0.01185 -0.0395804 0.363212 0 -0.075472
1231210 434594 m2 0.028 0.0139944 0.408992 0 0.0959678
1231210 526318 m2 0.01275 -0.0908385 0.361278 0.0351861 0
1231210 493455 m2 0.01855 -0.154994 0.110519 0.000577904 0
1231210 660172 m2 0.0278 0.338342 0.46145 0 -0.033653
1231210 247952 m2 0.03015 -0.14897 0.400755 0 0.00194411
1231210 450612 m2 0.01005 0.283587 0.387164 0 -0.007061
1231210 46542 m2 0.0517 -0.249678 0.376136 0.00378398 0
1231210 573419 m2 0.01495 0.126809 0.404994 0 -0.0234432
1231210 199065 m2 0.03735 -0.131799 -0.101889 -0.0178267 0
1231210 8029 m2 0.0575 0.260762 -0.480045 0 -0.0434315
1231210 477964 m2 0.03 0.442834 0.427752 0.0272257 0
1231210 340567 m2 0.0393 -0.00953083 0.402314 -0.0342467 0
1231210 649107 m2 0.0123 -0.180088 0.133175 0 -0.0618904
1231210 462284 m2 0.025 0.437944 0.319109 0.0388307 0
1231210 263150 m2 0.02035 -0.144508 0.356717 0 -0.0287257
1231210 145716 m2 0.02495 0.0329655 0.407021 -0.0258117 0
1231210 172418 m2 0.0233 -0.232051 0.361519 0 0.0233326
1231210 558404 m2 0.0166 -0.307321 0.0386156 -0.0870954 0
1231210 62053 m2 0.0691 -0.0138176 0.617425 0 0.0990557
1231210 661659 m2 0.02135 -0.0581858 0.433402 0 0.0142929
1231210 564483 m2 0.041 0.174165 0.290436 0.0300143 0
1231210 601685 m2 0.01585 -0.141429 0.373432 -0.0599214 0
1231210 283285 m2 0.0709 0.182791 0.584164 0 0.0875896
1231210 468885 m2 0.04455 -0.312387 0.319979 0 0.0867563
1231210 540974 m2 0.0102 0.0342937 0.425619 0 0.0252095
1231210 480783 m2 0.03135 -0.125222 0.0395847 0.0213295 0
1231210 634946 m2 0.022 -0.302738 0.269437 0.00260236 0
1231210 273773 m2 0.03975 0.139956 -0.342825 0 0.0543984
1231210 148937 m2 0.0643 -0.296675 0.632547 0 -0.0198108
1231210 302162 m2 0.0581 -0.0399543 0.423464 0 0.0191168
1231210 16843 m2 0.0107 0.0328282 0.369286 0.0195352 0
1231210 582478 m2 0.01365 -0.0454034 0.445508 -0.0421511 0
1231210 50653 m2 0.1026 -0.302764 0.363073 -0.0348233 0
1231210 414196 m2 0.0374 -0.311677 0.325182 0 0.0396606
1231210 374128 m2 0.0232 -0.154631 0.156149 -0.05114 0
1231210 624172 m2 0.0373 -0.0300093 0.459143 0.0143538 0
1231210 572411 m2 0.012 0.234347 0.291195 0.0106155 0
1231210 320974 m2 0.0713 -0.103896 0.322349 0 0.0140403
1231210 374369 m2 0.074 -0.319386 0.386689 0 -0.000800591
1231210 469161 m2 0.0226 -0.0615683 0.389125 0 0.0789884
1231210 8790 m2 0.13225 -0.199904 0.331349 0.0196796 0
1231210 369164 m2 0.01435 0.318578 0.224561 0 0.0509507
1231210 111248 m2 0.0304 -0.352311 0.27751 0 -0.00249938
1231210 307742 m2 0.0286 -0.132166 0.454737 0 0.0356384
1231210 369941 m2 0.05645 -0.340701 -0.0653802 -0.0679321 0
1231210 207747 m2 0.04485 0.22821 0.564007 0 0.019008
1231210 695887 m2 0.0207 -0.21813 0.371711 0 0.0491319
1231210 563951 m2 0.01015 -0.237305 0.234617 0 -0.00656422
1231210 300382 m2 0.0206 -0.250776 0.00524801 0 0.0160989
1231210 191826 m2 0.05525 0.457182 0.528435 0.0887134 0
1231210 6727 m2 0.0919 0.0103402 -0.042296 0.00805484 0
1231210 716754 m2 0.01285 -0.243527 0.339077 0 0.0202397
1231210 334298 m2 0.02825 -0.184379 0.361236 -0.0927696 0
1231210 473100 m2 0.02915 -0.226015 0.358569 0 -0.0396428
1231210 554084 m2 0.02115 0.188661 0.448062 -0.0145292 0
1231210 667805 m2 0.0118 -0.258578 0.295581 0.019683 0
1231210 516754 m2 0.07765 0.430315 0.35717 0 -0.0117335
1231210 697090 m2 0.01305 0.0253869 0.359337 0.00687983 0
1231210 368696 m2 0.04655 -0.19694 0.55599 0 0.00624345
1231210 513731 m2 0.0238 -0.133274 0.418465 0 0.0134658
1231210 507986 m2 0.0299 -0.301383 0.354016 0 -0.00177376
1231210 624427 m2 0.0169 -0.13875 0.366231 0.0509474 0
1231210 698552 m2 0.01075 -0.114737 0.31884 7.30592e-05 0
1231210 586692 m2 0.01125 0.0733663 0.192264 -0.0263176 0
1231210 630768 m2 0.0109 -0.147005 0.0664954 0 0.0737873
1231210 216306 m2 0.151 0.151678 0.57484 0 0.0124869
1231210 20911 m2 0.02585 -0.0526515 0.24417 0 0.00772023
1231210 481304 m2 0.02145 0.0942832 0.395594 0 0.0145169
1231210 462798 m2 0.02275 0.106177 0.335335 0 0.00851199
1231210 201969 m2 0.08665 0.0674753 0.537663 0.00371857 0
1231210 706322 m2 0.01625 -0.194585 0.379458 0 0.0428222
1231210 500635 m2 0.01335 -0.202158 0.369779 0 -0.0548395
1231210 17855 m2 0.23175 0.455605 0.0849024 -0.000426187 0
1231210 415994 m2 0.0263 0.251081 0.440843 0.0183481 0
1231210 390892 m2 0.03645 0.211343 0.380984 0.0383551 0
1231210 40629 m2 0.0523 -0.245658 0.329984 0 0.02162
1231210 335023 m2 0.0447 0.374777 -0.42893 0.0808542 0
1231210 629802 m2 0.0347 -0.204255 0.23712 0.0114517 0
1231210 2004 m2 0.1032 0.275098 0.224277 0 -0.00948323
1231210 483797 m2 0.0229 0.22188 0.39401 0.0126414 0
1231210 205238 m2 0.087 0.475613 -0.337518 0.0777241 0
1231210 552356 m2 0.01295 0.212317 0.0730457 -0.0244611 0
1231210 409923 m2 0.07725 -0.241931 0.430225 0 0.0304282
1231210 640941 m2 0.016 -0.126904 0.321669 0.0058696 0
1231210 696098 m2 0.0114 -0.073911 0.291733 -0.0618544 0
1231210 56913 m2 0.0979 -0.100636 0.196854 -0.00616726 0
1231210 2284 m2 0.0157 0.234769 0.372943 0.00498654 0
1231210 621218 m2 0.03195 -0.0431411 0.486635 0.00969999 0
1231210 613625 m2 0.0138 0.236097 0.340189 -0.00764482 0
1231210 430321 m2 0.05265 0.408733 0.462572 0 0.000443497
1231210 607408 m2 0.02435 0.165266 0.182524 0 -0.0292683
1231210 599351 m2 0.0282 0.344909 0.349179 0 -0.0232954
1231210 485565 m2 0.04605 0.518464 0.409026 0.0193881 0
1231210 626158 m2 0.02215 0.395131 0.435556 0 0.066009
1231210 3908 m2 0.09665 0.0821031 0.485467 0 0.0246189
1231210 465059 m2 0.03055 0.407805 0.336595 0.0626976 0
1231210 301350 m2 0.0569 0.25228 0.297106 0 0.00585513
1231210 494176 m2 0.0218 0.0744135 0.440286 0 0.011224
1231210 662857 m2 0.0149 -0.0526526 0.408598 0.0149739 0
1231210 694093 m2 0.0124 0.0172708 0.181686 -0.028856 0
1231210 365352 m2 0.04465 -0.397969 -0.0212121 0 0.0545802
1231210 5917 m2 0.08625 -0.0709856 0.600913 0 0.035357
1231210 616482 m2 0.0406 -0.0984654 0.447726 0 -0.0119154
1231210 628565 m2 0.0354 -0.0139768 0.498948 -0.0267702 0
1231210 256113 m2 0.02535 0.436085 0.359333 0 0.0937824
1231210 710563 m2 0.0137 -0.134723 0.00373042 0 -0.00110498
1231210 24635 m2 0.10365 -0.286205 0.169284 -0.0122623 0
1231210 291983 m2 0.01265 0.270861 0.299007 0 0.0474724
1231210 642638 m2 0.0156 0.00272617 0.249557 0 -0.0275801
1231210 476409 m2 0.07715 0.20586 0.536757 0 0.0390489
1231210 635184 m2 0.03015 0.419282 0.455739 0 -0.0152826
1231210 502915 m2 0.022 0.346079 0.42533 0 0.0582196
1231210 662581 m2 0.01175 0.360392 0.332874 0 -0.0388474
1231210 48675 m2 0.03645 -0.168167 -0.156604 0 -0.0416924
1231210 708794 m2 0.01095 0.191134 0.354682 0.0322697 0
1231210 647584 m2 0.0139 -0.155629 0.22155 -0.0239602 0
1231210 186012 m2 0.0192 -0.320673 -0.176209 0 0.0149563
1231210 537451 m2 0.0238 -0.0481563 0.396044 0 0.0455894
1231210 513194 m2 0.0138 0.314745 0.460412 0 0.00734618
1231210 18383 m2 0.22285 0.388885 0.666853 0 0.0384073
1231210 257935 m2 0.17795 0.0408978 0.653923 0 0.070244
1231210 686853 m2 0.0114 -0.221987 0.307002 -0.0528391 0
1231210 129641 m2 0.04635 -0.273765 0.394805 -0.0584716 0
1231210 653041 m2 0.0121 0.167597 0.325864 -0.0189112 0
1231210 485552 m2 0.0337 -0.180227 0.337005 0.0308492 0
1231210 243437 m2 0.0584 0.118832 0.281972 0 0.0697286
1231210 328267 m2 0.01235 -0.198975 0.241866 0 -0.0661166
1231210 474321 m2 0.02725 -0.206391 0.290583 0.00305188 0
1231210 201709 m2 0.01015 -0.286311 0.166553 -0.0644789 0
1231210 552579 m2 0.02545 0.376031 0.200278 0.0512189 0
1231210 231786 m2 0.0486 -0.232744 0.403058 0 0.0646492
1231210 650750 m2 0.0119 0.23109 0.375804 0 0.00130298
1231210 503413 m2 0.06035 0.125037 0.583777 0 0.0576922
1231210 664043 m2 0.0225 -0.233472 0.340788 -0.00321409 0
1231210 546944 m2 0.0265 -0.455192 -0.0144169 0 -0.0188375
1231210 666268 m2 0.01925 -0.262306 0.119996 0 0.0529883
1231210 706027 m2 0.0205 0.0952897 0.404596 0 0.0147152
1231210 674018 m2 0.01525 -0.106107 0.228164 0 0.040121
1231210 648349 m2 0.014 -0.0278978 0.366817 0 -0.000679746
1231210 534700 m2 0.04035 0.267403 -0.249035 0.0794833 0
1231210 218294 m2 0.2679 0.0177444 0.845241 0 0.117286
1231210 623160 m2 0.0459 0.0334055 0.555095 0 -0.0274786
1231210 105130 m2 0.02635 0.128498 0.519057 0 -0.0242965
1231210 591256 m2 0.0105 0.312913 0.321109 0 -0.00909596
1231210 680834 m2 0.0115 0.225713 0.385491 0.0181836 0
1231210 646074 m2 0.0105 0.0932011 0.347183 0 -0.00529966
1231210 140653 m2 0.234 -0.102052 0.0559876 -0.0396038 0
1231210 516993 m2 0.02425 -0.267308 0.301575 -0.0393348 0
1231210 260400 m2 0.11525 0.231338 -0.227205 0.0276209 0
1231210 662076 m2 0.03965 -0.320976 0.337139 0.0257327 0
1231210 561920 m2 0.01605 -0.142071 0.295574 0 0.0805776
1231210 505181 m2 0.0208 -0.292464 0.37082 -0.0214066 0
1231210 397162 m2 0.0451 -0.123209 0.338231 0 0.112864
1231210 287951 m2 0.01745 -0.296893 0.307593 -0.0445756 0
1231210 663555 m2 0.042 0.390691 0.251963 0.0216257 0
1231210 249357 m2 0.02105 0.247775 0.450246 0.00353858 0
1231210 687599 m2 0.01805 -0.271118 0.220947 -0.0410579 0
1231210 254818 m2 0.1294 -0.375171 0.237642 0 0.0626416
1231210 637136 m2 0.0198 0.335945 0.115762 0.0742896 0
1231210 526254 m2 0.0347 -0.017643 0.45185 0 -0.0537567
1231210 382738 m2 0.1259 0.24654 0.552807 0 0.0275451
1231210 663079 m2 0.0257 -0.390937 0.0932851 -0.0914114 0
1231210 269850 m2 0.028 -0.181975 0.37592 -0.00185401 0
1231210 582921 m2 0.0243 -1.67894e-06 0.37773 0 0.015203
1231210 369605 m2 0.02555 -0.209945 -0.318335 -0.0148342 0
1231210 616980 m2 0.01185 -0.214115 0.305076 -0.0376968 0
1231210 462752 m2 0.013 -0.0413994 0.391513 -0.00318879 0
1231210 469333 m2 0.07795 -0.174908 0.543729 0.000502185 0
1231210 211001 m2 0.02795 0.462028 0.320595 0.03764 0
1231210 357476 m2 0.03245 -0.179131 0.432114 0 0.0501232
1231210 674273 m2 0.01735 0.377349 0.393688 0.0671748 0
1231210 44740 m2 0.1103 -0.0965602 0.0305025 0 0.00754253
1231210 239366 m2 0.1721 0.234102 -0.192404 0 -0.0316333
1231210 457874 m2 0.0113 -0.169888 -0.115041 0 0.0352365
1231210 651497 m2 0.0168 -0.199134 0.376934 0 0.0403634
1231210 149147 m2 0.01505 -0.128453 0.332087 0 0.00312671
1231210 550272 m2 0.01295 -0.261255 0.318105 -0.0496307 0
1231210 382974 m2 0.01455 0.281082 0.403771 0 -0.026018
1231210 575817 m2 0.0338 0.295188 0.20516 0 0.00957815
1231210 500325 m2 0.0278 0.157638 0.458972 -0.00779486 0
1231210 83450 m2 0.1404 -0.052577 0.579764 0 0.0159987
1231210 254080 m2 0.04725 0.202054 0.390651 -0.00577106 0
1231210 438677 m2 0.04555 0.323966 0.208427 0 -0.0338655
1231210 415174 m2 0.07165 -0.392251 -0.0406514 0 0.0493333
1231210 695568 m2 0.01195 -0.215717 -0.00750012 -0.0123785 0
1231210 692994 m2 0.01125 -0.287521 0.2294 -0.01312 0
1231210 549757 m2 0.023 -0.199356 0.351202 0 -0.0476288
1231210 330992 m2 0.0514 -0.153673 -0.308126 -0.00686243 0
1231210 542892 m2 0.0192 0.100462 0.29766 0.0131619 0
1231210 511391 m2 0.02535 0.308272 0.155025 0 -0.00287901
1231210 241420 m2 0.0447 -0.344861 0.0984684 0 -0.055396
1231210 191987 m2 0.082 0.00227735 0.659853 0 0.0489911
1231210 106641 m2 0.0405 -0.101996 -0.18526 0.0274489 0
1231210 668488 m2 0.0123 0.223017 0.341578 0.00693961 0
1231210 19317 m2 0.20805 0.0082388 0.528202 0.0261603 0
1231210 393898 m2 0.0173 -0.210612 0.292356 -0.0128867 0
1231210 585667 m2 0.02155 0.149797 0.23146 0 -0.0294759
1231210 24579 m2 0.0957 0.291203 -0.302168 0 -0.0381528
1231210 581945 m2 0.05295 0.306427 0.310256 0.0296802 0
1231210 532479 m2 0.04855 0.334394 0.51521 0.072349 0
1231210 11956 m2 0.01065 -0.0695901 0.339005 -0.00364745 0
1231210 410881 m2 0.01225 0.135829 0.380515 -0.0197471 0
1231210 112901 m2 0.05795 0.0586502 0.180115 0.00693138 0
1231210 552558 m2 0.01195 0.207984 0.371366 0.0510378 0
1231210 567180 m2 0.0709 -0.00904364 0.556952 0 0.0678812
1231210 414629 m2 0.01825 -0.201006 0.287245 0 0.0176712
1231210 244184 m2 0.0102 0.0549556 0.364366 0 -0.00833209
1231210 74360 m2 0.08745 -0.0885896 0.438532 0 0.0150517
1231210 324732 m2 0.1156 -0.195267 0.577896 0 -0.00210323
1231210 420976 m2 0.01075 0.208306 -0.324764 0.0563064 0
1231210 684500 m2 0.02375 0.360889 0.332366 0 -0.0731938
1231210 556857 m2 0.02925 -0.0860038 0.331048 0 -0.0625572
1231210 428781 m2 0.0137 0.209659 0.352432 -0.0354148 0
1231210 391062 m2 0.01765 -0.0655257 0.0480502 0 0.0450094
1231210 53894 m2 0.01765 -0.134132 0.358074 -0.0154124 0
1231210 638689 m2 0.014 -0.0560558 0.209359 -0.0286675 0
1231210 341793 m2 0.013 -0.0259426 0.213717 0 0.0242055
1231210 391059 m2 0.03725 -0.0708163 0.444452 0 0.0406249
1231210 680345 m2 0.0107 0.2684 0.455139 -0.0342314 0
1231210 642601 m2 0.01105 0.143272 0.297795 -0.0118383 0
1231210 308661 m2 0.01515 0.184677 0.502884 0.0316421 0
1231210 10919 m2 0.0836 -0.237472 -0.272638 0 0.0147069
1231210 16709 m2 0.0893 0.53152 -0.213299 0.034589 0
1231210 453966 m2 0.0295 -0.051063 0.590509 -0.0299283 0
1231210 721486 m2 0.01005 0.016418 0.0423553 0.052182 0
1231210 31002 m2 0.11735 0.0846547 0.599151 0 0.00614621
1231210 446082 m2 0.03515 -0.270316 0.268276 0 0.0331004
1231210 583385 m2 0.0115 0.289689 0.253372 0 0.0168884
1231210 367346 m2 0.0165 -0.14388 0.16076 0 -0.027682
1231210 622597 m2 0.0217 0.226564 0.279893 0 0.0407237
1231210 468820 m2 0.0576 -0.341935 -0.336814 -0.0389221 0
1231210 231026 m2 0.371 0.862985 0.127872 0.11848 0
1231210 313296 m2 0.05245 -0.137027 0.516333 -0.0261119 0
1231210 649517 m2 0.02975 0.121035 0.384271 0 0.000639148
1231210 343441 m2 0.0175 0.280591 0.406212 0.0603241 0
1231210 636665 m2 0.0171 0.326248 0.167906 0.0445784 0
1231210 708752 m2 0.01265 0.361247 0.279291 0 0.0579463
1231210 183401 m2 0.11095 -0.386758 -0.285749 -0.115698 0
1231210 421922 m2 0.02625 -0.170867 0.394957 -0.036575 0
1231210 636662 m2 0.01255 0.390739 0.297109 0.0747714 0
1231210 464735 m2 0.01465 -0.101871 0.41634 0 -0.00460945
1231210 614097 m2 0.0131 0.285098 0.151997 0 0.0938598
1231210 220670 m2 0.01035 0.112631 -0.187283 0 0.0185746
1231210 671510 m2 0.01075 -0.147317 0.26622 0 0.029314
1231210 613818 m2 0.0102 -0.147063 -0.0221377 0 -0.00662228
1231210 590158 m2 0.01005 -0.170178 -0.0566551 -0.0325256 0
1231210 40025 m2 0.0915 0.136741 0.558438 0 -0.0291324
1231210 343180 m2 0.0153 -0.293194 0.25373 -0.0983347 0
1231210 16684 m2 0.06885 -0.200987 0.16356 0 -0.0156758
1231210 583375 m2 0.0233 -0.250694 0.35735 0 0.000512724
1231210 135531 m2 0.0573 -0.0439187 0.54492 0.039089 0
1231210 638400 m2 0.0179 -0.23972 0.275019 0 -0.0365401
1231210 532446 m2 0.01425 0.21612 0.3796 0.0156581 0
1231210 614090 m2 0.034 0.324553 0.462362 0.00521955 0
1231210 434737 m2 0.02645 0.040343 0.47104 0 0.0509965
1231210 633341 m2 0.0119 0.0964703 0.211976 0 -0.0627356
1231210 143335 m2 0.0163 -0.308774 0.0569295 0 -0.012501
1231210 271083 m2 0.11555 0.358184 -0.281385 -0.0165396 0
1231210 660864 m2 0.0124 0.269916 0.363113 0 -0.0243397
1231210 551770 m2 0.02735 0.15999 -0.160867 0 -0.014127
1231210 289429 m2 0.02015 0.191431 0.189734 0.0655631 0
1231210 418945 m2 0.01555 -0.279768 0.204704 0 0.0853933
1231210 458892 m2 0.02525 -0.247885 0.253842 -0.0351495 0
1231210 560330 m2 0.01445 0.33925 0.366923 0.0635556 0
1231210 632922 m2 0.0309 -0.07145 0.0851333 0 -0.0461446
1231210 114591 m2 0.24175 0.10605 0.707117 -0.0138031 0
1231210 93865 m2 0.0494 0.19373 0.508471 0.0321934 0
1231210 534909 m2 0.01535 -0.0710409 0.430107 0.0276389 0
1231210 362852 m2 0.0234 0.278143 0.33518 0 0.0217515
1231210 272626 m2 0.01505 0.349295 -0.231803 0.0430486 0
1231210 253277 m2 0.02715 0.134708 0.0776896 0 0.0102584
1231210 285157 m2 0.1307 -0.509875 -0.115099 -0.0745731 0
1231210 306205 m2 0.0269 0.384808 0.394795 0 0.00847608
1231210 460155 m2 0.03905 -0.000823523 0.591551 0 0.0247904
1231210 117348 m2 0.0218 0.399217 -0.353338 0.0197497 0
1231210 704409 m2 0.01005 -0.307593 -0.0192485 0 -0.0387264
1231210 452433 m2 0.03425 -0.234158 0.393933 0 -0.0468504
1231210 336478 m2 0.0441 0.315809 0.502297 0.0167924 0
1231210 128399 m2 0.0693 0.0573893 0.100793 0 0.0371599
1231210 465000 m2 0.04115 0.158618 0.507838 0 0.0747794
1231210 395114 m2 0.01335 -0.062323 0.25066 0 0.0689192
1231210 48592 m2 0.1034 0.0512413 0.668193 0 0.0150098
1231210 446061 m2 0.0367 0.156964 -0.0888026 0 0.0251756
1231210 456628 m2 0.0314 -0.318127 0.305897 -0.0377109 0
1231210 193224 m2 0.1768 0.299046 0.269349 0 0.00815918
1231210 715329 m2 0.01595 0.0054402 0.0652406 0 -0.0197589
1231210 28490 m2 0.2017 0.572969 0.519751 0.0799197 0
1231210 85652 m2 0.04585 -0.175962 0.451041 -0.031015 0
1231210 413616 m2 0.07835 -0.137801 0.165138 -0.0631325 0
1231210 109074 m2 0.11185 0.22316 0.576188 0 0.0571973
1231210 697485 m2 0.01645 -0.289075 0.0986139 0 0.0373788
1231210 272118 m2 0.03485 -0.217335 0.387742 -0.0336855 0
1231210 254275 m2 0.02415 0.264719 0.449031 0.0281895 0
1231210 134758 m2 0.02705 -0.173742 0.379563 -0.0780352 0
1231210 648055 m2 0.01045 0.334936 0.348908 0 0.0165863
1231210 25477 m2 0.05295 -0.123699 -0.432769 0 0.0131283
1231210 314840 m2 0.05195 0.0887139 0.36154 0 0.0511269
1231210 626350 m2 0.03245 0.287244 0.429507 0 0.00744823
1231210 212192 m2 0.01545 -0.136441 0.374765 0.00919091 0
1231210 359697 m2 0.0301 0.333778 0.108576 0.03277 0
1231210 166041 m2 0.03595 -0.287708 0.318187 -0.0334849 0
1231210 532432 m2 0.0127 0.349799 -0.0850958 0.00881556 0
1231210 562580 m2 0.0136 0.249681 0.363191 0 -0.0518849
1231210 94904 m2 0.0173 -0.198349 0.379235 0 0.0687712
1231210 595782 m2 0.02085 -0.247495 0.236672 0 -0.0322768
1231210 627823 m2 0.01255 0.172778 0.373592 0.0457514 0
1231210 552755 m2 0.01765 0.141633 -0.103338 0 0.0534347
1231210 312688 m2 0.0721 0.143391 -0.446903 0 -0.0247907
1231210 103590 m2 0.13235 -0.0784441 0.548043 0 0.034237
1231210 67793 m2 0.0716 -0.120071 -0.178735 0.0124796 0
1231210 580950 m2 0.01075 -0.302673 0.273844 0.0126696 0
1231210 255249 m2 0.04965 0.054163 -0.293441 0 0.0325413
1231210 277093 m2 0.03185 0.343866 0.492872 0.0335111 0
1231210 638877 m2 0.05265 0.42135 0.382152 0 -0.00648141
1231210 552280 m2 0.0172 -0.122115 0.288678 0 0.0420971
1231210 643772 m2 0.01375 -0.290045 -0.173802 -0.0755876 0
1231210 698743 m2 0.0118 0.327759 0.229951 0 -0.00989106
1231210 562057 m2 0.0205 0.147163 0.0995939 0 0.0406048
1231210 403134 m2 0.0777 -0.460267 -0.168737 0.0180337 0
1231210 225892 m2 0.02895 0.363713 0.396763 0 0.0647394
1231210 644495 m2 0.01405 -0.275686 0.268013 -0.000644884 0
1231210 51533 m2 0.02225 0.199525 -0.0650765 0 0.0157319
1231210 731307 m2 0.01055 0.247487 0.326252 0 -0.11543
1231210 724998 m2 0.0122 0.255358 0.330464 0.0316781 0
1231210 297522 m2 0.04695 -0.13769 0.283115 0 0.0453798
1231210 136511 m2 0.18745 0.203486 0.34823 0 0.00475985
1231210 299251 m2 0.04825 -0.357684 0.426105 -0.0217013 0
1231210 547387 m2 0.0152 0.201686 0.303723 0.0313589 0
1231210 198695 m2 0.0472 0.0725954 0.557466 0.028731 0
1231210 479628 m2 0.06335 0.411248 0.345903 0.0413545 0
1231210 45660 m2 0.1226 0.329268 -0.298259 0 0.0128483
1231210 597486 m2 0.0307 -0.0220418 0.470869 0 0.0888247
1231210 696257 m2 0.0119 -0.0994333 0.097343 0 -0.0583062
1231210 703630 m2 0.01135 -0.327231 0.318736 0 0.0718887
1231210 585378 m2 0.0113 -0.180063 0.0515768 0 0.036726
1231210 99128 m2 0.06145 0.0144483 0.611924 -0.000125934 0
1231210 315836 m2 0.03215 0.359854 0.258413 0 -0.0323998
1231210 614328 m2 0.0382 0.289761 0.429231 -0.00865948 0
1231210 607068 m2 0.01425 0.28003 0.285409 0.0306937 0
1231210 369834 m2 0.01025 -0.0430102 -0.0259867 0.0256664 0
1231210 617414 m2 0.04225 -0.177122 -0.2205 0 -0.00462767
1231210 669976 m2 0.0126 -0.340369 -0.0751043 -0.0267229 0
1231210 397630 m2 0.02345 -0.157664 0.413265 -0.0347735 0
1231210 271293 m2 0.13085 0.0833342 0.132839 0 0.0194113
1231210 66786 m2 0.0329 0.00357397 0.393431 0 0.0746021
1231210 343405 m2 0.1322 -0.0798145 0.438622 0 0.0606482
1231210 614063 m2 0.0107 -0.236848 0.117478 0 -0.0526702
1231210 338664 m2 0.09025 0.427084 -0.237972 0.0314972 0
1231210 515401 m2 0.02885 0.19606 0.321635 0.0206968 0
1231210 437854 m2 0.01915 0.29809 0.297204 0.0096245 0
1231210 554763 m2 0.02665 -0.137553 0.291088 0 -0.00107422
1231210 682084 m2 0.01875 -0.324751 0.259647 0 -0.14281
1231210 206611 m2 0.0991 -0.0284752 0.482298 0 0.0604535
1231210 657777 m2 0.01045 0.151498 0.32051 -0.00517782 0
1231210 50986 m2 0.0678 0.0188697 -0.348499 0 -0.0487519
1231210 260545 m2 0.01225 0.159605 0.321747 0.051678 0
1231210 226295 m2 0.14285 -0.20898 -0.229079 0 0.0383187
1231210 266345 m2 0.05945 0.219125 0.0302332 0 -0.0051685
1231210 225086 m2 0.04265 -0.0307844 0.60227 0 0.0536222
1231210 159103 m2 0.0129 -0.054469 0.268501 0 -0.00253811
1231210 665684 m2 0.0103 -0.173558 0.191707 0 0.0321873
1231210 300006 m2 0.0595 -0.207235 0.459705 -0.0489738 0
1231210 616391 m2 0.0126 0.184773 0.329183 0.00738795 0
1231210 221146 m2 0.04405 0.107974 0.551162 0 0.0027842
1231210 524662 m2 0.03055 0.400162 0.358224 0 0.0186084
1231210 129803 m2 0.02105 0.343727 0.417616 0.0174806 0
1231210 565088 m2 0.01115 0.187686 0.353549 0 0.0700632
1231210 586565 m2 0.02 0.342463 0.372632 0.050694 0
1231210 56488 m2 0.0399 -0.0841228 0.411748 0 -0.0174483
1231210 527977 m2 0.01715 0.0285681 0.452193 0 0.0516589
1231210 73236 m2 0.11175 -0.400333 0.0992741 0 0.0148296
1231210 320059 m2 0.05 -0.018282 0.52834 -0.0124214 0
1231210 66741 m2 0.1312 -0.422127 -0.0867653 -0.0392287 0
1231210 263003 m2 0.0215 -0.321562 0.00357385 0 0.0219488
1231210 589573 m2 0.0234 -0.135659 0.387749 -0.00763752 0
1231210 515893 m2 0.14895 0.363093 -0.261011 0.0116634 0
1231210 661076 m2 0.02575 -0.295232 0.0720964 -0.00632619 0
1231210 396121 m2 0.0994 0.117917 0.235603 0 0.0232071
1231210 263002 m2 0.01315 0.0581417 0.38926 0 0.0190509
1231210 241848 m2 0.0469 0.379453 0.177168 0.000600273 0
1231210 88079 m2 0.1455 -0.394521 0.435063 0 0.0800567
1231210 320358 m2 0.03565 -0.229282 0.382172 -0.0101532 0
1231210 501312 m2 0.0144 0.313167 0.2547 0.0189193 0
1231210 436636 m2 0.06345 -0.208497 0.453103 0 0.0404142
1231210 648273 m2 0.01095 -0.313136 0.222072 0 -0.0358496
1231210 331672 m2 0.1366 -0.369904 -0.0806159 -0.0528024 0
1231210 368838 m2 0.02795 0.358998 -0.262289 0.00598481 0
1231210 347856 m2 0.0414 -0.235526 -0.0388596 -0.0271357 0
1231210 616151 m2 0.024 0.265148 0.40404 0.0262101 0
1231210 91039 m2 0.4104 -0.124894 0.602272 0 0.0219384
1231210 490747 m2 0.02875 -0.17281 -0.399573 -0.0295332 0
1231210 293707 m2 0.09625 -0.0223237 -0.113187 -0.00702358 0
1231210 580413 m2 0.02115 0.300012 0.382225 0.0539191 0
1231210 254732 m2 0.04515 0.423586 0.0714936 0 -0.0338087
1231210 613261 m2 0.0357 0.062248 -0.200937 0 0.0673301
1231210 583793 m2 0.0119 -0.285255 -0.0791955 0 -0.0411761
1231210 667663 m2 0.0172 0.331409 0.0526591 0 -0.00233784
1231210 468203 m2 0.0223 -0.277346 0.241541 -0.0517385 0
1231210 267312 m2 0.03395 0.241777 0.356866 0 0.0731934
1231210 532687 m2 0.01895 0.0769856 0.384221 -0.0151742 0
1231210 295964 m2 0.06115 0.144431 0.175852 0.00814853 0
1231210 609074 m2 0.02835 -0.267574 0.377299 -0.0515041 0
1231210 226528 m2 0.0114 0.237731 0.456571 0.0218225 0
1231210 597696 m2 0.01285 0.299514 0.39415 0 0.0305201
1231210 455572 m2 0.0114 -0.286571 0.236621 -0.108666 0
1231210 652196 m2 0.01045 -0.158562 0.112002 0 -0.0174846
1231210 166500 m2 0.14335 -0.456043 0.103416 -0.0738193 0
1231210 463731 m2 0.03255 0.00995456 0.46005 -0.013031 0
1231210 405873 m2 0.0157 0.16033 0.336187 -0.00223698 0
1231210 509415 m2 0.01285 -0.110427 -0.031877 0 -0.0376609
1231210 663470 m2 0.01865 0.31237 0.36826 -0.0217927 0
1231210 444241 m2 0.03935 -0.0422076 0.503288 0 0.0251212
1231210 617142 m2 0.0144 -0.315726 -0.0809406 -0.0275854 0
1231210 283871 m2 0.0491 -0.25995 -0.335297 0 0.0156567
1231210 153170 m2 0.18145 -0.0963591 -0.0590285 -0.00670423 0
1231210 202553 m2 0.08655 -0.224516 -0.341649 0 -0.0498368
1231210 164960 m2 0.0521 -0.345992 0.319128 -0.0703898 0
1231210 542059 m2 0.0122 0.217411 0.297447 0.0535776 0
1231210 619130 m2 0.01035 0.251631 0.180703 0 0.0228474
1231210 713977 m2 0.015 -0.0266439 0.110928 0.00367102 0
1231210 632050 m2 0.0302 0.32322 -0.271983 0 0.0462019
1231210 729727 m2 0.0124 -0.124545 0.154203 0 -0.03232
1231210 461669 m2 0.02825 -0.00354088 0.344352 0 -0.00735778
1231210 140541 m2 0.0421 -0.0592158 0.400005 0.0141024 0
1231210 569762 m2 0.0422 -0.198615 0.0531984 0 0.0352417
1231210 329927 m2 0.05205 0.190946 0.511312 0 0.0480545
1231210 614814 m2 0.0155 -0.392918 -0.0581301 -0.0396994 0
1231210 359412 m2 0.04035 -0.154738 0.307324 -0.0122076 0
1231210 271773 m2 0.0968 0.120904 -0.0666605 0 -0.00308246
1231210 275589 m2 0.01705 -0.207663 0.355112 0.00861462 0
1231210 705626 m2 0.0114 0.255288 0.0533517 0.0586453 0
1231210 405861 m2 0.03065 -0.27075 0.234565 0 0.0108872
1231210 90543 m2 0.085 -0.312241 0.269656 -0.0402308 0
1231210 292074 m2 0.0412 0.384122 0.401255 0 0.0121825
1231210 126853 m2 0.02705 -0.0166862 0.388713 0 -0.0263848
1231210 104283 m2 0.1935 0.595396 -0.40374 0.0593664 0
1231210 712444 m2 0.01055 0.10181 -0.177754 0 0.013242
1231210 98281 m2 0.12355 0.0214172 -0.539276 0 -0.0450081
1231210 420353 m2 0.11185 0.0821042 -0.627815 0 0.00607519
1231210 502569 m2 0.03425 0.447799 -0.00322938 0 -0.0549928
1231210 145555 m2 0.09605 0.422699 0.539236 0.0951219 0
1231210 242609 m2 0.02735 -0.281367 0.215231 -0.0507758 0
1231210 638839 m2 0.01105 0.100065 -0.279032 0.0267691 0
1231210 407055 m2 0.0354 0.317987 -0.307026 0.0268295 0
1231210 316324 m2 0.0158 0.0917815 0.341491 0.0147511 0
1231210 700456 m2 0.019 -0.0294665 -0.0370006 -0.0349143 0
1231210 530469 m2 0.01495 -0.157597 -0.281365 0 -0.071092
1231210 245381 m2 0.02915 -0.102676 0.263838 0 0.0423927
1231210 114510 m2 0.18175 0.124726 -0.43506 0 -0.034226
1231210 145003 m2 0.18285 0.100527 -0.484951 -0.011092 0
1231210 655236 m2 0.0167 -0.213278 -0.0242276 0 -0.0544198
1231210 262546 m2 0.05105 -0.182502 0.464196 0 0.0323687
1231210 175091 m2 0.278 -0.134896 -0.654992 -0.00883028 0
1231210 388187 m2 0.03955 0.16916 -0.236308 0 0.0216836
1231210 575727 m2 0.032 0.147175 0.0641069 0 -0.0156045
1231210 255193 m2 0.11035 0.258551 0.62144 0 0.0660909
1231210 656989 m2 0.01135 -0.305299 0.194159 0 -0.0439792
1231210 576476 m2 0.01775 -0.256224 0.298672 0 -0.0256113
1231210 110774 m2 0.1144 -0.256043 0.0870901 -0.026416 0
1231210 587319 m2 0.05795 -0.0982416 -0.095448 0 -0.00357208
1231210 166714 m2 0.017 -0.309066 0.0423433 0 0.0649709
1231210 680023 m2 0.0236 -0.341109 -0.273029 0 -0.0195612
1231210 449462 m2 0.0131 0.181791 -0.158451 0.0405515 0
1231210 240252 m2 0.1479 -0.475372 0.0435501 -0.0371383 0
1231210 130242 m2 0.1565 -0.245722 0.176537 -0.0142775 0
1231210 640321 m2 0.0169 -0.252244 0.162107 0 -0.0273634
1231210 158307 m2 0.1963 -0.245244 -0.319485 0 -0.0290287
1231210 448961 m2 0.0512 -0.344408 0.315369 -0.0318124 0
1231210 173857 m2 0.0602 0.139749 0.564672 0 -0.000319511
1231210 610293 m2 0.0202 0.176494 -0.239469 0.00575047 0
1231210 282571 m2 0.07305 0.289387 0.517102 -0.0141298 0
1231210 123030 m2 0.0654 -0.00589232 0.373609 0 -0.0425925
1231210 376790 m2 0.07495 0.147951 0.54502 0 0.0135567
1231210 363506 m2 0.0442 -0.23893 0.338981 -0.0619639 0
1231210 139243 m2 0.05895 -0.0497216 0.24014 0 -0.0108622
1231210 183593 m2 0.1203 -0.210365 0.469773 -0.0446139 0
1231210 601810 m2 0.0123 -0.0619527 0.26886 -0.0293524 0
1231210 639076 m2 0.0137 0.0114839 0.162163 0 -0.00856707
1231210 193586 m2 0.12705 -0.158608 0.500194 0 -0.00487642
1231210 275336 m2 0.09255 -0.208706 -0.51715 -0.0199288 0
1231210 244302 m2 0.0257 0.341576 0.299511 0 0.0543514
1231210 133977 m2 0.0375 -0.268887 0.363432 -0.0277582 0
1231210 383601 m2 0.172 -0.435318 -0.0798069 -0.095365 0
1231210 160254 m2 0.12505 -0.180377 -0.152336 0 -0.0401895
1231210 275842 m2 0.09745 0.2769 0.517538 0 0.0196593
1231210 283848 m2 0.0683 -0.291303 0.51527 0 0.0831901
1231210 263491 m2 0.0773 -0.258385 -0.313023 0 -0.018961
1231210 619118 m2 0.01405 -0.126724 -0.143272 -0.085044 0
1231210 548654 m2 0.0177 0.160137 0.445237 0 0.0585803
1231210 175825 m2 0.0829 -0.00608154 0.53924 0 0.054693
1231210 516090 m2 0.02595 0.198239 0.116124 0 -0.000684755
1231210 638333 m2 0.02095 0.131523 0.0768914 0 -0.0500246
1231210 157055 m2 0.0715 0.49784 -0.0633816 0.085887 0
1231210 682270 m2 0.01585 -0.144609 0.0284441 -0.000939394 0
1231210 411776 m2 0.0326 0.143756 0.371469 0.0195871 0
1231210 702628 m2 0.01145 -0.00460089 -0.16798 -0.00577453 0
1231210 173822 m2 0.10255 -0.234207 0.347553 0 0.00136043
1231210 251447 m2 0.14975 -0.00505995 -0.810574 0 -0.137812
1231210 178869 m2 0.03335 -0.0440743 -0.456901 0 -0.0242217
1231210 298425 m2 0.0121 -0.101138 -0.162752 0 0.0268849
1231210 526086 m2 0.0742 0.14583 -0.66469 0 -0.0227276
1231210 146770 m2 0.20245 -0.312647 -0.57997 -0.0147155 0
1231210 153140 m2 0.06035 -0.162868 0.16211 0 -0.0297852
1231210 185868 m2 0.0357 0.117758 0.337349 0 0.0551288
1231210 258566 m2 0.02035 0.239741 -0.0807549 0 -0.0125415
1231210 492549 m2 0.0225 -0.343339 -0.00652252 -0.0172033 0
1231210 211428 m2 0.0489 0.219833 -0.334013 0 -0.0116714
1231210 247769 m2 0.0251 0.146843 0.205296 -0.023233 0
1231210 190090 m2 0.06255 0.142886 0.550883 0.0351419 0
1231210 176824 m2 0.12315 0.0408773 -0.370554 0 -0.0224154
1231210 516337 m2 0.0391 -0.262091 -0.344933 0 0.0616612
1231210 395807 m2 0.0575 -0.325895 0.266615 -0.0230542 0
1231210 669169 m2 0.0352 -0.271751 0.346862 -0.0295884 0
1231210 325367 m2 0.18125 -0.341352 -0.113884 -0.0697034 0
1231210 308834 m2 0.0304 0.344683 0.24256 0 -0.012523
1231210 211622 m2 0.05555 0.390837 0.423449 0.0481355 0
1231210 623073 m2 0.0235 0.246633 0.111607 0 -0.0214139
1231210 173844 m2 0.0107 0.399055 0.384489 0.106965 0
1231210 190361 m2 0.1785 -0.260335 -0.495148 0 0.00419347
1231210 196374 m2 0.14405 0.230004 -0.507615 0.0178641 0
1231210 219850 m2 0.10295 -0.197832 -0.316817 0 -0.0282878
1231210 558962 m2 0.04065 0.198061 0.433853 0 -0.0120995
1231210 171959 m2 0.0872 -0.319717 -0.408831 0 0.0186489
1231210 501001 m2 0.02815 0.203365 -0.174254 -0.0345786 0
1231210 194837 m2 0.1022 -0.0506335 0.0992724 0.0112334 0
1231210 397312 m2 0.0552 -0.392582 0.00178236 0 -0.0270092
1231210 719653 m2 0.01475 -0.320941 0.025816 0 0.0292768
1231210 279594 m2 0.0621 0.256725 0.613732 0.0510908 0
1231210 663217 m2 0.01185 -0.300023 -0.0457138 0 0.0112903
1231210 579402 m2 0.0863 -0.0139175 -0.393676 0.0281347 0
1231210 303567 m2 0.01555 0.259237 0.368112 0 0.0030552
1231210 221585 m2 0.0354 -0.208255 -0.179959 0 -0.0380198
1231210 646211 m2 0.01065 0.0403444 0.403197 0.00104612 0
1231210 658240 m2 0.016 0.1786 0.0805169 0 0.0518274
1231210 652659 m2 0.0165 -0.0645848 -0.423751 0 0.010179
1231210 508048 m2 0.05435 -0.0846155 -0.319544 0 -0.127209
1231210 272276 m2 0.02735 -0.0225506 0.311825 -0.036047 0
1231210 186615 m2 0.0324 0.0317698 0.458824 -0.0158626 0
1231210 624781 m2 0.011 -0.104647 0.131938 0 0.0303057
1231210 245603 m2 0.03455 0.00873862 0.330151 0.0214197 0
1231210 675655 m2 0.01895 0.317481 0.365758 0 0.0671235
1231210 622271 m2 0.03115 0.0743335 -0.298431 0 0.0145811
1231210 414755 m2 0.0131 0.371033 0.382577 0.0681257 0
1231210 172230 m2 0.0172 -0.315397 0.301454 -0.041616 0
1231210 341434 m2 0.0168 0.130129 0.40125 0 -0.00978544
1231210 697419 m2 0.01185 0.124123 -0.293562 0.0314873 0
1231210 275096 m2 0.02135 -0.108501 0.433734 0.00309572 0
1231210 484368 m2 0.01865 -0.178434 0.269437 -0.0640086 0
1231210 681227 m2 0.01715 0.0605604 -0.0798812 0 0.0384619
1231210 691077 m2 0.01105 0.412865 0.169036 0 -0.0387602
1231210 314771 m2 0.10225 -0.318426 -0.295985 -0.0712505 0
1231210 464430 m2 0.01585 0.322302 -0.0859235 0.0211363 0
1231210 584762 m2 0.03855 -0.277018 -0.231141 0 0.0145663
1231210 602554 m2 0.04555 0.323966 0.208427 0 -0.0388345
1231210 244295 m2 0.24465 0.441505 -0.399524 0 -0.041658
1231210 717890 m2 0.01535 0.181951 0.0525209 0.0124402 0
1231210 350328 m2 0.07285 0.317861 -0.204232 0.0521919 0
1231210 292106 m2 0.04115 0.00771801 0.374225 0 0.0276323
1231210 239251 m2 0.072 -0.133675 0.511485 -0.00688271 0
1231210 501509 m2 0.0236 -0.361581 -0.247235 -0.0350386 0
1231210 250702 m2 0.10045 -0.36923 0.033657 0.00569903 0
1231210 432404 m2 0.0457 0.473882 0.357771 0.0513669 0
1231210 421604 m2 0.0136 0.340799 -0.044823 0 -0.0885454
1231210 379848 m2 0.0275 -0.245695 0.389833 0 -0.0282205
1231210 493751 m2 0.05205 -0.146838 -0.267428 0 0.0322279
1231210 358337 m2 0.01955 -0.175251 0.195506 -0.0383312 0
1231210 492271 m2 0.02275 -0.286635 0.215323 0 -0.0367779
1231210 697189 m2 0.0129 -0.234649 -0.110178 -0.00713566 0
1231210 609004 m2 0.04175 -0.367131 -0.258257 0 0.0512052
1231210 659501 m2 0.01245 -0.267565 0.057803 0 0.040931
1231210 624511 m2 0.036 0.244027 -0.131447 0 0.0114208
1231210 465142 m2 0.0869 -0.0125782 -0.420586 0 -0.0592998
1231210 305094 m2 0.0572 0.287484 -0.286453 0 0.0167207
1231210 401594 m2 0.08185 0.187975 -0.131138 0.043459 0
1231210 442968 m2 0.1498 0.352851 -0.328057 0 0.0280289
1231210 361341 m2 0.0682 -0.304847 0.284178 0 -0.0162239
1231210 389192 m2 0.0194 -0.206827 0.347818 0 -0.00561189
1231210 331602 m2 0.12045 0.177528 0.412013 0.032545 0
1231210 306850 m2 0.08855 -0.167446 -0.157748 0.00519298 0
1231210 606241 m2 0.01095 0.0154343 0.210155 0 -0.0305237
1231210 486720 m2 0.03175 0.323033 0.474176 -0.000861841 0
1231210 567050 m2 0.0268 0.039923 0.217218 0 -0.0373096
1231210 557209 m2 0.01995 0.0672562 0.0474063 0 0.0131947
1231210 504504 m2 0.0109 -0.281377 0.313299 0 0.00585663
1231210 316271 m2 0.011 -0.253708 0.320158 0 0.0104754
1231210 593145 m2 0.04915 -0.276263 -0.404756 0.028064 0
1231210 554147 m2 0.01985 0.384276 -0.364902 0.048455 0
1231210 477284 m2 0.0512 0.362063 -0.15057 0 -0.00732624
1231210 299699 m2 0.11185 -0.493625 0.0684443 -0.102997 0
1231210 451147 m2 0.0183 -0.191086 0.21853 0 0.020776
1231210 299679 m2 0.06755 -0.247608 -0.123675 0.0109397 0
1231210 331853 m2 0.0867 -0.0669966 -0.452291 0 -0.0632768
1231210 631320 m2 0.0125 0.225873 -0.363918 0.0176111 0
1231210 358080 m2 0.12775 0.611958 -0.234241 0.0633465 0
1231210 698903 m2 0.01175 -0.299375 -0.09226 0 0.0137498
1231210 579864 m2 0.09635 -0.0678056 -0.356149 -0.0332093 0
1231210 433670 m2 0.02005 -0.159611 0.284735 -0.0259614 0
1231210 362057 m2 0.0331 -0.0348361 -0.451745 0 -0.0555919
1231210 324609 m2 0.06075 -0.288249 0.253145 0 0.00740701
1231210 371488 m2 0.07195 -0.0312541 -0.0890407 0.0414568 0
1231210 357074 m2 0.07995 0.484547 0.160034 0 -0.0458259
1231210 455304 m2 0.28955 0.407599 0.142693 0 0.0688408
1231210 405042 m2 0.07945 0.295387 -0.693618 0.106665 0
1231210 433631 m2 0.08875 -0.109124 -0.148197 -0.0134037 0
1231210 365935 m2 0.0465 0.264092 0.304241 0.0247361 0
1231210 713429 m2 0.01085 0.182836 0.0354191 0.00136356 0
1231210 424414 m2 0.044 -0.1589 0.16235 -0.0290721 0
1231210 702855 m2 0.01835 -0.170654 -0.403664 0 0.00784307
1231210 411236 m2 0.0548 -0.0252666 0.282099 -0.00972818 0
1231210 366656 m2 0.09965 -0.166573 -0.459424 0 -0.0543487
1231210 346759 m2 0.0392 0.139565 0.451099 0.0306669 0
1231210 386383 m2 0.0472 0.23 0.295993 0.0392418 0
1231210 644961 m2 0.0178 -0.0191396 -0.0292844 0.00670734 0
1231210 366946 m2 0.04645 0.539029 0.0422118 0.0796428 0
1231210 375529 m2 0.11045 -0.287649 0.409305 -0.0624333 0
1231210 431672 m2 0.01375 -0.192624 0.0188713 0 0.0230454
1231210 373228 m2 0.04855 -0.00241607 0.299611 -0.0222767 0
1231210 377229 m2 0.0694 -0.11839 0.475433 0 0.118452
1231210 615053 m2 0.02115 -0.131379 0.0832643 0 -0.00883063
1231210 667604 m2 0.0386 0.477764 -0.327804 0 0.0142227
1231210 533858 m2 0.03365 -0.217681 0.126058 -0.0133796 0
1231210 464386 m2 0.0501 -0.241378 -0.215728 -0.0493324 0
1231210 367485 m2 0.06185 0.347191 -0.204429 -0.0462412 0
1231210 365913 m2 0.08605 0.16881 0.363543 -0.0137105 0
1231210 389966 m2 0.0704 -0.108734 0.17014 0.0186309 0
1231210 421332 m2 0.02025 0.102049 0.364002 0 -0.0399696
1231210 394997 m2 0.0125 -0.264549 0.262399 -0.00571995 0
1231210 723108 m2 0.0129 0.144479 -0.138046 0.0125477 0
1231210 456532 m2 0.0174 -0.209423 -0.152065 0 -0.0207538
1231210 543275 m2 0.01345 0.172457 0.00136685 0 0.0250314
1231210 521499 m2 0.0633 -0.128871 -0.515824 0 -0.0234931
1231210 621313 m2 0.0335 0.123854 -0.0832752 0 -0.009617
1231210 414257 m2 0.0229 -0.159544 0.114606 0 -0.00748368
1231210 399972 m2 0.05375 0.332974 -0.0498331 0.0508584 0
1231210 426392 m2 0.0871 0.154351 -0.439178 0 -0.063917
1231210 557936 m2 0.02975 -0.0561375 0.252818 -0.00192061 0
1231210 505570 m2 0.02775 0.169111 -0.206676 0 -0.0803774
1231210 416063 m2 0.1565 -0.170391 -0.346103 -0.0236742 0
1231210 624712 m2 0.0256 -0.14436 -0.312962 0 -0.0118155
1231210 384318 m2 0.07645 -0.0153942 -0.583407 -0.0202984 0
1231210 399733 m2 0.07775 0.552833 0.143928 0.0376348 0
1231210 393732 m2 0.0149 0.174058 0.339325 0 0.0343948
1231210 521481 m2 0.0148 0.151138 0.427632 0 -0.0323357
1231210 407512 m2 0.1027 0.314839 -0.332407 0.0480467 0
1231210 603534 m2 0.01125 -0.216421 -0.383992 -0.0495059 0
1231210 450150 m2 0.03505 -0.110107 -0.401462 -0.0178784 0
1231210 422315 m2 0.0476 0.551732 -0.187936 0.117484 0
1231210 574195 m2 0.0204 0.305412 0.416567 0 -0.053583
1231210 415007 m2 0.01745 0.0705143 0.245622 0 -0.0968568
1231210 600244 m2 0.01215 -0.00294413 -0.0565444 -0.041262 0
1231210 535528 m2 0.02065 -0.020575 -0.0139464 0.0370226 0
1231210 670884 m2 0.018 -0.212033 -0.227481 0 -0.0145476
1231210 554659 m2 0.0158 0.11758 0.0181615 -0.00994882 0
1231210 640271 m2 0.01415 0.378544 -0.435959 0 -0.00414019
1231210 488711 m2 0.0177 -0.00479023 0.187036 0 -0.0383458
1231210 526909 m2 0.0103 -0.00754454 0.343284 0 0.00453496
1231210 682483 m2 0.01925 0.298843 -0.131712 0 0.000894063
1231210 668351 m2 0.0454 -0.269612 0.00393352 0 -0.0167339
1231210 656690 m2 0.0159 0.306474 -0.403673 0 0.00922209
1231210 657455 m2 0.0229 0.354564 -0.259891 0 0.0243502
1231210 648702 m2 0.01955 0.16818 0.275021 0 -0.014451
1231210 586260 m2 0.01355 0.313416 -0.267977 0 0.0518888
1231210 686408 m2 0.01135 0.196727 0.0555243 0 0.0320986
1231210 604515 m2 0.0573 -0.229319 -0.409295 -0.00187013 0
1231210 632513 m2 0.0196 -0.0548241 -0.469714 0 -0.0183419
1231210 682479 m2 0.01195 0.307863 -0.354621 -0.0777799 0
1231210 654398 m2 0.02755 -0.00373919 -0.526349 0 -0.055457
1231210 730444 m2 0.0114 0.213853 -0.11915 0 0.030948
1231210 649906 m2 0.0204 -0.144371 -0.148971 0 0.0229784
1231210 655185 m2 0.0233 -0.236399 -0.0993442 0 -0.0661536
1231210 681197 m2 0.0106 -0.0239275 -0.330546 0.0144992 0
1231210 679980 m2 0.0147 0.0837322 -0.214577 0.00926499 0
1231210 688470 m2 0.01125 0.120314 -0.00317813 -0.0828077 0
1231210 704323 m2 0.0136 -0.0966328 -0.378824 -0.0766408 0
1231210 703777 m2 0.01425 -0.138137 -0.360586 -0.0361395 0
