// Initial random seed:
3536487277781

// RunInitializeCallbacks():
initializeTreeSeq();
initializeMutationRate(1e-10);
initializeSex("A");
initializeMutationType(2, 0.5, "f", 0);
initializeGenomicElementType(1, m2, 1);
initializeGenomicElement(g1, 0, 500000);
initializeRecombinationRate(c(1e-06, 0.5, 1e-06, 0.5, 1e-06, 0.5, 1e-06, 0.5, 1e-06, 0.5, 1e-06, 0.5, 1e-06, 0.5, 1e-06, 0.5, 1e-06, 0.5, 1e-06, 0.5, 1e-06, 0.5, 1e-06, 0.5, 1e-06, 0.5, 1e-06, 0.5, 1e-06, 0.5, 1e-06, 0.5, 1e-06, 0.5, 1e-06, 0.5, 1e-06, 0.5, 1e-06), c(50000, 50001, 100000, 100001, 150000, 150001, 200000, 200001, 250000, 250001, 300000, 300001, 350000, 350001, 400000, 400001, 450000, 450001, 500000, 500001, 550000, 550001, 600000, 600001, 650000, 650001, 700000, 700001, 750000, 750001, 800000, 800001, 850000, 850001, 900000, 900001, 950000, 950001, 1000000));

QTL DFE means: 
0 0

QTL DFE variance-covariance matrix: 
     [,0] [,1]
[0,]  0.4    0
[1,]    0  0.4

// Starting run at generation <start>:
1 

100:0.999895 0.999895 -8.88178e-15 4.0681e-05 0.000194003 -0.0629396 0.158258 NAN NAN
200:0.999896 0.999896 1.32117e-14 0.000999311 -0.000319273 0.199691 0.13248 NAN NAN
300:0.999841 0.999841 4.44089e-16 0.00112089 -0.000790658 0.22522 0.458908 NAN NAN
400:0.999721 0.999721 6.21725e-15 -0.00393275 -0.000595232 0.064333 0.39519 NAN NAN
500:0.999853 0.999853 -1.66533e-15 -0.00255625 -0.000288832 0.14597 0.0985604 NAN NAN
600:0.999933 0.999933 -5.88418e-15 -0.000914792 1.20132e-06 -0.0208503 0.213757 NAN NAN
700:0.999855 0.999855 -5.77316e-15 0.000341409 0.000187622 -0.0309103 -0.104127 NAN NAN
800:0.999979 0.999979 7.10543e-15 -0.000156312 7.21631e-05 0.00912451 0.180186 NAN NAN
900:0.999767 0.999767 -2.67564e-14 -0.00179731 -0.000475173 0.214849 -0.050796 NAN NAN
1000:0.999914 0.999914 1.27676e-14 -0.0013191 0.000100419 0.147006 0.106019 NAN NAN
1100:0.995282 0.995291 -9.20477e-06 -0.000808181 0 -0.144002 NAN -0.0231227 NAN
1200:0.981435 0.981434 8.09032e-07 -5.46634e-05 -7.07887e-05 -0.230489 0.0752038 -0.0256854 0.0120634
1300:0.958404 0.958429 -2.49788e-05 0.000358981 -5.84375e-05 -0.144604 0.0794032 -0.0367325 0.00866902
1400:0.926871 0.92652 0.000350371 -7.04141e-05 0.000524541 -0.0400462 0.187028 -0.00498689 0.0478584
1500:0.906102 0.855416 0.0506856 0.00177894 0.0859732 0.240946 0.741023 0.0841746 0.548181
1600:0.876677 0.796055 0.0806224 -0.0016339 0.129575 0.208065 0.816787 0.0613821 0.65628
1700:0.886668 0.673319 0.213348 -0.0302012 0.0236576 0.389114 0.963375 0.248806 0.860363
1800:0.868965 0.578981 0.289985 -0.0966898 -0.00326295 0.750216 0.976992 0.514642 0.898627
1900:0.885047 0.457025 0.428022 0.0632501 -0.00914812 0.966591 0.975285 0.828882 0.921872
2000:0.885248 0.345476 0.539773 0.0362785 -0.020138 0.977631 0.985252 0.910447 0.935616
2100:0.908175 0.337874 0.570301 0.00900856 -0.0235996 0.986741 0.987661 0.944849 0.941485
2200:0.909462 0.338294 0.571168 0.00788144 -0.0118983 0.987934 0.987634 0.945484 0.941759
2300:0.908548 0.338173 0.570375 0.00430667 -0.00777903 0.990327 0.988036 0.946026 0.939967
2400:0.907391 0.336621 0.570769 0.013706 -0.00645981 0.991001 0.987838 0.944847 0.941379
2500:0.911892 0.336656 0.575235 0.00858225 -0.0104643 0.990531 0.98866 0.948255 0.944041
2600:0.913011 0.339015 0.573995 0.00698914 -0.00983389 0.989357 0.989949 0.9456 0.945733
2700:0.915706 0.33841 0.577296 0.0132112 0.000167484 0.988964 0.990279 0.949381 0.946102
2800:0.92172 0.341894 0.579826 0.013622 -0.0128778 0.993638 0.990484 0.955808 0.945161
2900:0.930327 0.344753 0.585575 0.00529541 -0.00105108 0.994887 0.98989 0.962788 0.948182
3000:0.929743 0.344116 0.585627 0.0176415 0.00496752 0.995087 0.989066 0.96374 0.946962
