seed mutID muttype p cor_sal cor_temp mutSalEffect mutTempEffect
1231153 1443 m2 0.182053 -0.120611 0.553454 -0.10594 0.0896912
1231153 1504 m2 0.440286 0.261777 -0.795307 0.131342 -0.303263
1231153 2141 m2 0.159141 -0.235213 0.466127 -0.0437078 0.177792
1231153 1804 m2 0.0383771 -0.21498 0.367747 -0.266957 0.439529
1231153 1723 m2 0.109451 -0.41724 -0.274184 -0.596923 -0.220485
1231153 1733 m2 0.137041 -0.494685 -0.14797 -0.589874 -0.000622317
1231153 2130 m2 0.289594 0.631995 0.333012 0.39985 0.24287
1231153 2581 m2 0.0308831 0.343828 -0.3489 0.691067 -0.282535
1231153 2778 m2 0.0217661 -0.258401 0.236519 -0.5158 0.14125
