seed mutID muttype p cor_sal cor_temp mutSalEffect mutTempEffect
1231188 77782 m2 0.052467 0.268322 0.26863 0.0608215 0
1231188 54558 m2 0.060837 -0.215943 0.334461 -0.0429042 0
1231188 65012 m2 0.0529956 0.119731 0.359799 -0.00433423 0
1231188 729027 m2 0.0106167 0.145362 0.222313 0 -0.0610803
1231188 531226 m2 0.0440088 0.141943 0.345611 0.0422304 0
1231188 572953 m2 0.025815 0.177741 0.252165 0.0053489 0
1231188 401624 m2 0.0272247 0.14842 0.223717 0 0.0117153
1231188 313748 m2 0.0697797 0.089468 0.395732 0 -0.00279142
1231188 585038 m2 0.0351101 0.2265 0.292851 0 0.0331079
1231188 382080 m2 0.0481057 0.134534 0.368346 0 0.075334
1231188 717470 m2 0.0475771 0.108544 0.357777 0.0355663 0
1231188 277214 m2 0.0707048 0.0872799 0.397724 0 0.048734
1231188 435886 m2 0.0535242 0.0668275 0.385842 -0.00765763 0
1231188 510994 m2 0.0197797 0.147493 0.223423 0.0117979 0
1231188 752604 m2 0.0223789 0.148136 0.223644 0.0396686 0
1231188 599818 m2 0.0667401 0.0954337 0.395531 0.011446 0
1231188 350069 m2 0.0538767 0.119667 0.370584 0 0.0313046
1231188 230908 m2 0.0556388 0.115868 0.369461 0.0459016 0
1231188 553387 m2 0.026696 0.17784 0.251604 0.0319529 0
1231188 612305 m2 0.0161233 0.147963 0.223591 0 -0.0099778
1231188 572131 m2 0.017489 0.150295 0.223506 0 -0.0431443
1231188 409002 m2 0.0340529 0.270591 0.267482 0 0.00713372
1231188 646933 m2 0.0169163 0.148582 0.223751 0 0.0328876
1231188 570128 m2 0.0619824 0.0984937 0.42633 -0.0292704 0
1231188 358581 m2 0.0518943 0.122104 0.360033 0 0.0909037
1231188 562468 m2 0.0711013 0.0863213 0.398669 0 -0.00196347
1231188 56209 m2 0.0693833 0.0832049 0.417159 0 0.0290958
1231188 666208 m2 0.0531718 0.11957 0.359798 0 0.0258841
1231188 373462 m2 0.0531278 0.119365 0.35942 0 0.0983626
1231188 83509 m2 0.0554185 0.116195 0.368643 0 -0.0732469
1231188 473488 m2 0.0531278 0.119365 0.35942 0 0.0104793
1231188 737151 m2 0.0445374 0.0379614 0.36538 0 0.0365029
1231188 646364 m2 0.0252863 0.0500303 0.300457 0.032588 0
1231188 181499 m2 0.0404405 -0.218283 0.274832 0 0.0876079
1231188 123299 m2 0.0609251 -0.213373 0.32146 0.0519979 0
1231188 445980 m2 0.0178414 0.17913 0.252022 0.0617393 0
1231188 164945 m2 0.0551982 -0.219853 0.31615 0 0.0222579
1231188 450241 m2 0.0259471 0.0528417 0.304291 0 0.0713225
1231188 126729 m2 0.0688987 0.0912955 0.395496 0 0.0816831
1231188 493646 m2 0.01163 -0.0752556 0.222099 0 0.097517
1231188 62172 m2 0.0562996 -0.219324 0.320186 0.0169407 0
1231188 408162 m2 0.0476652 -0.22129 0.309712 -0.0533473 0
1231188 547075 m2 0.0360793 0.0485103 0.345273 -0.00608306 0
1231188 469158 m2 0.0314978 0.051156 0.322079 0 0.00486643
1231188 116494 m2 0.0295595 -0.199771 0.224597 0 -0.000676579
1231188 580161 m2 0.0587665 0.107461 0.381938 0.0389594 0
1231188 594679 m2 0.0595154 0.109527 0.381898 0 0.0806485
1231188 328742 m2 0.0567401 -0.218438 0.317957 0 0.0246749
1231188 299096 m2 0.0503084 -0.221501 0.305555 0 0.022773
1231188 766947 m2 0.0360352 0.068943 0.339939 0 -0.000811194
1231188 372585 m2 0.068326 0.173729 0.438244 0.0423396 0
1231188 604633 m2 0.0153744 -0.0552431 0.171796 0 0.0479958
1231188 51139 m2 0.0186344 -0.114257 0.227819 -0.0154149 0
1231188 343498 m2 0.0297357 0.0570453 0.313525 0 -0.0362767
1231188 342031 m2 0.0470485 -0.222296 0.298589 0 0.040695
1231188 815524 m2 0.0223789 0.0425527 0.289447 0 -0.00013801
1231188 613698 m2 0.0164758 -0.170939 0.244336 0 0.038903
1231188 831634 m2 0.0190749 0.0384761 0.284148 0 -0.0596875
1231188 752046 m2 0.015815 -0.0538479 0.159912 -0.00387365 0
1231188 759734 m2 0.0114978 0.148419 0.223717 -0.013859 0
1231188 237204 m2 0.0431718 -0.219399 0.283653 0.0339584 0
1231188 569230 m2 0.0282819 -0.179646 0.322681 0.00570564 0
1231188 684208 m2 0.0201322 0.0419076 0.284766 0.0525529 0
1231188 469443 m2 0.0432159 0.14351 0.342876 -0.00277507 0
1231188 738553 m2 0.0146696 -0.113251 0.221868 0.0224803 0
1231188 513508 m2 0.0613656 0.0820894 0.408188 -0.00236492 0
1231188 154944 m2 0.0217181 0.268413 0.26264 0 0.0619931
1231188 395462 m2 0.0368282 -0.217841 0.26594 -0.0908284 0
1231188 695829 m2 0.0344934 -0.218767 0.272851 0 -0.00748166
1231188 111196 m2 0.0387665 -0.223569 0.284938 0 -0.0243605
1231188 668810 m2 0.0262115 0.148455 0.223725 0 -0.00204962
1231188 468555 m2 0.014185 -0.0524864 0.157459 0 0.0487929
1231188 254810 m2 0.0310132 -0.194866 0.285004 0 0.0013221
1231188 406118 m2 0.0529956 -0.210238 0.326175 0 0.0210618
1231188 44961 m2 0.066652 -0.210277 0.363858 -0.0124785 0
1231188 497408 m2 0.0544053 0.111964 0.375572 -0.0276548 0
1231188 405563 m2 0.0468282 0.136091 0.352525 0.0258069 0
1231188 482334 m2 0.0180176 -0.0584702 0.169427 -0.0127113 0
1231188 78933 m2 0.0372247 -0.221409 0.296459 -0.0510777 0
1231188 790459 m2 0.0118062 0.151146 0.221903 0.0405773 0
1231188 644104 m2 0.0171366 -0.0632295 0.182476 0.0443877 0
1231188 778896 m2 0.0204846 -0.207796 0.242749 0 -0.0212214
1231188 296527 m2 0.039163 0.266631 0.267835 0 0.0216306
1231188 353139 m2 0.0703965 -0.204515 0.377962 -0.143985 0
1231188 589823 m2 0.0251101 -0.191415 0.292783 0 0.0157882
1231188 774293 m2 0.0181498 -0.212704 0.246139 0 -0.0168269
1231188 167807 m2 0.0517621 0.267987 0.267862 -0.0279287 0
1231188 741032 m2 0.0129075 -0.0558533 0.163497 0 -0.0054883
1231188 460487 m2 0.0268282 -0.202021 0.229038 -0.0469838 0
1231188 135464 m2 0.0264317 -0.199681 0.279553 0 0.00108849
1231188 20809 m2 0.0400881 -0.143275 0.334309 -0.0124149 0
1231188 656539 m2 0.0314537 -0.207918 0.240121 0 0.0595023
1231188 642094 m2 0.0434802 0.266182 0.268583 -0.0129304 0
1231188 441532 m2 0.034978 0.259759 0.262378 0 -0.0127409
1231188 486479 m2 0.0303524 -0.193872 0.27075 0 0.111385
1231188 321290 m2 0.0609251 -0.213373 0.32146 0 0.00770431
1231188 486759 m2 0.0398238 -0.208905 0.304156 0.0140049 0
1231188 428704 m2 0.0427313 -0.215569 0.276406 0.0244791 0
1231188 660556 m2 0.0351542 0.253026 0.251454 0 0.0151879
1231188 329003 m2 0.02837 -0.20182 0.229266 -0.022821 0
1231188 721428 m2 0.0242731 -0.179847 0.256767 0 -0.052166
1231188 435301 m2 0.0403965 -0.218315 0.274771 0 0.0669562
1231188 252010 m2 0.0264317 -0.199681 0.279553 -0.00215022 0
1231188 16814 m2 0.0215419 -0.0277627 0.218626 -0.012739 0
1231188 235719 m2 0.0495154 0.259169 0.258604 0.00152683 0
1231188 272026 m2 0.0522467 -0.222067 0.312316 0 0.06544
1231188 540230 m2 0.0303965 -0.215965 0.258322 0.0241172 0
1231188 297964 m2 0.0633921 -0.204114 0.392045 0 0.043328
1231188 352605 m2 0.0609251 -0.213373 0.32146 -0.0404123 0
1231188 522701 m2 0.0388987 -0.220919 0.27553 0.0460671 0
1231188 743028 m2 0.0105286 0.217855 0.23556 -0.0608665 0
1231188 218495 m2 0.0518062 -0.215583 0.333773 -0.0472614 0
1231188 535728 m2 0.0406608 0.272456 0.267783 0.0736659 0
1231188 768942 m2 0.023304 0.254173 0.262673 0 0.00615988
1231188 695237 m2 0.0344053 0.258637 0.2598 0 -0.0170068
1231188 581017 m2 0.0295595 -0.199963 0.224554 0 -0.0420168
1231188 107087 m2 0.0401322 -0.143163 0.334486 0 -0.0094796
1231188 576474 m2 0.0267841 -0.0984538 0.226127 0 -0.0461473
1231188 716589 m2 0.0348899 -0.21565 0.258978 0 -0.0160361
1231188 85069 m2 0.0400881 -0.143275 0.334309 0 0.0354543
1231188 738544 m2 0.0133921 0.237914 0.231125 0 -0.0363756
1231188 242075 m2 0.0353304 -0.215867 0.264171 0 0.0677822
1231188 737413 m2 0.0189868 0.227975 0.236446 0.0225666 0
1231188 414888 m2 0.0599559 -0.214042 0.321348 0 0.029717
1231188 336386 m2 0.0237004 0.225525 0.22781 0.0249049 0
1231188 546495 m2 0.0123789 0.266206 0.266813 0 -0.0016074
1231188 216154 m2 0.0505727 0.268524 0.268199 0 0.0601971
1231188 389408 m2 0.049163 0.268208 0.269499 0 0.0323037
1231188 188302 m2 0.0136123 0.0496934 0.174077 0 0.0442104
1231188 786218 m2 0.0198678 -0.200498 0.226215 0 -0.0408769
1231188 717139 m2 0.0174009 0.248208 0.246344 -0.0152691 0
1231188 643503 m2 0.0205727 0.218413 0.212347 0.0104892 0
1231188 451675 m2 0.0326432 0.271035 0.26928 0 0.0617635
1231188 1518 m2 0.0717621 0.30262 0.287416 0 0.0561084
1231188 11393 m2 0.0400881 -0.143275 0.334309 -0.0132231 0
1231188 812226 m2 0.0118943 -0.147862 0.226301 -0.0553065 0
1231188 784744 m2 0.0151101 -0.205449 0.230975 -0.0791318 0
1231188 693260 m2 0.0245815 0.223329 0.227058 0 0.0444025
1231188 502171 m2 0.0156828 0.229909 0.244523 0.0185981 0
1231188 705423 m2 0.0132599 -0.101399 0.218052 0 -0.045137
1231188 497954 m2 0.0448899 0.269882 0.268848 0 0.0449359
1231188 694679 m2 0.0209251 0.231083 0.236025 0.00856437 0
1231188 620572 m2 0.0284581 -0.0506774 0.290392 0 0.0244767
1231188 563811 m2 0.0144493 0.219322 0.227057 -0.00921648 0
1231188 374286 m2 0.0307048 -0.0870712 0.312889 0.036906 0
1231188 393964 m2 0.0108811 0.150231 0.127266 -0.0176546 0
1231188 308923 m2 0.0122026 -0.199699 0.173966 0 0.0649463
1231188 179750 m2 0.0103524 0.0417924 0.120961 0 0.0356049
1231188 464905 m2 0.0264317 -0.199681 0.279553 0 0.0500018
1231188 616011 m2 0.0127753 -0.198946 0.174078 0.0454076 0
1231188 822865 m2 0.0103965 0.217396 0.218494 0 0.0171942
1231188 374557 m2 0.0122026 -0.199699 0.173966 -0.0732493 0
1231188 459323 m2 0.0337004 -0.0808965 0.308916 0 -0.00342162
1231188 36445 m2 0.0174449 -0.20129 0.12664 0.0208987 0
1231188 288848 m2 0.0103524 -0.200249 0.171589 0.022321 0
1231188 708211 m2 0.027489 -0.0463727 0.285109 0 0.00603197
1231188 374553 m2 0.0278855 -0.0437718 0.283444 0 0.00853674
1231188 753123 m2 0.0136564 0.0497365 0.174078 0 0.0330689
1231188 656514 m2 0.0130396 -0.151772 0.245984 0 0.0265132
1231188 678280 m2 0.0151101 0.149495 0.124978 0.0211776 0
1231188 637717 m2 0.0136564 0.0497365 0.174078 0.0879447 0
1231188 603445 m2 0.0128634 0.150127 0.124659 0.0157705 0
1231188 469412 m2 0.0307048 -0.0870712 0.312889 0 0.0143509
1231188 672460 m2 0.0127753 -0.198946 0.174078 0 -0.0120697
1231188 475391 m2 0.0354185 -0.0880785 0.307854 -0.0211626 0
1231188 413707 m2 0.0264317 -0.199681 0.279553 0 0.0192972
1231188 597227 m2 0.0133921 -0.203248 0.256516 0 0.0094315
1231188 771394 m2 0.0137004 0.0499525 0.174383 0 0.0323558
1231188 345735 m2 0.0264317 -0.199681 0.279553 0 -0.0160546
1231188 563000 m2 0.0136564 0.0497365 0.174078 0 0.0609665
1231188 515403 m2 0.0270925 -0.0404879 0.279546 -0.0193119 0
1231188 440075 m2 0.0487225 0.269023 0.268308 0.0624674 0
1231188 347712 m2 0.0401322 -0.143163 0.334486 0 -0.00812189
1231188 802843 m2 0.0134361 0.0495183 0.174071 0 0.00313573
1231188 755439 m2 0.0252863 0.270162 0.266763 0 -0.00865836
1231188 647171 m2 0.014185 -0.099171 0.220709 0.0183518 0
1231188 716564 m2 0.0131718 0.0494204 0.17435 -0.0166509 0
1231188 619163 m2 0.0136564 0.0497365 0.174078 -0.00301996 0
1231188 194847 m2 0.0264317 -0.199681 0.279553 -0.0699786 0
1231188 222853 m2 0.0396035 -0.14485 0.334449 0 0.0806168
1231188 519334 m2 0.0264317 -0.199681 0.279553 0 0.0274223
1231188 665543 m2 0.0214097 -0.181806 0.269213 0 -0.0089801
1231188 726168 m2 0.0137445 -0.0957691 0.217382 0.0696011 0
1231188 465992 m2 0.0136564 0.0497365 0.174078 0 0.000830872
1231188 394525 m2 0.0110132 -0.202554 0.177235 0 0.000403115
1231188 32575 m2 0.0575771 -0.183915 0.225745 0 -0.0290314
1231188 248328 m2 0.0247577 0.151431 0.125723 0.0660077 0
1231188 741268 m2 0.0127753 -0.198946 0.174078 0 -0.00694523
1231188 254471 m2 0.0151982 -0.203974 0.127213 0 0.0689647
1231188 422743 m2 0.0136564 0.0497365 0.174078 0.0406981 0
1231188 446505 m2 0.0248458 0.150577 0.125713 0 0.0464368
1231188 311220 m2 0.0251101 0.150996 0.125719 0.0319569 0
1231188 147601 m2 0.117797 0.293812 0.235801 0 -0.00734834
1231188 770821 m2 0.0284581 -0.0506774 0.290392 0.049097 0
1231188 114785 m2 0.0585903 -0.0480276 0.200376 0.00862182 0
1231188 1465 m2 0.0568282 0.0889201 0.0448788 0.00470595 0
1231188 696093 m2 0.0127753 -0.198946 0.174078 0 -0.00976455
1231188 117311 m2 0.0139207 0.144254 0.123101 0 0.0263425
1231188 181177 m2 0.030793 -0.0880037 0.313387 -0.0063404 0
1231188 454513 m2 0.0136564 0.0497365 0.174078 -0.0550231 0
1231188 796775 m2 0.0136564 0.0497365 0.174078 0 0.0163816
1231188 435544 m2 0.0222026 -0.149934 0.255493 0.00050802 0
1231188 371974 m2 0.0264317 -0.199681 0.279553 -0.0246448 0
1231188 507523 m2 0.0264317 -0.199681 0.279553 -0.0274665 0
1231188 620544 m2 0.0177533 -0.206152 0.131336 0 -0.0439188
1231188 88090 m2 0.0777533 -0.146604 0.240215 -0.000948071 0
1231188 65809 m2 0.0400881 -0.143275 0.334309 -0.0187841 0
1231188 549585 m2 0.0278414 -0.0454452 0.285097 0 0.122218
1231188 553630 m2 0.0344053 -0.0820714 0.307303 -0.0751554 0
1231188 502446 m2 0.0222026 -0.149934 0.255493 -0.0431334 0
1231188 742438 m2 0.0136123 -0.0916357 0.214294 -0.0581612 0
1231188 93355 m2 0.0609251 -0.0364482 0.199603 0.00103424 0
1231188 621359 m2 0.0256828 0.052637 0.130333 -0.029919 0
1231188 639663 m2 0.0272687 -0.0416763 0.280777 0 -0.0121077
1231188 511753 m2 0.0345815 0.0500844 0.124724 0.0141353 0
1231188 371120 m2 0.0465198 -0.12971 0.197148 -0.0118191 0
1231188 218154 m2 0.0808811 -0.13757 0.24816 -0.0320455 0
1231188 285468 m2 0.0205286 -0.0705609 0.233249 -0.00651282 0
1231188 299596 m2 0.0172687 -0.204998 0.12985 0 0.02303
1231188 382885 m2 0.0356828 -0.0879599 0.30786 0 0.079777
1231188 437196 m2 0.0220705 0.147896 0.125741 -0.00413816 0
1231188 578467 m2 0.0110132 -0.200461 0.172861 -0.037455 0
1231188 40572 m2 0.162643 0.376821 0.32014 0.0136136 0
1231188 148752 m2 0.0743612 -0.0781196 0.224521 0 0.0140157
1231188 205782 m2 0.0167841 0.0206265 0.235142 0 -0.0496557
1231188 130657 m2 0.143921 0.345094 0.290582 0 -0.015177
1231188 168327 m2 0.0711013 -0.0762019 0.219374 0.0277806 0
1231188 801682 m2 0.0118062 -0.188878 0.219055 -0.00537777 0
1231188 576968 m2 0.010837 -0.201182 0.173861 0 0.030698
1231188 3189 m2 0.0502643 -0.203443 -0.129456 -0.00598427 0
1231188 310070 m2 0.0212775 0.0545676 0.121117 0.0890571 0
1231188 230524 m2 0.0118943 0.0336938 0.111487 -0.0284271 0
1231188 90045 m2 0.156608 0.366341 0.289756 0.000926017 0
1231188 139980 m2 0.0138326 -0.202199 0.124588 -0.0269397 0
1231188 128066 m2 0.131454 0.287029 0.21612 -0.0190258 0
1231188 815460 m2 0.027533 -0.0925793 0.156623 0 0.0552848
1231188 119840 m2 0.0285022 -0.100902 0.16199 0.0490237 0
1231188 6384 m2 0.035022 -0.224109 0.0333592 0 -0.0267194
1231188 689922 m2 0.0136564 0.0497365 0.174078 0.0509892 0
1231188 589772 m2 0.0567401 -0.134712 0.221673 -0.0309276 0
1231188 534006 m2 0.0313656 0.0505601 0.124725 0.0172535 0
1231188 663230 m2 0.0492952 -0.194065 0.211209 -0.0464056 0
1231188 507216 m2 0.0353304 -0.134728 0.191922 0 0.00450065
1231188 349136 m2 0.0169604 -0.201034 0.125998 0 -0.0106411
1231188 192818 m2 0.0792511 -0.143296 0.239631 0 -0.0237532
1231188 22186 m2 0.177577 0.386088 0.331457 0.0182673 0
1231188 707069 m2 0.0204405 0.152689 0.124297 0 0.0399792
1231188 462831 m2 0.0127753 -0.198946 0.174078 0 0.0420039
1231188 79679 m2 0.131454 0.287029 0.21612 0.0359936 0
1231188 735687 m2 0.0265198 -0.0883611 0.155668 0 -0.0557138
1231188 57564 m2 0.07837 -0.14539 0.238994 0.00740538 0
1231188 24151 m2 0.0656828 -0.213446 0.106886 0 -0.0196207
1231188 678840 m2 0.0122907 0.15266 0.126359 0.0330724 0
1231188 93623 m2 0.0778855 0.0979545 0.126918 0 -0.037811
1231188 758068 m2 0.0153744 0.149987 0.12528 0 0.0376769
1231188 538799 m2 0.0124229 -0.123428 0.0884355 -0.0240973 0
1231188 570321 m2 0.0148458 0.0383908 0.117592 0 0.023198
1231188 448184 m2 0.0264317 -0.199681 0.279553 -0.0691816 0
1231188 188559 m2 0.0791189 -0.143663 0.239042 0 0.00817139
1231188 361603 m2 0.0155066 0.0487081 0.124241 0 0.024749
1231188 644043 m2 0.0353744 -0.130604 0.176272 0.0398305 0
1231188 719346 m2 0.0514537 -0.055965 0.197258 0 -0.0168831
1231188 398191 m2 0.0245374 0.0478489 0.125933 0 0.0507129
1231188 512868 m2 0.0574449 -0.0494706 0.199155 0 0.00684542
1231188 21296 m2 0.0606608 -0.219639 0.106074 -0.000678054 0
1231188 831591 m2 0.012467 0.0493782 0.174359 0 0.0272146
1231188 302753 m2 0.0177533 -0.203101 0.128533 -0.0820821 0
1231188 332706 m2 0.079207 -0.14347 0.238918 0 0.0997297
1231188 566940 m2 0.0210132 0.246227 0.118461 -0.00106002 0
1231188 202063 m2 0.0776652 -0.146802 0.240196 -0.0102808 0
1231188 729822 m2 0.0161233 0.0363824 0.114307 0 -0.0122311
1231188 561844 m2 0.0170044 -0.199114 0.124338 -0.059383 0
1231188 53623 m2 0.0330396 -0.0890901 0.175642 0.0236256 0
1231188 673553 m2 0.0134361 -0.162622 0.110183 0 0.0274623
1231188 556707 m2 0.0598678 0.367089 0.26102 0.0196402 0
1231188 472847 m2 0.0105727 0.0588076 0.135208 0.0130183 0
1231188 594308 m2 0.015859 -0.205419 0.129072 0 0.103307
1231188 341391 m2 0.034978 0.0511765 0.125822 0 0.0695382
1231188 783874 m2 0.0136564 0.0497365 0.174078 0 0.026777
1231188 15905 m2 0.0444934 0.118677 0.0399912 0.0622623 0
1231188 23321 m2 0.0506167 0.267455 0.268158 0.0514099 0
1231188 69757 m2 0.158458 0.381744 0.304583 -0.00012076 0
1231188 775906 m2 0.0184581 0.0485658 0.124841 0 0.0243853
1231188 582355 m2 0.0395595 -0.140843 0.178907 0 0.0204217
1231188 577218 m2 0.0140969 -0.201911 0.124502 0 0.00352658
1231188 119818 m2 0.173084 0.38618 0.327047 0 0.0148438
1231188 12099 m2 0.0402643 0.357589 -0.259692 0 -0.0151963
1231188 757482 m2 0.0126432 0.154767 0.125797 0 -0.0178631
1231188 49318 m2 0.076652 0.0242669 0.0508726 0 -0.0168053
1231188 329521 m2 0.0136123 -0.202459 0.124689 -0.0632332 0
1231188 246587 m2 0.109912 0.260011 0.206398 -0.0946376 0
1231188 90538 m2 0.0645374 -0.219405 0.111779 -0.0149301 0
1231188 343711 m2 0.0571366 -0.185332 0.224269 0.0791182 0
1231188 374829 m2 0.0387665 -0.0759614 0.184176 0 -0.066426
1231188 187134 m2 0.141938 0.348927 0.282184 0 0.0434669
1231188 350570 m2 0.0226872 0.0446816 0.123256 0 -0.00248477
1231188 581267 m2 0.0271366 0.0491583 0.124308 0 0.061189
1231188 129252 m2 0.155507 0.369858 0.311811 0 0.0223135
1231188 609620 m2 0.0548018 -0.187225 0.221216 0.019504 0
1231188 2224 m2 0.0702203 -0.160628 -0.423349 -0.0622854 0
1231188 232869 m2 0.105595 0.276281 0.194823 0 -0.0254654
1231188 654539 m2 0.0598238 0.385893 0.26353 0.0465288 0
1231188 442028 m2 0.0609251 -0.175289 0.229002 -0.0115653 0
1231188 325259 m2 0.0688546 0.106773 0.117791 0 -0.000951269
1231188 294135 m2 0.119207 0.293303 0.234314 -0.0149856 0
1231188 137964 m2 0.0170044 -0.199114 0.124338 0.0365151 0
1231188 306673 m2 0.159912 0.351654 0.305412 0 0.0114939
1231188 404356 m2 0.0753744 0.370427 0.264533 0 0.0384965
1231188 719912 m2 0.0403965 -0.0842407 0.190279 0 -0.0255385
1231188 311740 m2 0.0597357 0.315111 0.312849 0.0459834 0
1231188 698062 m2 0.0704846 0.118907 0.120809 0 0.0171675
1231188 542765 m2 0.0181498 -0.205692 0.131251 0 -0.00710445
1231188 113625 m2 0.0654626 -0.213673 0.10679 0.0455753 0
1231188 564938 m2 0.0122907 -0.200787 0.179401 0 0.019761
1231188 269700 m2 0.0319383 0.271673 0.269025 -0.0526023 0
1231188 646578 m2 0.0271806 -0.093066 0.155158 0 -0.00433176
1231188 481115 m2 0.0470485 0.346901 0.217355 0.0368554 0
1231188 189664 m2 0.139251 0.334847 0.282268 0 -0.0174901
1231188 558141 m2 0.0319383 -0.116452 0.169627 0.0132266 0
1231188 746950 m2 0.0409251 0.333122 0.202612 0 0.000516587
1231188 10991 m2 0.0305727 -0.20382 -0.0341754 -0.0244213 0
1231188 674326 m2 0.0125551 0.0740826 0.108564 0 -0.064177
1231188 285436 m2 0.0104846 0.146563 0.123887 -0.00445988 0
1231188 376499 m2 0.061674 0.13103 0.115086 -0.0164189 0
1231188 179402 m2 0.0647577 -0.218918 0.111428 -0.00689927 0
1231188 483345 m2 0.096696 0.254858 0.177844 0 0.0211917
1231188 15573 m2 0.0586344 0.348116 -0.121945 -0.0537988 0
1231188 716529 m2 0.0529956 -0.0692737 0.202802 0 0.00272914
1231188 708164 m2 0.0711013 0.107692 0.118538 -0.0444264 0
1231188 275112 m2 0.178194 0.399704 0.336557 0.0633907 0
1231188 821984 m2 0.0124229 0.276134 0.168355 -0.0365695 0
1231188 263711 m2 0.0522026 0.326027 0.227891 0.0621799 0
1231188 698633 m2 0.0313656 -0.0858621 0.17022 0 0.0112469
1231188 374509 m2 0.0603084 0.380784 0.259797 0.033986 0
1231188 830461 m2 0.027489 -0.0928839 0.156549 -0.0520972 0
1231188 669538 m2 0.0871366 0.235171 0.166446 0 -0.00927656
1231188 450759 m2 0.012467 -0.122947 0.0879543 0 0.096491
1231188 663795 m2 0.0342731 0.333134 0.215173 0 -0.0337711
1231188 37523 m2 0.0173568 -0.0341673 -0.0329801 -0.0308973 0
1231188 285124 m2 0.0799119 0.115399 0.124038 0 0.0461816
1231188 450757 m2 0.0168722 -0.200743 0.125664 0 0.0234132
1231188 462205 m2 0.0348899 -0.127863 0.175984 -0.0838777 0
1231188 598582 m2 0.0944053 0.251123 0.173667 0.0436974 0
1231188 331522 m2 0.0271806 -0.093066 0.155158 0 -0.0124758
1231188 100692 m2 0.0568722 -0.221467 0.103391 -0.058668 0
1231188 309459 m2 0.105507 0.259535 0.188738 0.0426781 0
1231188 845839 m2 0.0108811 -0.0915633 0.150146 0 0.0445005
1231188 631257 m2 0.0128634 -0.201261 0.181208 -0.0157913 0
1231188 689894 m2 0.029207 -0.102705 0.162537 0 0.1074
1231188 485326 m2 0.0525991 0.26739 0.267636 -0.021103 0
1231188 321473 m2 0.0567841 -0.221764 0.103707 -0.0324668 0
1231188 655133 m2 0.0114978 -0.130169 0.0952961 0 -0.023596
1231188 184769 m2 0.0404405 0.292806 0.276112 0 0.0281027
1231188 742396 m2 0.0363436 0.326843 0.207419 0 0.027073
1231188 599715 m2 0.0654185 -0.213738 0.106789 -0.0219731 0
1231188 249697 m2 0.134626 0.291431 0.221525 0 0.0580004
1231188 374229 m2 0.0702203 0.107901 0.118333 0 0.0747301
1231188 102970 m2 0.0959471 -0.0562069 0.0547422 0 0.00343056
1231188 268296 m2 0.177357 0.396795 0.33412 0.0002813 0
1231188 184249 m2 0.070793 -0.213236 0.115431 0 0.0750267
1231188 437163 m2 0.0161233 -0.202807 0.126885 -0.120626 0
1231188 781397 m2 0.0477533 0.0908247 0.125353 0 0.00657802
1231188 265763 m2 0.0444934 -0.199583 0.200822 -0.105853 0
1231188 267112 m2 0.0580617 0.0785023 0.0456694 0.0715257 0
1231188 740957 m2 0.0385022 -0.0819015 0.183954 0.0318764 0
1231188 376790 m2 0.0831278 0.111136 0.129312 0 0.00112634
1231188 368251 m2 0.123612 0.307869 0.244249 0 0.0269751
1231188 382841 m2 0.0651542 0.132518 0.113537 0.0419074 0
1231188 496745 m2 0.0688106 0.106653 0.117764 0.0155048 0
1231188 133354 m2 0.036652 -0.220624 -0.034937 0 -0.00555473
1231188 479089 m2 0.026652 0.15275 0.12666 0.0608183 0
1231188 835284 m2 0.023304 -0.0896717 0.154094 0 0.0225107
1231188 538195 m2 0.0656388 -0.213201 0.1066 -0.029188 0
1231188 788141 m2 0.0103965 0.0135835 0.0838602 -0.0197357 0
1231188 202592 m2 0.104097 0.26743 0.194789 -0.0592443 0
1231188 82796 m2 0.0405286 -0.219578 0.0322804 -0.0196821 0
1231188 12919 m2 0.0145815 -0.196054 0.0235002 -0.0218661 0
1231188 123453 m2 0.0695154 0.0381773 0.0495126 0 0.00361855
1231188 257580 m2 0.0990749 0.233132 0.167158 0.110497 0
1231188 682414 m2 0.0136123 -0.205715 0.133447 0 -0.0180512
1231188 212580 m2 0.0259471 -0.198977 0.0248682 -0.0830445 0
1231188 646570 m2 0.0709692 0.379091 0.274045 -0.00861421 0
1231188 440013 m2 0.120793 0.273846 0.202561 -0.0351404 0
1231188 585533 m2 0.0362555 0.311078 0.171373 0.0321454 0
1231188 440011 m2 0.0788987 0.120196 0.121117 0.0249405 0
1231188 342782 m2 0.0612335 -0.221812 0.111686 0 -0.00879205
1231188 746934 m2 0.0467841 0.104366 0.108258 -0.0224926 0
1231188 22424 m2 0.0495154 -0.0594908 -0.0480121 -0.0447473 0
1231188 118905 m2 0.0654185 -0.213738 0.106789 -0.0341441 0
1231188 94136 m2 0.0219824 0.138599 0.0381013 0.0130153 0
1231188 437716 m2 0.0804405 0.104087 0.126565 0.000450069 0
1231188 14074 m2 0.0362555 0.224666 -0.0377894 0 -0.0104242
1231188 206563 m2 0.0748018 0.0353036 0.0493773 0 0.0332316
1231188 477346 m2 0.0785463 0.119405 0.121174 0.0629755 0
1231188 54956 m2 0.0134361 -0.157318 -0.0291601 0 0.0187178
1231188 180540 m2 0.0618943 -0.21861 0.106616 0.00918835 0
1231188 219204 m2 0.0311894 0.0600659 -0.0383511 0 0.0648547
1231188 411744 m2 0.0926872 0.232891 0.159198 0.00053336 0
1231188 340771 m2 0.01837 -0.166276 0.0261598 -0.061399 0
1231188 77639 m2 0.0298238 0.151948 0.126772 0 -0.0071659
1231188 483847 m2 0.0247577 -0.199714 0.0248516 -0.0502399 0
1231188 598004 m2 0.0122907 -0.0529825 0.0532055 0.0657293 0
1231188 792375 m2 0.0124229 0.149709 0.0343565 0 -0.0353807
1231188 448415 m2 0.0373128 0.282675 0.23265 0 0.0106141
1231188 404608 m2 0.0650661 -0.214051 0.106589 0 0.0211345
1231188 45430 m2 0.028326 -0.134661 0.0289783 0.0368724 0
1231188 387922 m2 0.0405727 0.13005 0.0410062 -0.0129531 0
1231188 843360 m2 0.0103965 0.0931355 0.097053 0 0.02735
1231188 791206 m2 0.0221145 0.268659 0.14151 -0.0541429 0
1231188 397867 m2 0.134581 0.29119 0.221577 0.00953408 0
1231188 397004 m2 0.0345374 -0.222482 0.0315766 -0.00832895 0
1231188 89445 m2 0.0702643 -0.213631 0.114753 0 -3.95106e-05
1231188 287640 m2 0.0667401 -0.213954 0.108891 -0.0334012 0
1231188 366484 m2 0.0220264 0.149622 0.126455 0 0.00941227
1231188 514479 m2 0.0667841 -0.217039 0.112544 0 -0.0132492
1231188 224222 m2 0.0347577 -0.224029 -0.0345174 0 -0.0546841
1231188 788365 m2 0.0185463 0.00409101 0.0324125 0.00730715 0
1231188 527141 m2 0.0343172 0.144182 0.0383881 0.066022 0
1231188 381403 m2 0.123348 0.311378 0.241481 -0.018002 0
1231188 719875 m2 0.0296035 0.0819846 0.107857 0 0.009122
1231188 98026 m2 0.036696 -0.220515 -0.0349703 0.077504 0
1231188 522315 m2 0.0445374 0.118597 0.0400201 0 0.000592535
1231188 303804 m2 0.0393833 -0.0703337 0.0368904 -0.0377672 0
1231188 186513 m2 0.0669604 0.0439115 0.0485095 0 0.0112002
1231188 172339 m2 0.0656388 -0.213201 0.1066 0 0.0451957
1231188 598850 m2 0.0488106 -0.220063 0.0984376 -0.0378457 0
1231188 500676 m2 0.0656388 -0.213512 0.106886 -0.0383328 0
1231188 35816 m2 0.018326 -0.19871 0.0241441 0 -0.0145199
1231188 524650 m2 0.0556388 0.342711 0.246233 0 -0.0328614
1231188 401505 m2 0.0444934 0.118677 0.0399912 0.000145618 0
1231188 146694 m2 0.0254185 -0.173639 -0.0314053 0.0318076 0
1231188 709504 m2 0.0314978 0.141396 0.0377529 0.0015648 0
1231188 344199 m2 0.0337445 0.0735391 -0.0456327 0.0896986 0
1231188 631226 m2 0.0123789 -0.131051 0.0931052 -0.0180402 0
1231188 197948 m2 0.0166079 -0.152966 0.0281553 0 0.0456595
1231188 788116 m2 0.0157709 -0.221723 0.10471 0.00676133 0
1231188 796717 m2 0.0314978 0.123143 0.110717 0.00702931 0
1231188 274493 m2 0.0264317 0.0433239 -0.0385801 0.0228681 0
1231188 622392 m2 0.0440088 0.115739 0.0403124 0 0.0793349
1231188 471079 m2 0.0715859 0.359657 0.285871 0.0630108 0
1231188 804206 m2 0.010793 -0.221475 0.0980999 0 0.00954102
1231188 266005 m2 0.0293392 -0.221209 0.0302086 -0.00358135 0
1231188 97206 m2 0.0674009 0.0529227 0.0480512 0.00194439 0
1231188 618198 m2 0.0768722 0.116481 0.12124 0 -0.0261704
1231188 136164 m2 0.0128194 -0.182797 0.0215983 0 -0.000410224
1231188 300991 m2 0.0205286 -0.123761 -0.0355379 -0.0326177 0
1231188 474168 m2 0.0223348 0.0422201 0.04124 0 -0.0303629
1231188 600500 m2 0.0677974 -0.215223 0.111991 -0.0360527 0
1231188 467592 m2 0.0685903 -0.216062 0.115189 -0.0443234 0
1231188 758023 m2 0.0120264 0.0177741 0.0737678 -0.0288818 0
1231188 145619 m2 0.0304846 0.0566318 -0.0386053 0.118984 0
1231188 40484 m2 0.0521586 -0.144736 -0.126244 0.0504273 0
1231188 483583 m2 0.0646256 -0.000712042 0.048977 0 -0.0108364
1231188 504942 m2 0.0248018 -0.100444 0.0248879 0 0.0437573
1231188 695719 m2 0.0667841 -0.213975 0.108979 0.0305561 0
1231188 451895 m2 0.0624229 -0.217947 0.106677 0 -0.00949656
1231188 564041 m2 0.0696916 0.305863 0.203872 0 -0.0418301
1231188 552720 m2 0.0703524 0.130808 0.11888 0.0380661 0
1231188 612164 m2 0.0654185 -0.213738 0.106789 0 0.0251366
1231188 463950 m2 0.0172247 0.146177 0.0343919 0 -0.0166247
1231188 114426 m2 0.0110132 -0.107028 -0.0246906 -0.0487379 0
1231188 194184 m2 0.0477533 0.267579 0.268403 0 0.0278219
1231188 393863 m2 0.0264317 0.0433239 -0.0385801 0.0132047 0
1231188 225571 m2 0.0205286 -0.203966 -0.0766968 -0.0920563 0
1231188 322002 m2 0.0259031 -0.189084 -0.0334687 -0.0204441 0
1231188 606774 m2 0.075022 0.113941 0.120282 -0.0259647 0
1231188 436314 m2 0.0722907 0.042203 0.0485223 0 0.00322172
1231188 165087 m2 0.0438767 0.115647 0.0402814 0 -0.00785814
1231188 493512 m2 0.0503084 -0.216111 0.0360962 -0.0253213 0
1231188 249923 m2 0.100176 0.389402 0.314163 0.065192 0
1231188 274776 m2 0.0140529 0.100809 -0.0253907 -0.021731 0
1231188 220677 m2 0.0437885 0.358943 -0.264113 0 -0.0265936
1231188 783250 m2 0.0257709 -0.222518 0.102469 0 -0.00385413
1231188 13685 m2 0.0362115 -0.193886 -0.300222 0.00987111 0
1231188 466962 m2 0.0269604 -0.10823 0.0271956 -0.0282338 0
1231188 82761 m2 0.0335242 -0.0379995 -0.0899931 -0.0878577 0
1231188 287621 m2 0.0111454 -0.179112 0.0206798 -0.0348959 0
1231188 145032 m2 0.0313216 -0.225191 -0.0328965 -0.0817978 0
1231188 99176 m2 0.0388106 -0.218162 0.0314134 0 0.021965
1231188 58906 m2 0.019207 -0.196702 -0.0745816 0 -0.0361629
1231188 765750 m2 0.0118062 -0.215567 0.0942528 -0.0585912 0
1231188 492672 m2 0.0650661 -0.214051 0.106589 -0.0542222 0
1231188 542421 m2 0.0668722 -0.217806 0.114184 0 -0.00560499
1231188 786409 m2 0.0229956 -0.219832 0.0999179 -0.0251727 0
1231188 16325 m2 0.0298238 -0.0327047 -0.434811 0.0662092 0
1231188 400102 m2 0.0145815 -0.196054 0.0235002 -0.0195626 0
1231188 233061 m2 0.0251101 -0.20715 -0.0915928 -0.0125167 0
1231188 510033 m2 0.0677093 -0.217125 0.115256 -0.0201754 0
1231188 163643 m2 0.0231718 -0.204929 0.0258204 0 0.0241426
1231188 476404 m2 0.0169163 -0.115066 0.0258178 0.0095228 0
1231188 77615 m2 0.020837 -0.0884842 -0.0870598 0 -0.00653535
1231188 697726 m2 0.0207489 0.0279491 0.035374 0 0.00022525
1231188 748912 m2 0.0274449 -0.216191 0.106225 -0.00557708 0
1231188 404308 m2 0.0545374 0.0942407 0.0442789 -0.0165765 0
1231188 14899 m2 0.0445815 0.222381 -0.320336 0 0.0111283
1231188 362844 m2 0.0171806 -0.160938 -0.0295934 0.012486 0
1231188 790907 m2 0.01837 -0.22299 0.097059 0 -0.0107102
1231188 297273 m2 0.0218943 0.00069212 -0.164687 0 0.0169922
1231188 132551 m2 0.0363877 -0.221159 -0.0347145 -0.0750556 0
1231188 697721 m2 0.0132159 -0.1084 0.0224351 0 -0.0303593
1231188 424078 m2 0.0251542 -0.0225411 0.0326038 -0.0515976 0
1231188 145606 m2 0.0303084 -0.223079 -0.0315564 0 -0.0348998
1231188 650230 m2 0.0533921 -0.220851 0.0999197 0 0.0313084
1231188 289926 m2 0.024185 -0.111256 0.0259481 0 0.0165587
1231188 112197 m2 0.070837 0.040337 0.0492996 -0.0183683 0
1231188 328883 m2 0.0445374 0.118597 0.0400201 0 0.0793204
1231188 586340 m2 0.045815 0.46233 -0.0430158 0 0.0560593
1231188 426852 m2 0.0145374 -0.0108463 0.0250788 0 0.002158
1231188 802756 m2 0.0126432 -0.221706 0.0983094 0.0113327 0
1231188 346515 m2 0.0444493 0.117611 0.0401594 0 -0.120893
1231188 282796 m2 0.0363436 -0.221227 -0.0346736 0 -0.0353136
1231188 360418 m2 0.0553304 0.252277 0.266167 0 0.00543572
1231188 168221 m2 0.0169163 0.139422 -0.0991948 0 -0.0217548
1231188 373883 m2 0.0111454 -0.185193 0.0216309 -0.0265245 0
1231188 452735 m2 0.022467 -0.212719 0.0277779 -0.0629514 0
1231188 441386 m2 0.0287665 -0.0328406 -0.0885279 -0.0291427 0
1231188 450966 m2 0.0367401 -0.0184082 -0.146373 0.0164077 0
1231188 299817 m2 0.0452423 0.118279 0.0403051 -0.0199308 0
1231188 686945 m2 0.0626872 -0.220005 0.109402 0.0559109 0
1231188 238767 m2 0.0151982 -0.193096 0.0229526 0.0186327 0
1231188 332360 m2 0.0574009 -0.222151 0.10493 -0.0711783 0
1231188 524911 m2 0.0554626 -0.221856 0.102435 -0.0111602 0
1231188 51234 m2 0.0203084 -0.10628 -0.0994951 0 0.0129896
1231188 443156 m2 0.065022 -0.214116 0.106587 0 0.0814012
1231188 364580 m2 0.0640969 0.00167689 0.0498756 0 0.0256304
1231188 210823 m2 0.047533 -0.212036 -0.123387 0.0104734 0
1231188 55997 m2 0.0196916 -0.0667655 -0.176439 -0.00919342 0
1231188 728596 m2 0.0206167 0.01721 -0.0358356 0 -0.0446697
1231188 697471 m2 0.0453304 0.118114 0.0403605 0.0369749 0
1231188 572517 m2 0.0314978 0.0578485 -0.0387106 -0.0207955 0
1231188 199951 m2 0.0673128 -0.216291 0.112502 0 -0.0480127
1231188 285374 m2 0.0385022 -0.14887 0.0304554 0 -0.0344489
1231188 299809 m2 0.0177974 -0.199082 0.024152 -0.0258601 0
1231188 106362 m2 0.036696 -0.220515 -0.0349703 -0.0198845 0
1231188 76758 m2 0.0209251 -0.199259 -0.0745979 0 -0.104249
1231188 575002 m2 0.0624229 -0.217947 0.106677 -0.0220705 0
1231188 479900 m2 0.0177974 -0.212652 0.0271703 0.0224607 0
1231188 673753 m2 0.0244493 0.0775412 -0.0414227 0.00913095 0
1231188 838968 m2 0.0111894 0.159213 0.0327004 0 0.014294
1231188 578042 m2 0.0140529 -0.115008 0.0233302 0.00782637 0
1231188 345622 m2 0.0160793 -0.184213 -0.0214749 -0.0411611 0
1231188 488606 m2 0.0337445 0.147598 0.0361504 0.0160393 0
1231188 779319 m2 0.0118062 -0.0152485 -0.0290314 0 -0.0731492
1231188 361519 m2 0.0355507 -0.157435 0.0299518 -0.103551 0
1231188 521119 m2 0.0108811 -0.102436 -0.0239679 0.0388007 0
1231188 781110 m2 0.0214978 0.0553334 0.0339773 0.0500803 0
1231188 470464 m2 0.0230396 -0.147005 0.0303211 0.0360413 0
1231188 507121 m2 0.0187665 -0.0145444 -0.0781657 -0.0174384 0
1231188 575262 m2 0.0105286 -0.171391 0.0195168 -0.034208 0
1231188 220369 m2 0.0372247 0.120214 -0.123771 0.00941158 0
1231188 166250 m2 0.01837 -0.0402949 -0.0337779 0 -0.044934
1231188 83316 m2 0.0365198 -0.221315 -0.0349547 -0.00649796 0
1231188 115481 m2 0.0114097 -0.164032 -0.0553176 0 -0.0890926
1231188 310259 m2 0.0103524 0.0578608 -0.0387928 0 0.0469577
1231188 598819 m2 0.0121145 -0.105908 -0.0261973 -0.0528019 0
1231188 237037 m2 0.0223789 -0.203402 -0.0784044 0 -0.0311983
1231188 311396 m2 0.0253744 -0.201057 -0.0252618 0 0.036811
1231188 546372 m2 0.0118943 -0.180646 0.0209162 0 0.0285712
1231188 789777 m2 0.0332599 -0.222079 0.0989467 0 -0.00338074
1231188 600473 m2 0.0222907 -0.0819209 -0.0356828 0 0.0522304
1231188 106045 m2 0.0354185 -0.049183 -0.0936439 0 -0.0517587
1231188 338522 m2 0.0298678 -0.224623 -0.0319455 0.0139542 0
1231188 812953 m2 0.0204846 -0.219267 0.0931279 -0.0497404 0
1231188 564269 m2 0.0323789 0.409255 -0.128129 0 0.0307782
1231188 494405 m2 0.0303084 -0.186089 0.0323204 -0.0428189 0
1231188 305758 m2 0.0228634 -0.225284 -0.0331638 -0.00475029 0
1231188 646510 m2 0.0168282 -0.139661 0.0254535 0 -0.0491055
1231188 299492 m2 0.0185463 -0.0736275 -0.0723214 0.02457 0
1231188 507115 m2 0.0467841 -0.145117 -0.126783 -0.00419847 0
1231188 628578 m2 0.0223348 -0.0109883 -0.0382942 -0.0514745 0
1231188 524286 m2 0.0621145 -0.219236 0.1076 -0.0198019 0
1231188 73300 m2 0.0196476 -0.199702 -0.0745565 -0.00158 0
1231188 665150 m2 0.0112775 -0.197303 0.0237508 0.0492787 0
1231188 738435 m2 0.0205286 0.0344788 0.0320977 -0.0793842 0
1231188 730861 m2 0.0187665 -0.163941 -0.0309864 -0.0118071 0
1231188 556903 m2 0.0236123 0.313031 -0.220086 0 -0.0641536
1231188 343045 m2 0.0380176 0.362803 0.0267714 0 0.0402752
1231188 538718 m2 0.0314537 0.0573061 -0.0387635 0 -0.00910281
1231188 802449 m2 0.0181938 -0.202716 0.0952702 0.0144036 0
1231188 700007 m2 0.0155947 -0.0966307 0.024752 0 0.0296226
1231188 525473 m2 0.0232159 0.0372661 -0.0375221 0.0456662 0
1231188 794354 m2 0.014978 0.00604349 0.0330191 0 0.0188
1231188 112739 m2 0.0182379 -0.209787 -0.0860812 0 -0.00997828
1231188 164765 m2 0.0199559 -0.1992 -0.0746004 0.0459271 0
1231188 553233 m2 0.0296035 0.0545175 -0.0385673 0 -0.0074967
1231188 289904 m2 0.0165198 -0.186364 -0.0218191 0 0.0343311
1231188 717025 m2 0.0118943 -0.178767 0.020627 0 -0.0117754
1231188 794668 m2 0.0285903 -0.221522 0.100348 0 0.0335626
1231188 192137 m2 0.0235242 -0.159387 -0.0298216 0 0.0387423
1231188 188970 m2 0.0294273 -0.0316008 -0.159707 -0.0321071 0
1231188 72209 m2 0.023348 -0.20971 -0.0267771 -0.0241537 0
1231188 519220 m2 0.0206608 -0.20016 0.0244749 -0.0591896 0
1231188 300056 m2 0.0114097 -0.103097 -0.0688475 0 -0.0227352
1231188 519218 m2 0.0237885 -0.20015 0.024812 0 0.0488722
1231188 738430 m2 0.0106167 -0.086776 0.0257393 0.0968903 0
1231188 473327 m2 0.040793 0.377034 -0.178296 0.0463353 0
1231188 531344 m2 0.0260352 0.0734713 -0.0369013 0.104611 0
1231188 808391 m2 0.0101762 -0.155327 0.0210536 0.0275174 0
1231188 717840 m2 0.0131278 -0.1729 -0.0197411 0 0.00763578
1231188 292915 m2 0.0478414 -0.0684337 -0.177757 0 -0.0321616
1231188 698293 m2 0.0361233 -0.222386 0.105648 -0.0171189 0
1231188 490318 m2 0.0148018 -0.195947 0.0234794 -0.0669838 0
1231188 238464 m2 0.0114097 -0.197377 -0.0712984 -0.0300394 0
1231188 241629 m2 0.0103965 -0.123275 -0.0263445 0.134209 0
1231188 133284 m2 0.0152863 0.244939 -0.231404 0.00187777 0
1231188 444730 m2 0.0126432 -0.153384 -0.0256487 -0.058524 0
1231188 364570 m2 0.0510573 -0.0478551 -0.049461 0 0.0201593
1231188 414752 m2 0.064978 0.0584697 0.0475729 -0.0600778 0
1231188 512201 m2 0.0423789 -0.0894916 -0.105512 0.0367022 0
1231188 218887 m2 0.0134361 -0.0150048 -0.0769653 -0.00104971 0
1231188 413594 m2 0.0157269 -0.00600213 -0.0739153 0 -0.0104292
1231188 170580 m2 0.0357709 -0.221266 -0.100931 0 -0.0286919
1231188 432021 m2 0.0363436 -0.221227 -0.0346736 -0.0714289 0
1231188 631459 m2 0.0153744 0.378558 -0.10189 0 0.047439
1231188 634285 m2 0.0162996 -0.150526 0.0252213 0 -0.0212321
1231188 586318 m2 0.0106167 -0.0190504 -0.0799182 0 -0.035707
1231188 123650 m2 0.0989868 0.412831 -0.389628 -0.00657278 0
1231188 471023 m2 0.0355947 0.20223 -0.0349779 -0.0345841 0
1231188 447192 m2 0.0144053 -0.00592193 -0.0741049 0.0244266 0
1231188 683235 m2 0.0188106 0.011005 -0.034736 0 0.013903
1231188 226120 m2 0.017489 -0.219882 -0.180373 -0.115567 0
1231188 747788 m2 0.0182379 -0.0144891 0.030328 -0.0221241 0
1231188 163609 m2 0.0197797 -0.19954 -0.0745773 0 0.0562373
1231188 387031 m2 0.0314537 0.0573061 -0.0387635 0 -0.0482208
1231188 721577 m2 0.0180617 -0.159718 -0.0276854 0.00910756 0
1231188 518936 m2 0.0643612 0.349875 -0.126189 0 -0.0206563
1231188 757072 m2 0.0252863 0.0682601 -0.0377557 -0.0714808 0
1231188 230135 m2 0.0478414 -0.0684337 -0.177757 0 -0.0496154
1231188 332321 m2 0.0379295 0.0217799 -0.0432835 0 -0.05913
1231188 542376 m2 0.0154626 0.330926 -0.090428 0 0.0295812
1231188 797788 m2 0.0291189 0.141033 0.0362107 0 -0.00679931
1231188 67275 m2 0.0643172 0.469673 -0.238789 0 0.0138938
1231188 306583 m2 0.0257709 0.147061 -0.111533 0.0402856 0
1231188 480139 m2 0.0387225 -0.222088 -0.104042 -0.0885688 0
1231188 59692 m2 0.0457269 -0.0133341 -0.378601 0 -0.0283884
1231188 504346 m2 0.0245374 0.145529 -0.118499 0.0223395 0
1231188 502337 m2 0.0124229 -0.0944111 0.0246742 0.0127031 0
1231188 396939 m2 0.0511454 0.232556 -0.160174 0.0178958 0
1231188 392942 m2 0.0262996 -0.215102 -0.0936674 0 0.0696595
1231188 624895 m2 0.0101762 -0.171271 0.019499 0.014544 0
1231188 772988 m2 0.0105727 -0.123798 -0.0176434 -0.0289849 0
1231188 428791 m2 0.0355507 -0.00756095 -0.133276 0 -0.0323429
1231188 541536 m2 0.0204846 -0.20008 0.0244442 0 0.00160693
1231188 400584 m2 0.0378414 -0.0798252 -0.175537 0 -0.0194939
1231188 234473 m2 0.0454626 0.103869 -0.128268 0.00161569 0
1231188 59393 m2 0.0401322 -0.0960001 -0.351724 -0.0056744 0
1231188 561472 m2 0.0131278 0.0999901 -0.0254431 0 0.00850395
1231188 367006 m2 0.0424229 0.26278 -0.193944 0.00944517 0
1231188 372698 m2 0.012467 -0.124399 -0.0271075 0 0.0183725
1231188 158689 m2 0.0271806 -0.0143393 -0.140338 -0.000973163 0
1231188 524881 m2 0.0318943 -0.206903 0.0308912 -0.0417349 0
1231188 291795 m2 0.0211454 -0.199348 -0.0748048 -0.0135386 0
1231188 593948 m2 0.0185903 0.137475 -0.103001 0.0351391 0
1231188 488864 m2 0.0225551 0.15881 -0.109205 0.0309701 0
1231188 520008 m2 0.0171806 -0.199989 -0.0729095 0 -0.0341686
1231188 386446 m2 0.0120705 -0.119135 -0.0706238 0.0110042 0
1231188 712711 m2 0.0262555 0.309393 -0.22107 0 -0.0706946
1231188 178762 m2 0.0153304 -0.00736395 -0.0727116 0.079242 0
1231188 306042 m2 0.0294273 -0.0867807 -0.109066 0 -0.0458044
1231188 474981 m2 0.0255507 -0.198946 -0.0248682 -0.053345 0
1231188 771288 m2 0.0109251 -0.0992665 0.0199593 0 -0.060852
1231188 663725 m2 0.0214978 -0.200408 0.0246016 0 0.0114567
1231188 741452 m2 0.0384581 0.114781 0.0396926 0 0.00280785
1231188 331417 m2 0.0215859 -0.105606 -0.0785336 -0.0638746 0
1231188 340166 m2 0.0100441 -0.197685 -0.0745339 0 -0.0151658
1231188 423761 m2 0.0111454 -0.161425 -0.0180631 -0.0660962 0
1231188 394663 m2 0.0125991 -0.103826 -0.0656072 -0.0290053 0
1231188 636736 m2 0.011674 -0.157459 -0.0524864 -0.0211472 0
1231188 477266 m2 0.0123348 -0.189727 -0.0261343 -0.0564617 0
1231188 401702 m2 0.0274449 -0.219481 -0.0917499 0 -0.031277
1231188 766485 m2 0.0114537 -0.189952 -0.0231308 -0.0101119 0
1231188 395553 m2 0.0229515 0.0179431 -0.146378 0.0511098 0
1231188 780170 m2 0.0187225 0.0205445 -0.0363664 0 0.025586
1231188 668316 m2 0.0286784 0.41001 -0.118563 0 0.0123482
1231188 124175 m2 0.0726872 -0.149631 -0.42909 -0.0649267 0
1231188 175383 m2 0.0356828 0.171486 -0.293289 0.0231772 0
1231188 834351 m2 0.0143172 -0.222295 0.0918538 -0.0753453 0
1231188 78142 m2 0.0175771 -0.219901 -0.180409 0.0191333 0
1231188 336781 m2 0.0125991 -0.158121 -0.0527696 0 0.0256826
1231188 752699 m2 0.0118943 0.104584 -0.090831 0 -0.0654418
1231188 812082 m2 0.010793 -0.140405 -0.0212682 0 -0.0188745
1231188 378615 m2 0.0236123 0.14487 -0.110203 0.0829657 0
1231188 94611 m2 0.0106167 -0.0477126 -0.174587 0 -0.0119027
1231188 566008 m2 0.019207 -0.205676 -0.0272883 -0.012691 0
1231188 611822 m2 0.0232599 -0.0181274 -0.0835886 0 -0.063686
1231188 663427 m2 0.0127313 0.102663 -0.0871026 0 -0.0373122
1231188 212497 m2 0.0248458 0.39762 -0.127817 0 -0.0222931
1231188 371829 m2 0.0200441 -0.094145 -0.1644 0 -0.00538637
1231188 653041 m2 0.0169163 0.0991331 -0.0255209 0.0713938 0
1231188 91818 m2 0.0393833 -0.0968167 -0.381471 0 -0.0161594
1231188 451839 m2 0.0118062 -0.158854 -0.0176944 -0.0691627 0
1231188 221747 m2 0.0665639 0.432221 -0.235904 -0.000310697 0
1231188 329106 m2 0.0246256 -0.0855224 -0.173229 0 -0.064177
1231188 632311 m2 0.0206167 -0.209787 -0.0270724 -0.0424481 0
1231188 746867 m2 0.0108811 -0.102436 -0.0239679 0 0.0479837
1231188 297530 m2 0.0211013 -0.203217 -0.0767794 -0.0256029 0
1231188 295758 m2 0.0317181 -0.217826 -0.0955375 -0.105267 0
1231188 595903 m2 0.0206167 -0.0155244 -0.081828 -0.0479328 0
1231188 140099 m2 0.0598238 0.477034 -0.237254 -0.00355262 0
1231188 158138 m2 0.0297797 -0.0122569 -0.140371 -0.0501396 0
1231188 116531 m2 0.091674 -0.0124928 -0.49902 0.00528134 0
1231188 170801 m2 0.0661233 -0.174703 -0.399767 -0.101298 0
1231188 247036 m2 0.148062 0.513449 -0.325459 0 -0.0336851
1231188 618732 m2 0.0148899 -0.0106468 -0.0300059 0 0.0517751
1231188 717561 m2 0.0114097 -0.106481 -0.0245919 0 -0.0272747
1231188 454657 m2 0.0352863 -0.109932 -0.10233 0 -0.0224752
1231188 239843 m2 0.0126872 -0.157459 -0.0524864 0 -0.0459425
1231188 717302 m2 0.0186784 0.0267079 -0.0360195 0 0.0447716
1231188 358098 m2 0.0448018 0.268274 -0.200176 -0.0572142 0
1231188 135251 m2 0.0506167 0.258078 -0.319543 0 0.0110395
1231188 671756 m2 0.0142291 0.116883 -0.0929436 0 -0.0281315
1231188 403127 m2 0.0343612 -0.0341323 -0.0984747 -0.0126193 0
1231188 653324 m2 0.0217181 0.0387855 -0.0373918 -0.0284295 0
1231188 299755 m2 0.0211013 -0.200606 -0.0754014 -0.134046 0
1231188 429360 m2 0.031674 0.149158 -0.129655 0 -0.0361318
1231188 734713 m2 0.0222467 -0.0182639 -0.0825262 0.0026953 0
1231188 513839 m2 0.0298678 0.126521 -0.245394 0.0237279 0
1231188 144642 m2 0.0355507 0.1702 -0.292114 0 0.00416276
1231188 673707 m2 0.016652 -0.00169068 -0.127308 0 -0.0266168
1231188 122733 m2 0.0622026 0.197905 -0.0742866 0 -0.0312686
1231188 122135 m2 0.105286 -0.0181873 -0.524887 0 0.0146
1231188 607834 m2 0.0298238 -0.0101814 -0.14065 -0.0213416 0
1231188 627136 m2 0.0184581 -0.104125 -0.0725587 0 0.0224212
1231188 589131 m2 0.0176652 -0.0537774 -0.0592997 0 0.0340831
1231188 320505 m2 0.0481057 -0.0685204 -0.178506 0 -0.0303601
1231188 610047 m2 0.029207 -0.0105583 -0.140996 0.0433209 0
1231188 206192 m2 0.0104405 -0.10243 -0.128395 0 0.03008
1231188 222373 m2 0.0281057 -0.214198 -0.202781 0.00613701 0
1231188 322262 m2 0.0470044 -0.180492 -0.229364 -0.0457346 0
1231188 382142 m2 0.0469163 -0.0707958 -0.177616 0 0.0332663
1231188 464738 m2 0.0174009 -0.200527 -0.0732892 0 0.0177182
1231188 284139 m2 0.118326 0.440531 -0.214487 0.0429118 0
1231188 633674 m2 0.0127313 -0.193543 -0.0690975 -0.0234167 0
1231188 618722 m2 0.0144053 -0.184583 -0.0215335 -0.0241853 0
1231188 647319 m2 0.0278855 -0.0516956 -0.0952347 0.0184556 0
1231188 731097 m2 0.0148899 -0.0384188 -0.164364 0.0145828 0
1231188 350134 m2 0.0433921 0.356643 -0.263184 0.0873814 0
1231188 290901 m2 0.0869163 0.00933654 -0.490375 0 -0.0993262
1231188 323423 m2 0.0452423 0.358543 -0.281602 -0.032074 0
1231188 607289 m2 0.0237445 -0.213502 -0.028049 -0.0388516 0
1231188 362020 m2 0.0368722 0.212775 -0.106585 0 -0.00441138
1231188 638971 m2 0.0104405 -0.185943 -0.0652535 -0.00725869 0
1231188 212189 m2 0.103524 0.506873 -0.35484 0.055546 0
1231188 403411 m2 0.0127313 -0.0102914 -0.101703 0.0306165 0
1231188 212763 m2 0.012467 0.168602 -0.197189 -0.0171464 0
1231188 494066 m2 0.0111013 -0.109886 -0.0250237 -0.0111736 0
1231188 182149 m2 0.0806167 0.373862 -0.393081 0 -0.0160647
1231188 492323 m2 0.0121586 -0.173689 -0.0688747 0 -0.0353831
1231188 290099 m2 0.0436123 0.206841 -0.321583 0 -0.0454248
1231188 533336 m2 0.0202643 0.340658 -0.0865379 0.0990244 0
1231188 219683 m2 0.0770044 0.0481826 -0.464367 0 -0.00377667
1231188 446612 m2 0.0563877 0.324896 -0.294269 0 0.00258184
1231188 443591 m2 0.0297797 -0.206047 -0.280484 -0.00484457 0
1231188 702740 m2 0.0155947 0.00212891 -0.125606 0 -0.0264196
1231188 328540 m2 0.0264758 -0.0247125 -0.0875574 -0.035301 0
1231188 472448 m2 0.0170925 -0.157066 -0.0290552 0 0.0507393
1231188 351769 m2 0.025815 0.172534 -0.248582 0 -0.0878923
1231188 623159 m2 0.0159471 0.148137 -0.106026 -0.0151524 0
1231188 479830 m2 0.0201322 0.294648 -0.249071 0 -0.0321574
1231188 514380 m2 0.0697797 0.427695 -0.238765 0.0460143 0
1231188 662031 m2 0.0169163 -0.190784 -0.0734221 0.000580926 0
1231188 223236 m2 0.0677533 -0.16987 -0.411289 -0.00654455 0
1231188 220872 m2 0.15141 0.431898 -0.41332 0 -0.0692797
1231188 721552 m2 0.0147137 -0.176556 -0.0842855 -0.0023121 0
1231188 598461 m2 0.0507048 -0.128646 -0.205626 -0.0277637 0
1231188 609485 m2 0.0112775 0.160328 -0.189762 0.0893693 0
1231188 311286 m2 0.0505727 -0.197372 -0.388949 -0.0593621 0
1231188 699102 m2 0.0155947 -0.120226 -0.0824614 -0.0315472 0
1231188 230638 m2 0.0832599 0.369331 -0.378715 -0.00725731 0
1231188 712979 m2 0.0184581 0.141135 -0.102887 0 0.00906393
1231188 443870 m2 0.0170485 0.274776 -0.268211 0 -0.0506299
1231188 200128 m2 0.0656388 -0.17592 -0.39582 0.00399418 0
1231188 581138 m2 0.019163 -0.199526 -0.0748232 0 0.0548968
1231188 238379 m2 0.0726432 -0.149839 -0.429039 0.0478512 0
1231188 456088 m2 0.0276211 -0.0969771 -0.0979851 0 -0.00411417
1231188 250346 m2 0.101322 -0.0432039 -0.504045 0 0.0140327
1231188 398838 m2 0.0335242 -0.0946867 -0.367278 0.00364958 0
1231188 691691 m2 0.0188546 -0.0984832 -0.0745526 0 -0.0235035
1231188 693378 m2 0.0157709 -0.0524864 -0.0524864 0 0.00501815
1231188 735321 m2 0.0162996 0.139018 -0.0977468 0.028296 0
1231188 263057 m2 0.0359471 0.170631 -0.27219 0.0368184 0
1231188 842697 m2 0.0113216 0.214637 -0.175034 0 0.0441156
1231188 485966 m2 0.0293392 -0.205849 -0.279593 0 -0.0452572
1231188 523368 m2 0.0198238 0.295737 -0.249827 0.0637294 0
1231188 739233 m2 0.0176652 -0.00558071 -0.0738222 0.0308707 0
1231188 296559 m2 0.0239648 -0.212173 -0.243843 0 -0.0206852
1231188 320190 m2 0.0506608 0.138305 -0.329831 0 -0.0270157
1231188 276643 m2 0.0254626 -0.214939 -0.261613 0 -0.0589457
1231188 344945 m2 0.0352863 0.149694 -0.255927 0.00898804 0
1231188 496640 m2 0.0245815 -0.211587 -0.100734 -0.0195985 0
1231188 540889 m2 0.046696 0.349257 -0.259305 0 -0.0045386
1231188 254576 m2 0.0355066 -0.195467 -0.296438 -0.0629164 0
1231188 363929 m2 0.0302643 -0.0847616 -0.170767 -0.00126864 0
1231188 336175 m2 0.0674009 -0.0122358 -0.422264 -0.0164462 0
1231188 298873 m2 0.0319824 -0.201942 -0.284841 0 0.0693355
1231188 286143 m2 0.0840969 0.394992 -0.292011 0 -0.0152053
1231188 605811 m2 0.0237004 0.153858 -0.253306 0 -0.01361
1231188 677558 m2 0.0118943 -0.0977194 -0.126296 0 -0.0317108
1231188 354065 m2 0.0800881 0.505822 -0.299169 0.0389311 0
1231188 727425 m2 0.0112775 -0.157459 -0.0524864 0 -0.0223932
1231188 406523 m2 0.0198678 -0.0128207 -0.0775857 -0.056384 0
1231188 336726 m2 0.101894 0.505674 -0.362919 0.0695304 0
1231188 419202 m2 0.014185 0.230993 -0.244093 0.037296 0
1231188 757623 m2 0.0111454 -0.099428 -0.126513 -0.0354537 0
1231188 444676 m2 0.0223348 0.111772 -0.242365 0 -0.025816
1231188 673681 m2 0.01163 0.163538 -0.192049 0.0621457 0
1231188 283812 m2 0.0509251 -0.0620949 -0.387208 0 -0.00767119
1231188 736094 m2 0.0308811 0.345417 -0.312446 -0.0136316 0
1231188 459121 m2 0.0542291 0.386461 -0.307891 0 -0.0602018
1231188 510758 m2 0.0140969 -0.207524 -0.19959 0 -0.0672941
1231188 735308 m2 0.0155947 -0.00651465 -0.0728893 0 -0.0259499
1231188 693078 m2 0.0470044 0.318594 -0.228927 -0.0200567 0
1231188 387782 m2 0.0545815 -0.184346 -0.393129 0 0.00465602
1231188 371498 m2 0.0656388 -0.17592 -0.39582 0 -0.0479887
1231188 312123 m2 0.0305727 -0.19025 -0.292884 0 -0.0388795
1231188 581973 m2 0.0274449 -0.0868303 -0.172697 -0.0295004 0
1231188 651562 m2 0.0114097 -0.0993023 -0.130785 0.101436 0
1231188 626275 m2 0.0370044 0.348395 -0.34251 0.0281098 0
1231188 389743 m2 0.0160352 -0.155817 -0.194544 0.00801713 0
1231188 368705 m2 0.0260793 0.367824 0.0778199 0.0437493 0
1231188 523892 m2 0.0203084 -0.210545 -0.263072 -0.00970815 0
1231188 401095 m2 0.0162115 -0.204477 -0.227606 0 0.0530334
1231188 333932 m2 0.0701762 0.0593206 -0.316957 0 -0.0521194
1231188 332527 m2 0.0357709 0.172894 -0.294465 0.0947431 0
1231188 503432 m2 0.0115859 0.280033 -0.0543292 0 -0.0646816
1231188 758434 m2 0.0204405 0.184155 -0.288034 -0.0390409 0
1231188 758946 m2 0.0165198 -0.103478 -0.262057 -0.0108444 0
1231188 420278 m2 0.0581498 0.482012 -0.268905 0.0395119 0
1231188 503431 m2 0.0317181 -0.00912447 -0.134589 0.0359745 0
1231188 729129 m2 0.0107048 -0.138231 -0.0723243 0 -0.0508884
1231188 532150 m2 0.0342731 0.338593 -0.248445 0 0.00941933
1231188 296015 m2 0.056652 -0.144916 -0.334764 0 -0.0710792
1231188 373785 m2 0.0307048 -0.188399 -0.301314 -0.00533448 0
1231188 424830 m2 0.0555507 0.306021 -0.361668 0 -0.0363793
1231188 330198 m2 0.0312775 -0.201054 -0.279728 -0.0846447 0
1231188 582758 m2 0.0344053 0.149957 -0.256378 -0.0184311 0
1231188 485142 m2 0.022511 -0.207919 -0.234927 0 -0.037415
1231188 347782 m2 0.0682819 -0.168072 -0.414423 0 -0.0760974
1231188 320171 m2 0.077489 0.0476399 -0.465811 0 -0.0449322
1231188 327029 m2 0.0395154 0.177634 -0.285839 0 -0.0936556
1231188 480383 m2 0.0278414 0.0695332 -0.223922 -0.0247106 0
1231188 699338 m2 0.0104846 -0.207291 -0.234722 0 -0.0276609
1231188 359712 m2 0.0461674 0.168519 -0.355257 0.0266752 0
1231188 802680 m2 0.0119824 -0.00385788 -0.0746686 0 -0.00565773
1231188 745962 m2 0.0177533 -0.200207 -0.236411 0 -0.0116513
1231188 643002 m2 0.0478414 -0.0684337 -0.177757 0 0.0513519
1231188 346680 m2 0.0353304 0.174239 -0.29464 0.00402452 0
1231188 375481 m2 0.0192952 -0.206937 -0.234251 0 -0.0758511
1231188 373504 m2 0.0542731 0.279624 -0.365652 0 0.00018421
1231188 593275 m2 0.0327753 -0.218804 -0.339389 0 -0.0312087
1231188 733866 m2 0.022467 -0.00810529 -0.131337 0 0.028995
1231188 725672 m2 0.0145374 -0.0458961 -0.189005 0.0613489 0
1231188 368663 m2 0.0486784 -0.102419 -0.38752 0 -0.0346746
1231188 812305 m2 0.0121586 -0.0975595 -0.129899 -0.0601238 0
1231188 522490 m2 0.0186344 -0.196962 -0.239578 -0.00816184 0
1231188 477502 m2 0.0355066 -0.195467 -0.296438 0 -0.0562159
1231188 524206 m2 0.0151542 -0.104088 -0.06967 0 -0.0276218
1231188 516344 m2 0.0234802 -0.201571 -0.2417 0 -0.00582824
1231188 699028 m2 0.0235683 -0.103176 -0.350475 0 0.0299462
1231188 379742 m2 0.0293392 -0.187103 -0.291208 -0.0495843 0
1231188 463521 m2 0.0244934 -0.213511 -0.246925 -0.0912781 0
1231188 384100 m2 0.0355947 0.170521 -0.2923 0 -0.117928
1231188 444922 m2 0.0340529 -0.199464 -0.292543 0 -0.0502433
1231188 396357 m2 0.0677533 -0.16987 -0.411289 0 -0.109176
1231188 585060 m2 0.0426872 -0.0956144 -0.350815 0.00893997 0
1231188 780725 m2 0.0155947 -0.0965131 -0.144503 0 -0.00402905
1231188 567919 m2 0.0168722 -0.219127 -0.232672 -0.030327 0
1231188 545683 m2 0.0225551 0.115177 -0.245477 0.0254292 0
1231188 789657 m2 0.0159031 -0.0965231 -0.227531 0 0.0128525
1231188 687721 m2 0.0470044 0.318594 -0.228927 0 0.0325275
1231188 526767 m2 0.0206167 -0.0148249 -0.240805 0.0802041 0
1231188 452312 m2 0.0699559 -0.161714 -0.422368 0 0.0130196
1231188 462015 m2 0.0355507 0.1702 -0.292114 0.0803044 0
1231188 601836 m2 0.046652 -0.111112 -0.371832 0 -0.023055
1231188 533275 m2 0.0190749 0.074088 -0.202754 0 -0.0388668
1231188 794897 m2 0.0144934 -0.00686519 -0.0726864 0 0.0280252
1231188 417846 m2 0.04 0.319693 -0.333775 0.0337477 0
1231188 599297 m2 0.0110132 0.315924 -0.290843 -0.0053761 0
1231188 488487 m2 0.0722467 0.0276272 -0.449455 0.0030012 0
1231188 723477 m2 0.0222907 0.0472152 -0.179974 -0.0267536 0
1231188 472648 m2 0.0251542 -0.100899 -0.349872 0 -0.00431818
1231188 573568 m2 0.0355066 0.142092 -0.268332 0 -0.062667
1231188 449941 m2 0.0496476 -0.0586341 -0.386627 -0.0264868 0
1231188 700490 m2 0.0161233 0.0498797 -0.175461 0 0.0212964
1231188 484545 m2 0.023304 -0.210448 -0.240163 -0.0439997 0
1231188 442211 m2 0.0114097 -0.164032 -0.0553176 -0.0654726 0
1231188 722614 m2 0.0224229 -0.082426 -0.242844 0 -0.0712987
1231188 478923 m2 0.029163 -0.20603 -0.279496 0 -0.0744206
1231188 783995 m2 0.017489 -0.050545 -0.166717 0 -0.054883
1231188 525650 m2 0.07837 0.374035 -0.384432 0 -0.0342361
1231188 458810 m2 0.0222467 -0.207372 -0.23405 -0.0262239 0
1231188 775220 m2 0.0170485 0.0012336 -0.180683 -0.0089173 0
1231188 743721 m2 0.0148018 -0.183019 -0.0713353 0 -0.0297657
1231188 450296 m2 0.0203084 -0.210545 -0.263072 -0.028561 0
1231188 522731 m2 0.0228634 -0.20684 -0.231956 -0.0196072 0
1231188 667088 m2 0.0181938 0.0580606 -0.190099 -0.0336983 0
1231188 513555 m2 0.0193392 -0.221435 -0.247588 -0.0553576 0
1231188 555137 m2 0.0228634 -0.20684 -0.231956 -0.0902424 0
1231188 516936 m2 0.0137885 -0.133898 -0.226662 0.00585794 0
1231188 627661 m2 0.0428194 0.334351 -0.251458 0 -0.00423688
1231188 515765 m2 0.01163 0.172131 -0.272513 0 -0.045922
1231188 541166 m2 0.0255947 0.383789 -0.127638 0 -0.0752288
1231188 669375 m2 0.0164317 0.169173 -0.243448 0 0.00807731
1231188 803513 m2 0.0104405 -0.0965378 -0.109511 -0.0011183 0
1231188 722607 m2 0.0153304 0.184034 -0.275279 0.0443276 0
1231188 600673 m2 0.0240969 0.0482195 -0.177197 0.012169 0
1231188 533527 m2 0.023348 -0.210843 -0.240623 0 -0.108188
1231188 826336 m2 0.0137445 -0.0986941 -0.128434 -0.026466 0
1231188 629047 m2 0.0269604 -0.208608 -0.278216 -0.0467258 0
1231188 707471 m2 0.0400881 0.0630358 -0.290587 0 0.00144336
1231188 648699 m2 0.0102203 0.170376 -0.243533 -0.0449227 0
1231188 621975 m2 0.0245815 -0.105218 -0.339792 0 0.00817138
1231188 798321 m2 0.0126872 0.000730791 -0.125732 0 -0.0229431
1231188 738076 m2 0.0259031 -0.0113924 -0.140964 0 0.0407593
1231188 550809 m2 0.0505727 -0.0711957 -0.389256 0 -0.0336975
1231188 599587 m2 0.0118943 -0.214553 -0.227596 0 -0.0121183
1231188 646692 m2 0.0129075 -0.215739 -0.221367 -0.00698462 0
1231188 554267 m2 0.0669604 -0.17236 -0.40603 0 -0.00512596
1231188 752627 m2 0.0118062 0.141955 -0.27129 0 -0.0106012
1231188 797414 m2 0.0145374 0.0488763 -0.178429 0.0139467 0
1231188 716374 m2 0.0197357 0.049689 -0.177411 0.0230117 0
1231188 716102 m2 0.0170485 0.0012336 -0.180683 0 0.0389455
1231188 773185 m2 0.0207489 -0.157924 -0.229872 0.0144354 0
1231188 666522 m2 0.0196916 0.131271 -0.261086 -0.00756985 0
1231188 617784 m2 0.023304 -0.210448 -0.240163 0 0.00344762
1231188 759759 m2 0.0100441 0.176945 -0.263752 0 0.0178364
1231188 626780 m2 0.0159471 0.120182 -0.248458 0.0198402 0
1231188 655525 m2 0.0260352 0.172386 -0.248385 0 -0.00320461
1231188 733527 m2 0.0163877 -0.0996518 -0.350428 0.00172106 0
1231188 702930 m2 0.0372247 -0.214522 -0.353446 0 0.0166663
1231188 711199 m2 0.0136123 0.183872 -0.214626 0 -0.0394228
1231188 752876 m2 0.0309251 -0.10609 -0.362451 0 -0.0548117
1231188 733791 m2 0.0200441 -0.208245 -0.236178 0.0178455 0
1231188 723448 m2 0.0470925 -0.0762674 -0.378032 0.0307217 0
1231188 687107 m2 0.0236564 0.363176 -0.343783 0.0221445 0
1231188 710851 m2 0.0100441 -0.0964587 -0.309539 -0.0154351 0
1231188 737750 m2 0.0100881 -0.0969735 -0.309785 0 0.0145841
1231188 811998 m2 0.0115859 -0.106309 -0.337498 0 0.0198673
1231188 737165 m2 0.0228194 -0.206788 -0.261754 0 0.06111
1231188 734371 m2 0.0213216 0.169415 -0.242928 0 -0.0262987
1231188 789630 m2 0.0144934 -0.0948721 -0.351793 0 -0.0306224
1231188 734937 m2 0.0209251 0.300236 -0.251752 0 0.00724001
1231188 741911 m2 0.0161674 -0.102871 -0.224185 0.0326549 0
1231188 752868 m2 0.0114097 -0.204636 -0.228766 0 -0.100376
1231188 733224 m2 0.0315859 -0.0903571 -0.347849 0 -0.0645137
1231188 801159 m2 0.0118062 0.17677 -0.253643 -0.0684918 0
1231188 801429 m2 0.0136123 -0.0956344 -0.34136 0 0.014755
1231188 771998 m2 0.0204405 -0.20807 -0.235264 0.0438509 0
1231188 804903 m2 0.0164758 0.177498 -0.251867 -0.0341153 0
1231188 802301 m2 0.0142291 0.167851 -0.245167 0.056383 0
1231188 824381 m2 0.010837 -0.102743 -0.126842 0.037285 0
