// Initial random seed:
1964006636310

// RunInitializeCallbacks():
initializeTreeSeq();
initializeMutationRate(2.5e-08);
initializeSex("A");
initializeMutationType(2, 0.5, "f", 0);
initializeGenomicElementType(1, m2, 1);
initializeGenomicElement(g1, 0, 500000);
initializeRecombinationRate(c(1e-06, 0.5, 1e-06, 0.5, 1e-06, 0.5, 1e-06, 0.5, 1e-06, 0.5, 1e-06, 0.5, 1e-06, 0.5, 1e-06, 0.5, 1e-06, 0.5, 1e-06, 0.5, 1e-06, 0.5, 1e-06, 0.5, 1e-06, 0.5, 1e-06, 0.5, 1e-06, 0.5, 1e-06, 0.5, 1e-06, 0.5, 1e-06, 0.5, 1e-06, 0.5, 1e-06), c(50000, 50001, 100000, 100001, 150000, 150001, 200000, 200001, 250000, 250001, 300000, 300001, 350000, 350001, 400000, 400001, 450000, 450001, 500000, 500001, 550000, 550001, 600000, 600001, 650000, 650001, 700000, 700001, 750000, 750001, 800000, 800001, 850000, 850001, 900000, 900001, 950000, 950001, 1000000));

QTL DFE means: 
0 0

QTL DFE variance-covariance matrix: 
      [,0]  [,1]
[0,] 0.002     0
[1,]     0 0.002

// Starting run at generation <start>:
1 

100:0.999409 0.999409 -2.42029e-14 0.000927414 -0.0032079 0.0779865 -0.270887 NAN NAN
200:0.998631 0.998631 1.70974e-14 -0.0247542 -0.00293058 0.0828023 0.381781 NAN NAN
300:0.997803 0.997803 -2.60902e-14 -0.0201861 0.00283987 -0.190787 0.487566 NAN NAN
400:0.997014 0.997014 -1.38778e-14 -0.0304224 0.000844459 -0.208553 0.426708 NAN NAN
500:0.996878 0.996878 -2.37588e-14 -0.0139613 -0.0182124 0.144994 0.292847 NAN NAN
600:0.996003 0.996003 1.08802e-14 -0.000686566 -0.0270867 0.193808 0.271234 NAN NAN
700:0.995576 0.995576 -6.02851e-14 -0.00908155 -0.0188562 0.370738 0.170943 NAN NAN
800:0.994814 0.994814 -5.16254e-14 -0.00614206 -0.0369551 0.278955 0.0554199 NAN NAN
900:0.993818 0.993818 -1.79856e-14 -0.00399505 -0.0381353 0.406326 -0.0705302 NAN NAN
1000:0.993217 0.993217 -3.03091e-14 0.00216327 -0.00944868 0.368684 -0.212935 NAN NAN
1100:0.992302 0.991551 0.000751256 0.00643958 0.00541862 0.311887 -0.1196 0.272671 -0.151248
1200:0.990147 0.986432 0.00371522 0.00988758 -0.00297017 0.538123 0.0332435 0.458504 -0.0168467
1300:0.989373 0.980367 0.00900621 0.00189936 -0.016476 0.658746 0.383949 0.624683 0.319232
1400:0.984529 0.968595 0.0159343 -0.010689 -0.03018 0.802309 0.275872 0.736706 0.230337
1500:0.979845 0.948098 0.0317466 0.030994 0.0145581 0.80665 0.638785 0.764474 0.54905
1600:0.974142 0.921025 0.053117 0.057798 0.0579381 0.882165 0.719232 0.826609 0.668068
1700:0.96896 0.877574 0.0913864 0.0692448 0.0212492 0.917592 0.769382 0.880591 0.714881
1800:0.962934 0.817389 0.145545 0.0621159 -0.00220169 0.936409 0.81922 0.903612 0.806756
1900:0.96111 0.718295 0.242815 0.0254058 -0.00361613 0.959251 0.878149 0.925525 0.858461
2000:0.942598 0.570696 0.371902 0.00122624 0.00121718 0.964438 0.888214 0.940224 0.867796
2100:0.95805 0.550731 0.407319 -0.020904 -0.0278348 0.977255 0.913036 0.953927 0.884633
2200:0.952089 0.546202 0.405887 0.0125606 -0.0454969 0.972535 0.887656 0.948726 0.8681
2300:0.954293 0.542738 0.411555 -0.000477996 -0.0685436 0.975566 0.891306 0.954641 0.878634
2400:0.957565 0.536089 0.421476 -0.0101567 -0.0350017 0.975064 0.920188 0.954449 0.909133
2500:0.95901 0.541229 0.417782 -0.00670704 -0.083658 0.980016 0.897334 0.955083 0.882176
2600:0.954775 0.534374 0.420401 -0.0237153 -0.0741349 0.977303 0.903271 0.952385 0.890755
2700:0.952695 0.53316 0.419535 -0.0166022 -0.08344 0.972922 0.907449 0.948983 0.888455
2800:0.953049 0.531483 0.421566 -0.0134114 -0.0817201 0.974601 0.903644 0.952563 0.890405
2900:0.952266 0.530459 0.421808 0.0111967 -0.075769 0.973487 0.906982 0.950742 0.89262
3000:0.954216 0.527402 0.426814 0.0102449 -0.107982 0.980008 0.906419 0.956014 0.891859
