seed mutID muttype p cor_sal cor_temp mutSalEffect mutTempEffect
1231215 14404 m2 0.0827 -0.00324135 0.465085 -0.0538706 0.00140373
1231215 202717 m2 0.15755 -0.026961 0.262634 -0.0207337 0.00527927
1231215 482168 m2 0.03085 0.156386 0.509684 -0.00338486 0.008376
1231215 472665 m2 0.03315 0.0302748 0.546902 -0.033907 0.0488788
1231215 90075 m2 0.0969 -0.0787282 0.419062 -0.00961142 0.0180405
1231215 598023 m2 0.02445 -0.0782502 0.499825 -0.0155929 -0.00311851
1231215 547435 m2 0.0324 0.0519786 0.667515 0.0242691 -0.0513118
1231215 626617 m2 0.0132 -0.0240021 0.558298 -0.00605589 0.0687947
1231215 705451 m2 0.0111 0.177604 0.513612 0.00132905 -0.0317582
1231215 695278 m2 0.0114 0.0873414 0.610149 0.00731409 -0.0352073
1231215 588145 m2 0.0183 -0.0167951 0.511319 -0.000105731 -0.00710784
1231215 266340 m2 0.0226 -0.0326557 0.518154 -0.0433346 0.00474827
1231215 696026 m2 0.0195 0.206223 0.441872 0.0523308 0.0520854
1231215 638588 m2 0.0118 0.0585441 0.488097 0.00200047 -0.0338733
1231215 687841 m2 0.01045 0.138201 0.518323 -0.042171 0.0100412
1231215 34324 m2 0.05955 -0.200688 0.0352874 -0.0532148 -0.0228428
1231215 255265 m2 0.22415 -0.107402 0.758421 -0.0425864 0.0456863
1231215 675041 m2 0.02005 -0.0266887 0.515077 -0.0496165 0.025765
1231215 307195 m2 0.04025 -0.0651498 0.667814 -0.0479383 -0.00204959
1231215 690062 m2 0.0114 0.13026 0.603007 0.0634207 0.00268212
1231215 641074 m2 0.03655 -0.115445 0.373285 -0.0504187 -0.0425531
1231215 501006 m2 0.02985 0.0256924 0.533343 0.0235809 0.0174647
1231215 428299 m2 0.01595 -0.0288383 0.116135 -0.00950941 0.0137741
1231215 352966 m2 0.11985 -0.0395725 0.678217 -0.0198944 0.0290614
1231215 355568 m2 0.04655 -0.0203285 0.525025 -0.0671795 0.00390773
1231215 338105 m2 0.19035 0.269169 0.749358 0.0917616 0.0145063
1231215 349754 m2 0.0201 -0.100202 0.485802 -0.040489 0.0326249
1231215 571473 m2 0.01885 0.191956 0.608466 0.0387208 -0.0110227
1231215 473930 m2 0.016 0.17208 0.161421 0.0720111 -0.035842
1231215 327221 m2 0.02405 0.309719 0.531243 0.059984 0.0372077
1231215 629858 m2 0.0134 -0.093675 0.503398 0.0454161 -0.0334726
1231215 59619 m2 0.02625 0.111978 0.737476 0.0111735 -0.00768435
1231215 181207 m2 0.08855 0.128654 0.660295 0.038464 0.035829
1231215 296886 m2 0.05485 0.200151 0.524155 -0.00941219 0.0407337
1231215 306718 m2 0.0486 0.0410312 0.662423 -0.00785754 0.00773175
1231215 130649 m2 0.0349 -0.172703 0.612491 -0.0870831 -0.0139007
1231215 424595 m2 0.02625 0.109654 0.493391 -0.0240912 -0.00557166
1231215 229668 m2 0.037 -0.157649 0.593177 -0.00895709 0.0333845
1231215 271325 m2 0.01185 0.146259 0.582956 0.0288067 0.0559594
1231215 511417 m2 0.0964 0.0495148 0.850239 0.0375822 -0.0247673
1231215 453157 m2 0.0297 0.197035 0.639765 0.0530193 0.0341823
1231215 474420 m2 0.06335 0.123761 0.808453 0.0283856 0.00605569
1231215 208711 m2 0.01255 0.116445 0.505093 0.03862 0.039196
1231215 423417 m2 0.03115 -0.0754752 0.405207 -0.0100905 0.0674347
1231215 697051 m2 0.01985 -0.0999355 0.482512 0.0091378 -0.0177819
1231215 137836 m2 0.05165 -0.0534721 0.545749 -0.0576415 0.0376746
1231215 294195 m2 0.04085 -0.0774141 0.610432 -0.0401273 0.00728289
1231215 633133 m2 0.0185 0.112201 0.539161 0.0473295 -0.028497
1231215 696248 m2 0.01205 0.0279865 0.477092 0.012185 0.0205483
1231215 547912 m2 0.02045 -0.109653 0.481189 -0.0051469 -0.0518923
1231215 378882 m2 0.06285 -0.133067 0.473086 -0.126363 0.0576332
1231215 655930 m2 0.0165 0.029516 0.503129 -0.0563671 -0.0142162
1231215 646914 m2 0.0192 -0.0941779 0.489044 -0.00422986 0.0162869
1231215 161823 m2 0.24935 0.0362935 0.845547 0.0120616 0.00638935
1231215 479401 m2 0.06045 0.114417 0.550007 0.0553687 0.0180041
1231215 676572 m2 0.0133 0.0968762 0.643132 -0.0304793 -0.0116309
1231215 370597 m2 0.10585 0.170702 0.737599 0.0587043 0.052865
1231215 580513 m2 0.0196 -0.0882112 0.387821 -0.0548177 0.00261393
1231215 211692 m2 0.126 0.0908827 0.732846 0.000905889 0.0157978
1231215 310180 m2 0.01835 0.135973 0.494244 0.0330301 0.0369287
1231215 210449 m2 0.19435 -0.00174214 0.701011 -0.00591801 0.0476191
1231215 656148 m2 0.02045 0.2443 0.553459 0.0321861 0.0325079
1231215 582949 m2 0.0186 -0.134618 0.463982 -0.030888 0.0142805
1231215 498759 m2 0.0507 -0.0873283 0.503494 -0.0633184 -0.0095537
1231215 588118 m2 0.055 -0.090357 0.605558 -0.0566182 0.0573643
1231215 188031 m2 0.11435 0.0654257 0.631883 -0.0213748 0.0359295
1231215 695506 m2 0.0164 0.0726128 0.504865 0.0419773 0.0842433
1231215 143815 m2 0.02545 0.00183194 0.640589 -0.00378711 -0.00678064
1231215 553814 m2 0.011 -0.154507 0.590485 0.0264325 0.0410992
1231215 630085 m2 0.0115 -0.140181 0.454378 -0.0421056 0.00867472
1231215 316462 m2 0.1229 -0.120303 0.660893 -0.0714648 0.015588
1231215 514053 m2 0.0273 -0.0810764 0.501367 -0.0100815 -0.0213127
1231215 649881 m2 0.02845 -0.115354 0.476405 0.0527891 0.0351717
1231215 502953 m2 0.0334 -0.145798 0.457321 -0.0802011 -0.00430306
1231215 659978 m2 0.01155 0.0405174 0.509046 0.0632847 0.000604359
1231215 292120 m2 0.05105 -0.148495 0.551849 -0.0605149 0.0091008
1231215 537575 m2 0.02085 -0.154063 0.409889 -0.0488459 0.0332514
1231215 659732 m2 0.03555 0.0672084 0.601323 -0.00220479 0.0246211
1231215 614194 m2 0.02015 -0.0826361 0.504655 -0.000971774 0.0192967
1231215 459129 m2 0.1148 -0.0776677 0.803421 -0.034663 0.00249134
1231215 309660 m2 0.0515 0.130907 0.675853 0.0356873 -0.00227229
1231215 600696 m2 0.0472 -0.0377566 0.633509 0.0285034 0.0103109
1231215 256747 m2 0.0175 0.245282 0.270398 0.0451065 0.00529647
1231215 187755 m2 0.04165 0.0403734 0.472837 0.0182683 -0.00559009
1231215 506267 m2 0.042 0.0759311 0.522185 0.0506257 -0.00611679
1231215 591367 m2 0.04325 0.0673015 0.608282 0.0194952 0.00887965
1231215 625323 m2 0.012 0.218471 0.184611 0.0379912 -0.0269395
1231215 705921 m2 0.0266 -0.00219158 0.602247 -0.000701541 -0.00153892
1231215 365603 m2 0.0346 -0.0803211 0.69168 -0.0499735 0.027008
1231215 85518 m2 0.0722 -0.176355 0.678447 -0.0611568 -0.00266164
1231215 484165 m2 0.0565 0.148018 0.783483 0.0424738 0.017054
1231215 703977 m2 0.0197 0.243601 0.594759 0.0447572 0.0912098
1231215 278798 m2 0.2043 0.0312904 0.836624 0.0545501 0.0478127
1231215 259792 m2 0.1814 0.117682 0.620562 0.0675694 0.0210083
1231215 126799 m2 0.14155 0.263059 0.755356 0.06608 0.00833585
1231215 335379 m2 0.0108 -0.195483 0.574985 -0.0282034 0.0130983
1231215 230402 m2 0.2052 -0.16259 0.701635 -0.0384493 0.000726463
1231215 592386 m2 0.01905 0.0262773 0.460774 0.0309455 0.0245655
1231215 269815 m2 0.1003 -0.00990295 0.677192 -0.0356026 0.0444756
1231215 553555 m2 0.03145 0.029963 0.648289 0.0683345 0.0197313
1231215 272758 m2 0.17825 0.0911945 0.855336 0.0219071 0.000987021
1231215 581712 m2 0.01705 0.190599 0.603057 0.0311415 0.048242
1231215 291322 m2 0.0504 0.107817 0.643972 0.0273217 0.00354225
1231215 76499 m2 0.0263 -0.080994 0.499034 -0.00977821 -0.0142387
1231215 646659 m2 0.0125 0.0086112 0.509421 -0.021799 -0.0329726
1231215 620614 m2 0.0145 0.107591 0.550351 0.0126292 -0.00465575
1231215 345733 m2 0.0697 -0.144257 0.581243 -0.0722919 0.0561859
1231215 623056 m2 0.03705 0.0876442 0.596789 0.0637225 -0.0311306
1231215 524563 m2 0.0228 0.188756 0.577381 0.0126902 -0.0543681
1231215 284549 m2 0.0662 0.0991814 0.688533 0.0362326 0.0242139
1231215 676552 m2 0.03195 0.0854667 0.692743 0.0539421 0.0354193
1231215 213932 m2 0.09035 -0.255057 0.384946 -0.0788229 0.0360486
1231215 295357 m2 0.03125 -0.143193 0.553493 -0.0334229 0.0081289
1231215 230135 m2 0.0443 0.219934 0.606783 0.0844146 0.0343384
1231215 228853 m2 0.0865 -0.156665 0.638434 -0.0579508 0.0395363
1231215 31768 m2 0.1009 -0.0574433 0.601373 -0.0370268 0.0294069
1231215 411119 m2 0.02735 -0.0284838 0.421061 -0.0762032 -0.0307649
1231215 479857 m2 0.0241 -0.0163691 0.538921 -0.0604491 0.010971
1231215 45520 m2 0.03525 -0.00836043 0.57142 0.00779671 0.0126722
1231215 121238 m2 0.0361 0.136865 0.623003 0.015611 0.0153798
1231215 538793 m2 0.0173 0.251269 0.576273 0.0546299 -0.00737531
1231215 303695 m2 0.02545 -0.031831 0.553998 -0.0045106 -0.0321157
1231215 723328 m2 0.01405 0.00794694 0.568553 -0.0452048 0.00852816
1231215 618534 m2 0.03545 -0.0184258 0.621748 0.00818328 -0.0153874
1231215 692205 m2 0.0112 -0.0204263 0.400355 -0.0466765 0.0273928
1231215 667704 m2 0.02155 -0.033078 0.500833 0.0157559 -0.087496
1231215 20846 m2 0.08995 0.201182 0.735847 0.0724745 -0.00166463
1231215 545878 m2 0.03475 -0.0159186 0.551755 -0.0277667 -0.0119837
1231215 482886 m2 0.0349 0.0796368 0.652084 0.0514712 0.0356818
1231215 292333 m2 0.03565 0.134569 0.764331 0.00483791 0.00698014
1231215 682994 m2 0.03235 -0.0394405 0.416139 -8.25242e-05 0.0101128
1231215 593822 m2 0.01065 -0.0572258 0.535197 0.0347773 0.0248622
1231215 650548 m2 0.0266 -0.128802 0.365233 -0.0525921 -0.0496468
1231215 466865 m2 0.0154 0.0672741 0.541818 -0.0185153 0.0324539
1231215 712951 m2 0.0127 0.0678587 0.409004 0.00271875 -0.051623
1231215 198371 m2 0.2381 0.108545 0.805397 0.026223 0.0458313
1231215 375299 m2 0.0138 -0.0470654 0.278847 -0.00890079 0.0106249
1231215 202177 m2 0.06815 0.1503 0.343303 0.0280344 0.00906906
1231215 629801 m2 0.0163 0.314359 0.521969 0.0310246 0.000718263
1231215 711142 m2 0.0104 -0.0879993 0.27334 -0.0165746 -0.0139729
1231215 415314 m2 0.01635 -0.0564256 0.39157 -0.026259 0.0418692
1231215 575383 m2 0.02925 -0.00403216 0.450615 -0.0659541 0.0291239
1231215 680458 m2 0.0153 0.00771263 0.500554 -0.096192 0.0429057
1231215 524295 m2 0.03315 0.0972372 0.29291 0.0489354 0.00503043
1231215 172674 m2 0.1056 0.149028 0.540055 0.0460055 0.0281715
1231215 592862 m2 0.0136 0.043048 0.473379 -0.0595025 -0.00477549
1231215 364031 m2 0.0138 0.3022 0.187696 0.0751765 -0.00902562
1231215 663224 m2 0.01145 -0.0931624 0.512012 -0.000614774 -0.0144269
1231215 334846 m2 0.01795 -0.0833687 0.617993 0.046618 0.0262463
1231215 69742 m2 0.09265 0.222783 0.305378 0.0636502 -0.0140613
1231215 612844 m2 0.0292 0.140255 0.680882 0.0336277 0.0223666
1231215 412129 m2 0.06925 -0.0560103 0.568105 -0.0394979 0.0192521
1231215 615872 m2 0.01245 0.0648863 0.544697 0.0294203 0.0141112
1231215 255201 m2 0.02065 0.0883423 0.519453 0.069167 0.0431565
1231215 708917 m2 0.01355 0.102192 0.453173 0.0412774 0.0326524
1231215 331592 m2 0.0623 -0.114472 0.386704 -0.0956197 0.018014
1231215 678968 m2 0.0212 -0.0332425 0.298458 -0.0218815 -0.0269129
1231215 204893 m2 0.11355 -0.0880374 0.325658 0.0254031 -0.0002702
1231215 662959 m2 0.0229 0.0310019 0.564338 0.076308 0.0156641
1231215 602635 m2 0.0258 -0.0347041 0.418861 -0.0563685 -0.0599156
1231215 444615 m2 0.025 -0.0733829 0.655432 -0.0651425 0.022492
1231215 245353 m2 0.20605 0.129624 0.698467 0.0575247 0.00405068
1231215 689717 m2 0.0182 -0.162093 0.343034 -0.0572398 0.028979
1231215 704407 m2 0.01005 -0.00404796 0.379698 0.00357264 0.0119023
1231215 622034 m2 0.0188 0.149359 0.351724 -0.0461949 0.0298015
1231215 332106 m2 0.01675 -0.0805722 0.5312 0.050812 0.0251753
1231215 620833 m2 0.03245 -0.0460054 0.488921 0.00699068 -0.02471
1231215 469628 m2 0.0185 0.0433676 0.710165 0.0267307 -0.0315092
1231215 374510 m2 0.1014 0.14167 0.563516 0.0765231 0.0283382
1231215 650526 m2 0.01575 -0.0818351 0.310313 -0.0191551 -0.0218084
1231215 512831 m2 0.06935 -0.113846 0.506472 -0.0737008 0.0254875
1231215 262030 m2 0.0218 0.0996257 0.415125 0.0533823 0.0216139
1231215 622033 m2 0.0132 0.0187282 0.577032 0.0162853 -0.0590443
1231215 271269 m2 0.0325 -0.0883577 0.567969 -0.0243839 -0.00687779
1231215 660928 m2 0.0256 -0.25022 0.415121 -0.119195 0.0077568
1231215 689710 m2 0.01045 0.0904075 0.49557 0.0477475 -0.0547416
1231215 621043 m2 0.045 0.1404 0.659601 0.0344853 0.00145057
1231215 484846 m2 0.02125 -0.10383 0.625259 -0.0741926 0.0276814
1231215 698707 m2 0.0174 0.0241838 0.552724 -0.00282135 -0.00408423
1231215 26224 m2 0.3634 -0.0370859 0.877005 -0.035162 0.0272981
1231215 672482 m2 0.0142 -0.0303449 0.658251 -0.0386378 0.0155547
1231215 40076 m2 0.14445 0.0152896 0.753558 -0.0177974 -0.0152634
1231215 124752 m2 0.073 0.0399127 0.551549 -0.000138628 0.0292659
1231215 584849 m2 0.03435 -0.0853876 0.639635 0.0298056 0.0763725
1231215 213126 m2 0.01075 -0.0195139 0.51351 -0.0327101 0.0150866
1231215 454071 m2 0.0235 -0.123092 0.384837 -0.0499542 0.00351263
1231215 622278 m2 0.0249 0.184982 0.453032 0.0533387 0.00717433
1231215 385888 m2 0.05915 -0.115493 0.651372 -0.0545275 -0.0106381
1231215 422596 m2 0.0631 -0.193091 0.632736 -0.0813771 0.0509508
1231215 26218 m2 0.24305 0.176142 0.852883 0.0114912 0.00483563
1231215 401338 m2 0.06855 0.163411 0.537663 0.0852616 0.0277988
1231215 50842 m2 0.068 0.0876023 0.596445 0.040035 0.0345587
1231215 314884 m2 0.11595 -0.0110907 0.470167 0.0166062 0.0358157
1231215 27925 m2 0.03865 0.0592826 0.739708 0.0198318 0.00863436
1231215 395907 m2 0.0283 -0.102836 0.401398 -0.0633567 0.0857537
1231215 204363 m2 0.0275 0.00595174 0.449799 -0.0713186 0.038091
1231215 298032 m2 0.11345 0.117454 0.777219 0.0356069 0.0181205
1231215 641201 m2 0.012 -0.0566476 0.384199 -0.0853656 0.0197469
1231215 306131 m2 0.04935 0.0100674 0.562846 0.0216041 0.0393904
1231215 418139 m2 0.11315 0.193652 -0.0834601 0.0638727 -0.0152016
1231215 390071 m2 0.03655 0.122467 0.622126 0.104852 -0.0285329
1231215 326892 m2 0.05645 0.0906376 0.659081 0.00483993 0.055824
1231215 564837 m2 0.04055 0.284692 0.620156 0.0787938 0.00429132
1231215 185081 m2 0.0796 0.191192 0.714901 0.0661073 0.0398954
1231215 710109 m2 0.0103 0.127548 0.569853 -0.0152475 -0.0213033
1231215 538482 m2 0.03235 -0.109632 0.691159 -0.0702403 0.019472
1231215 327842 m2 0.04545 -0.110577 0.156729 -0.0363847 -0.00202621
1231215 302451 m2 0.01315 0.17903 0.446713 0.0435717 0.0229219
1231215 445298 m2 0.10265 -0.116619 0.350153 -0.13 -0.00952137
1231215 148179 m2 0.106 0.0248149 0.562129 0.0191738 0.0214147
1231215 438699 m2 0.0391 -0.0894831 0.586541 -0.000985771 0.0707138
1231215 362760 m2 0.04125 -0.0130472 0.368269 0.0383286 -0.0441591
1231215 368303 m2 0.08145 0.0299292 0.807093 0.0273808 0.00203308
1231215 111489 m2 0.0372 -0.162104 0.513543 -0.0262924 0.00204724
1231215 660910 m2 0.0189 0.343024 0.380264 0.117956 -0.00787571
1231215 481043 m2 0.0512 0.206741 0.557827 0.0308465 0.0256084
1231215 199311 m2 0.02615 -0.0902194 0.408261 -0.0381566 0.0562912
1231215 652310 m2 0.01075 0.0464153 0.642183 0.0301403 -0.0421925
1231215 521169 m2 0.0369 -0.00284059 0.753902 0.00749816 -0.00588599
1231215 424755 m2 0.02575 -0.0170888 0.567051 -0.0536832 0.0106508
1231215 717031 m2 0.02025 0.301099 0.598629 0.00665091 -0.0870546
1231215 649055 m2 0.01375 0.201336 0.457856 0.0937802 -0.00886196
1231215 54903 m2 0.2022 0.289631 0.675383 0.0555033 0.0224052
1231215 250927 m2 0.0265 0.000581328 0.0564156 0.022455 0.0181958
1231215 582871 m2 0.03305 0.0591297 0.64263 0.0155173 -0.0244026
1231215 311357 m2 0.1467 -0.0682236 0.590828 -0.0570941 0.0227498
1231215 377006 m2 0.1218 -0.154112 0.433705 -0.0742742 0.0187214
1231215 529012 m2 0.01615 0.143493 0.524049 0.00924033 0.027004
1231215 126225 m2 0.03055 -0.107243 0.544582 -0.0137715 0.0182114
1231215 701552 m2 0.01155 0.0682138 0.575776 0.0410886 -0.052181
1231215 299493 m2 0.01035 0.218924 0.598007 0.0686632 0.0627286
1231215 585305 m2 0.01865 0.00439342 0.503722 -0.011531 0.0407172
1231215 489898 m2 0.03195 -0.0223989 0.470851 -0.058795 -0.0330112
1231215 265769 m2 0.06125 -0.0301382 0.677829 -0.00778685 -0.00754365
1231215 445849 m2 0.02555 -0.018745 0.458616 0.00939603 -0.006231
1231215 661689 m2 0.01025 0.152488 0.304275 0.0510739 -0.0436971
1231215 647496 m2 0.01035 0.110459 0.24099 0.0822471 -0.0196023
1231215 364257 m2 0.01575 -0.166481 0.372892 0.0259082 0.00865081
1231215 286458 m2 0.0928 -0.113419 0.558988 -0.100089 0.0489265
1231215 21750 m2 0.1201 -0.0986899 0.177546 -0.0272553 0.00769455
1231215 280254 m2 0.02885 0.0340238 0.681494 0.000535253 0.0161258
1231215 111239 m2 0.1624 -0.182451 0.387591 -0.0690296 -0.0135455
1231215 221635 m2 0.16925 0.133363 0.821756 0.0460124 0.0204246
1231215 34461 m2 0.0553 -0.0933881 0.57977 -0.0347881 0.0133306
1231215 652300 m2 0.01245 0.165933 0.309369 0.0432274 0.038358
1231215 693154 m2 0.0104 0.124522 0.36131 0.00599963 -0.000493509
1231215 110966 m2 0.13245 0.114491 0.693009 0.00829216 0.00258035
1231215 36221 m2 0.04435 0.0908296 0.620847 0.0351662 0.0278594
1231215 591536 m2 0.015 0.189118 0.0844015 -0.0243758 -0.0255225
1231215 20785 m2 0.0438 0.00489812 0.562319 0.0322026 0.0287409
1231215 601111 m2 0.0239 0.13243 0.312022 -0.0152806 -0.0145411
1231215 562357 m2 0.014 0.17891 0.185816 0.0539655 -0.0372858
1231215 696697 m2 0.01005 0.106718 0.283134 8.29736e-05 0.0260076
1231215 478305 m2 0.0305 0.237668 0.0405143 0.0754656 0.00534874
1231215 572816 m2 0.1052 0.135948 0.468679 0.0547584 0.0361909
1231215 719547 m2 0.0115 0.0569224 0.301022 0.00240512 -0.0511518
1231215 624495 m2 0.0161 -0.192319 0.310592 -0.0834938 0.00325354
1231215 318903 m2 0.04765 0.050158 0.618671 0.0539844 0.0909897
1231215 423524 m2 0.03155 -0.218497 0.313305 -0.0299109 -0.0039182
1231215 511308 m2 0.02275 -0.110291 0.410097 -0.0255516 0.0381099
1231215 447609 m2 0.021 0.0267832 0.644205 -0.010587 0.03426
1231215 555766 m2 0.0257 -0.16251 0.25899 -0.0331227 0.050483
1231215 370250 m2 0.0152 0.280693 0.572803 0.0132368 0.0108093
1231215 579159 m2 0.03685 -0.0359632 0.475007 -0.0412457 0.0591285
1231215 624721 m2 0.0281 -0.0756693 0.279456 -0.00778887 -0.0122648
1231215 532947 m2 0.01015 -0.0903085 0.051726 -0.010842 0.00369978
1231215 603601 m2 0.0403 0.0537028 0.557828 0.0237233 -0.00907193
1231215 412857 m2 0.06145 9.42302e-05 0.73787 0.0242487 0.00813439
1231215 666206 m2 0.01945 -0.10152 0.386737 -0.0374472 -0.00919423
1231215 452329 m2 0.02635 0.104553 0.126865 -0.00638674 -0.0323338
1231215 469336 m2 0.0697 0.225801 0.569703 0.0535352 -0.0268646
1231215 167173 m2 0.05215 -0.019448 0.614824 -0.0236387 0.0504885
1231215 434208 m2 0.02735 0.0737946 0.0656582 0.00508683 -0.00682471
1231215 446353 m2 0.05455 -0.175681 0.385929 -0.034372 0.0425884
1231215 697686 m2 0.01025 0.175539 0.571196 -0.024456 0.0547276
1231215 518721 m2 0.01305 -0.0492814 0.35921 -0.0904542 -0.0425818
1231215 234794 m2 0.03215 0.0106987 0.669614 0.0196074 0.00306784
1231215 213628 m2 0.01525 -0.0142286 0.59557 -0.00781543 0.0149173
1231215 256669 m2 0.115 0.10328 0.254243 0.027685 0.00238305
1231215 555272 m2 0.01285 0.109843 0.224079 0.0790426 0.0101803
1231215 678232 m2 0.02405 0.110541 0.286184 0.0445092 0.0464528
1231215 49237 m2 0.0237 0.0391253 0.43769 0.0125971 0.0122909
1231215 128713 m2 0.0398 0.119145 0.698711 0.0253567 -0.0275407
1231215 117987 m2 0.05725 -0.0457314 0.352723 -0.0135604 0.00855108
1231215 418585 m2 0.013 -0.0660218 0.147602 0.0267391 -0.00216381
1231215 692881 m2 0.0156 -0.0894495 0.364153 0.0170957 0.045163
1231215 348646 m2 0.0165 0.0582028 0.171595 -0.0126916 0.0278409
1231215 614803 m2 0.0329 -0.0570354 0.324816 0.01161 0.0269516
1231215 626246 m2 0.0238 0.0729833 0.301866 0.0308582 0.0169101
1231215 629465 m2 0.0274 0.0975426 0.197164 -0.00419859 0.0147743
1231215 484075 m2 0.02815 0.0269879 0.505268 0.0209082 0.017885
1231215 564797 m2 0.03935 -0.0747342 0.170717 -0.0902317 -0.0505311
1231215 514724 m2 0.02425 -0.164875 0.254956 -0.0495487 -0.00556247
1231215 661912 m2 0.0176 0.0803333 0.296393 -0.0915416 -0.0634751
1231215 510814 m2 0.0421 0.0185991 0.177501 -0.0464624 -0.00877649
1231215 486348 m2 0.0668 -0.0464183 0.233646 -0.0326118 -0.0246535
1231215 269465 m2 0.14465 0.178982 0.12179 0.0495006 -0.00168425
1231215 438907 m2 0.03025 -0.138715 0.255099 -0.133326 0.0365307
1231215 449613 m2 0.0365 -0.0628878 0.43829 -0.00635701 0.026225
1231215 82348 m2 0.12645 0.0345486 0.596849 -0.00746911 0.00422159
1231215 607787 m2 0.01555 -0.154017 0.263704 -0.03659 0.0020377
1231215 290193 m2 0.0149 0.0637028 0.346908 0.0415946 -0.020648
1231215 113228 m2 0.02645 0.105934 0.531503 0.0474754 0.0218784
1231215 453781 m2 0.01635 0.198984 0.273659 0.0563986 -0.00479583
1231215 60224 m2 0.01835 -0.0154382 0.555362 -0.0279132 -0.0236875
1231215 246591 m2 0.1338 -0.0714803 0.565903 -0.0636374 0.0179774
1231215 131045 m2 0.02195 0.0697444 -0.103553 0.0078162 -0.0256405
1231215 649534 m2 0.01005 -0.0774068 0.279748 0.0536627 -0.0491136
1231215 630462 m2 0.01965 -0.0523323 0.540445 0.0646308 0.0290718
1231215 337717 m2 0.0767 -0.0330482 0.241571 -0.00670785 0.00966459
1231215 469560 m2 0.0511 0.178783 -0.197032 0.111844 0.0330347
1231215 702699 m2 0.01575 0.167724 0.238315 0.0104699 0.00782921
1231215 598385 m2 0.0181 -0.0451523 0.354506 0.071216 0.0400491
1231215 261720 m2 0.01325 -0.0220535 0.0888785 -0.0254235 -0.00653952
1231215 185811 m2 0.058 -0.188704 0.141442 -0.0813884 0.000749839
1231215 564573 m2 0.0193 -0.102891 0.573311 0.00817634 0.00347646
1231215 624975 m2 0.0219 0.024644 0.329287 -0.00318511 -0.00592158
1231215 345641 m2 0.0934 0.12437 -0.223643 0.0322683 -0.00838947
1231215 462513 m2 0.06305 -0.0210587 0.222698 -0.022514 0.0412781
1231215 590250 m2 0.0314 -0.00843601 0.205041 -0.0605353 -0.0040116
1231215 621252 m2 0.02615 0.019487 0.336241 0.00274128 -0.0156809
1231215 389264 m2 0.011 0.142444 0.0665657 0.0619177 0.0377056
1231215 197352 m2 0.09625 -0.0910074 0.532824 -0.0228612 0.0130332
1231215 465549 m2 0.05165 0.126335 0.400979 0.0215211 -0.0336902
1231215 581398 m2 0.0134 0.133888 0.298394 0.0521491 0.0237284
1231215 151636 m2 0.012 0.127918 0.377045 -0.0223903 -0.0137229
1231215 437898 m2 0.0147 -0.100166 0.166495 -0.0715715 0.0470984
1231215 628479 m2 0.01725 -0.0894643 0.180807 0.0544542 0.00460299
1231215 413054 m2 0.09545 0.0652908 0.352471 0.00731118 0.0165593
1231215 550976 m2 0.04405 0.269093 0.53566 0.107182 0.015902
1231215 450592 m2 0.0123 0.0542402 0.316084 -0.0138426 -0.0257796
1231215 621248 m2 0.0918 0.023728 0.607229 -0.0134532 0.0119732
1231215 580378 m2 0.0151 -0.118376 -0.0694764 -0.0736836 -0.0605777
1231215 500325 m2 0.02745 -0.0178328 0.429557 -0.0443878 -0.0143348
1231215 502024 m2 0.01295 0.00937222 0.27229 -5.94135e-06 -0.00206514
1231215 210606 m2 0.04375 0.260257 0.65997 0.117108 0.0127542
1231215 422763 m2 0.04885 -0.142802 0.301369 -0.0820938 0.0189324
1231215 414750 m2 0.01775 -0.0627484 -0.030122 0.0158016 0.0448153
1231215 462025 m2 0.02825 0.0161482 -0.029626 0.0197143 -0.00686516
1231215 705091 m2 0.01115 -0.0936778 0.161939 -0.00849144 0.00232888
1231215 267160 m2 0.0592 -0.155011 0.365602 -0.0735019 0.0125456
1231215 419818 m2 0.02675 -0.10951 0.0487217 0.0154316 -0.0124005
1231215 570292 m2 0.0403 0.18415 0.223547 0.0633817 -0.0476574
1231215 268126 m2 0.0372 0.216957 0.0521235 0.0635001 -0.0405097
1231215 604785 m2 0.011 -0.0802393 0.162932 -0.074026 -0.0359437
1231215 50764 m2 0.0769 -0.0927962 -0.241607 -0.0604153 -0.0350003
1231215 305564 m2 0.04195 0.0797871 -0.166388 -0.0118183 -0.0170955
1231215 395092 m2 0.0554 0.07546 0.227214 -0.0605707 0.00768949
1231215 19944 m2 0.0248 -0.0984641 -0.120587 -0.0326503 -0.0470286
1231215 392300 m2 0.01915 -0.156913 0.245833 -0.00802851 0.0716682
1231215 665402 m2 0.01515 0.112166 0.308602 0.0448306 0.0450175
1231215 223082 m2 0.0212 -0.0140094 0.540894 -0.0444503 0.0198768
1231215 480473 m2 0.03665 0.0274103 0.338931 0.0455113 -0.0172284
1231215 205573 m2 0.08935 -0.0716407 0.507547 0.0262132 0.0286638
1231215 136426 m2 0.0125 -0.168106 0.572263 -0.0252468 0.00819066
1231215 399517 m2 0.02235 0.0227185 0.489775 0.0456814 -0.0116988
1231215 655581 m2 0.0141 -0.117516 0.450471 -0.0140856 0.0620552
1231215 230532 m2 0.01635 0.174048 0.421738 0.0271909 0.0462443
1231215 221847 m2 0.0559 -0.00635602 0.655344 0.0105868 0.0307805
1231215 684910 m2 0.01295 0.0270073 0.185545 0.0213056 0.0672287
1231215 624215 m2 0.015 -0.121422 0.313748 -0.0443302 0.0202498
1231215 25127 m2 0.0621 0.202441 -0.508875 0.0916105 -0.0523918
1231215 294036 m2 0.0946 0.0667679 0.748923 -0.0367061 0.0253417
1231215 717439 m2 0.0105 -0.107108 0.0859953 -0.0376525 0.0279808
1231215 221503 m2 0.0226 0.0228142 -0.717678 -0.0374629 -0.0621004
1231215 214537 m2 0.11 0.0824911 0.366809 0.0579338 0.0332311
1231215 571549 m2 0.0184 -0.0898649 0.303905 -0.0700357 0.0397342
1231215 652491 m2 0.01455 0.0170447 0.0846702 0.0619104 0.0295892
1231215 666941 m2 0.0116 -0.034154 0.291623 0.0137093 0.0505797
1231215 671165 m2 0.03505 0.24255 0.218652 0.118333 -0.0438416
1231215 329734 m2 0.0634 0.106338 -0.284316 0.0766911 -0.0259066
1231215 79094 m2 0.03125 0.0243086 -0.757114 0.0101617 -0.00487563
1231215 192691 m2 0.01105 0.127386 -0.238965 0.0337421 -0.0366145
1231215 651220 m2 0.0104 0.0463206 0.399117 0.0264315 -0.0475482
1231215 459009 m2 0.0141 -0.142283 0.454803 -0.0393871 0.0020267
1231215 568723 m2 0.02425 -0.044339 0.0490037 0.0147071 -0.0218936
1231215 641866 m2 0.01825 -0.00997678 0.0427749 0.00364987 0.028175
1231215 620740 m2 0.02415 0.0639219 -0.0412493 -0.0479618 -0.0616004
1231215 83859 m2 0.1049 -0.125517 0.358038 -0.0424501 -0.0154683
1231215 440957 m2 0.01985 0.116902 0.502663 0.0880109 0.0447209
1231215 363443 m2 0.0881 -0.0785847 0.183191 -0.0937319 -0.0117876
1231215 664385 m2 0.01295 -0.0813821 0.166479 -0.0549277 -0.00145871
1231215 463498 m2 0.09 -0.0564939 0.18741 -0.0620016 0.0344415
1231215 620739 m2 0.0263 0.086759 -0.0406231 0.0645897 0.0427032
1231215 724728 m2 0.01115 -0.0372915 0.173943 -0.0142135 0.0613289
1231215 640909 m2 0.01365 -0.114939 -0.0121815 -0.0950359 -0.0678557
1231215 329503 m2 0.02625 -0.105949 0.053557 -0.0795407 -0.0312773
1231215 626692 m2 0.02635 0.041064 0.179099 -0.0105704 0.0460898
1231215 279703 m2 0.03675 0.242673 0.413903 0.0326798 0.0302806
1231215 602798 m2 0.0316 0.0322233 0.518691 0.0169936 0.0425772
1231215 221014 m2 0.1024 -0.00310083 -0.877031 0.00425077 -0.0134286
1231215 37855 m2 0.01425 -0.0789598 -0.637997 -0.0403909 -0.011433
1231215 674878 m2 0.0107 0.16552 0.166519 -0.03856 0.0205791
1231215 679627 m2 0.0109 0.0301852 0.512001 -0.00451057 -0.0242366
1231215 316836 m2 0.0298 -0.0197446 0.43721 0.0444998 0.0250149
1231215 655779 m2 0.0117 0.0872443 0.0531264 -0.00213443 0.021595
1231215 325837 m2 0.01375 -0.173529 0.0892587 0.0304174 0.0252984
1231215 446779 m2 0.02 -0.236982 0.0259647 -0.0901504 0.0605231
1231215 326805 m2 0.04175 0.205098 0.502568 0.01817 0.0367038
1231215 321296 m2 0.0645 0.0159754 0.13752 0.000526302 0.0221259
1231215 214044 m2 0.07675 -0.152806 -0.293806 -0.0612979 0.017346
1231215 107556 m2 0.02385 0.101536 0.199092 0.024229 -0.0243893
1231215 44285 m2 0.0541 0.0078914 -0.747747 -0.0301911 -0.0277893
1231215 669916 m2 0.01405 0.0493517 0.303678 0.00810109 -0.00390455
1231215 395816 m2 0.0185 0.27987 0.39069 0.0156367 0.0176947
1231215 667378 m2 0.011 -0.0450147 0.273208 -0.00434128 -0.00785061
1231215 378254 m2 0.02205 -0.0141016 0.423495 -0.0224135 0.026155
1231215 390195 m2 0.04975 0.0605952 0.0649945 0.0147524 0.0117003
1231215 397034 m2 0.03735 -0.109387 0.0618409 -0.0770373 0.00784425
1231215 563767 m2 0.01635 0.139186 0.191549 0.0284818 0.0169745
1231215 423716 m2 0.02535 0.124958 0.243751 -0.00838151 0.0241659
1231215 528189 m2 0.01065 -0.0435699 -0.0606414 0.0122005 -0.00125095
1231215 425182 m2 0.0447 0.0306766 0.00214794 0.0705364 -0.0118175
1231215 463716 m2 0.10495 0.310531 0.332227 0.0760319 -0.00939746
1231215 518398 m2 0.02185 -0.0825894 -0.0191011 0.01307 -0.00468959
1231215 426447 m2 0.08265 -0.233493 0.0768752 -0.0859492 0.0056975
1231215 49148 m2 0.02925 0.108725 -0.632778 0.0741045 -0.0505347
1231215 461741 m2 0.01395 -0.0732896 -0.0557161 -0.0189151 -0.0573982
1231215 604305 m2 0.0103 0.0644433 0.194501 0.0121376 0.027035
1231215 643886 m2 0.0115 0.0350936 0.28965 0.000980449 -0.0390147
1231215 500287 m2 0.0468 0.363018 -0.600449 0.0249383 0.0318094
1231215 623666 m2 0.0304 0.0776074 0.141853 0.0173779 0.0179182
1231215 589998 m2 0.01495 -0.0746138 0.0541773 -0.0474743 -0.0585681
1231215 603270 m2 0.0223 -0.0906846 0.163379 -0.0191442 -0.0128586
1231215 592228 m2 0.0344 0.135795 -0.310423 0.03335 -0.00250907
1231215 462976 m2 0.05035 0.144805 0.10666 0.0112736 0.007233
1231215 97800 m2 0.05235 -0.00257226 -0.833902 -0.0228296 -0.0411554
1231215 323593 m2 0.09855 -0.220867 0.199572 -0.0416799 0.00766363
1231215 379743 m2 0.04445 -0.0258938 0.0910772 0.00216813 -0.0136013
1231215 393763 m2 0.05285 -0.0792186 0.0980606 -0.0164228 0.00986812
1231215 474727 m2 0.07415 -0.0267915 -0.212401 0.010915 -0.0173535
1231215 693314 m2 0.02675 -0.00712529 0.0891366 0.0458008 0.0275898
1231215 311259 m2 0.03085 -0.0912971 0.0993945 -0.0605948 -0.0179464
1231215 425926 m2 0.02155 -0.151556 0.0636768 -0.0548632 0.023211
1231215 528692 m2 0.0302 -0.104597 0.00674619 -0.018042 -0.0267559
1231215 513443 m2 0.03165 -0.13869 -0.0519781 -0.0534367 0.00381136
1231215 518164 m2 0.0466 0.14622 0.493492 0.0269334 -0.0296246
1231215 547484 m2 0.02795 0.0275115 -0.0525616 -0.00433545 0.0186194
1231215 533630 m2 0.0307 -0.109958 -0.00596313 -0.0287109 -0.0172778
1231215 86889 m2 0.13225 -0.00410404 0.634459 -0.0176673 0.0271406
1231215 80311 m2 0.0664 -0.196619 0.255841 -0.046522 0.0140672
1231215 584722 m2 0.07255 0.0709802 0.0889291 0.0368646 -0.00846674
1231215 329002 m2 0.0843 -0.0679938 -0.340729 -0.00678973 0.0226082
1231215 359428 m2 0.0197 -0.144672 -0.301059 -0.0242256 0.00280227
1231215 318079 m2 0.04105 0.302166 -0.45081 0.00915227 -0.0249386
1231215 488586 m2 0.03775 -0.118553 -0.0527444 -0.031421 0.000606495
1231215 505322 m2 0.02115 -0.189347 -0.0419525 -0.0586947 0.0206886
1231215 423445 m2 0.03985 -0.152122 -0.717428 -0.0218034 0.0202111
1231215 90624 m2 0.0889 0.278406 -0.519439 0.0186313 -0.0300067
1231215 659309 m2 0.01505 -0.101407 0.173653 -0.00933627 0.028349
1231215 342773 m2 0.0255 -0.0217174 0.184291 0.01953 0.0281205
1231215 375905 m2 0.0284 0.105123 -0.727582 0.0333577 -0.0260878
1231215 474222 m2 0.01865 -0.046239 -0.190401 -0.0591286 0.0501193
1231215 426661 m2 0.0117 0.216844 0.185931 0.0420775 0.00943937
1231215 427092 m2 0.0713 0.244018 -0.379355 0.0800127 -0.0133115
1231215 139822 m2 0.1132 0.239749 -0.77775 0.0456985 -0.0532792
1231215 129642 m2 0.0543 -0.0589695 -0.404743 -0.0531804 0.0142539
1231215 682107 m2 0.01065 -0.00852118 0.0605256 -0.0185739 -0.0145198
1231215 422474 m2 0.0168 -0.133725 -0.157118 -0.0270783 -0.0632513
1231215 95168 m2 0.0471 0.181341 -0.0508063 0.0387074 0.0172151
1231215 523437 m2 0.01695 -0.1512 -0.153824 -0.0168208 0.000734581
1231215 326306 m2 0.0415 0.292175 -0.105019 0.109509 0.00555105
1231215 148049 m2 0.01375 0.0705888 -0.618697 -0.0462264 0.0583513
1231215 391901 m2 0.0585 -0.0927167 -0.166142 -0.0191186 0.0200645
1231215 302069 m2 0.0626 -0.0791104 -0.122504 -0.0518407 -0.0247497
1231215 459248 m2 0.0481 -0.0813904 0.0229911 -0.00868678 0.0146516
1231215 302056 m2 0.0469 0.00735987 -0.575721 0.00522951 0.0325134
1231215 414149 m2 0.03925 -0.03331 -0.0896674 0.000475736 0.0503081
1231215 422235 m2 0.07775 0.161145 0.431842 0.0891414 0.00866971
1231215 661284 m2 0.03105 -0.00220773 -0.317816 0.0252982 -0.00462136
1231215 391146 m2 0.01575 0.0774088 -0.631086 0.0246243 -0.0657464
1231215 705027 m2 0.01285 0.136273 -0.275593 0.0176305 -0.0547983
1231215 596623 m2 0.03815 -0.0337622 0.0480936 -0.0452122 0.0257189
1231215 147836 m2 0.0223 -0.0310386 0.299207 -0.0475235 -0.0154956
1231215 676397 m2 0.0106 0.0780843 0.0707536 0.016623 0.0120548
1231215 121830 m2 0.04355 -0.030666 -0.21786 -0.0340511 -0.0142868
1231215 467215 m2 0.014 -0.215167 -0.237152 -0.0394465 0.023921
1231215 461434 m2 0.07135 0.134802 0.163138 0.0779395 -0.0199554
1231215 450804 m2 0.01985 0.116902 0.502663 0.0134241 0.0312529
1231215 714621 m2 0.017 0.210116 0.0655213 0.0229927 0.0404669
1231215 419007 m2 0.012 0.173068 0.0116649 0.0299336 -0.00392606
1231215 680320 m2 0.02415 0.00250564 -0.0767078 -0.0233492 0.00744701
1231215 716373 m2 0.0141 -0.139235 -0.199189 -0.132235 -0.00909736
1231215 566925 m2 0.0197 0.0628927 -0.172143 -0.0105127 -0.00996394
1231215 444725 m2 0.038 -0.0530665 -0.240467 -0.044052 -0.024083
1231215 564936 m2 0.0399 0.269824 -0.509615 0.049443 0.040662
1231215 656492 m2 0.0103 -0.13349 0.183548 -0.104346 -0.0384952
1231215 625383 m2 0.0244 -0.0669084 -0.31608 -0.0323909 -0.0103048
1231215 564475 m2 0.03275 -0.0980984 -0.175011 -0.0526395 0.0288785
1231215 424408 m2 0.04265 0.214215 -0.429229 0.0861884 -0.0267691
1231215 182779 m2 0.03485 0.193875 0.220635 0.0807488 -0.0127808
1231215 386501 m2 0.02045 0.0447612 -0.341526 0.00741479 -0.0558495
1231215 327977 m2 0.10715 -0.0455706 -0.47647 -0.0121454 -0.0626227
1231215 214216 m2 0.0103 -0.0439591 -0.545967 -0.0322649 -0.0186383
1231215 495720 m2 0.01675 -0.0562015 -0.278514 -0.0486324 0.0717807
1231215 679088 m2 0.0144 -0.109387 -0.0462198 -0.074911 0.0583439
1231215 337164 m2 0.0105 0.026418 0.287023 0.0285032 0.00204264
1231215 254026 m2 0.07735 -0.0448978 -0.152749 -0.0427108 0.0221117
1231215 294977 m2 0.04355 0.00668164 -0.508661 0.023387 -0.0177214
1231215 457899 m2 0.04495 -0.0532848 -0.275617 -0.0288285 0.0316553
1231215 286813 m2 0.0473 -0.0729895 -0.573002 0.0049854 -0.0653602
1231215 205997 m2 0.0913 -0.0662908 -0.527993 -0.0462385 -0.0288657
1231215 409376 m2 0.1162 0.166021 -0.588633 0.0862983 0.0368183
1231215 544445 m2 0.02795 0.10061 -0.196492 0.0415961 0.00880014
1231215 458913 m2 0.0174 -0.158163 -0.247042 -0.0439046 -0.0936218
1231215 454712 m2 0.0362 0.12236 0.489906 0.0210376 -0.00964635
1231215 247483 m2 0.03315 -0.123973 -0.0954289 -0.0478998 0.0265018
1231215 474441 m2 0.03095 -0.119962 -0.438725 -0.0507843 -0.0564527
1231215 238997 m2 0.1174 0.0102262 -0.88545 0.0183151 0.022843
1231215 439526 m2 0.04045 -0.0278247 -0.333382 -0.0419267 -0.0238231
1231215 563969 m2 0.0163 -0.0656202 -0.0559727 -0.0502764 0.00510152
1231215 390424 m2 0.01535 -0.174797 -0.234335 -0.0178021 -0.0636995
1231215 276374 m2 0.08945 0.181145 -0.754777 0.0787355 0.0137293
1231215 613181 m2 0.0183 0.0573561 -0.12984 0.0317278 0.00646438
1231215 344521 m2 0.04625 -0.0238626 -0.611353 -0.0334783 -0.083748
1231215 381712 m2 0.04305 -0.00504064 -0.682159 -0.00796308 -0.0273818
1231215 389390 m2 0.0152 0.20419 -0.291698 0.0625463 0.00439407
1231215 547689 m2 0.01995 -0.0464279 -0.182342 -0.049834 -0.031398
1231215 583220 m2 0.02275 -0.116413 -0.174266 0.0113184 0.0294346
1231215 496222 m2 0.05895 0.183015 -0.832993 0.0265296 0.000713047
1231215 491823 m2 0.0318 -0.142231 -0.0442981 -0.0745849 -0.0177224
1231215 410695 m2 0.1031 0.250573 0.647626 0.0421884 0.0135208
1231215 481174 m2 0.01795 -0.033574 0.0327517 -0.0557329 -0.0142246
1231215 552654 m2 0.02045 0.138672 0.111419 0.0296973 -0.0718935
1231215 434843 m2 0.0152 0.218715 -0.524171 -0.000517373 -0.0178286
1231215 488553 m2 0.0342 -0.14907 -0.0925242 -0.0694549 -0.0445827
1231215 450777 m2 0.06515 0.315665 0.0160922 0.0773019 -0.00788767
1231215 666599 m2 0.0149 0.0149993 0.2214 -0.0893228 0.0130204
1231215 430854 m2 0.0197 0.0729371 -0.700612 -0.0343882 -0.0342619
1231215 414383 m2 0.015 0.153862 -0.0407528 0.0350047 -0.00459015
1231215 655256 m2 0.0239 0.180979 -0.71917 0.0505481 0.0349522
1231215 369629 m2 0.03175 -0.034081 -0.1557 0.0266265 -0.00961263
1231215 458417 m2 0.02075 0.358112 -0.464322 0.136259 -0.0781689
1231215 365148 m2 0.06715 0.00407601 -0.86112 -0.0147923 0.0122203
1231215 692535 m2 0.01055 0.0404563 -0.651356 0.00419846 -0.0371626
1231215 339646 m2 0.0216 -0.22174 -0.158635 -0.0467745 0.0616039
1231215 598997 m2 0.01265 0.137438 -0.62546 0.00102483 -0.0193946
1231215 707230 m2 0.01015 -0.0238343 -0.165299 -0.0545103 0.0393272
1231215 523881 m2 0.0161 0.0643727 -0.662784 -0.014187 0.0343187
1231215 533296 m2 0.01805 0.0607055 -0.645178 -0.00605513 -0.0390241
1231215 475421 m2 0.0348 -0.0793897 -0.162093 -0.0461777 0.0468722
1231215 631395 m2 0.0152 -0.00827871 -0.171595 0.0127108 0.00434105
1231215 469956 m2 0.0658 -0.0742402 -0.745018 -0.0451724 -0.0142358
1231215 689548 m2 0.01295 0.00218522 -0.297919 0.0471407 -0.0220394
1231215 335423 m2 0.0296 0.224289 0.044147 0.0288409 0.0313566
1231215 483959 m2 0.0215 -0.0370403 0.0232113 -0.0145447 0.00506801
1231215 546678 m2 0.03245 0.0546844 -0.764944 0.0295459 -0.0040545
1231215 577994 m2 0.0117 0.0365667 -0.609657 0.0815104 -0.0389546
1231215 410935 m2 0.01515 -0.13287 -0.13592 -0.00679901 0.0376461
1231215 445655 m2 0.0584 -0.20271 -0.676446 -0.0908245 0.0188193
1231215 447206 m2 0.0453 -0.112935 -0.288404 -0.0635852 -0.0267318
1231215 558466 m2 0.01175 -0.178943 -0.607202 -0.0654997 -0.104084
1231215 697327 m2 0.0124 0.260294 -0.207813 0.0671231 0.00988529
1231215 593183 m2 0.0276 -0.0974617 -0.272261 -0.0393994 -0.0462225
1231215 559755 m2 0.01185 -0.0606388 -0.274899 -0.0612104 0.0411723
1231215 520081 m2 0.02255 0.16179 -0.601679 0.0123326 0.0524404
1231215 725159 m2 0.01385 -0.0268363 -0.097527 9.15928e-05 -0.00537504
1231215 632673 m2 0.0301 -0.0536402 -0.289269 -0.0166243 0.0409277
1231215 600234 m2 0.0144 0.00871342 -0.293352 0.0726799 0.0123663
1231215 664023 m2 0.0151 0.164333 -0.648657 0.0636691 -0.00635956
1231215 668523 m2 0.02765 -0.0905033 -0.274087 -0.00844863 -0.00508282
1231215 656712 m2 0.0121 -0.0923282 -0.278859 -0.0160044 0.028016
1231215 671609 m2 0.01335 -0.0114057 -0.219442 0.0120994 0.0247236
