seed mutID muttype p cor_sal cor_temp mutSalEffect mutTempEffect
1231218 413347 m2 0.0262195 0.324452 0.257579 0.0281621 0.0341479
1231218 214697 m2 0.0144512 0.1506 0.173621 0.0583077 0.0413707
1231218 344205 m2 0.0694512 0.343637 0.265481 0.0203188 0.0351721
1231218 386272 m2 0.0389634 0.150657 0.174673 0.0201676 -0.0188208
1231218 221002 m2 0.119207 0.312804 0.479637 0.0458557 0.0780403
1231218 105842 m2 0.169207 0.223949 0.600826 -0.0261752 0.0658058
1231218 502675 m2 0.0128659 0.279295 0.193941 0.110821 -0.0111398
1231218 450492 m2 0.0128659 0.214165 0.0970869 -0.00689539 -0.0266557
1231218 133938 m2 0.0595732 0.249952 0.199967 0.000895476 0.019146
1231218 310446 m2 0.0880488 0.370274 0.417606 0.0484708 0.0663141
1231218 303800 m2 0.0465854 0.0919071 0.27552 0.0135892 0.049859
1231218 377802 m2 0.0410366 0.320362 0.287848 0.0796232 0.0250983
1231218 123342 m2 0.133598 0.384634 0.390715 0.0534992 -0.0338127
1231218 454142 m2 0.0196341 0.0962683 0.220557 -0.00146929 0.0105644
1231218 507243 m2 0.0437805 0.349123 0.249859 -0.0810604 0.00103322
1231218 84135 m2 0.102073 0.291598 0.329758 -0.0489141 -0.023773
1231218 217438 m2 0.0770732 0.344304 0.309227 0.0128389 0.0514208
1231218 161200 m2 0.0392683 0.098072 0.285783 0.0582988 -0.0146263
1231218 172658 m2 0.121829 0.427754 0.354001 0.02551 0.0183564
1231218 48958 m2 0.152927 0.290346 0.555304 -0.0542987 -0.0238715
1231218 446961 m2 0.0125 0.0903855 0.168489 -0.0424712 0.0498419
1231218 281401 m2 0.193902 0.429564 0.492984 0.0871682 0.0655754
1231218 252529 m2 0.0793293 0.354884 0.283022 0.100884 -0.0362881
1231218 334472 m2 0.0905488 0.379444 0.296512 0.0400209 0.0890065
1231218 77823 m2 0.102805 0.290722 0.423125 -0.0254544 -0.01056
1231218 195569 m2 0.0459146 0.0926753 0.275451 0.182503 -0.0153159
1231218 433992 m2 0.045122 0.311149 0.288773 0.128615 0.0165428
1231218 439955 m2 0.0123171 0.0904312 0.168667 0.0159118 -0.00364542
1231218 409692 m2 0.0420122 0.150085 0.174689 0.0930456 -0.00767986
1231218 267256 m2 0.104146 0.39203 0.347401 0.0644151 -0.0246845
1231218 813 m2 0.0283537 -0.199321 0.36324 -0.0576921 -0.0342548
1231218 437014 m2 0.0440244 0.289602 0.294782 -0.0319735 -0.0171637
1231218 123140 m2 0.0463415 0.0919798 0.275523 0.00233602 0.0353956
1231218 340168 m2 0.0504268 0.336621 0.285836 0.00710802 0.0109589
1231218 576015 m2 0.0253659 0.296611 0.212851 -0.000592126 -0.00216767
1231218 6947 m2 0.027561 -0.199639 0.359945 0.0108394 -0.0325373
1231218 319603 m2 0.0647561 0.258909 0.262731 0.0159539 0.00548161
1231218 147991 m2 0.0346341 0.05091 0.226254 -0.0838615 -0.0333419
1231218 238845 m2 0.0465244 0.0914348 0.275507 0.0196748 0.00397983
1231218 542772 m2 0.0293293 0.269276 0.265273 0.0163999 -0.0303783
1231218 197660 m2 0.0267683 -0.0895593 0.286299 0.00952388 0.0125197
1231218 241271 m2 0.0565244 0.385002 0.298145 -0.0142338 0.0197258
1231218 213298 m2 0.025122 -0.0912504 0.277786 -0.0213193 -0.0211345
1231218 82471 m2 0.0279268 -0.199345 0.361498 -0.05091 -0.0378844
1231218 93400 m2 0.0742683 -0.103138 0.461991 -0.000112713 0.0491233
1231218 542771 m2 0.0176829 0.223425 0.200051 0.0262517 0.0213887
1231218 506813 m2 0.0123171 0.0904312 0.168667 0.00346136 0.07497
1231218 442179 m2 0.0429268 0.263153 0.245598 -0.0481041 0.0438256
1231218 50624 m2 0.0279878 -0.199268 0.361756 0.0818404 0.056812
1231218 315796 m2 0.0259146 0.0552135 0.228217 0.0616519 -0.0402928
1231218 193017 m2 0.0335976 0.0982196 0.268735 0.0291826 0.00951111
1231218 183870 m2 0.153171 0.414333 0.45333 0.00739668 0.0186256
1231218 280980 m2 0.0256098 0.0498865 0.227206 -0.0319435 0.03642
1231218 67421 m2 0.044878 -0.17627 0.415177 0.0702164 0.0412037
1231218 241054 m2 0.12872 0.366821 0.445554 -0.0169459 0.101881
1231218 259597 m2 0.0559146 0.162201 0.290041 0.0133981 -0.00611984
1231218 109814 m2 0.10122 0.366036 0.403986 -0.00760585 0.0123717
1231218 305244 m2 0.0159756 0.100719 0.250019 0.00635987 0.037297
1231218 55225 m2 0.0278049 -0.19955 0.360975 -0.0795126 -0.043624
1231218 66550 m2 0.0278659 -0.199527 0.36123 0.0609498 -0.05512
1231218 489264 m2 0.0251829 -0.0910087 0.278124 0.0277278 -0.0552743
1231218 444687 m2 0.0248171 -0.0914195 0.27617 0.0572939 0.0459239
1231218 520253 m2 0.027439 0.0507553 0.226815 -0.0151886 0.0374535
1231218 571702 m2 0.0213415 0.0589797 0.236872 0.0750372 0.0393565
1231218 547077 m2 0.0165244 0.0484658 0.22447 -0.0334866 0.0315222
1231218 585343 m2 0.0145122 0.0481886 0.22342 0.032915 -0.00577177
1231218 557556 m2 0.0185976 0.102632 0.25651 -0.040472 -0.0163578
1231218 399769 m2 0.0121951 0.150395 0.175131 -0.015828 0.0155965
1231218 224095 m2 0.027561 -0.199639 0.359945 0.0285553 0.0167768
1231218 392608 m2 0.0342683 0.0522024 0.228724 0.0445856 -0.00152768
1231218 111470 m2 0.025061 -0.091285 0.277465 0.0175948 -0.0262293
1231218 166913 m2 0.0256098 -0.0909605 0.280314 0.00213983 -0.0730272
1231218 433774 m2 0.0248171 -0.0914195 0.27617 0.0424543 -0.00868098
1231218 105417 m2 0.025 -0.0912499 0.277148 -0.0360353 0.0500202
1231218 439113 m2 0.0370122 0.0984569 0.271989 -0.00726345 0.00924132
1231218 275927 m2 0.027561 -0.199639 0.359945 -0.0210376 0.093623
1231218 164951 m2 0.0694512 0.343637 0.265481 0.0183748 -0.0413051
1231218 288198 m2 0.0251829 -0.0910087 0.278124 -0.0139323 0.0117403
1231218 237817 m2 0.0278049 -0.19955 0.360975 -0.111589 0.0377886
1231218 568851 m2 0.0107927 0.0506795 0.223636 -0.0272776 0.0295244
1231218 474361 m2 0.025122 -0.0912504 0.277786 -0.0333439 0.00228129
1231218 446756 m2 0.0254878 -0.0910352 0.279689 -0.017025 0.0224323
1231218 374704 m2 0.025122 -0.0912504 0.277786 -0.000227361 0.0550731
1231218 246581 m2 0.0112195 -0.0413135 0.287745 -0.000328341 0.0507114
1231218 330326 m2 0.025122 -0.0912504 0.277786 -0.103093 -0.00244384
1231218 172842 m2 0.027561 -0.199639 0.359945 -0.0958522 0.00333564
1231218 461817 m2 0.0593293 -0.093869 0.466586 -0.023393 0.0620394
1231218 583667 m2 0.0251829 -0.0910087 0.278124 -0.00583067 0.0526412
1231218 133126 m2 0.0264634 -0.142028 0.320942 0.0402482 0.095048
1231218 343163 m2 0.0203659 -0.00090395 0.286073 -0.0633863 -0.0296681
1231218 84113 m2 0.0115854 -0.182887 0.307293 -0.0204481 0.0506741
1231218 436593 m2 0.0256098 -0.0909605 0.280314 -0.0375428 0.0377436
1231218 380672 m2 0.0253049 -0.0910089 0.278761 0.0888201 0.0480914
1231218 430331 m2 0.0346341 0.05091 0.226254 -0.0587769 -0.0520869
1231218 152075 m2 0.0120732 -0.176356 0.30785 0.00967543 0.025891
1231218 432560 m2 0.0137195 0.0466802 0.222418 0.0398452 0.0800143
1231218 392803 m2 0.0256098 -0.0909605 0.280314 -8.41152e-05 0.0312137
1231218 298421 m2 0.0151829 0.1518 0.175738 0.0297548 0.0506816
1231218 86280 m2 0.0133537 0.163313 0.087504 -0.0399183 0.0350596
1231218 55637 m2 0.0306707 0.0362514 0.151579 0.0277094 -0.062248
1231218 604067 m2 0.0169512 -0.0927028 0.275848 -0.00248094 -0.026205
1231218 556333 m2 0.0239024 0.149742 0.175073 -0.081885 -0.0356763
1231218 552818 m2 0.0159146 0.149987 0.174879 -0.0270562 0.0131549
1231218 579155 m2 0.0219512 0.150375 0.174635 -0.0412691 -0.0204616
1231218 220539 m2 0.0462195 0.103181 0.296109 0.062036 0.0623646
1231218 584732 m2 0.0248171 -0.0914195 0.27617 0.0702729 0.0292659
1231218 452109 m2 0.0259756 0.04036 0.148142 -0.0139852 0.0370203
1231218 156809 m2 0.0140244 0.142437 0.108752 0.0164178 -0.0187567
1231218 13279 m2 0.0361585 -0.213282 0.178013 -0.0382535 0.00519374
1231218 104396 m2 0.0204268 0.150353 0.124147 -0.00802641 -0.0116754
1231218 522864 m2 0.0123171 0.147671 0.097171 -0.0473534 -0.0121226
1231218 458989 m2 0.0112805 -0.0459207 0.290448 -0.00854506 -0.0598309
1231218 542945 m2 0.0248171 -0.0914195 0.27617 -0.00556294 0.0600998
1231218 580406 m2 0.0213415 0.149195 0.174078 0.0531086 -0.0637017
1231218 493059 m2 0.024939 -0.091353 0.27682 0.0241037 0.0287321
1231218 446933 m2 0.010061 -0.0878233 0.265253 0.0362573 0.0115128
1231218 359375 m2 0.0164634 0.159904 0.0816435 0.0490197 -0.00293722
1231218 48918 m2 0.065 -0.0834892 0.219668 -0.00846773 0.0130154
1231218 260195 m2 0.0394512 0.00862559 0.177078 -0.00821829 0.0551666
1231218 287783 m2 0.032561 0.149313 0.174453 0.0133415 -0.0284409
1231218 468209 m2 0.0282927 0.0427133 0.153774 -0.0031121 -0.0288296
1231218 334991 m2 0.04 0.277246 0.165038 -0.0141386 -0.0171479
1231218 41860 m2 0.0731707 -0.143275 0.238792 -0.0787429 0.00296024
1231218 392367 m2 0.0243293 0.220168 0.155049 -0.0325295 0.0118616
1231218 228473 m2 0.0315244 0.183807 0.136858 -0.0191246 0.0216881
1231218 594499 m2 0.0151829 0.142215 0.171157 0.0390838 0.0638864
1231218 328663 m2 0.0264634 0.149041 0.174074 0.0139006 0.0334899
1231218 199510 m2 0.014878 0.0612487 0.137856 0.0838358 -0.0377894
1231218 41858 m2 0.0647561 -0.0829404 0.219609 -0.0385953 0.013712
1231218 474344 m2 0.0177439 0.27415 0.135136 0.0167695 0.0158932
1231218 47235 m2 0.0260366 -0.0475727 0.0963868 0.0393008 -0.0135264
1231218 472575 m2 0.0371951 0.149898 0.174414 -0.000366681 -0.0156415
1231218 56471 m2 0.0229268 0.0265894 0.147337 -0.0140008 0.0395433
1231218 392364 m2 0.0143293 0.0579012 0.134297 -0.00693383 0.0256347
1231218 496722 m2 0.0146951 0.0487375 0.129066 -0.00414374 0.108236
1231218 382690 m2 0.0273171 0.0391974 0.149364 0.0473647 -0.016137
1231218 455111 m2 0.0420122 0.150085 0.174689 -0.0862286 -0.00292205
1231218 387643 m2 0.0210976 0.107714 0.12831 0.0374762 -9.14311e-05
1231218 550320 m2 0.0229268 0.162878 0.127725 0.00100002 0.0274295
1231218 149737 m2 0.0360366 -0.213228 0.177783 -0.0698729 0.0562477
1231218 331326 m2 0.0145732 0.0565325 0.134121 0.119398 0.143484
1231218 202957 m2 0.0328049 0.0343779 0.15243 0.0395046 0.0204317
1231218 36119 m2 0.0173171 -0.0998373 0.074596 0.0179447 0.0119452
1231218 8321 m2 0.0192683 -0.0934558 0.0909367 0.00704396 -0.00451146
1231218 503876 m2 0.0126829 0.152332 0.173869 -0.0266223 -0.00491126
1231218 579548 m2 0.0173171 -0.0174955 0.0874773 -0.0531018 0.0112826
1231218 364975 m2 0.0118902 -0.0174955 0.0874773 0.0469565 -0.0724116
1231218 84878 m2 0.0422561 -0.214235 0.188005 0.0512574 0.0248398
1231218 182642 m2 0.0206707 -0.0174955 0.0874773 -0.00949986 0.0541665
1231218 115531 m2 0.014878 0.122468 0.0524864 0.0660654 0.0267808
1231218 278226 m2 0.0267683 0.267726 0.14532 0.0136468 -0.0187162
1231218 170544 m2 0.014939 0.0612168 0.138008 -0.0473512 -0.0102327
1231218 245716 m2 0.0319512 -0.150277 0.14537 -0.0306259 0.0970476
1231218 488815 m2 0.0225 0.148169 0.124252 0.0284566 0.0441377
1231218 313095 m2 0.022561 0.122468 0.0524864 0.0487578 -0.0350129
1231218 461585 m2 0.0129268 0.122468 0.0524864 0.025468 -0.0878395
1231218 247379 m2 0.0418902 0.120194 0.0999973 0.0160817 0.0410558
1231218 209017 m2 0.0731707 -0.143275 0.238792 -0.00303953 -0.00085302
1231218 337533 m2 0.0432317 0.125501 0.103662 -0.0116482 0.0127213
1231218 228688 m2 0.0118902 0.141743 0.107934 0.0374645 -0.0158022
1231218 288608 m2 0.0133537 0.169338 0.110812 -0.0748435 0.0277074
1231218 219053 m2 0.0689024 0.112622 0.120476 -0.0117261 0.0183042
1231218 37749 m2 0.0114634 -0.0174955 0.0874773 0.00162398 0.00115962
1231218 308412 m2 0.022561 0.148225 0.12426 0.0159428 -0.0197305
1231218 183046 m2 0.0596951 0.143306 0.10682 -0.00524007 0.0219183
1231218 273676 m2 0.0334756 -0.151756 0.163822 -0.0454733 0.0112194
1231218 326198 m2 0.0247561 -0.12617 0.162725 -0.0545698 -0.0304551
1231218 461352 m2 0.0192073 -0.217238 0.10662 -0.0474733 0.0298969
1231218 485188 m2 0.0157927 0.14978 0.174023 -0.0703399 -0.0709759
1231218 481703 m2 0.0264024 -0.136974 0.158708 -0.0209496 -0.00519433
1231218 481702 m2 0.0167683 -0.118978 0.138448 0.00933359 -0.0727807
1231218 460400 m2 0.0120732 0.149139 0.174926 0.00311226 -0.00836091
1231218 33232 m2 0.0577439 0.0913892 0.12539 -0.0121279 0.02528
1231218 487963 m2 0.0570122 0.13695 0.10639 -0.0589105 0.0468175
1231218 80604 m2 0.0587805 0.143169 0.106775 0.0130422 -0.00394627
1231218 276292 m2 0.0731707 -0.143275 0.238792 -0.0391526 0.0434648
1231218 232888 m2 0.0339634 0.273655 0.162941 0.142244 -0.0274994
1231218 497758 m2 0.0152439 0.0484202 0.130362 -0.0573282 0.00656955
1231218 257068 m2 0.0365854 -0.213461 0.17881 0.0788816 0.0414124
1231218 241806 m2 0.017439 -0.119753 0.140144 -0.0208857 0.0363608
1231218 260381 m2 0.054878 0.133874 0.105778 -0.0439875 0.00149212
1231218 477475 m2 0.019939 0.204337 0.151112 -0.0307343 0.00767262
1231218 28232 m2 0.0185366 -0.218964 0.105804 -0.0284989 0.0232523
1231218 141862 m2 0.0731707 -0.143275 0.238792 0.0379053 -0.0231891
1231218 53073 m2 0.0118902 -0.218152 0.0920532 0.0317567 -0.0190948
1231218 31044 m2 0.0179878 -0.0502035 0.0755998 0.00625823 0.0392678
1231218 456716 m2 0.0262805 -0.160845 0.162405 -0.0196475 -0.00445301
1231218 33632 m2 0.020122 -0.214467 0.107167 0.0257398 -0.0191747
1231218 574138 m2 0.0384146 0.150454 0.174722 0.00426833 0.0548958
1231218 37954 m2 0.0179878 -0.0502035 0.0755998 0.0274369 -0.0577533
1231218 316970 m2 0.0143293 0.0579012 0.134297 0.0292474 -0.01843
1231218 110822 m2 0.0129878 -0.191835 0.113657 -0.051069 -0.0593286
1231218 176054 m2 0.0120122 -0.0193118 0.0553949 -0.0552276 -0.0204471
1231218 111229 m2 0.0202439 0.150254 0.124186 0.0637832 -0.00887787
1231218 247363 m2 0.0178659 -0.0793128 0.0897267 -0.0599584 -0.00803621
1231218 216985 m2 0.0120122 -0.0193118 0.0553949 0.110926 0.0657919
1231218 576149 m2 0.0253049 0.0986228 0.0758173 0.0798361 -0.0314941
1231218 539524 m2 0.017439 -0.11953 0.140136 0.0410778 0.0444468
1231218 336723 m2 0.0118902 0.032403 0.0614244 -0.0580155 0.0302975
1231218 377338 m2 0.0144512 -0.0174955 0.0874773 0.0106826 -0.00629446
1231218 376705 m2 0.0413415 -0.128767 0.17271 0.00189757 0.0178891
1231218 296387 m2 0.0590244 0.154979 0.11126 0.0387547 0.0295432
1231218 480112 m2 0.0388415 0.105702 0.095978 0.00949683 0.000237441
1231218 377940 m2 0.0195732 -0.201159 0.123873 -0.0769926 -0.0437023
1231218 542742 m2 0.0103049 -0.0174955 0.0874773 0.0134899 0.0504116
1231218 116556 m2 0.0160366 -0.202625 0.125038 -0.0221514 -0.02814
1231218 327589 m2 0.012378 -0.0183782 0.0581756 -0.0295464 0.0180479
1231218 205187 m2 0.0591463 0.0991717 0.117388 -0.0258969 0.0227914
1231218 35493 m2 0.019878 -0.214243 0.106583 0.0239255 -0.00128536
1231218 292038 m2 0.0320732 -0.042092 0.0996224 -0.00885903 -0.0193404
1231218 329058 m2 0.0111585 -0.0947212 0.0601021 -0.0236645 0.0417948
1231218 265747 m2 0.0118293 -0.0193407 0.0554407 0.0554812 -0.0267518
1231218 531575 m2 0.0129878 0.0496463 0.124815 0.0269773 -0.0434089
1231218 321729 m2 0.0365854 -0.213461 0.17881 -0.0175492 0.023929
1231218 322160 m2 0.0287805 -0.168621 0.168682 -0.0664769 0.0136805
1231218 35068 m2 0.0903659 -0.175667 0.0442105 -0.0867713 -0.00767758
1231218 587993 m2 0.0175 -0.189698 0.175395 0.0213328 0.0298543
1231218 481509 m2 0.0195122 -0.200442 0.123163 0.0287092 0.0619814
1231218 499897 m2 0.0192683 0.0457587 0.138746 0.0453375 -0.0399923
1231218 568597 m2 0.0140854 -0.203165 0.175086 0.0246951 0.0186539
1231218 80174 m2 0.0175 -0.100031 0.0747927 -0.0486497 0.0652547
1231218 321303 m2 0.0329268 -0.222058 0.176004 -0.0409262 0.0559218
1231218 298776 m2 0.0236585 0.154397 0.0309208 0.0020237 -0.00480775
1231218 187465 m2 0.0117683 -0.0193505 0.0554563 -0.0215557 0.0396346
1231218 22294 m2 0.0365854 -0.0662302 0.036801 -0.024104 -0.000155072
1231218 572717 m2 0.0192683 0.0602897 0.148666 -0.018696 -0.0001944
1231218 131426 m2 0.0120122 0.0326716 0.0616909 -0.0465485 0.0331954
1231218 141455 m2 0.0202439 -0.21457 0.107455 -0.023531 0.0342518
1231218 275683 m2 0.010122 0.0183274 0.0537608 0.0079472 -0.0343072
1231218 169247 m2 0.0209146 -0.215022 0.108979 -0.0394535 0.0525691
1231218 284947 m2 0.0160976 -0.198206 0.119725 -0.0409797 -0.0176502
1231218 187665 m2 0.0204878 0.00336896 0.025221 -0.0430355 -0.0399597
1231218 80582 m2 0.020122 -0.214467 0.107167 0.029525 0.0395049
1231218 525918 m2 0.0122561 0.122468 0.0524864 0.0206146 -0.0117984
1231218 403600 m2 0.0167073 -0.10898 0.141 0.00698969 -0.00654811
1231218 10953 m2 0.0206707 -0.00376793 -0.108829 -0.0590303 0.0316973
1231218 506121 m2 0.0220122 0.20492 0.151459 0.0719523 -0.0231664
1231218 380637 m2 0.0675 -0.133117 0.237036 0.00864096 0.0142677
1231218 480321 m2 0.0146951 0.0577095 0.135213 -0.0431557 -0.000906058
1231218 125803 m2 0.0133537 0.0494617 0.125753 -0.00944723 -0.00745659
1231218 7648 m2 0.252988 0.443679 -0.354003 0.0494443 0.0147544
1231218 535034 m2 0.0260366 0.0166173 0.172295 0.0127992 -0.0344171
1231218 483280 m2 0.0484756 -0.0968231 0.0368506 -0.0221769 0.060272
1231218 494026 m2 0.0278049 -0.113803 0.156999 -0.0108427 0.00349352
1231218 255629 m2 0.037378 0.0932508 0.0923113 0.0629881 -0.0456827
1231218 109094 m2 0.0881707 -0.176415 0.0441136 -0.0534865 0.0343391
1231218 518757 m2 0.0170732 -0.139991 0.150576 -0.0545472 -0.0130379
1231218 60974 m2 0.0354268 0.154164 0.0395859 -0.0120543 -0.0339382
1231218 181617 m2 0.0441463 0.122086 0.103435 -0.0136403 -0.0319318
1231218 453876 m2 0.0165244 -0.137425 0.15227 -0.026631 0.0132722
1231218 213081 m2 0.0373171 0.0928396 0.0923212 -0.00786886 -0.00207257
1231218 127041 m2 0.0178049 -0.0803608 0.086554 0.0306242 -0.0173305
1231218 104559 m2 0.025061 0.153144 0.0318573 0.0216871 -0.0313974
1231218 155418 m2 0.012378 0.100334 0.0254916 -0.0186217 0.0383115
1231218 300341 m2 0.0542683 0.141271 0.105892 0.000819322 -0.00766583
1231218 394319 m2 0.0501829 0.125305 0.104057 -0.0101108 0.00452357
1231218 335959 m2 0.0118902 -0.0193309 0.0554253 0.0119235 0.00458533
1231218 296782 m2 0.0352439 0.0962024 0.0917769 0.0208262 0.029711
1231218 95635 m2 0.146707 0.510462 -0.297649 -0.0140763 0.000848983
1231218 430282 m2 0.0179268 -0.143358 0.15526 0.079088 0.018397
1231218 338928 m2 0.0181707 -0.0161293 0.0775565 0.0406584 -0.0042321
1231218 204976 m2 0.0173171 0.132323 0.0296173 0.0157241 0.0478241
1231218 490603 m2 0.0273171 0.183144 0.0713685 0.102606 0.00647972
1231218 511073 m2 0.0138415 -0.194084 0.115652 -0.0663958 -0.0655223
1231218 141842 m2 0.0245732 0.166989 0.0338179 0.13787 0.0301616
1231218 428112 m2 0.0133537 0.117814 0.028817 0.0443783 -0.0326032
1231218 181827 m2 0.015 -0.0963298 0.0754477 0.056796 -0.0625818
1231218 462369 m2 0.0470732 -0.0730355 0.0363082 0.0419312 -0.0357871
1231218 383291 m2 0.0445732 0.148846 0.0924506 -0.0512629 0.0114583
1231218 9079 m2 0.0290854 -0.208923 -0.202304 0.0231004 -0.0266817
1231218 554041 m2 0.0332317 0.117254 0.0896218 -0.0242921 -0.0119267
1231218 154618 m2 0.0420122 0.0959373 0.0426581 -0.0128789 -0.0405565
1231218 59533 m2 0.0117683 -0.0193505 0.0554563 -0.11995 -0.0227566
1231218 274256 m2 0.0547561 -0.0730921 0.0360959 0.0298847 0.00870729
1231218 215904 m2 0.0126829 -0.0174296 0.0605173 0.130331 0.087598
1231218 71498 m2 0.0520122 -0.222131 0.0362092 0.0180384 0.0156451
1231218 406938 m2 0.0504268 0.18496 0.0731986 0.0147495 -0.0277917
1231218 331292 m2 0.0143902 0.116678 0.0272917 -0.00516277 0.0583137
1231218 99487 m2 0.035061 -0.0505618 0.0346012 0.0289949 0.0137572
1231218 383491 m2 0.0111585 -0.0947212 0.0601021 -0.0175878 0.0286756
1231218 70883 m2 0.153598 0.479652 -0.257211 0.0293485 -0.0133762
1231218 442744 m2 0.0120732 0.243916 0.105869 -0.0311698 -0.0105976
1231218 483713 m2 0.012622 -0.0175349 0.060264 -0.0129918 0.013384
1231218 289216 m2 0.0515244 -0.10615 0.0378495 -0.0888114 0.0395923
1231218 226123 m2 0.0454878 0.17728 0.0440763 0.0806548 0.0378985
1231218 498146 m2 0.0204268 0.170247 0.0383293 0.0352563 -0.00515157
1231218 34432 m2 0.097378 0.438401 -0.197283 -0.00131446 0.0533507
1231218 51149 m2 0.0241463 -0.215083 -0.0355139 -0.00326261 0.0106128
1231218 174623 m2 0.0621951 -0.111134 0.0404124 0.0285058 -0.0611198
1231218 331501 m2 0.0364634 0.153935 0.0720685 0.0773812 0.0103858
1231218 167847 m2 0.0858537 -0.195796 0.0424076 0.0322256 -0.00463171
1231218 34822 m2 0.0160366 -0.0108023 -0.105326 -0.0392824 0.033078
1231218 390055 m2 0.0209146 -0.215022 0.108979 -0.010578 -0.0190354
1231218 111197 m2 0.019878 -0.214243 0.106583 -0.0634974 -0.019068
1231218 446694 m2 0.0137805 -0.102473 0.0724812 0.0179593 0.0106032
1231218 202506 m2 0.0710366 -0.214167 0.0387085 0.00844654 -0.0108363
1231218 120951 m2 0.0246951 -0.00625406 0.0265029 0.0756454 -0.00726099
1231218 582616 m2 0.0107927 0.202507 0.0258858 -0.0432331 0.118938
1231218 327351 m2 0.0487805 -0.143275 -0.0477585 0.0129155 -0.0201089
1231218 461973 m2 0.0126829 -0.0178427 0.0593482 -0.0554958 0.00915426
1231218 3655 m2 0.0481098 -0.0330451 -0.218693 0.0744252 0.0458366
1231218 482708 m2 0.0264634 0.188235 0.0389133 0.0298695 -0.0522272
1231218 84228 m2 0.0221951 -0.219949 -0.0358901 0.0613436 -0.0123707
1231218 403971 m2 0.0796341 -0.18853 0.0435722 0.033341 0.0991784
1231218 592365 m2 0.0258537 0.10085 0.0759794 0.013933 0.0425261
1231218 145394 m2 0.0478659 -0.215271 -0.0918143 -0.0107709 0.020579
1231218 474517 m2 0.0253659 0.0985809 0.0758087 0.00492082 -0.0334495
1231218 343322 m2 0.035 -0.0732602 0.104121 -0.0425528 0.0301945
1231218 230868 m2 0.012439 -0.063671 0.0318858 0.0166608 -0.0325877
1231218 167465 m2 0.0289024 0.0996049 0.0368759 -0.0634331 0.00267503
1231218 78517 m2 0.284756 0.410603 -0.428614 -0.0367762 -0.0128606
1231218 143375 m2 0.0516463 -0.196436 0.0421862 -0.0182277 0.0611133
1231218 215022 m2 0.158476 0.446434 -0.276387 0.0726726 -0.0191122
1231218 424889 m2 0.0336585 -0.198028 0.0248548 -0.00636805 0.0271127
1231218 340922 m2 0.017378 -0.0999092 0.074801 0.0176002 0.0341635
1231218 238373 m2 0.0207317 0.00315494 0.0252359 -0.0136689 0.00937848
1231218 530756 m2 0.0408537 0.114626 0.098958 0.0133528 0.0497312
1231218 405440 m2 0.0159146 -0.199823 0.0248451 0.0208486 0.0482792
1231218 487137 m2 0.0111585 -0.0431202 0.0740875 0.00103023 -0.0405329
1231218 160292 m2 0.0241463 0.154448 0.0317185 -0.0154081 -0.0327934
1231218 353572 m2 0.0509146 -0.0803484 0.0356469 0.00409981 -0.00846804
1231218 450817 m2 0.0251829 0.0755924 0.0340713 0.00999965 0.0337252
1231218 378127 m2 0.0436585 0.111679 0.0997806 0.0632727 -0.0226783
1231218 253745 m2 0.0331707 -0.0271261 0.0309669 0.0135973 -0.109998
1231218 506316 m2 0.0140854 0.174928 0.0319387 0.0137853 0.0499975
1231218 216556 m2 0.0245122 -0.214297 -0.0355272 0.029556 0.0668952
1231218 48454 m2 0.0148171 -0.222715 -0.0325897 -0.0676422 -0.0235726
1231218 4473 m2 0.0646951 -0.0876945 -0.396188 -0.0449622 0.0384314
1231218 401905 m2 0.0292073 -0.0172795 0.0296398 -0.0439014 0.0379665
1231218 289206 m2 0.0902439 -0.176083 0.0440574 -0.0518637 0.00617144
1231218 5284 m2 0.017561 -0.199075 -0.223811 -0.0233661 0.0104133
1231218 442314 m2 0.0107927 -0.0919102 0.0570285 -0.0205018 0.00733187
1231218 213188 m2 0.0739634 0.307981 -0.376538 0.0406308 -0.0232221
1231218 354353 m2 0.0482317 -0.0762382 0.0355106 -0.0310293 -0.00927256
1231218 548640 m2 0.0156098 0.104371 0.0291201 0.024237 -0.0360864
1231218 122634 m2 0.0202439 0.024382 -0.0309779 -0.0500638 -0.0760507
1231218 6114 m2 0.112744 -0.151863 -0.333356 -0.0340154 -0.0450417
1231218 297770 m2 0.042561 -0.21616 0.0303981 -0.0158404 0.0680248
1231218 451021 m2 0.0297561 -0.104438 0.0254396 -0.0571466 -0.0729454
1231218 477015 m2 0.0159756 -0.098043 0.0759521 -0.0465892 -0.0560133
1231218 560803 m2 0.010122 -0.0874773 0.0524864 0.039374 -0.0052802
1231218 9669 m2 0.0452439 -0.215832 -0.21416 -0.0195187 0.0264497
1231218 387815 m2 0.0104878 -0.197103 0.0248232 0.00432973 -0.0560392
1231218 394891 m2 0.0397561 -0.189937 0.032402 0.017599 -0.0288711
1231218 251976 m2 0.012622 -0.216977 -0.0305523 -0.0472154 0.0483032
1231218 97455 m2 0.125305 0.390487 -0.17464 0.0333857 0.0215617
1231218 558953 m2 0.0111585 0.175765 0.0240092 0.0652244 -0.019695
1231218 440273 m2 0.0259756 -0.100711 0.0256263 0.0292922 -0.0125776
1231218 295768 m2 0.0189024 0.187133 0.0343445 0.00163141 0.0181886
1231218 112040 m2 0.0242683 0.027458 -0.0315311 -0.0294781 0.0328662
1231218 515287 m2 0.032561 0.123648 0.0844181 0.0160095 0.0777204
1231218 214004 m2 0.0261585 -0.17061 -0.0582033 -0.0974606 0.0310262
1231218 288763 m2 0.0465244 -0.0764929 0.0348769 -0.0169861 0.0129233
1231218 304538 m2 0.0848171 -0.194502 0.0424256 0.00595241 -0.0746706
1231218 87751 m2 0.175427 0.513374 -0.333808 0.0477034 0.0155365
1231218 491799 m2 0.0241463 -0.00482839 0.0263497 0.0328391 -0.00565487
1231218 192513 m2 0.0477439 -0.21546 -0.0918042 -0.0497479 -0.00942345
1231218 79506 m2 0.0968902 0.465861 -0.186433 0.0287669 -0.00396026
1231218 205949 m2 0.127256 0.411817 -0.227097 -0.000178464 -0.0563764
1231218 78488 m2 0.116768 0.176703 -0.385415 0.0285692 -0.0180158
1231218 379133 m2 0.0313415 -0.0999129 0.0298884 0.0027013 0.00146867
1231218 478258 m2 0.0340244 -0.199076 0.0248679 0.00529695 -0.0516547
1231218 194440 m2 0.0917073 0.461979 -0.176949 0.0686018 -0.0163249
1231218 546007 m2 0.0345122 0.0972533 0.0918025 0.0426085 -0.0455621
1231218 264410 m2 0.0815854 0.427353 -0.167029 0.0555702 -0.0556636
1231218 335125 m2 0.0664634 0.349939 -0.345149 0.0577383 -0.00509533
1231218 242529 m2 0.0196951 -0.221277 -0.0346405 -0.0332604 0.0493862
1231218 218383 m2 0.0352439 0.130562 0.039375 0.0225158 -0.0400348
1231218 543695 m2 0.0108537 -0.0122268 0.0217915 -0.0485531 0.0535996
1231218 276658 m2 0.0168902 -0.00855469 -0.105933 -0.00155812 -0.00428236
1231218 526301 m2 0.012622 -0.217385 -0.0305082 0.0328708 -0.0287456
1231218 10691 m2 0.0115854 -0.157459 -0.122468 0.0450716 -0.0255094
1231218 464590 m2 0.0555488 0.288046 -0.104352 0.0461822 0.0265856
1231218 15390 m2 0.0481098 -0.0330451 -0.218693 0.0237833 -0.0543644
1231218 562809 m2 0.0132317 -0.196963 0.0248173 -0.0350686 0.0103206
1231218 534786 m2 0.0125 -0.216826 -0.0305594 -0.0587257 0.00992723
1231218 422114 m2 0.0231707 0.0326851 -0.0305764 0.0299717 -0.0258592
1231218 285512 m2 0.0359756 -0.198946 0.0248682 -0.114411 -0.0357132
1231218 508788 m2 0.0114024 -0.0874773 0.0524864 0.0171642 0.0210965
1231218 376868 m2 0.0785976 -0.183777 0.0438867 0.0197952 -0.0247891
1231218 519340 m2 0.017561 -0.102133 0.0245466 0.0314733 -0.0216404
1231218 537077 m2 0.0117683 -0.0222815 0.0264251 -0.0220745 0.0730311
1231218 299686 m2 0.0657927 -0.108674 -0.0660878 -0.046845 -0.00705186
1231218 265271 m2 0.0395122 0.0261535 -0.233567 0.0110328 -0.0428583
1231218 57395 m2 0.0479268 -0.215084 -0.0918242 -0.00583966 -0.0282433
1231218 112216 m2 0.0528659 -0.210818 -0.117636 0.00193378 -0.0323737
1231218 274230 m2 0.0223171 -0.217833 -0.0353753 -0.0316273 -0.0724818
1231218 551922 m2 0.0107317 0.016142 0.0586031 0.00449654 -0.0324639
1231218 402322 m2 0.012622 -0.199517 0.0248599 0.00996128 -0.00653252
1231218 402123 m2 0.047561 -0.196797 0.0357708 -0.0571946 0.0173185
1231218 105302 m2 0.0470732 -0.217187 -0.0915077 -0.00924812 -0.0312083
1231218 330051 m2 0.0126829 -0.22014 0.0946959 -0.0534169 -0.0450496
1231218 298337 m2 0.025122 0.0270397 -0.0317609 0.103887 -0.00893878
1231218 478857 m2 0.0509756 -0.0947423 0.0396177 -0.0414355 0.0828141
1231218 544950 m2 0.0228049 0.178681 0.0339925 -0.0266316 0.0364453
1231218 173986 m2 0.17061 0.494155 -0.272181 -0.0452721 -0.0335703
1231218 158381 m2 0.105549 0.362616 -0.128716 0.0218416 0.0604614
1231218 272402 m2 0.0825 -0.186683 0.0433783 -0.0346896 0.00125975
1231218 210550 m2 0.0128049 -0.0196445 -0.101397 0.0222537 0.0596576
1231218 570768 m2 0.0107927 -0.195746 0.0247578 -0.0167883 -0.0105379
1231218 457916 m2 0.0267073 -0.123906 0.0289256 0.00473751 -0.0379461
1231218 141198 m2 0.126341 0.326418 -0.116748 -0.00477851 0.0195645
1231218 122615 m2 0.0245122 -0.126166 -0.0938096 -0.00982367 -0.0257173
1231218 158797 m2 0.0797561 0.291776 -0.219577 0.0216783 -0.0342614
1231218 225251 m2 0.141037 0.420828 -0.248403 0.0410332 -0.000348251
1231218 437358 m2 0.0235976 -0.0044202 0.0263323 0.0252234 -0.0206368
1231218 305593 m2 0.0309146 0.00907356 -0.035243 -0.0469154 -0.0328723
1231218 16662 m2 0.105854 -0.164178 -0.328575 -0.0457877 -0.0337057
1231218 475758 m2 0.0340244 -0.147651 0.0363569 0.00137038 0.0423553
1231218 499655 m2 0.0272561 -0.0385689 0.0330348 0.0712217 0.00714308
1231218 457098 m2 0.0485976 0.123501 0.103553 0.0609187 -0.0110522
1231218 46007 m2 0.0477439 -0.21546 -0.0918042 0.0150246 0.0169788
1231218 113416 m2 0.0192683 -0.147772 -0.0747593 -0.0285984 0.0140192
1231218 121346 m2 0.0830488 0.472987 -0.27381 -0.00748624 0.0591703
1231218 33534 m2 0.0668902 -0.0204583 -0.257143 -0.0119346 0.0813254
1231218 156715 m2 0.0481098 -0.214499 -0.0918405 -0.0516664 -0.0294531
1231218 232071 m2 0.0267683 -0.186187 -0.07771 -0.00803952 -0.0317695
1231218 464582 m2 0.0206707 -0.00376793 -0.108829 0.0202767 -0.00535966
1231218 401667 m2 0.0336585 -0.198142 0.0282331 -0.040719 0.0233226
1231218 77060 m2 0.0205488 -0.0026504 -0.108145 -0.0336957 -0.0150047
1231218 360572 m2 0.0235976 -0.216199 -0.0354795 -0.083518 -0.00375665
1231218 102108 m2 0.124634 0.4555 -0.31168 0.10834 -0.0222423
1231218 570766 m2 0.010122 -0.187068 0.0241285 0.0530325 0.00651635
1231218 332535 m2 0.0253049 -0.215103 -0.0365814 -0.105205 -0.03918
1231218 574499 m2 0.0122561 -0.189853 0.0243541 -0.0295061 0.0111252
1231218 73739 m2 0.0653049 0.0938384 -0.177141 -0.0119204 0.0191569
1231218 360569 m2 0.0225 -0.218174 -0.0353543 -0.0242151 -0.0405846
1231218 284898 m2 0.037561 -0.101618 0.0292615 0.0512997 -0.00668006
1231218 150140 m2 0.020122 -0.222874 -0.0350604 -0.0108161 -0.0376236
1231218 280276 m2 0.042439 0.102167 -0.159677 0.0117794 -0.0372395
1231218 102103 m2 0.0653049 0.19855 -0.214258 0.0469869 -0.0285076
1231218 541678 m2 0.0263415 0.0216541 -0.0330848 0.0680238 -0.0446893
1231218 284442 m2 0.0198171 -0.0112936 -0.110966 0.070692 -0.00478128
1231218 459112 m2 0.012622 -0.217385 -0.0305082 -0.0102959 -0.0500527
1231218 47141 m2 0.0633537 -0.161245 -0.237417 0.0190197 -0.0274734
1231218 37656 m2 0.0103659 0.0916154 -0.0918974 0.0337792 0.00258965
1231218 536869 m2 0.0284756 -0.100177 0.0268987 -0.0285581 -0.00624122
1231218 539074 m2 0.0183537 -0.00720408 0.024378 -0.0250152 0.0276971
1231218 319899 m2 0.0778049 0.292745 -0.301198 -0.0263177 -0.0928255
1231218 379116 m2 0.0194512 -0.196651 0.0248034 0.0110668 0.00156609
1231218 368826 m2 0.0115244 0.0524864 -0.0524864 -0.0536096 0.0336789
1231218 470425 m2 0.082561 0.477938 -0.23453 -0.0338449 -0.063896
1231218 577296 m2 0.012622 -0.217385 -0.0305082 -0.0217833 0.0129752
1231218 543086 m2 0.0206707 -0.0196874 0.0257154 -0.00114861 -0.0365245
1231218 54231 m2 0.0170122 -0.199597 -0.124285 0.0593051 0.00266512
1231218 551302 m2 0.0117073 -0.0193604 0.0554721 -0.0496852 -0.0747262
1231218 167620 m2 0.0114024 0.0524864 -0.0524864 0.0588729 -0.0966099
1231218 26632 m2 0.0116463 -0.195684 -0.210859 -0.0548318 -0.0541278
1231218 153155 m2 0.0127439 -0.019814 -0.101297 -0.0421149 -0.00770369
1231218 465686 m2 0.047622 -0.110724 0.0370872 0.0103911 0.0179146
1231218 585658 m2 0.0108537 0.0190012 -0.0303088 -0.0508082 0.0491098
1231218 306362 m2 0.0121341 0.0998523 0.0249945 -0.0289018 0.0214051
1231218 147453 m2 0.0339024 -0.0102523 -0.0379691 -0.00232606 0.00981629
1231218 79690 m2 0.0478659 -0.215271 -0.0918143 0.0237033 0.0414502
1231218 349244 m2 0.0273171 -0.0410664 0.0335925 0.018282 0.0641659
1231218 268964 m2 0.0237195 -0.215958 -0.0354887 0.0364776 0.0705481
1231218 354560 m2 0.0343902 -0.198555 0.0248655 -0.0611873 -0.00025504
1231218 196664 m2 0.0204878 -0.00279437 -0.108147 -0.0611544 0.0401903
1231218 443777 m2 0.0967683 0.453251 -0.253531 -0.021972 -0.0182708
1231218 555242 m2 0.0264024 0.298104 -0.0762282 0.0753264 -0.0381816
1231218 351876 m2 0.0829268 0.425544 -0.134736 -0.0227973 -0.0369243
1231218 545992 m2 0.0121951 -0.0954339 0.0609158 -0.036856 -0.00674129
1231218 368426 m2 0.027439 -0.0395909 -0.0378688 -0.0199533 0.0287798
1231218 115008 m2 0.047561 -0.215824 -0.0917758 -0.0432131 0.0157953
1231218 217339 m2 0.0396951 0.0324853 -0.0576222 0.0286319 0.00380287
1231218 319892 m2 0.0115854 0.0554858 -0.0674755 0.0107686 -0.0284002
1231218 264374 m2 0.0429878 0.050306 -0.137277 0.034873 -0.0143698
1231218 357035 m2 0.0193902 0.104632 -0.106068 0.0256951 0.0212767
1231218 477216 m2 0.0285366 -0.199211 0.0248667 -0.00228563 -0.0166796
1231218 199008 m2 0.0123171 -0.218354 -0.0304302 -0.0399928 -0.0454344
1231218 128637 m2 0.174085 0.419474 -0.179551 0.0114861 0.0394568
1231218 396257 m2 0.0295732 0.150375 -0.0760119 0.0412496 -0.0238048
1231218 337676 m2 0.0718293 0.340117 -0.0250508 0.00928736 -0.0596172
1231218 398104 m2 0.0230488 0.0331058 -0.0305592 0.0275839 0.0149722
1231218 29320 m2 0.0177439 -0.214335 -0.251028 0.00137905 -0.000500154
1231218 520973 m2 0.0731098 0.473202 -0.268296 0.0989294 0.0344678
1231218 54418 m2 0.0515244 -0.201269 -0.260292 0.00230176 0.0215503
1231218 483858 m2 0.022561 0.0279932 -0.0315449 -0.0810114 0.00872214
1231218 156489 m2 0.0172561 -0.202827 -0.127463 0.0032585 -0.0521166
1231218 352908 m2 0.0125 0.0492085 -0.0749797 -0.0261915 -0.00918205
1231218 526724 m2 0.0189024 0.136657 0.0310852 0.00760769 -0.00942386
1231218 182136 m2 0.0853659 0.0484513 -0.248124 0.0188273 -0.0228875
1231218 182954 m2 0.0240244 -0.217405 -0.036371 0.0389773 -0.0420038
1231218 330835 m2 0.140183 0.457473 -0.0821691 -0.0118315 0.0565816
1231218 254710 m2 0.042439 0.0498593 -0.13928 0.00213643 -0.0469151
1231218 360554 m2 0.014878 0.0443815 -0.0851251 -0.00612442 0.00643607
1231218 564665 m2 0.0121341 -0.199848 0.0248433 0.00187468 0.0154455
1231218 492770 m2 0.0128049 0.0497365 -0.0746047 0.00956019 0.075848
1231218 201464 m2 0.0113415 -0.150319 -0.0744964 -0.0333882 -0.0256697
1231218 376843 m2 0.0180488 -0.152885 -0.0732323 -0.0663197 0.0140919
1231218 236085 m2 0.0115854 0.0554858 -0.0674755 0.00129229 -0.0866391
1231218 561799 m2 0.0729878 0.431189 -0.161175 0.0216954 0.0132374
1231218 458888 m2 0.0433537 -0.213924 -0.0915105 0.00716173 0.00894715
1231218 594003 m2 0.0432317 0.443033 -0.153958 0.083213 0.0342087
1231218 41157 m2 0.044878 -0.157605 -0.228068 0.0490199 -0.0329501
1231218 523222 m2 0.0168293 -0.198287 0.0248609 0.0214673 -0.0824073
1231218 279546 m2 0.106098 0.505552 -0.218341 -0.0186635 -0.0363809
1231218 230819 m2 0.0481098 -0.214499 -0.0918405 -0.0309276 -0.076459
1231218 589192 m2 0.0101829 -0.196825 0.0248113 -0.00926801 0.0351533
1231218 431430 m2 0.084939 0.273348 -0.294292 -0.00266977 -0.0107963
1231218 404140 m2 0.0115854 0.0554858 -0.0674755 0.0142293 -0.0750895
1231218 57131 m2 0.0780488 -0.00984414 -0.472814 -0.00474323 -0.00213959
1231218 317897 m2 0.0243293 -0.161758 -0.0543327 0.00401571 0.00703737
1231218 456011 m2 0.0188415 -0.216963 -0.0913049 -0.0469323 -0.0346581
1231218 467940 m2 0.0221341 -0.148701 -0.0746717 -0.0125397 0.00599198
1231218 363734 m2 0.0312195 -0.198481 0.0248644 -0.0798581 0.0306688
1231218 331228 m2 0.0845122 0.296104 -0.336687 0.0266618 0.0408131
1231218 89112 m2 0.0115854 -0.157459 -0.122468 -0.029844 -0.0331161
1231218 367988 m2 0.105427 0.411434 -0.175577 -0.0397764 -0.0106725
1231218 99412 m2 0.0646951 -0.0265392 -0.215933 0.00132362 0.00957492
1231218 101649 m2 0.017439 -0.199199 -0.124334 -0.031577 0.0631749
1231218 326509 m2 0.0235976 -0.158344 -0.0528649 -0.0578948 0.0331149
1231218 311728 m2 0.0169512 -0.202433 -0.126811 -0.0157767 -0.0796889
1231218 369871 m2 0.0357317 -0.198997 -0.0895782 -0.0708506 -0.040529
1231218 485899 m2 0.0225 0.0278696 -0.0315468 0.0110472 0.0554561
1231218 208105 m2 0.0428659 -0.216647 -0.213907 -0.0584782 0.017028
1231218 404984 m2 0.0217073 0.279967 -0.0793564 0.0560964 0.104427
1231218 503130 m2 0.0145732 0.131676 -0.123878 0.00436722 0.0103695
1231218 63065 m2 0.017378 -0.199259 -0.223794 0.0553674 -0.0162086
1231218 520148 m2 0.0116463 0.147416 -0.0744639 0.0245469 -0.0210052
1231218 359884 m2 0.0943293 0.245945 -0.398559 -0.0651044 -0.0285566
1231218 370300 m2 0.0897561 0.32486 -0.306755 0.0448628 0.0523958
1231218 371156 m2 0.0397561 0.31988 -0.0629586 -0.0554168 -0.0150096
1231218 544093 m2 0.0128049 -0.151758 0.0305485 0.0257815 0.0114231
1231218 269694 m2 0.02 0.0435761 -0.146219 -0.0264466 -0.0487561
1231218 449368 m2 0.0114024 -0.0793604 -0.0219372 -0.0192218 0.0045813
1231218 445826 m2 0.0115244 0.0554839 -0.0675318 -0.0494003 -0.0427542
1231218 270314 m2 0.0204878 -0.00279437 -0.108147 0.0185132 -0.0111187
1231218 493363 m2 0.0167073 -0.186693 -0.0702365 -0.0199757 -0.0296716
1231218 204496 m2 0.0235366 0.0347333 -0.148687 0.0686599 0.0144263
1231218 54600 m2 0.0185976 -0.208554 -0.241875 0.0179687 0.0127918
1231218 558276 m2 0.0125 0.15139 -0.0752205 -0.03607 -0.023652
1231218 523775 m2 0.0112805 0.0524864 -0.0524864 -0.0563588 0.0307502
1231218 57918 m2 0.0237805 -0.214297 -0.275525 0.0143099 0.00353158
1231218 130703 m2 0.0912195 -0.111469 -0.296017 -0.0425071 -0.000699577
1231218 168571 m2 0.101524 -0.169596 -0.320288 0.0156274 -0.0352288
1231218 296307 m2 0.0369512 -0.202896 -0.090349 0.033157 -0.0535741
1231218 130494 m2 0.0390854 0.0221976 -0.237707 -0.0319722 -0.0231885
1231218 271492 m2 0.0173171 -0.200026 -0.124962 -0.00269374 0.00339985
1231218 341456 m2 0.0408537 0.254841 -0.300377 0.0639486 -0.0136079
1231218 200411 m2 0.0539024 0.062393 -0.155674 -0.0283004 -0.109404
1231218 432022 m2 0.0189634 -0.175461 -0.0603748 0.0100918 -0.0293575
1231218 478818 m2 0.0128659 0.0496159 -0.0749835 0.0562917 0.0337473
1231218 434250 m2 0.0125 -0.101701 -0.163961 -0.0473543 -0.000773607
1231218 289968 m2 0.0166463 -0.199887 -0.124202 -0.00336837 -0.0308462
1231218 592521 m2 0.012622 -0.217119 -0.0305411 -0.00788434 -0.00116179
1231218 148839 m2 0.0668902 -0.0634626 -0.280684 0.0314998 0.00512944
1231218 182923 m2 0.0245122 0.0159814 -0.102165 0.0262578 -0.0106618
1231218 283034 m2 0.0364024 -0.184866 -0.200028 -0.00155294 0.00904154
1231218 76175 m2 0.0659756 0.0466442 -0.431876 -0.0364864 -0.069615
1231218 178828 m2 0.0157317 -0.0943444 -0.167753 0.0181092 0.00592764
1231218 588101 m2 0.0198171 0.2903 -0.282968 0.00823 -0.0636103
1231218 101028 m2 0.0775 -0.127565 -0.283633 0.0431507 -0.0120589
1231218 226674 m2 0.0168293 -0.199748 -0.124248 -0.124569 0.0172974
1231218 508319 m2 0.032378 -0.219238 -0.087743 0.00633373 0.0421771
1231218 601327 m2 0.0134146 -0.214297 -0.0306138 -0.00269582 -0.00444789
1231218 366789 m2 0.1325 0.496366 -0.301887 -0.0199775 -0.0428571
1231218 265860 m2 0.0114634 -0.102434 -0.161786 -0.008622 -0.0298899
1231218 224996 m2 0.0872561 0.340012 -0.347289 -0.0513683 -0.0766014
1231218 101427 m2 0.0161585 -0.200191 -0.124028 -0.0340199 0.0356742
1231218 94286 m2 0.055 -0.0454955 -0.202395 -0.0642615 -0.0920615
1231218 112356 m2 0.0604268 0.0818223 -0.407359 -0.012027 -0.0112851
1231218 467920 m2 0.0277439 0.0562821 -0.107444 0.0274248 -0.00437218
1231218 119524 m2 0.0172561 -0.202827 -0.127463 0.0805953 -0.00573276
1231218 159821 m2 0.0291463 -0.20889 -0.2024 0.0314657 -0.0437735
1231218 560317 m2 0.012378 0.147213 -0.0744353 0.0151881 0.0312337
1231218 488051 m2 0.017439 -0.199199 -0.124334 0.0458946 0.0841306
1231218 149789 m2 0.0178049 -0.214681 -0.251845 -0.11391 0.019435
1231218 82294 m2 0.0773171 -0.000473421 -0.461991 0.0321329 0.0530012
1231218 476570 m2 0.0342073 0.322326 -0.289831 -0.026831 -0.00582317
1231218 395418 m2 0.0152439 -0.0974457 -0.16582 -0.0816065 -0.0313458
1231218 160586 m2 0.0884756 -0.185446 -0.306757 -0.00105018 -0.0605079
1231218 216674 m2 0.0829878 -0.0358632 -0.28396 0.0744745 -0.0243594
1231218 110909 m2 0.0935366 -0.178603 -0.308912 -0.102475 -0.093131
1231218 444994 m2 0.0156707 0.151102 -0.0740425 0.062622 0.0168327
1231218 372710 m2 0.0386585 -0.214366 -0.0874353 -0.0309691 -0.0619355
1231218 281830 m2 0.0171951 -0.204843 -0.129289 -0.113181 0.0352703
1231218 573417 m2 0.0196951 0.185165 -0.121726 0.0495303 -0.0158497
1231218 193639 m2 0.0305488 -0.165094 -0.185508 -0.0760006 0.00133931
1231218 592088 m2 0.0109146 0.149275 -0.0746044 -0.00162336 0.0439144
1231218 439183 m2 0.0728049 0.307646 -0.286 0.0235077 0.0283521
1231218 202392 m2 0.017439 -0.200603 -0.226082 -0.0583233 -0.00848299
1231218 216887 m2 0.0112805 -0.0981375 -0.158362 -0.0630809 -0.0292133
1231218 435853 m2 0.0107927 -0.172867 -0.0592085 0.00256328 -0.0412214
1231218 145911 m2 0.0116463 -0.161055 -0.126441 0.000137375 -0.00360382
1231218 206682 m2 0.0323171 0.0554579 -0.158757 0.0105989 0.0188305
1231218 240095 m2 0.0484756 0.343108 -0.322274 0.036093 -0.0210306
1231218 329161 m2 0.0115854 -0.0959099 -0.160178 0.00081756 -0.023838
1231218 540399 m2 0.0128049 0.0497365 -0.0746047 0.0150871 -0.0276451
1231218 242478 m2 0.0660366 -0.0071065 -0.221533 -0.0390224 0.00534577
1231218 118704 m2 0.0172561 -0.202827 -0.127463 -0.0325077 0.0284578
1231218 530280 m2 0.0115854 -0.0835133 -0.0224547 -0.000953651 -0.0621779
1231218 296705 m2 0.042622 -0.207939 -0.091233 -0.0133063 0.011279
1231218 326695 m2 0.0539024 0.062393 -0.155674 -0.0206938 0.0503377
1231218 271290 m2 0.0168293 -0.199748 -0.124248 0.103018 -0.0421844
1231218 397473 m2 0.0103049 -0.0765903 -0.0882754 -0.00547055 -0.0294942
1231218 137404 m2 0.0112195 -0.157459 -0.122468 -0.0730093 0.00741753
1231218 371140 m2 0.0110366 -0.158405 -0.0528911 -0.0569254 0.00504566
1231218 450740 m2 0.0173171 -0.204725 -0.129293 -0.0482004 -0.0467975
1231218 335065 m2 0.0186585 -0.215687 -0.141935 -0.0662596 -0.0196997
1231218 428028 m2 0.0186585 -0.0531681 -0.178457 -0.0297324 0.0140294
1231218 416247 m2 0.0481098 -0.214499 -0.0918405 -0.0299595 0.0080095
1231218 555615 m2 0.0465244 0.407312 -0.121499 -0.0708608 -0.0178515
1231218 581718 m2 0.042378 0.321134 -0.0997342 -0.0294188 0.0301254
1231218 526698 m2 0.0240244 0.0302445 -0.0312008 -0.0189448 0.0376283
1231218 103030 m2 0.0669512 0.0423041 -0.436422 0.00840917 -0.0198532
1231218 178394 m2 0.0585976 0.0908487 -0.395586 0.0353284 0.00868463
1231218 217699 m2 0.0417073 0.0515869 -0.175121 -0.0134533 -0.00795609
1231218 138429 m2 0.0164634 -0.200013 -0.223463 0.0687808 -0.0131658
1231218 331188 m2 0.0332927 -0.149639 -0.174048 -0.0260928 -0.0368736
1231218 226861 m2 0.0173171 -0.204725 -0.129293 -0.0260846 -0.016421
1231218 327488 m2 0.0259756 -0.200337 -0.202894 -0.0688492 0.00451717
1231218 592502 m2 0.0165854 -0.153506 -0.0761246 0.0320844 0.0127177
1231218 156052 m2 0.017561 -0.199075 -0.223811 -0.0260386 -0.00832252
1231218 501706 m2 0.0303049 0.0886969 -0.126054 -0.0262272 0.00308929
1231218 179225 m2 0.017561 -0.199075 -0.223811 -0.016895 -0.0595425
1231218 589775 m2 0.0211585 0.185147 -0.12159 -0.021882 0.0227363
1231218 321882 m2 0.0388415 -0.218998 -0.0890195 -0.0642288 0.0326384
1231218 172881 m2 0.0101829 -0.157459 -0.122468 -0.0231499 -0.0254045
1231218 177590 m2 0.0912195 -0.111469 -0.296017 0.0627089 -0.0315825
1231218 289564 m2 0.0115854 0.0186007 -0.134986 -0.00992165 0.00340455
1231218 423949 m2 0.0135366 0.0874773 -0.0874773 0.00543944 -0.0119784
1231218 279503 m2 0.0168293 -0.199748 -0.124248 0.00248323 -0.0212072
1231218 209320 m2 0.0445122 -0.21798 -0.234875 -0.0656691 -0.0817363
1231218 428486 m2 0.0467683 -0.216407 -0.0917337 -0.0102643 -0.00388148
1231218 551634 m2 0.0170732 -0.199544 -0.124295 0.0280465 0.00963119
1231218 313180 m2 0.0173171 -0.200026 -0.124962 -0.013288 -0.0817108
1231218 377230 m2 0.0878049 0.485438 -0.27615 0.0427847 -0.0538237
1231218 324067 m2 0.0233537 -0.0861572 -0.177856 0.0581245 -0.0114558
1231218 441035 m2 0.0553049 -0.0384144 -0.257322 -0.000269977 0.0295867
1231218 437921 m2 0.0189024 0.0505716 -0.139931 -0.0282602 -0.0213611
1231218 353878 m2 0.0415854 -0.198812 -0.214891 -0.0432571 -0.0570054
1231218 169558 m2 0.0545122 -0.0358243 -0.368587 -0.045908 0.00170363
1231218 265390 m2 0.0177439 -0.202314 -0.229426 -0.019525 -0.0524166
1231218 346314 m2 0.0271341 0.0405824 -0.151751 -0.0317249 0.0338725
1231218 193234 m2 0.0596341 0.0875727 -0.395816 0.0464073 0.0179305
1231218 328962 m2 0.0171341 -0.199489 -0.124304 -0.0728422 0.0668842
1231218 386318 m2 0.022561 0.0196584 -0.110741 -0.0254602 0.0114655
1231218 164956 m2 0.0237805 -0.214297 -0.275525 0.0785431 -0.0173325
1231218 218501 m2 0.0596341 0.0875727 -0.395816 -0.0522584 -0.0720813
1231218 425967 m2 0.0207927 0.0101376 -0.121899 -0.0223724 -0.0357874
1231218 321567 m2 0.017561 -0.199075 -0.223811 -0.0648289 -0.0873857
1231218 368576 m2 0.0258537 0.0554853 -0.154484 0.0101951 -0.0661094
1231218 222694 m2 0.0115854 -0.157459 -0.122468 -0.0560884 -0.0245006
1231218 337208 m2 0.0102439 -0.157459 -0.122468 0.0550357 -0.0654457
1231218 503096 m2 0.0145732 0.0356985 -0.168658 0.0294198 0.0179937
1231218 268249 m2 0.0596341 0.0875727 -0.395816 -0.0147673 -0.00676204
1231218 468705 m2 0.0175 -0.199843 -0.124972 -0.0532303 -0.00606184
1231218 497018 m2 0.0235976 0.0146965 -0.127354 0.0322155 0.000427516
1231218 281426 m2 0.0104878 -0.157459 -0.122468 -0.0109665 -0.0659331
1231218 221450 m2 0.024939 -0.0486347 -0.182608 -0.0985398 0.0170048
1231218 238051 m2 0.0162805 -0.200125 -0.223342 -0.0724697 -0.0342852
1231218 342816 m2 0.0344512 -0.149506 -0.174064 0.0832169 -0.07447
1231218 314599 m2 0.0112195 -0.157459 -0.122468 0.0138157 0.0154078
1231218 592944 m2 0.0117073 0.264366 -0.269275 -0.00213513 -0.00368682
1231218 300793 m2 0.0596341 0.0875727 -0.395816 -0.0435181 -0.0349445
1231218 445198 m2 0.012439 0.0473216 -0.156241 0.025732 -0.0386586
1231218 398844 m2 0.0170122 -0.199597 -0.124285 -0.0198658 -0.0203878
1231218 568721 m2 0.0143293 0.239649 -0.203421 -0.0449915 -0.0440461
1231218 337843 m2 0.0183537 -0.0866719 -0.176156 -0.0488797 -0.00354889
1231218 506646 m2 0.0136585 -0.0959172 -0.166142 0.00132352 -0.0122278
1231218 349355 m2 0.0265854 -0.0571808 -0.21371 -0.065369 -0.0958593
1231218 473047 m2 0.0115854 -0.0959099 -0.160178 -0.0481844 0.0570964
1231218 351010 m2 0.0173171 -0.200026 -0.124962 -0.0546925 -0.0401356
1231218 572792 m2 0.0120732 -0.150089 -0.173933 -0.0489783 0.0276428
1231218 460499 m2 0.0131707 0.150069 -0.229693 0.0466726 0.0312887
1231218 288484 m2 0.024878 0.111793 -0.118295 0.0713338 -0.0764035
1231218 256520 m2 0.0237805 -0.214297 -0.275525 -0.0178887 -0.00885149
1231218 302979 m2 0.0673171 0.0407833 -0.438258 0.0571853 -0.0477617
1231218 257549 m2 0.0596341 0.0875727 -0.395816 0.0477075 -0.0351143
1231218 352253 m2 0.0426829 -0.0203811 -0.244659 0.0141744 -0.0469821
1231218 286041 m2 0.0559756 -0.204536 -0.240225 0.0132736 -0.0432575
1231218 279276 m2 0.0648171 0.0534774 -0.430153 -0.0129328 -0.0336259
1231218 419105 m2 0.0328659 -0.1532 -0.177075 -3.09937e-05 0.0774194
1231218 256925 m2 0.0752439 0.00773311 -0.461087 -0.0176284 -0.06282
1231218 412201 m2 0.017378 -0.199259 -0.12433 -0.010313 0.0234258
1231218 474398 m2 0.0134756 -0.044657 -0.20848 0.0452369 0.0924804
1231218 487672 m2 0.0255488 0.0232251 -0.135426 -0.00644941 -0.0205054
1231218 568069 m2 0.0214024 0.297738 -0.287023 -0.00825881 0.0274671
1231218 470588 m2 0.0112195 -0.145631 -0.173038 0.0161114 0.0336135
1231218 355307 m2 0.0179878 -0.203983 -0.129244 -0.00933504 0.021647
1231218 254651 m2 0.017622 -0.199011 -0.223813 -0.0213723 -0.0213699
1231218 284615 m2 0.0165854 -0.200642 -0.124829 -0.0357569 0.0326592
1231218 262320 m2 0.0186585 -0.0531681 -0.178457 0.00735085 -0.0507939
1231218 301982 m2 0.0585366 0.0910408 -0.395557 0.0646025 -0.00895976
1231218 573590 m2 0.0121341 -0.199729 -0.124254 0.0558841 -0.0475507
1231218 363445 m2 0.0240854 -0.0754786 -0.235456 -0.0204016 -0.053015
1231218 330778 m2 0.0227439 -0.0532547 -0.185575 -0.0381245 -0.00407886
1231218 376997 m2 0.0264634 -0.060797 -0.191861 0.061873 0.0547858
1231218 367932 m2 0.0195732 0.00558041 -0.203075 -0.00641522 -0.00175153
1231218 505580 m2 0.0171341 -0.203605 -0.12807 -0.0643001 0.043401
1231218 508091 m2 0.0168293 -0.199748 -0.124248 0.00756066 -0.0479164
1231218 355086 m2 0.0209146 -0.0468634 -0.201098 0.0319069 -0.0323711
1231218 477558 m2 0.0108537 -0.0964076 -0.158667 -0.053987 -0.0172924
1231218 373489 m2 0.0595122 0.0879587 -0.395814 0.0173828 -0.013102
1231218 376365 m2 0.0603049 -0.0195301 -0.27416 -0.0089901 -0.0118277
1231218 449091 m2 0.0242073 -0.0058591 -0.18558 -0.0648379 -0.00290056
1231218 571529 m2 0.0190244 0.0391516 -0.134873 0.0341865 0.00350937
1231218 354864 m2 0.0585976 0.0908487 -0.395586 0.0137153 -0.041751
1231218 502099 m2 0.0162195 -0.200159 -0.124054 -0.0378577 -0.0329648
1231218 496583 m2 0.0115854 -0.157459 -0.122468 -0.0222729 -0.0213411
1231218 459031 m2 0.0118293 -0.159155 -0.124163 -0.0559276 0.0260659
1231218 365049 m2 0.0153049 -0.0572266 -0.189054 -0.0233645 0.0528306
1231218 345447 m2 0.0620732 0.072147 -0.418874 -0.0336942 -0.0173719
1231218 360256 m2 0.0115854 -0.157459 -0.122468 -0.0825513 0.00576155
1231218 413596 m2 0.0229878 0.0160331 -0.131071 0.00484239 0.0543847
1231218 566428 m2 0.0111585 0.258815 -0.26126 0.0464923 -0.0946922
1231218 380506 m2 0.0166463 -0.200598 -0.124846 0.00660577 -0.0721861
1231218 513608 m2 0.0112195 -0.157459 -0.122468 -0.0287677 0.0492675
1231218 511800 m2 0.0320122 -0.15299 -0.175857 0.00457352 0.0273943
1231218 497829 m2 0.0314024 -0.0876804 -0.221103 0.0228268 -0.0111568
1231218 356329 m2 0.0295732 -0.0479746 -0.195653 -0.0308853 -0.0749377
1231218 363029 m2 0.0656707 0.0483758 -0.431144 0.0370068 -0.0126653
1231218 393796 m2 0.0669512 0.0423041 -0.436422 -0.0577237 -0.0369159
1231218 365872 m2 0.0170732 -0.199544 -0.124295 -0.0244758 0.0161038
1231218 466382 m2 0.0160976 -0.200222 -0.223201 -0.0480883 -0.0426009
1231218 359208 m2 0.0434146 0.0122426 -0.337626 0.126901 -0.053218
1231218 365230 m2 0.0573171 -0.0582419 -0.382447 -0.0270959 -0.0331888
1231218 410544 m2 0.025122 -0.148421 -0.174002 0.0389011 0.0102223
1231218 433203 m2 0.0112195 -0.122468 -0.157459 -0.0253272 -0.029426
1231218 507847 m2 0.0123171 0.0204962 -0.129382 -0.0546425 -0.0533026
1231218 528733 m2 0.010061 -0.129785 -0.20822 -0.0153333 -0.0732245
1231218 391610 m2 0.0247561 -0.0513008 -0.178262 -0.0894767 0.0565797
1231218 457813 m2 0.0101829 -0.157459 -0.122468 -0.0494012 -0.062564
1231218 462650 m2 0.0121341 -0.160906 -0.126275 -0.0156123 0.0264749
1231218 439360 m2 0.0148171 -0.123322 -0.241221 -0.012834 -0.0530065
1231218 414864 m2 0.017622 -0.199549 -0.225012 -0.102083 -0.0257502
1231218 438504 m2 0.0115854 -0.157459 -0.122468 0.00851022 0.143124
1231218 533060 m2 0.0111585 -0.103676 -0.160836 0.00526015 0.0284261
1231218 537577 m2 0.0597561 0.0868539 -0.397209 0.0302215 -0.0119705
1231218 480779 m2 0.0112195 -0.157459 -0.122468 6.14044e-05 -0.0191902
1231218 402036 m2 0.0170122 -0.199597 -0.124285 -0.0733164 0.0646612
1231218 449302 m2 0.0303659 0.051223 -0.16171 0.0119035 -0.0237141
1231218 515168 m2 0.0139024 0.0183199 -0.15246 -0.0255326 0.00853663
1231218 484833 m2 0.0171341 -0.203605 -0.12807 -0.00491876 -0.0635
1231218 474172 m2 0.0659756 0.0466442 -0.431876 -0.0107171 0.0405824
1231218 483988 m2 0.034878 -0.149462 -0.174068 -0.0175606 0.00957625
1231218 574802 m2 0.0103049 0.148386 -0.223709 -0.024313 -0.0115347
1231218 523145 m2 0.0315244 -0.0425009 -0.204166 -0.00911358 0.0452061
1231218 555985 m2 0.0178659 0.0308403 -0.147546 0.01159 0.00553372
1231218 559643 m2 0.0118293 -0.159155 -0.124163 0.0228119 -0.0835861
1231218 510752 m2 0.0239024 -0.166623 -0.186655 0.00329942 0.0242371
1231218 499364 m2 0.0212195 -0.0458331 -0.200682 0.0124167 -0.0536169
1231218 560035 m2 0.0332927 0.0119719 -0.332643 0.0142786 0.0750174
1231218 511603 m2 0.0232317 0.10906 -0.110493 -0.0648551 0.0273417
1231218 529977 m2 0.0596341 0.0875727 -0.395816 -0.0781065 -0.10328
1231218 521105 m2 0.0237195 -0.149955 -0.173979 -0.032383 0.00460769
1231218 523907 m2 0.0115854 -0.157459 -0.122468 0.0646656 0.0566601
1231218 588447 m2 0.0110366 -0.00471373 -0.312888 -0.0405149 0.0126677
1231218 551417 m2 0.0240854 -0.0513158 -0.178384 0.0699084 0.0123162
1231218 581663 m2 0.0117073 -0.0186003 -0.193804 0.0365937 0.039045
1231218 548521 m2 0.0270122 -0.163447 -0.188326 -0.0130228 -0.0236931
1231218 555937 m2 0.0146341 -0.0181457 -0.304123 -0.0275858 0.0228293
1231218 587436 m2 0.0125 0.148864 -0.223794 0.0290333 0.0381244
1231218 560254 m2 0.0185976 0.0122709 -0.142032 0.0567193 -0.058825
1231218 589712 m2 0.0330488 0.107818 -0.371398 0.00286209 0.0279266
1231218 584946 m2 0.0342073 0.137362 -0.357154 0.0220991 0.0273247
1231218 555973 m2 0.0104878 0.0524864 -0.122468 -0.030144 -0.00540896
1231218 597413 m2 0.0196951 0.135199 -0.331073 -0.00343958 0.0234745
