seed mutID muttype p cor_sal cor_temp mutSalEffect mutTempEffect
1231148 1136 m2 0.176467 -0.186589 -0.542313 -0.0754672 -0.245722
1231148 1177 m2 0.356777 -0.83867 0.0843884 -0.334283 -0.136062
1231148 1351 m2 0.126414 0.371498 -0.554978 0.026224 -0.41517
1231148 1338 m2 0.101761 0.3649 0.424909 0.172746 0.605118
1231148 1411 m2 0.241142 -0.429232 0.620807 -0.0173734 0.553256
1231148 1707 m2 0.0964781 0.341394 -0.295656 0.43738 0.0792387
1231148 1984 m2 0.066222 0.232825 0.191179 0.323937 0.223897
1231148 1817 m2 0.0704909 0.504837 -0.115424 0.718178 0.0769845
1231148 1851 m2 0.120864 0.364396 0.498151 0.142098 -0.243646
