// Initial random seed:
2281759907281

// RunInitializeCallbacks():
initializeTreeSeq();
initializeMutationRate(2.5e-08);
initializeSex("A");
initializeMutationType(2, 0.5, "f", 0);
initializeGenomicElementType(1, m2, 1);
initializeGenomicElement(g1, 0, 500000);
initializeRecombinationRate(c(1e-06, 0.5, 1e-06, 0.5, 1e-06, 0.5, 1e-06, 0.5, 1e-06, 0.5, 1e-06, 0.5, 1e-06, 0.5, 1e-06, 0.5, 1e-06, 0.5, 1e-06, 0.5, 1e-06, 0.5, 1e-06, 0.5, 1e-06, 0.5, 1e-06, 0.5, 1e-06, 0.5, 1e-06, 0.5, 1e-06, 0.5, 1e-06, 0.5, 1e-06, 0.5, 1e-06), c(50000, 50001, 100000, 100001, 150000, 150001, 200000, 200001, 250000, 250001, 300000, 300001, 350000, 350001, 400000, 400001, 450000, 450001, 500000, 500001, 550000, 550001, 600000, 600001, 650000, 650001, 700000, 700001, 750000, 750001, 800000, 800001, 850000, 850001, 900000, 900001, 950000, 950001, 1000000));

QTL DFE means: 
0 0

QTL DFE variance-covariance matrix: 
      [,0]  [,1]
[0,] 0.002     0
[1,]     0 0.002

// Starting run at generation <start>:
1 

100:0.999061 0.999061 4.03011e-14 -0.00878961 0.00232296 0.0571815 0.188042 NAN NAN
200:0.998025 0.998025 -3.28626e-14 -0.011163 0.00405943 0.0607963 -0.0464401 NAN NAN
300:0.997051 0.997051 8.10463e-15 -0.0201633 0.00173971 -0.0611422 -0.0925828 NAN NAN
400:0.996199 0.996199 -1.24345e-14 -0.0108841 0.00641003 -0.0406139 0.539993 NAN NAN
500:0.995321 0.995321 6.66134e-15 0.00209387 -0.00679128 0.091181 0.225576 NAN NAN
600:0.99482 0.99482 -2.12053e-14 -0.000390873 0.00504308 0.206049 0.195949 NAN NAN
700:0.993966 0.993966 7.88258e-14 0.00206714 0.00941483 -0.0275329 0.510384 NAN NAN
800:0.993634 0.993634 -2.17604e-14 0.0164036 0.00252987 -0.0531039 0.460887 NAN NAN
900:0.992616 0.992616 -2.60902e-14 0.0185881 0.0146736 -0.119457 0.228194 NAN NAN
1000:0.991839 0.991839 5.12923e-14 0.0266806 0.00347403 -0.0488149 0.548798 NAN NAN
1100:0.990438 0.989589 0.000848443 0.0130417 0.00678706 0.150438 0.614188 0.0519696 0.223398
1200:0.988171 0.985058 0.00311267 0.000931839 -0.00343445 0.463928 0.816947 0.12041 0.3479
1300:0.984074 0.977012 0.00706255 0.00584445 -0.00662463 0.683149 0.908061 0.193785 0.44994
1400:0.978635 0.964373 0.0142619 0.0188225 0.0208432 0.790726 0.957119 0.266088 0.597084
1500:0.970744 0.945381 0.0253639 -0.000395999 0.00894172 0.757244 0.968 0.323621 0.713518
1600:0.963622 0.9159 0.0477211 0.0099898 0.0135662 0.919394 0.981111 0.46583 0.821385
1700:0.951022 0.87637 0.0746519 0.00517053 0.0130332 0.954147 0.99126 0.54836 0.869072
1800:0.936919 0.8119 0.125018 0.0190916 -0.00937697 0.973914 0.993117 0.662578 0.895397
1900:0.917198 0.712985 0.204213 0.00922699 -0.0139067 0.98659 0.991085 0.750162 0.913076
2000:0.875958 0.559352 0.316606 0.00959267 0.0218907 0.990396 0.994336 0.813919 0.923732
2100:0.874303 0.550636 0.323667 0.0070104 -0.00870764 0.991916 0.994943 0.814827 0.923305
2200:0.873466 0.551812 0.321654 -0.00196875 -0.00551625 0.99133 0.995376 0.812682 0.922929
2300:0.868368 0.544234 0.324134 0.00733586 -0.00237682 0.99101 0.995447 0.808279 0.926943
2400:0.871591 0.545021 0.32657 -0.00307631 -0.0097298 0.991676 0.995199 0.813069 0.924923
2500:0.87117 0.544542 0.326628 -0.00533001 -0.0182409 0.990057 0.996529 0.81424 0.920173
2600:0.868963 0.546523 0.322439 -0.00174592 -0.00408614 0.991636 0.994401 0.808751 0.916476
2700:0.868337 0.543394 0.324943 -0.0021536 0.0239177 0.990695 0.994546 0.810721 0.921453
2800:0.869711 0.547005 0.322705 0.0026372 -0.00481729 0.990657 0.994875 0.811702 0.914878
2900:0.867605 0.539855 0.327749 -0.00300464 -0.0132189 0.992043 0.993353 0.812515 0.917563
3000:0.866102 0.542537 0.323565 0.00154203 -0.0183327 0.990363 0.996317 0.806923 0.920448
