seed mutID muttype p cor_sal cor_temp mutSalEffect mutTempEffect
1231226 353180 m2 0.0496 -0.0520582 0.515096 -0.0461521 0.0343968
1231226 447307 m2 0.0805 -0.182708 0.447908 -0.0186603 -0.00319552
1231226 151743 m2 0.0141 -0.141009 0.315519 -0.00478731 -0.0213498
1231226 155291 m2 0.0126 0.280865 0.289007 0.0333437 0.00311727
1231226 160173 m2 0.03175 -0.166 0.405796 -0.0239284 -0.0162682
1231226 644470 m2 0.0372 0.348744 0.393248 0.0472158 0.0302943
1231226 366980 m2 0.0119 0.0342482 0.405105 -0.0346596 0.0224277
1231226 352948 m2 0.0537 -0.209231 0.419479 -0.094255 0.0634898
1231226 608601 m2 0.01625 0.105911 0.154257 -0.0751245 -0.00151509
1231226 423749 m2 0.0364 -0.216752 0.34535 -0.0493716 -0.0208178
1231226 293588 m2 0.0781 0.0561221 0.546984 0.0269085 -0.0260114
1231226 615794 m2 0.01615 -0.252249 0.232264 -0.0692464 0.0241847
1231226 278144 m2 0.03285 0.00864796 0.47215 -0.0248608 -0.00306719
1231226 350694 m2 0.0526 0.222023 0.58165 0.0106621 0.0210588
1231226 215635 m2 0.04295 0.00991316 0.493341 -0.0253168 0.0657343
1231226 659401 m2 0.0124 -0.218542 0.236041 -0.00981236 -0.0317031
1231226 720255 m2 0.0135 0.201619 0.437911 0.0429772 0.0295457
1231226 141700 m2 0.0232 0.168482 0.51233 0.104797 -0.00970141
1231226 144739 m2 0.08 0.322226 0.251922 -0.0167403 -0.0199991
1231226 624706 m2 0.01305 -0.24858 0.345588 -0.0384834 0.0224355
1231226 47883 m2 0.0697 0.273779 0.623696 0.0138848 -0.00681973
1231226 423987 m2 0.0107 0.11462 0.404946 -0.004589 0.00575325
1231226 433555 m2 0.0288 -0.260127 0.402374 -0.0228274 0.000141018
1231226 662924 m2 0.01255 0.0785835 0.293179 0.0273079 0.0167541
1231226 593055 m2 0.0202 -0.254921 0.278728 -0.0720535 0.0114891
1231226 495890 m2 0.0102 -0.169457 0.339791 -0.0348242 0.0681746
1231226 420531 m2 0.0352 -0.180369 0.467407 -0.0424267 0.0242259
1231226 333916 m2 0.04205 -0.25589 0.582282 0.0133803 -0.0334229
1231226 314634 m2 0.0793 -0.0436744 0.48912 -0.0295734 -0.0175079
1231226 577820 m2 0.03665 0.256499 0.469266 0.0492489 0.00448281
1231226 640257 m2 0.04505 0.263846 0.561784 0.00662486 0.0141196
1231226 131643 m2 0.0339 -0.0964115 0.434472 0.000147884 -0.00840876
1231226 690296 m2 0.0141 -0.168865 0.338557 0.00328253 0.00831838
1231226 536041 m2 0.0231 0.362325 0.368616 0.0640632 0.0010681
1231226 650854 m2 0.0186 0.223558 0.387685 -0.0139996 -0.00543483
1231226 122209 m2 0.10745 0.272442 0.640084 0.0351968 0.0220816
1231226 682778 m2 0.01055 -0.0784338 0.391073 0.0864135 0.03568
1231226 519975 m2 0.01685 -0.0250996 0.349821 -0.0162797 0.0323388
1231226 337897 m2 0.0448 0.0385847 0.601829 0.0103982 -0.0323278
1231226 200239 m2 0.05835 -0.226219 0.394662 -0.0709737 0.0408984
1231226 132909 m2 0.0151 -0.110027 0.413722 0.00160906 -0.0175067
1231226 676698 m2 0.0203 0.254023 0.427263 0.00714717 0.0113251
1231226 671988 m2 0.0157 0.164913 0.396691 0.000610954 -0.0684059
1231226 611806 m2 0.0165 0.335136 0.500446 0.0247261 0.00868859
1231226 212346 m2 0.02575 -0.0728106 0.424852 -0.0135898 0.0323684
1231226 643454 m2 0.0167 -0.0607839 0.243594 -0.0226745 -0.00100696
1231226 622953 m2 0.0143 0.109997 0.363699 0.0285002 -0.0248755
1231226 155280 m2 0.09855 0.0216828 0.559677 -0.0134641 0.00861455
1231226 423242 m2 0.02345 0.32062 0.408771 -0.0233887 -0.00504696
1231226 101361 m2 0.08795 -0.123061 0.536136 -0.03897 0.0428455
1231226 347646 m2 0.0443 0.361481 0.528493 0.0662544 0.00496582
1231226 508229 m2 0.0228 -0.162947 0.347253 0.00344131 0.0701511
1231226 601126 m2 0.0153 0.127741 0.454063 -0.0247653 -0.0218712
1231226 71332 m2 0.12965 0.030971 0.657393 0.00452573 0.0408245
1231226 475451 m2 0.03245 0.0756231 0.445196 0.0100346 0.03358
1231226 281100 m2 0.13105 -0.11019 0.551683 -0.0474032 0.0809298
1231226 482823 m2 0.0101 -0.181035 0.309715 -0.0635579 0.00821554
1231226 335651 m2 0.03735 -0.115913 0.440179 0.0162214 -0.000288321
1231226 355116 m2 0.04585 0.0219348 0.602655 0.0304069 0.0829034
1231226 553267 m2 0.0222 -0.24843 0.336803 -0.0524869 0.00372711
1231226 382401 m2 0.05045 -0.159379 0.466046 -0.00341787 0.0270523
1231226 185879 m2 0.0572 -0.107557 0.514813 -0.0196083 0.025606
1231226 607090 m2 0.0198 0.275299 0.469466 0.00427348 0.0600159
1231226 386961 m2 0.0607 -0.201028 0.485774 0.0291159 0.0631325
1231226 37313 m2 0.0306 -0.2378 0.276575 -0.0407013 -0.0152152
1231226 408664 m2 0.01765 0.259075 0.50026 0.0705156 0.0256857
1231226 470203 m2 0.0719 -0.136268 0.471351 -0.0535157 0.0126328
1231226 220690 m2 0.01115 0.35096 0.399271 0.0523053 -0.0147856
1231226 410828 m2 0.0226 -0.0935305 0.431207 0.0118219 -0.0601454
1231226 642563 m2 0.0274 -0.225832 0.355893 0.0401687 -0.0249414
1231226 74330 m2 0.21825 0.0840306 0.713628 0.00317223 0.034731
1231226 62849 m2 0.02595 0.127654 0.54542 -0.0196181 0.0357516
1231226 379125 m2 0.02005 -0.0169685 0.436212 -0.00789845 -0.0192022
1231226 379366 m2 0.01625 -0.0667819 0.344186 0.0197563 0.000440884
1231226 105085 m2 0.13015 0.239482 0.642661 0.0532992 0.00832966
1231226 560065 m2 0.02905 0.0821445 0.526166 -0.0157005 0.0416991
1231226 288846 m2 0.11415 0.291485 0.634963 0.0150056 0.010125
1231226 629175 m2 0.0207 0.109431 0.46626 -0.0113537 0.013543
1231226 492574 m2 0.01655 -0.151048 0.289269 -0.0133157 -0.0135176
1231226 56944 m2 0.11225 0.128891 0.676335 0.0268977 0.0159038
1231226 81361 m2 0.0636 -0.238624 0.387577 -0.0206072 0.00510579
1231226 205489 m2 0.13195 0.270542 0.630621 0.0949021 0.0148084
1231226 189391 m2 0.1877 -0.0307269 0.732544 -0.0334259 0.0311623
1231226 416073 m2 0.02785 -0.21731 0.391269 0.00561926 0.0396971
1231226 642304 m2 0.01105 -0.234869 0.312861 -0.00972396 0.0031794
1231226 437035 m2 0.0703 -0.10997 0.468775 -0.0370118 0.0248139
1231226 421009 m2 0.01925 -0.0513179 0.417761 0.0152617 0.0247391
1231226 190832 m2 0.11255 0.307583 0.608538 0.0299976 0.00446184
1231226 148638 m2 0.0929 -0.143188 0.479849 -0.00448571 0.0324305
1231226 316015 m2 0.0284 0.28334 0.461365 0.0385316 0.0272341
1231226 286799 m2 0.0296 0.252168 0.426957 -0.036492 0.0199384
1231226 359005 m2 0.0891 -0.099619 0.590423 0.0145761 0.0345771
1231226 452774 m2 0.01185 0.150318 0.451681 0.0204358 0.0233511
1231226 238398 m2 0.05135 0.212307 0.520207 0.016155 0.00135065
1231226 8181 m2 0.01045 0.0524841 0.374173 0.0796843 -0.00379811
1231226 13690 m2 0.08685 -0.135492 0.688584 0.0106607 0.0147955
1231226 313860 m2 0.0474 -0.0418306 0.455494 -0.012389 -0.0105055
1231226 426979 m2 0.01995 0.36743 0.44234 0.0568453 -0.0135478
1231226 310085 m2 0.0235 -0.0114112 0.461651 -0.0302228 0.00340824
1231226 361233 m2 0.0186 0.270278 0.442292 0.0189699 0.0303586
1231226 561595 m2 0.01155 -0.239657 0.242234 -0.0371574 0.0277563
1231226 88221 m2 0.01005 0.267062 0.355881 0.0026887 0.0144856
1231226 87217 m2 0.17075 -0.0194847 0.782103 0.0201756 0.0434254
1231226 359736 m2 0.04625 -0.236048 0.368411 -0.00397728 0.0261428
1231226 536009 m2 0.01155 0.332053 0.171563 0.0339422 -0.0128537
1231226 644926 m2 0.0421 0.168039 0.52362 -0.0340234 0.0214422
1231226 583875 m2 0.0109 -0.0707237 0.458089 0.0292685 -0.0236001
1231226 227155 m2 0.0117 0.116928 0.460072 0.0392976 0.00850405
1231226 456075 m2 0.0482 -0.181959 0.429514 -0.0404907 0.00351275
1231226 388933 m2 0.04025 0.261884 0.518114 0.0285886 -0.0179666
1231226 584588 m2 0.0154 -0.0237632 0.31883 -0.0402511 0.00767377
1231226 644672 m2 0.01135 0.112601 0.439489 0.0430627 -0.00424011
1231226 622926 m2 0.0113 0.187275 0.327961 -0.00848443 -0.00679366
1231226 133858 m2 0.0179 -0.261046 0.346918 -0.00625412 -0.00356818
1231226 378593 m2 0.02075 -0.182688 0.374523 -0.0304888 0.101139
1231226 295361 m2 0.1276 0.0281428 0.636479 0.0144267 0.00641967
1231226 87721 m2 0.019 -0.0764372 0.364572 0.0029655 -0.0235077
1231226 553754 m2 0.04085 0.0840216 0.418799 -0.00820057 0.0654618
1231226 426443 m2 0.0245 -0.26899 0.285409 -0.0811004 -0.0318447
1231226 287034 m2 0.02875 -0.059894 0.445358 -0.0520867 0.00567991
1231226 350910 m2 0.0157 0.299407 0.455518 0.0272515 0.0187319
1231226 173015 m2 0.02405 -0.0923303 0.34699 -0.067606 0.0610484
1231226 434721 m2 0.0135 0.273897 0.419798 0.00224144 0.0364495
1231226 478600 m2 0.02325 0.24963 0.463374 -0.00588781 0.0422323
1231226 407905 m2 0.022 -0.251259 0.275793 0.0459341 -0.0111064
1231226 610258 m2 0.01165 0.332264 0.172868 0.0354415 0.0280368
1231226 535774 m2 0.01165 0.217466 0.295088 0.0288214 0.0246898
1231226 563354 m2 0.03025 0.339197 0.483607 0.0616294 -0.0347916
1231226 366688 m2 0.07635 0.178618 0.140525 0.0418189 -0.0117122
1231226 321271 m2 0.0693 -0.0245968 0.523481 0.041312 0.0331636
1231226 79080 m2 0.0867 -0.0516929 0.6436 -0.010603 -0.0259464
1231226 212068 m2 0.02785 0.219191 0.46634 0.0521945 0.0132604
1231226 355819 m2 0.0179 -0.261046 0.346918 -0.0487645 0.00965934
1231226 15401 m2 0.06465 0.0608796 0.153058 0.00609114 -0.0379194
1231226 659358 m2 0.0227 -0.271965 0.317453 0.0167433 -0.0245362
1231226 642533 m2 0.012 -0.00835446 0.259521 0.074851 -0.0387422
1231226 107824 m2 0.05895 0.252346 0.54205 0.0406156 0.0254014
1231226 385263 m2 0.0163 0.23119 0.412279 0.0767951 0.0507494
1231226 11416 m2 0.01025 -0.114096 -0.00199535 0.0222901 0.0140178
1231226 352635 m2 0.0511 0.171142 0.308213 -0.0150022 0.0165717
1231226 669264 m2 0.0148 -0.232898 0.245103 -0.0215443 -0.0428442
1231226 666418 m2 0.01655 -0.27317 0.30182 0.00696636 0.0193596
1231226 498580 m2 0.02595 0.121248 0.447338 -0.0106627 0.012115
1231226 615259 m2 0.0166 0.179719 0.358884 0.0185805 -0.0186746
1231226 340718 m2 0.055 -0.195805 0.440234 -0.00771302 -0.0113494
1231226 446019 m2 0.03155 0.0966316 0.529526 0.0324728 -0.00927691
1231226 498575 m2 0.0398 -0.175915 0.00335356 -0.100194 -0.00123376
1231226 574085 m2 0.0101 -0.253082 0.266417 -0.0125514 0.0690935
1231226 163208 m2 0.08145 -0.152501 0.466022 -0.0350272 0.0177954
1231226 512416 m2 0.0442 0.217767 0.494472 0.0178918 -0.032591
1231226 646437 m2 0.01215 -0.250472 0.267256 0.0107476 -0.0439391
1231226 522723 m2 0.0124 -0.237838 0.314082 -0.0242407 0.00315362
1231226 149662 m2 0.092 0.0653373 0.635201 0.0229805 0.0328194
1231226 474936 m2 0.01615 0.0406318 0.312859 -0.034374 -0.00209536
1231226 161355 m2 0.0714 -0.119472 0.474965 -0.051384 0.0213464
1231226 258019 m2 0.04405 0.197973 0.130513 0.044485 0.0384791
1231226 581062 m2 0.0167 -0.0965644 0.422623 -0.024465 0.0401392
1231226 499802 m2 0.0377 0.276682 0.466579 0.00837297 -0.0130891
1231226 10409 m2 0.1018 0.0188574 -0.00224114 0.00521874 -0.00902213
1231226 153687 m2 0.07055 0.169691 0.71823 0.0323459 0.00115316
1231226 341752 m2 0.06355 -0.189087 0.435302 -0.024133 0.00764761
1231226 100819 m2 0.1734 0.159884 0.110278 0.044653 -0.0466418
1231226 580843 m2 0.03315 0.0573806 0.507762 0.0056871 -0.02281
1231226 340181 m2 0.01525 -0.24194 0.31911 -0.0266123 -0.0430138
1231226 721409 m2 0.0105 -0.134048 0.182925 -0.0307075 0.0235565
1231226 589033 m2 0.013 -0.0549942 0.395099 -0.0250164 0.0537219
1231226 386184 m2 0.0178 0.197937 0.10367 0.00992549 0.0218747
1231226 385011 m2 0.0293 -0.163566 0.408226 -0.0293183 -0.0407567
1231226 88178 m2 0.0493 -0.0206322 0.11233 0.0151702 0.0585301
1231226 418643 m2 0.0667 0.421067 0.493479 0.0859211 0.0443143
1231226 664832 m2 0.0112 0.271946 0.392234 -0.000144493 -0.0483797
1231226 233821 m2 0.084 -0.134063 0.499028 -0.0177407 0.0917177
1231226 479848 m2 0.02295 0.279701 0.437929 0.0722832 0.052903
1231226 275035 m2 0.06305 -0.0222668 0.193522 -0.00156529 0.0308224
1231226 715922 m2 0.01065 0.23684 0.326984 -0.0709393 0.000283782
1231226 165454 m2 0.0285 0.295555 0.459278 -0.0150477 0.00298136
1231226 637874 m2 0.0131 -0.000916887 0.408105 -0.0558087 0.0182717
1231226 729468 m2 0.0116 -0.121041 0.0925876 0.0525819 0.00923697
1231226 609746 m2 0.02695 -0.273418 0.317605 -0.0475937 0.0124248
1231226 474928 m2 0.0454 0.213413 0.126253 0.0424541 0.0509856
1231226 338678 m2 0.02475 -0.274185 0.279665 -0.054187 0.0457361
1231226 353113 m2 0.01225 -0.15818 0.0679851 -0.0392283 -0.00239183
1231226 614261 m2 0.0227 -0.0619154 0.495687 -0.0322815 0.0784433
1231226 660113 m2 0.0151 -0.253859 0.315368 -0.0369883 -0.0307618
1231226 430889 m2 0.0398 0.0678726 -0.011186 0.0133489 -0.00415342
1231226 143409 m2 0.0457 0.292613 0.619346 0.00789391 -0.00343818
1231226 344552 m2 0.01535 -0.0173916 0.101484 -0.00674195 0.00364107
1231226 381320 m2 0.0868 0.365477 0.533368 0.0385094 0.00963073
1231226 523994 m2 0.0136 0.177833 0.463351 0.0514921 -0.051906
1231226 628638 m2 0.01025 0.0155176 0.0903618 0.0196155 0.0348321
1231226 369166 m2 0.02785 -0.123583 0.102401 -0.00728332 0.0116075
1231226 26041 m2 0.0234 -0.184143 0.0863822 0.0119272 -0.0299348
1231226 82825 m2 0.0347 0.221702 -0.0131826 0.0110116 -0.0302757
1231226 46082 m2 0.0375 -0.0498337 0.122791 -0.0522995 0.016101
1231226 701959 m2 0.0174 0.0334904 0.347574 0.0305809 -0.0228774
1231226 659837 m2 0.0128 -0.195383 0.442883 -0.00936781 0.0148825
1231226 383688 m2 0.01335 -0.241133 0.334665 -0.00144361 0.044563
1231226 416036 m2 0.06035 -0.230962 0.382835 -0.0177466 -0.0266806
1231226 404078 m2 0.0121 -0.250641 0.268035 0.00502903 0.0681982
1231226 324073 m2 0.0103 0.0039381 0.0770748 -0.0196003 0.0416163
1231226 631798 m2 0.0205 -0.0264935 0.114978 -0.0731347 0.0295491
1231226 124416 m2 0.06085 0.187585 0.607364 0.0469197 0.0398609
1231226 155967 m2 0.103 -0.0366529 0.0630571 -0.0317505 -0.0032047
1231226 700885 m2 0.0116 0.329434 0.356768 -0.0176799 0.016152
1231226 283318 m2 0.03915 -0.0608314 0.145048 -0.0380474 0.0623111
1231226 246199 m2 0.036 -0.08584 0.111444 -0.0505312 -0.0160807
1231226 493056 m2 0.0113 0.172708 0.362087 -0.0297465 -0.0396058
1231226 463858 m2 0.0348 -0.164131 0.427428 -0.00887923 0.00161848
1231226 606298 m2 0.023 0.236146 0.401359 0.0359213 0.0502249
1231226 698425 m2 0.01585 -0.0391643 0.317254 0.0521248 0.0438619
1231226 372895 m2 0.02915 -0.00999722 0.116605 -0.020632 -0.0576829
1231226 411569 m2 0.0313 -0.11693 0.0990118 -0.102045 0.011426
1231226 245642 m2 0.1121 0.392989 0.419761 0.0566179 -0.0560224
1231226 427913 m2 0.02385 -0.181289 0.115764 0.0376296 0.0268056
1231226 551145 m2 0.0238 -0.202836 0.00479649 -0.0123831 0.0365104
1231226 285507 m2 0.06075 -0.0750416 -0.00528547 -0.0692424 -0.00426542
1231226 224906 m2 0.03625 -0.125907 0.13219 0.00693982 0.0107811
1231226 535270 m2 0.0377 0.208442 0.122679 -0.047107 -0.000613035
1231226 496831 m2 0.0573 -0.222981 0.401393 -0.102 -0.0102883
1231226 136320 m2 0.1529 -0.14118 0.689753 -0.0234957 -0.010102
1231226 554953 m2 0.01955 0.229734 0.221832 0.0128916 0.029955
1231226 330811 m2 0.04 -0.0458501 0.140831 0.0548089 -0.0295991
1231226 483260 m2 0.04155 -0.0624439 0.118872 -0.0505956 -0.0246624
1231226 324317 m2 0.0339 0.138348 0.126801 -0.000742033 0.0751368
1231226 116362 m2 0.04265 -0.052151 0.110483 -0.0320668 -0.0292624
1231226 535027 m2 0.0214 -0.143772 0.0839657 -0.0471895 -0.0326222
1231226 221146 m2 0.036 -0.08584 0.111444 0.00237789 0.09164
1231226 645644 m2 0.0192 -0.0339651 0.112785 -0.00224848 0.0385394
1231226 575540 m2 0.01115 -0.10978 0.0840951 -0.0166445 -0.0156589
1231226 497080 m2 0.01995 -0.0602193 0.346726 0.0109832 -0.0154071
1231226 456025 m2 0.02525 -0.065345 0.13032 0.000974675 -0.0112899
1231226 29388 m2 0.05125 0.216781 -0.124663 0.0926669 -0.0382067
1231226 356770 m2 0.0219 -0.135541 0.105883 -0.0829355 0.0239618
1231226 603099 m2 0.0153 -0.143688 0.0776865 0.021592 0.0753914
1231226 477072 m2 0.02285 0.136484 0.113462 -0.0143045 -0.00823928
1231226 703940 m2 0.0106 0.0400743 0.0980396 0.0121777 0.0564957
1231226 593493 m2 0.01095 -0.0396924 0.103547 0.0218581 0.0259954
1231226 703692 m2 0.0171 0.11749 0.117762 0.00310243 -0.0117684
1231226 474181 m2 0.0603 0.351945 0.493336 0.0190251 0.024739
1231226 627645 m2 0.02 0.180628 0.122108 0.028162 0.00385675
1231226 294009 m2 0.0171 -0.15812 0.0781575 -0.00738509 0.00131498
1231226 609203 m2 0.01635 0.0219059 0.0319077 0.00738355 -0.0057839
1231226 591938 m2 0.0234 0.105171 -0.00743288 -0.0101038 -0.0529333
1231226 661563 m2 0.02695 -0.254064 0.309459 -0.0487838 -0.0303959
1231226 326325 m2 0.1664 -0.0708224 -0.00551162 0.00527212 0.0533647
1231226 524686 m2 0.0257 -0.158925 -0.0034495 -0.0117991 0.0182673
1231226 642487 m2 0.01305 0.211281 -0.0296443 -0.0105664 0.0412703
1231226 645387 m2 0.0109 -0.216631 -0.00967066 0.0164761 -0.0167261
1231226 313523 m2 0.0348 0.154655 -0.111958 0.0598268 -0.00496696
1231226 133078 m2 0.04855 -0.186541 0.141959 -0.0601512 0.0480283
1231226 217834 m2 0.1157 -0.229739 0.421521 -0.0637102 0.0238946
1231226 566289 m2 0.05805 -0.0232069 0.0151399 -0.0190306 -0.012368
1231226 202155 m2 0.02205 -0.165512 -0.000896616 -0.0826095 -0.0230911
1231226 168165 m2 0.03215 0.181285 -0.118703 0.0660336 -0.0120104
1231226 414770 m2 0.0593 0.151652 0.14677 0.103446 -0.000943947
1231226 234016 m2 0.0444 0.311595 -0.0698202 0.0490864 0.0204506
1231226 251433 m2 0.01965 -0.0655047 -0.0226358 -0.00346839 -0.0351622
1231226 296241 m2 0.03075 0.177725 0.0231305 0.047384 0.0392039
1231226 629785 m2 0.01025 -0.209271 -0.00814454 -0.0579396 -0.0452306
1231226 591931 m2 0.023 -0.159756 -0.086046 0.0430537 0.0156895
1231226 722812 m2 0.0102 -0.0471001 -0.0127174 -0.0457001 0.026902
1231226 597813 m2 0.0346 0.279886 -0.00838121 0.0395231 0.0252249
1231226 211040 m2 0.022 0.0486424 -0.00501807 -0.00427291 -0.00931284
1231226 127057 m2 0.07485 0.0206822 -0.3149 0.00134448 -0.00313234
1231226 303998 m2 0.04375 0.188322 0.123049 0.0580093 0.046567
1231226 292739 m2 0.0625 0.211297 -0.0709111 0.0169042 -0.0197087
1231226 510872 m2 0.04795 -0.190094 0.140974 0.0356255 -0.0414922
1231226 53284 m2 0.0604 -0.0507463 -0.00726677 -0.0143488 0.0254183
1231226 632591 m2 0.0131 0.201252 0.120825 0.0238205 -0.0349175
1231226 324294 m2 0.03785 -0.216074 0.0319664 -0.0581882 0.0410652
1231226 453209 m2 0.0254 0.178851 0.148508 0.0265075 -0.0156502
1231226 310281 m2 0.0242 -0.0992818 -0.00771836 0.0708415 -0.0361832
1231226 612686 m2 0.0184 0.269405 0.0148168 0.0932803 0.0551404
1231226 278273 m2 0.0196 -0.135815 -0.0945193 -0.057181 0.00322723
1231226 55785 m2 0.0733 0.172131 0.0050598 0.0254869 0.00353378
1231226 242598 m2 0.01445 -0.15998 0.0750303 -0.0951105 0.0564754
1231226 493031 m2 0.03785 0.194177 0.128301 0.0391761 -0.0250189
1231226 366399 m2 0.03865 0.244048 0.460866 -0.00223723 0.0275668
1231226 52556 m2 0.02075 -0.148593 -0.0849688 -0.0600498 -0.023062
1231226 559994 m2 0.0219 0.209176 0.102991 0.0369607 -0.0500574
1231226 488215 m2 0.0112 -0.0772299 0.00605714 -0.037236 -0.0103904
1231226 9306 m2 0.0111 0.086147 -0.0888585 0.00252395 0.0132128
1231226 558480 m2 0.026 -0.165465 0.0032048 0.00740728 0.0690814
1231226 544945 m2 0.03095 0.0189858 0.147745 -0.0334215 0.00804259
1231226 630754 m2 0.0135 -0.203575 -0.000288027 -0.0574996 -0.044149
1231226 480260 m2 0.0298 -0.170604 0.00302271 -0.0415369 0.0477984
1231226 536679 m2 0.0272 0.0977775 -0.0102849 -0.00470038 -0.0103038
1231226 677130 m2 0.01225 -0.0240516 0.00208038 -0.0540056 -0.00494761
1231226 682433 m2 0.01245 -0.215989 -0.000577965 -0.049413 -0.00516578
1231226 499753 m2 0.0479 -0.165599 -0.00132165 -0.107392 -0.00858711
1231226 481541 m2 0.016 -0.202874 0.00158134 0.0315305 -0.011837
1231226 480795 m2 0.02845 -0.124195 0.101108 -0.0807733 -0.0392728
1231226 166142 m2 0.01975 -0.0815985 -0.0119479 -0.0372192 0.0335147
1231226 463535 m2 0.0188 0.137659 0.0097275 0.00979659 0.0367807
1231226 606007 m2 0.0114 0.203907 -0.0168809 0.00159271 0.0621767
1231226 331832 m2 0.01105 -0.15192 0.0623024 -0.0688197 0.033468
1231226 611447 m2 0.0107 0.267639 -0.000373304 0.0415244 -0.0128605
1231226 503318 m2 0.02225 -0.162711 -0.0143331 -0.0349175 0.00597111
1231226 632314 m2 0.0122 0.128076 0.109384 0.00672106 0.0193585
1231226 564524 m2 0.0123 0.19653 -0.00034933 0.0300993 -0.00883195
1231226 120345 m2 0.1289 0.0870184 -0.00225499 0.0735631 0.00646227
1231226 558261 m2 0.01535 -0.0410029 0.109234 -0.0113542 -0.0307524
1231226 369876 m2 0.0144 -0.159298 0.0728666 -0.10686 0.0184604
1231226 276515 m2 0.05955 0.12495 -0.151761 0.0789069 -0.0460094
1231226 341703 m2 0.0194 -0.084175 -0.0179284 0.00717836 -0.00092892
1231226 321482 m2 0.0107 0.0887322 -0.018377 0.0722823 0.0339939
1231226 160051 m2 0.01005 -0.00932519 -0.0112084 -0.0102487 0.00624717
1231226 146516 m2 0.03995 -0.137601 -0.00164124 -0.019652 0.0252548
1231226 354046 m2 0.01495 -0.20723 0.0918913 -0.0541061 0.0189062
1231226 537205 m2 0.01265 0.0555518 0.101042 0.0075238 0.0499558
1231226 26208 m2 0.0657 -0.162354 -0.46034 -0.0535324 0.0183071
1231226 379515 m2 0.01165 -0.0665995 -0.0971235 0.00914981 0.028304
1231226 240311 m2 0.03325 0.0441748 -0.128753 -0.0050276 -0.0129989
1231226 364363 m2 0.02305 -0.085042 0.00175441 -0.00687375 0.014875
1231226 334532 m2 0.06255 -0.0377241 0.00388642 -0.0135478 0.01408
1231226 428143 m2 0.052 0.00341096 -0.0176901 -0.0172656 0.00170938
1231226 611439 m2 0.0157 -0.16221 -0.0107565 -0.0875438 -0.0141012
1231226 696880 m2 0.01435 -0.214891 0.00199884 -0.0645231 -0.0455605
1231226 305974 m2 0.04995 -0.00577213 0.0155718 -0.0272131 0.0424494
1231226 531211 m2 0.0144 0.297768 0.000920152 0.0378086 0.0832591
1231226 570825 m2 0.0263 -0.171275 -0.00071315 0.0197584 0.0202875
1231226 690410 m2 0.0132 0.239407 -0.0229842 0.0052508 0.046614
1231226 632573 m2 0.01005 -0.23516 0.0605672 0.0357165 0.0151531
1231226 630508 m2 0.01485 0.0994601 0.00916492 0.0539938 0.0379953
1231226 485714 m2 0.02995 -0.116385 -0.108853 0.0018525 -0.0832227
1231226 317211 m2 0.01445 0.16545 0.00443187 0.0057345 0.0386144
1231226 712055 m2 0.0117 0.105448 0.0155082 -0.0202146 0.00406503
1231226 632782 m2 0.02045 0.308345 -0.00194054 0.0420907 0.018261
1231226 281474 m2 0.0331 -0.22269 0.0181129 -0.0879428 -0.026313
1231226 307249 m2 0.0788 -0.152224 -0.0193474 -0.0224724 -0.0566254
1231226 600792 m2 0.0194 -0.084175 -0.0179284 0.000770574 0.0475841
1231226 598552 m2 0.0147 0.261628 0.000705846 0.0138575 0.0263006
1231226 325269 m2 0.02715 -0.02683 -0.025709 -0.00787928 -0.0153974
1231226 633743 m2 0.0291 0.120802 -0.117074 -0.0121279 0.0213076
1231226 331815 m2 0.03895 -0.0180859 -0.119295 -0.026592 -0.00211719
1231226 589468 m2 0.0143 0.139103 0.0165907 -0.0138459 0.00494222
1231226 715855 m2 0.01045 -0.217129 -0.00357393 0.00138777 0.0215446
1231226 616398 m2 0.01215 0.0442098 -0.020778 0.079449 -0.0200864
1231226 509164 m2 0.0284 -0.045044 0.00497096 0.00465245 -0.0611681
1231226 444942 m2 0.02125 0.234259 0.00496234 -0.0466998 -0.0234104
1231226 611691 m2 0.01375 -0.187729 -0.0134907 -0.0683171 0.0261854
1231226 677831 m2 0.01535 0.184114 0.00950129 -0.00255982 0.0477846
1231226 649947 m2 0.01965 -0.0692888 -0.00521915 0.000498527 -0.023531
1231226 202109 m2 0.04315 -0.123288 -0.106373 -0.0784443 -0.0141452
1231226 302939 m2 0.02895 -0.0515604 -0.112808 -0.00601999 -0.0134713
1231226 203338 m2 0.1513 0.211618 -0.635938 0.0322302 -0.00466691
1231226 549106 m2 0.01335 0.163586 -0.0944437 0.0177145 0.0111653
1231226 429879 m2 0.0252 0.282005 -0.0136237 -0.0031269 -0.04063
1231226 609906 m2 0.05555 0.0550874 -0.138653 0.0295224 0.00420683
1231226 433160 m2 0.03305 -0.234478 -0.00539746 -0.150634 -0.0233565
1231226 508361 m2 0.0285 -0.0673277 -0.112028 0.029156 -0.0025522
1231226 306707 m2 0.03425 0.0426701 -0.14824 -0.0111612 0.00134256
1231226 185501 m2 0.0377 0.208442 0.122679 0.0613294 0.0702562
1231226 241509 m2 0.01215 0.310804 -0.00123696 0.060105 0.0195749
1231226 280459 m2 0.0195 -0.118555 -0.097791 -0.0463373 -0.000672508
1231226 312484 m2 0.0394 0.10644 -0.489689 -0.0101117 0.00531605
1231226 453448 m2 0.02085 0.231335 -0.0257233 0.0171035 -0.0463453
1231226 232986 m2 0.0857 -0.104999 -0.000799451 -0.0205229 -0.019235
1231226 645347 m2 0.0139 0.0707136 -0.0188012 -0.0113804 -0.0049493
1231226 345255 m2 0.0558 0.301906 -0.00595414 0.0904224 -0.0580592
1231226 409726 m2 0.06165 -0.246263 -0.0500074 -0.0560194 0.0235169
1231226 681870 m2 0.0209 -0.209647 0.00136849 0.0127515 -0.0246138
1231226 69509 m2 0.07175 -0.169662 -0.0126265 -0.0567604 0.0139471
1231226 121811 m2 0.0512 0.0463133 -0.15836 0.0256554 -0.0214247
1231226 513600 m2 0.03275 -0.190573 0.000192541 -0.0300401 0.0125684
1231226 483961 m2 0.02715 0.0703729 -0.145548 -0.020094 -0.0240078
1231226 172651 m2 0.01165 -0.0665995 -0.0971235 0.0074583 -0.00962865
1231226 491715 m2 0.0399 0.269056 -0.00530985 0.0571983 0.0271869
1231226 334772 m2 0.0514 0.00840679 -0.130005 0.0522405 -0.0103461
1231226 501992 m2 0.0341 0.110374 -0.140151 -0.0106964 0.0354971
1231226 285204 m2 0.01855 -0.190362 -0.107278 -0.0124944 0.0413205
1231226 332297 m2 0.0296 0.0511979 -0.125332 -0.0135931 0.0161747
1231226 603515 m2 0.0107 -0.0964842 -0.0798392 0.0203305 -0.00691866
1231226 432134 m2 0.0454 -0.175841 -0.00801838 -0.0153052 0.0153595
1231226 484736 m2 0.04525 0.275459 -0.0398674 0.0248367 0.0256099
1231226 702640 m2 0.0109 0.271252 -0.0147614 -0.0408368 -0.0473706
1231226 597287 m2 0.0148 -0.0878232 -0.0041182 0.00742445 -0.0308153
1231226 166370 m2 0.02845 -0.127755 -0.0960414 -0.0235155 -0.0496651
1231226 515134 m2 0.01185 -0.214086 -0.00226045 -0.0554508 -0.0223212
1231226 453159 m2 0.01715 -0.103893 -0.0892151 -0.0331104 -0.0292673
1231226 623577 m2 0.01025 0.0526514 -0.107724 -0.0284206 0.0433234
1231226 86407 m2 0.0292 -0.0626249 -0.378169 0.00550205 0.00453155
1231226 538896 m2 0.02885 -0.177877 0.00938366 0.0124951 0.0348828
1231226 311747 m2 0.0695 0.199627 -0.186682 0.0494032 -0.00280354
1231226 680306 m2 0.01095 -0.0993854 0.017346 -0.00231584 -0.00700406
1231226 391516 m2 0.0127 -0.167131 -0.0904745 -0.0434962 -0.0451551
1231226 133526 m2 0.08385 0.154193 -0.154187 0.0186854 -0.0228876
1231226 576957 m2 0.03635 -0.145082 0.0011836 0.0476318 0.0443013
1231226 181064 m2 0.10655 0.306933 -0.639218 0.0480406 -0.0466924
1231226 240068 m2 0.05065 -0.17944 0.00451177 0.0182009 -0.0245233
1231226 266041 m2 0.0414 0.0358927 -0.140695 0.0136721 -0.00656135
1231226 245835 m2 0.02825 -0.0113001 -0.138686 0.00818062 -0.0126901
1231226 322226 m2 0.01865 -0.108809 -0.000868095 -0.0271723 -0.05108
1231226 670617 m2 0.0129 0.00125499 -0.119567 0.0189189 0.0511164
1231226 232735 m2 0.0187 -0.191444 0.0121704 -0.0777223 0.00559167
1231226 198805 m2 0.02365 -0.0899782 -0.447184 -0.00250039 -0.0115339
1231226 91651 m2 0.09815 0.00508676 -0.185734 0.0770067 0.0241669
1231226 648889 m2 0.0178 -0.0257444 -0.112602 -0.0285067 0.0735509
1231226 169352 m2 0.13315 0.0979655 -0.683645 0.0288132 -0.0419525
1231226 581685 m2 0.0207 -0.127692 -0.0931812 -0.0523414 -0.0188588
1231226 588443 m2 0.0139 0.0704153 0.00301479 0.00233248 -0.00498253
1231226 276240 m2 0.04355 -0.0428778 -0.118107 0.0206085 -0.0366152
1231226 156413 m2 0.0121 -0.115243 -0.0943274 -0.0153535 -0.0328858
1231226 79985 m2 0.03715 0.306783 -0.459488 0.0608956 -0.0119652
1231226 306206 m2 0.13125 0.172216 0.00448658 0.0547304 -0.00796453
1231226 608911 m2 0.03 -0.200298 -0.344782 0.0385342 0.080932
1231226 76162 m2 0.0746 -0.236431 -0.42113 -0.0853802 -0.038969
1231226 687694 m2 0.0206 0.248292 0.0147129 0.0155473 -0.00266774
1231226 620547 m2 0.01345 -0.0518339 -0.108398 -0.00810991 0.0114271
1231226 630218 m2 0.02025 -0.143123 -0.089187 0.0413795 0.0200183
1231226 708800 m2 0.0104 -0.207005 0.00661442 -0.0658309 -0.0393663
1231226 361600 m2 0.0627 0.0181331 -0.00868351 0.0191658 -0.0690618
1231226 359152 m2 0.0444 0.187835 -0.00150047 0.0552462 -0.0386081
1231226 294488 m2 0.01345 0.172727 0.0214069 0.0287657 0.0295987
1231226 498978 m2 0.02075 -0.19197 0.0178945 -0.0365614 -0.0273631
1231226 341131 m2 0.0305 0.109532 -0.123578 0.0325225 -0.0572094
1231226 628562 m2 0.01155 -0.070109 -0.108067 0.0261591 -0.0421357
1231226 205341 m2 0.02415 -0.127257 -0.100621 -0.0197694 0.0261187
1231226 584001 m2 0.0144 -0.0361294 -0.0853866 0.020444 0.0256951
1231226 550083 m2 0.0214 -0.100687 -0.375883 -0.0482494 0.00691621
1231226 200566 m2 0.0481 -0.18641 -0.278239 -0.0243295 -0.0139815
1231226 98421 m2 0.0449 0.0548831 0.142291 0.00641968 -0.00362934
1231226 404962 m2 0.024 -0.117439 -0.106203 -0.0769303 -0.0236373
1231226 37845 m2 0.09855 0.331569 -0.581621 0.0413209 -0.0169658
1231226 240769 m2 0.02315 -0.259768 -0.297787 -0.0472227 0.0244944
1231226 101453 m2 0.1095 0.19636 -0.58768 0.0344221 -0.0114304
1231226 566729 m2 0.0158 -0.143028 -0.32179 -0.0340961 -0.00068434
1231226 587877 m2 0.01635 0.336719 -0.42456 -0.00210916 -0.0454375
1231226 456436 m2 0.0147 -0.161479 -0.0921556 0.015797 0.081376
1231226 618304 m2 0.0164 0.0645294 -0.119812 0.0294825 -0.0382225
1231226 644816 m2 0.0104 0.222433 0.00504362 -0.0198438 -0.0321682
1231226 455453 m2 0.01685 -0.157265 -0.0763001 -0.0516824 -0.051448
1231226 111796 m2 0.04985 -0.0145952 -0.540915 -0.0132364 0.0162069
1231226 413263 m2 0.027 -0.109022 -0.10477 0.0249562 -0.00262202
1231226 80741 m2 0.19695 -0.150961 -0.736111 0.0505076 0.00524161
1231226 169114 m2 0.01615 -0.192274 -0.102527 0.00132371 -0.0202559
1231226 423317 m2 0.05475 -0.26913 -0.295667 -0.0502062 -0.0960689
1231226 683178 m2 0.011 0.160903 -0.0139337 -0.0203179 -0.0205555
1231226 330471 m2 0.08915 -0.149899 -0.548657 -0.0738445 -0.0366601
1231226 365048 m2 0.0187 0.31931 -0.378926 0.0190536 -0.0617843
1231226 606690 m2 0.044 -0.206807 -0.417072 -0.0277627 -0.00351388
1231226 690127 m2 0.03135 0.105481 -0.139958 0.0360417 0.0485097
1231226 582203 m2 0.0106 0.179663 -0.075823 0.0360539 -0.0419659
1231226 499690 m2 0.03 -0.14322 -0.465495 -0.0421617 -0.00917381
1231226 275987 m2 0.05385 -0.014535 -0.140242 -0.0234428 -0.0317214
1231226 208469 m2 0.0168 0.317275 -0.370511 0.0547381 0.0441958
1231226 321420 m2 0.0153 0.1124 -0.103682 0.0224664 -0.0444525
1231226 550820 m2 0.0226 0.274581 0.00158741 0.0018842 0.00691352
1231226 663048 m2 0.0176 -0.0256416 -0.0946877 0.0329784 0.0297701
1231226 574207 m2 0.01135 -0.0568975 -0.440189 0.00391187 -0.00740388
1231226 419330 m2 0.01275 -0.0897973 -0.101877 -0.0345957 -0.00688205
1231226 472597 m2 0.0544 0.0160738 -0.147086 -0.075595 -0.00858829
1231226 569485 m2 0.02725 0.060896 -0.484069 -0.0115153 0.0226529
1231226 394071 m2 0.0127 0.0362025 -0.428735 0.0277638 -0.00549287
1231226 78933 m2 0.0586 0.117526 -0.630188 -0.029375 -0.0159053
1231226 378958 m2 0.01195 -0.238538 -0.235372 -0.048784 -0.00395363
1231226 282712 m2 0.01825 -0.13107 -0.400766 0.0259721 0.02237
1231226 312214 m2 0.0177 0.173035 -0.454383 -0.000699759 -0.0387755
1231226 377457 m2 0.0141 0.0787302 -0.397332 0.000908711 -0.0580505
1231226 67477 m2 0.04065 -0.127534 -0.486165 0.0141582 0.0030726
1231226 559919 m2 0.027 0.166874 -0.158925 0.106411 -0.0221894
1231226 548822 m2 0.0212 0.354695 -0.402888 -0.0248946 0.000119351
1231226 427815 m2 0.0387 -0.185744 -0.412455 0.00801314 -0.0246495
1231226 440830 m2 0.01195 0.115213 -0.432981 0.0286175 -0.032151
1231226 285414 m2 0.11095 0.00515565 -0.620117 -0.0116623 -0.0641553
1231226 541832 m2 0.01755 -0.0622252 -0.34227 0.0136286 0.00910696
1231226 350000 m2 0.1259 0.129158 -0.630837 0.0343018 -0.0204408
1231226 316098 m2 0.013 -0.0846872 -0.107418 -0.0410562 -0.0430038
1231226 241983 m2 0.06525 0.16285 -0.633344 0.0151548 -0.0331252
1231226 676541 m2 0.01125 -0.13831 -0.0904863 0.0115672 -0.0332316
1231226 168034 m2 0.0797 0.323357 -0.59847 0.0887581 -0.0212385
1231226 320597 m2 0.0145 -0.204571 -0.277068 -0.0262678 0.0327788
1231226 228457 m2 0.0403 -0.0579272 -0.113429 -0.0991523 -0.0199743
1231226 275973 m2 0.03135 0.124846 -0.50573 0.00131069 0.0126017
1231226 187209 m2 0.053 -0.0222744 -0.451791 -0.00172979 0.0272307
1231226 127721 m2 0.08595 -0.165577 -0.442566 -0.0662271 -0.0261865
1231226 323710 m2 0.0621 0.175638 -0.612529 0.0538472 -0.0290597
1231226 512805 m2 0.01925 -0.150877 -0.0861933 -0.0761039 0.00199802
1231226 253648 m2 0.07585 0.224222 -0.583518 0.0353547 -0.0413708
1231226 687897 m2 0.01405 -0.197064 -0.286837 0.00675803 -0.0229202
1231226 531408 m2 0.01445 -0.0347388 -0.098178 -0.0329426 0.046726
1231226 360088 m2 0.12515 -0.0787581 -0.566098 -0.0451359 -0.0470544
1231226 408485 m2 0.052 0.0101696 -0.52003 -0.0284134 -0.0404992
1231226 159477 m2 0.09975 0.087987 -0.654258 -0.00810694 -0.00447115
1231226 177110 m2 0.12505 0.0986771 -0.644632 0.0149046 -0.0494025
1231226 627278 m2 0.02095 0.357083 -0.388808 -0.0140526 -0.00573921
1231226 342380 m2 0.04765 -0.256756 -0.3699 -0.0666129 0.0111218
1231226 408717 m2 0.0702 -0.164483 -0.407987 -0.0513794 -0.0172599
1231226 532718 m2 0.0275 -0.201979 0.0078633 -0.0209665 -0.0029017
1231226 460217 m2 0.01565 -0.0908262 -0.35 0.0392567 0.00763276
1231226 696824 m2 0.01345 0.200659 -0.375474 0.0272547 0.041678
1231226 423565 m2 0.02845 -0.105428 -0.104739 -0.0596499 0.0048303
1231226 704885 m2 0.0133 -0.12891 -0.0970302 0.0753716 -0.0084373
1231226 495240 m2 0.03995 -0.0505573 -0.117822 -0.0681038 0.0273852
1231226 701586 m2 0.01645 -0.00718732 -0.10915 0.0800026 -0.0141657
1231226 434584 m2 0.02575 0.223707 -0.117068 0.0210169 0.0265553
1231226 457219 m2 0.04365 0.00964932 -0.138967 -0.011745 0.0676304
1231226 638791 m2 0.0106 0.0627679 -0.0877027 0.00625695 -0.0556294
1231226 498947 m2 0.02615 0.0127785 -0.469738 0.00423816 -0.0127296
1231226 151759 m2 0.1533 -0.0454654 -0.691415 -0.0090423 -0.0221772
1231226 638248 m2 0.015 -0.217181 -0.297069 -0.0532575 0.102234
1231226 411178 m2 0.02415 0.316509 -0.466578 0.0171232 -0.0309028
1231226 301887 m2 0.0718 -0.165587 -0.493072 -0.0585587 -0.0357041
1231226 299256 m2 0.02105 0.347421 -0.454997 0.0859011 0.0161789
1231226 281176 m2 0.0384 0.0994079 -0.549454 -0.0447588 -0.0518912
1231226 429310 m2 0.0154 -0.201625 -0.52528 -0.0273467 -0.0403139
1231226 672772 m2 0.0101 0.063134 -0.431603 -0.0253093 0.00932359
1231226 464990 m2 0.0131 0.0268026 -0.402699 0.0198877 -0.00136957
1231226 646796 m2 0.0164 -0.0617136 -0.382084 -0.0219032 0.0242024
1231226 228928 m2 0.0777 -0.308892 -0.339495 -0.0993052 -0.0323825
1231226 530171 m2 0.0224 0.195078 -0.0107367 0.0248248 0.0199007
1231226 567972 m2 0.02805 0.270872 -0.290206 0.0559415 0.0102011
1231226 683144 m2 0.01005 -0.170314 -0.0824375 -0.00505946 -0.0518626
1231226 601488 m2 0.0253 -0.138494 -0.0932866 -0.0755603 -0.0651606
1231226 262542 m2 0.06115 -0.232504 -0.593691 -0.0065063 -0.0799019
1231226 658231 m2 0.0108 -0.25786 -0.250908 -0.012264 -0.00896196
1231226 543614 m2 0.0158 0.213347 -0.1178 0.0140159 0.0139676
1231226 211386 m2 0.014 0.274288 -0.347878 0.0360651 -0.0201123
1231226 418038 m2 0.0501 0.272946 -0.504222 -0.0213891 0.0206347
1231226 328179 m2 0.0748 -0.161382 -0.439439 -0.039636 -0.010874
1231226 260283 m2 0.0414 0.369171 -0.322283 0.0646831 -0.0180696
1231226 297932 m2 0.0749 -0.148722 -0.473046 -0.0278736 -0.0438398
1231226 646790 m2 0.01895 0.118083 -0.469966 0.0339697 0.0142848
1231226 524122 m2 0.01165 -0.213171 -0.27883 0.0126342 0.0438771
1231226 557706 m2 0.0108 -0.147426 -0.0884148 -0.0304228 -0.033353
1231226 120246 m2 0.0447 -0.0123351 -0.437421 -0.021281 -0.00556621
1231226 115732 m2 0.27865 0.00265541 -0.799637 0.0158618 -0.054538
1231226 631956 m2 0.01685 -0.158168 -0.303132 0.0249677 0.0406911
1231226 527851 m2 0.0131 0.0268026 -0.402699 -0.0612325 0.00554192
1231226 607147 m2 0.01075 -0.199167 -0.164796 -0.0291112 0.0206527
1231226 573429 m2 0.01895 -0.211028 -0.274019 -0.0286517 0.0185795
1231226 262872 m2 0.03575 0.254761 -0.551985 0.0345384 -0.0116714
1231226 395865 m2 0.0418 -0.189798 -0.411232 -0.038871 -0.0584539
1231226 557701 m2 0.01945 0.368651 -0.423081 0.0182533 0.0498944
1231226 389721 m2 0.04495 -0.161174 -0.462078 0.0314654 0.0398035
1231226 392531 m2 0.0999 0.193108 -0.654371 0.03217 -0.015179
1231226 540546 m2 0.0647 0.255348 -0.536985 0.0258468 0.0336215
1231226 169064 m2 0.03355 -0.237636 -0.340103 -0.0183569 -0.00887666
1231226 473340 m2 0.01835 0.2337 -0.421555 0.0566019 0.027337
1231226 415668 m2 0.0188 0.190634 -0.4074 -0.0107257 -0.0120624
1231226 317650 m2 0.01775 0.210133 -0.426612 0.026845 -0.028209
1231226 536855 m2 0.0261 0.193989 -0.123633 0.0106631 -0.0332513
1231226 272214 m2 0.01105 -0.118277 -0.359531 -0.00979297 0.0412101
1231226 493162 m2 0.0101 -0.0697247 -0.309435 -0.0347252 -0.017581
1231226 572172 m2 0.01135 0.0561426 -0.235645 0.0598184 0.0286785
1231226 601966 m2 0.01605 0.360336 -0.390142 0.0580595 -0.00702811
1231226 413928 m2 0.0154 -0.058896 -0.426355 0.0141398 0.0243075
1231226 499929 m2 0.0984 0.108381 -0.714718 0.0360976 -0.0433234
1231226 601435 m2 0.01375 -0.09526 -0.423565 -0.000763619 -0.046513
1231226 476963 m2 0.1038 -0.332994 -0.458315 -0.0568424 0.0320365
1231226 282952 m2 0.0393 -0.169124 -0.536272 0.0208904 -0.00465156
1231226 650153 m2 0.0227 -0.14824 -0.0888608 -0.0784355 0.0649555
1231226 586133 m2 0.0201 0.0510453 -0.484068 -0.0321617 -0.0695093
1231226 298426 m2 0.02295 0.00689059 -0.470878 -0.0174585 -0.0509083
1231226 537870 m2 0.0153 0.0184148 -0.347464 -0.02266 -0.0840093
1231226 537125 m2 0.0109 0.0956495 -0.110528 0.0183273 0.0307379
1231226 629689 m2 0.03315 0.00523264 -0.459883 0.00229294 -0.0295319
1231226 457189 m2 0.08265 0.15288 -0.62705 0.00469597 -0.0234322
1231226 552276 m2 0.02635 -0.161064 -0.3888 0.0174158 0.0273126
1231226 482625 m2 0.01265 -0.238079 -0.250063 -0.0542632 0.0969648
1231226 662460 m2 0.0206 -0.11758 -0.419429 0.00459695 0.0181822
1231226 695347 m2 0.01175 0.308832 -0.340077 0.0701273 -0.0114818
1231226 199248 m2 0.0492 0.145286 -0.588137 0.026199 -0.0162865
1231226 383221 m2 0.02975 0.0933936 -0.11496 0.0446649 0.00400432
1231226 185659 m2 0.06855 0.268207 -0.477307 0.0431733 0.0241385
1231226 561694 m2 0.06615 -0.280046 -0.348725 -0.0249533 0.0478411
1231226 563943 m2 0.01645 -0.163865 -0.319855 -0.00537199 -0.00223994
1231226 340254 m2 0.0112 -0.185842 -0.186689 -0.0348937 0.0135094
1231226 302839 m2 0.0538 -0.21754 -0.407143 -0.0568391 -0.0533527
1231226 547022 m2 0.01175 0.233861 -0.323429 -0.046755 -0.00973335
1231226 642135 m2 0.01245 -0.0635914 -0.365215 -0.012396 0.000693269
1231226 509288 m2 0.0325 -0.147117 -0.355734 -0.0092908 0.00845034
1231226 241422 m2 0.0102 -0.0862039 -0.268656 0.0366216 -0.0133816
1231226 468227 m2 0.012 -0.201921 -0.363016 -0.0332853 -0.0355135
1231226 581626 m2 0.02075 -0.298 -0.312419 -0.0485525 0.0124245
1231226 692395 m2 0.01025 0.0526514 -0.107724 0.00125226 -0.0653718
1231226 598719 m2 0.02935 0.348137 -0.504776 0.014169 -0.031319
1231226 631383 m2 0.0174 -0.111417 -0.247464 0.0240212 0.0113624
1231226 631169 m2 0.0208 0.35812 -0.381834 0.00957969 -0.00714733
1231226 275654 m2 0.0359 -0.140822 -0.43306 -0.0147658 0.006651
1231226 617516 m2 0.03685 -0.239212 -0.353276 -0.0101232 -0.0493505
1231226 263316 m2 0.06745 -0.20917 -0.41271 -0.0685113 0.000706826
1231226 441752 m2 0.06615 0.0166832 -0.514087 -0.0320572 -0.0292848
1231226 485878 m2 0.11 0.0787183 -0.611025 0.0297737 -0.0360783
1231226 589602 m2 0.02695 0.214645 -0.315427 -0.0108508 -0.0336968
1231226 301845 m2 0.08345 -0.180522 -0.451918 -0.056721 -0.0499858
1231226 355651 m2 0.0895 -0.173125 -0.563893 -0.0173829 -0.00929373
1231226 290088 m2 0.01725 -0.132408 -0.392226 0.0365085 -0.0119646
1231226 541311 m2 0.05975 0.0122243 -0.568042 0.0290684 -0.0259924
1231226 651412 m2 0.01465 0.310395 -0.361212 0.0110478 0.0169075
1231226 351458 m2 0.0212 -0.199925 -0.32765 0.0154012 -0.0112065
1231226 287322 m2 0.02065 0.15571 -0.419921 0.0587318 0.00378742
1231226 510232 m2 0.0348 -0.259328 -0.330398 -0.0547366 -0.0168236
1231226 601151 m2 0.01145 -0.254837 -0.255549 -0.00503772 -0.00794644
1231226 553599 m2 0.03275 0.345897 -0.476672 0.012435 0.0109886
1231226 381429 m2 0.02215 -0.210446 -0.335195 -0.0456343 0.0437727
1231226 472087 m2 0.03445 -0.0733253 -0.359167 -0.0265412 0.0139439
1231226 557118 m2 0.01315 -0.0719239 -0.394333 -0.0678024 -0.0195307
1231226 626480 m2 0.01285 -0.109569 -0.351285 -0.0305087 -0.00554705
1231226 583198 m2 0.0316 0.290608 -0.512571 0.033965 -0.0302001
1231226 332941 m2 0.0447 -0.196807 -0.59394 -0.0207508 -0.0543015
1231226 348422 m2 0.01075 0.18979 -0.329944 0.0184696 -0.0274133
1231226 676238 m2 0.01175 0.0966825 -0.350223 -0.0517876 0.0711259
1231226 577601 m2 0.01235 -0.104736 -0.271459 -0.0117303 -0.0113809
1231226 406670 m2 0.0774 0.18593 -0.587912 0.0240622 -0.0296247
1231226 400666 m2 0.02585 0.0852775 -0.487565 0.0393334 -0.0259802
1231226 589105 m2 0.0101 0.316676 -0.37064 0.00222782 -0.0171295
1231226 698785 m2 0.01335 -0.207817 -0.158743 -0.0627653 0.00909931
1231226 397354 m2 0.02295 0.340251 -0.332193 0.0939218 -0.00399407
1231226 665144 m2 0.0127 -0.205777 -0.300649 -0.0246624 0.0304455
1231226 441532 m2 0.03665 -0.212218 -0.370814 -0.044159 -0.0134776
1231226 567173 m2 0.0317 -0.0155667 -0.494588 -0.0146474 0.0031968
1231226 428289 m2 0.01395 0.195195 -0.373403 -0.0819262 0.000562919
1231226 573172 m2 0.01855 0.336993 -0.386012 0.0705455 0.0293381
1231226 599204 m2 0.0409 0.0781554 -0.500254 0.0131725 0.0386851
1231226 454117 m2 0.0309 0.052766 -0.536157 -0.0155913 -0.0345524
1231226 613820 m2 0.0118 -0.0746954 -0.317006 -0.0161246 0.0156859
1231226 430491 m2 0.0369 0.151666 -0.529687 0.048111 0.0298542
1231226 477642 m2 0.0596 0.0909142 -0.45197 -0.0133788 -0.0404899
1231226 624222 m2 0.01945 -0.0835265 -0.446213 0.00892242 0.013849
1231226 440100 m2 0.01365 0.290385 -0.250208 0.093037 -0.0154652
1231226 497662 m2 0.0149 -0.0574414 -0.253431 0.0138235 0.0103291
1231226 559606 m2 0.014 0.0487011 -0.37005 -0.0648072 -0.0285793
1231226 629429 m2 0.0149 0.243983 -0.452761 0.00752474 -0.0176209
1231226 685339 m2 0.01145 -0.199734 -0.330654 -0.0432735 -0.0103281
1231226 665179 m2 0.02545 0.298178 -0.435873 0.040902 0.0577652
1231226 644958 m2 0.01415 -0.156791 -0.279316 0.0253412 0.0235552
1231226 655191 m2 0.0125 0.276694 -0.470262 -0.00280673 -0.0106423
