// Initial random seed:
4080461695717

// RunInitializeCallbacks():
initializeTreeSeq();
initializeMutationRate(1e-10);
initializeSex("A");
initializeMutationType(2, 0.5, "f", 0);
initializeGenomicElementType(1, m2, 1);
initializeGenomicElement(g1, 0, 500000);
initializeRecombinationRate(c(1e-06, 0.5, 1e-06, 0.5, 1e-06, 0.5, 1e-06, 0.5, 1e-06, 0.5, 1e-06, 0.5, 1e-06, 0.5, 1e-06, 0.5, 1e-06, 0.5, 1e-06, 0.5, 1e-06, 0.5, 1e-06, 0.5, 1e-06, 0.5, 1e-06, 0.5, 1e-06, 0.5, 1e-06, 0.5, 1e-06, 0.5, 1e-06, 0.5, 1e-06, 0.5, 1e-06), c(50000, 50001, 100000, 100001, 150000, 150001, 200000, 200001, 250000, 250001, 300000, 300001, 350000, 350001, 400000, 400001, 450000, 450001, 500000, 500001, 550000, 550001, 600000, 600001, 650000, 650001, 700000, 700001, 750000, 750001, 800000, 800001, 850000, 850001, 900000, 900001, 950000, 950001, 1000000));

QTL DFE means: 
0 0

QTL DFE variance-covariance matrix: 
     [,0] [,1]
[0,]  0.4    0
[1,]    0  0.4

// Starting run at generation <start>:
1 

100:0.999967 0.999967 -1.9984e-15 -0.000431098 3.35432e-05 0.0289817 0.169318 NAN NAN
200:0.99997 0.99997 -1.11022e-16 2.72553e-05 -0.000395386 0.144328 0.0221407 NAN NAN
300:0.999968 0.999968 -8.54872e-15 -4.7685e-05 -0.000171949 0.187261 0.0320428 NAN NAN
400:0.99949 0.99949 1.18794e-14 0.00041012 0.00394452 0.0562814 -0.0316058 NAN NAN
500:0.999892 0.999892 -3.55271e-15 8.89448e-05 0.00104686 -0.0985226 0.00979854 NAN NAN
600:0.999981 0.999981 -1.4988e-14 0.000180646 -6.78263e-05 0.075565 0.0174865 NAN NAN
700:0.999758 0.999758 3.33067e-15 0.0013637 0.00170215 -0.0388109 -0.0740464 NAN NAN
800:0.999976 0.999976 -4.44089e-15 0.000566555 0.000145959 0.0320135 -0.0229169 NAN NAN
900:0.999953 0.999953 4.32987e-15 -4.64909e-05 2.58129e-05 0.0129316 -0.130557 NAN NAN
1000:0.99981 0.99981 4.55191e-15 0.000766054 0.000352176 0.116878 -0.138938 NAN NAN
1100:0.99876 0.998753 7.12563e-06 -4.57772e-05 -0.000894231 -0.12136 0.0613082 -0.00902866 0.0343203
1200:0.994951 0.994944 7.02877e-06 1.01431e-05 -7.47482e-05 0.077059 0.117155 0.00516414 0.0258925
1300:0.987886 0.987886 4.83434e-07 -4.14155e-05 3.51008e-05 0.0710669 -0.0874773 0.00690508 -0.0102411
1400:0.97683 0.976797 3.2497e-05 -0.000281632 2.64815e-05 0.0244511 0.245206 0.0233649 0.0718861
1500:0.960523 0.960492 3.16312e-05 0.000130289 -0.00112259 -0.0864945 0.0765728 -0.014091 -0.0144601
1600:0.937344 0.937121 0.000223108 -0.000996297 0.000755686 0.152569 -0.0647183 0.0678735 -0.0369164
1700:0.905284 0.901243 0.00404122 -0.00950903 -0.00268813 0.212739 0.0884848 0.161913 -0.0408462
1800:0.873705 0.824889 0.0488163 -0.00344578 -0.043218 0.539878 0.255037 0.486815 0.254194
1900:0.872469 0.667757 0.204711 0.0596337 -0.290465 0.90606 0.472286 0.814301 0.444045
2000:0.83847 0.507625 0.330846 0.0418975 -0.379483 0.936866 0.703867 0.860724 0.663767
2100:0.8666 0.495743 0.370857 0.0462271 -0.290573 0.940284 0.826156 0.891406 0.759564
2200:0.867649 0.496064 0.371585 0.0255797 -0.205616 0.936768 0.834893 0.886303 0.813115
2300:0.869472 0.494089 0.375384 0.0340468 -0.215494 0.932689 0.861592 0.889478 0.826212
2400:0.865157 0.497417 0.36774 0.024145 -0.138823 0.92831 0.820777 0.888102 0.820804
2500:0.874772 0.494431 0.380341 0.0511507 -0.0927244 0.942975 0.83439 0.898768 0.830171
2600:0.879289 0.495577 0.383712 0.0438067 -0.103563 0.936646 0.864319 0.896298 0.840504
2700:0.880207 0.496898 0.38331 0.0385021 -0.0692866 0.933335 0.881969 0.895362 0.846026
2800:0.885484 0.495656 0.389828 0.0233491 0.013508 0.937287 0.881195 0.899677 0.852844
2900:0.89336 0.495489 0.397871 0.0245091 0.0168456 0.946428 0.886842 0.906431 0.840971
3000:0.894329 0.493954 0.400375 0.0215459 0.0308729 0.943534 0.890792 0.908732 0.846962
