// Initial random seed:
2049657475530

// RunInitializeCallbacks():
initializeTreeSeq();
initializeMutationRate(2.5e-08);
initializeSex("A");
initializeMutationType(2, 0.5, "f", 0);
initializeGenomicElementType(1, m2, 1);
initializeGenomicElement(g1, 0, 500000);
initializeRecombinationRate(c(1e-06, 0.5, 1e-06, 0.5, 1e-06, 0.5, 1e-06, 0.5, 1e-06, 0.5, 1e-06, 0.5, 1e-06, 0.5, 1e-06, 0.5, 1e-06, 0.5, 1e-06, 0.5, 1e-06, 0.5, 1e-06, 0.5, 1e-06, 0.5, 1e-06, 0.5, 1e-06, 0.5, 1e-06, 0.5, 1e-06, 0.5, 1e-06, 0.5, 1e-06, 0.5, 1e-06), c(50000, 50001, 100000, 100001, 150000, 150001, 200000, 200001, 250000, 250001, 300000, 300001, 350000, 350001, 400000, 400001, 450000, 450001, 500000, 500001, 550000, 550001, 600000, 600001, 650000, 650001, 700000, 700001, 750000, 750001, 800000, 800001, 850000, 850001, 900000, 900001, 950000, 950001, 1000000));

QTL DFE means: 
0 0

QTL DFE variance-covariance matrix: 
      [,0]  [,1]
[0,] 0.002     0
[1,]     0 0.002

// Starting run at generation <start>:
1 

100:0.996301 0.996301 -8.88178e-15 0.00202926 0.002021 0.0120816 -0.148077 NAN NAN
200:0.992736 0.992736 -5.10703e-15 0.000732803 -0.0102235 -0.0154805 0.313612 NAN NAN
300:0.990626 0.990626 2.09832e-14 0.00877813 -0.00446034 -0.162854 0.229727 NAN NAN
400:0.986924 0.986924 2.88658e-14 0.00147953 -0.00403469 0.150567 0.223973 NAN NAN
500:0.985672 0.985672 -1.93179e-14 0.0607848 -0.00379001 0.130271 0.0252501 NAN NAN
600:0.985051 0.985051 -5.54001e-14 0.0337312 0.00542678 0.146587 -0.133637 NAN NAN
700:0.98449 0.98449 -2.70894e-14 0.0850883 0.00854683 -0.0087367 -0.272852 NAN NAN
800:0.981629 0.981629 -1.58762e-14 0.104547 0.000393445 0.0386725 -0.21232 NAN NAN
900:0.981281 0.981281 -1.76525e-14 0.060367 0.00462498 -0.00485705 -0.252265 NAN NAN
1000:0.981533 0.981533 -5.88418e-15 0.0433025 0.00428743 0.0207143 0.0111763 NAN NAN
1100:0.978171 0.974262 0.00390956 0.0189243 0.00887374 0.12356 0.651606 0.0266521 0.20124
1200:0.976045 0.95328 0.0227651 0.0189881 0.00637652 0.306818 0.856454 0.117258 0.51756
1300:0.973247 0.915703 0.0575437 0.00827022 0.0021573 0.472873 0.950845 0.205649 0.689245
1400:0.965487 0.87146 0.0940263 -0.0151489 0.00890275 0.695195 0.976279 0.254349 0.782037
1500:0.955339 0.822164 0.133176 -0.0155343 0.029587 0.748529 0.986002 0.302138 0.837789
1600:0.948254 0.741623 0.206632 -0.0240967 -0.00692788 0.761591 0.99601 0.431101 0.884046
1700:0.931979 0.680812 0.251167 -0.0328757 0.0115685 0.856248 0.994123 0.540736 0.89898
1800:0.91907 0.59526 0.32381 -0.000350862 0.00014605 0.908396 0.997054 0.657909 0.924041
1900:0.896007 0.49805 0.397956 -0.0249709 0.00152824 0.944909 0.997148 0.757386 0.933805
2000:0.851277 0.371153 0.480124 -0.00450535 -0.00583774 0.962682 0.997656 0.808193 0.943588
2100:0.854889 0.358556 0.496333 0.00253973 -0.0186446 0.976699 0.996939 0.810464 0.943375
2200:0.853167 0.362599 0.490569 0.00601374 -0.00891793 0.976191 0.99659 0.804104 0.942371
2300:0.854528 0.361653 0.492875 0.00822448 -0.00995622 0.98304 0.997332 0.810018 0.94164
2400:0.855151 0.356812 0.498339 -0.00107897 -0.0182226 0.982976 0.996747 0.816153 0.945354
2500:0.855776 0.361158 0.494618 0.00315375 -0.0052811 0.977677 0.998357 0.812279 0.94591
2600:0.856892 0.358204 0.498688 0.00962425 -0.00244132 0.983805 0.997313 0.809878 0.947701
2700:0.857032 0.357696 0.499337 0.0170845 0.00218635 0.986642 0.996668 0.812973 0.944708
2800:0.852981 0.361423 0.491558 -0.0182537 -0.0066502 0.977346 0.998457 0.808958 0.944102
2900:0.851945 0.363897 0.488047 0.00420645 0.0150476 0.981855 0.99598 0.813483 0.942821
3000:0.856584 0.355288 0.501296 0.016503 -0.00742456 0.984363 0.99887 0.808814 0.942861
