seed mutID muttype p cor_sal cor_temp mutSalEffect mutTempEffect
1231201 578607 m2 0.07245 0.0549891 0.723015 0 -0.00261834
1231201 487845 m2 0.01305 0.273016 0.592072 0.115465 0
1231201 413301 m2 0.09575 -0.0537741 0.678358 -0.0288567 0
1231201 620975 m2 0.0209 -0.0786065 0.545763 -0.0301518 0
1231201 693970 m2 0.0141 -0.138168 0.463877 0 0.0566255
1231201 371438 m2 0.06635 -0.0535403 0.673017 -0.0170119 0
1231201 486055 m2 0.0571 0.224014 0.716181 -0.00422161 0
1231201 307805 m2 0.02615 0.0606701 0.526753 0 0.0959065
1231201 469141 m2 0.03145 -0.0436358 0.538752 0.0118122 0
1231201 304782 m2 0.02475 0.00375174 0.625888 0 0.0642176
1231201 650820 m2 0.02565 -0.00389238 0.539153 0 -0.0136901
1231201 632581 m2 0.01615 0.170043 0.480646 0.013284 0
1231201 404122 m2 0.0354 -0.212025 0.574071 -0.0865571 0
1231201 718340 m2 0.01245 0.0169714 0.540378 0 0.0382893
1231201 330258 m2 0.02825 -0.073634 0.509612 -0.0601773 0
1231201 104426 m2 0.13695 -0.00588154 0.753858 0 0.0753444
1231201 238082 m2 0.0336 -0.0359189 0.557025 0.00544886 0
1231201 453599 m2 0.0351 -0.180281 0.589463 -0.0930925 0
1231201 200056 m2 0.0226 0.0388835 0.542735 -0.063534 0
1231201 558472 m2 0.0294 0.0799813 0.759644 0.0350464 0
1231201 536362 m2 0.0399 0.0948278 0.65806 0.0306187 0
1231201 80536 m2 0.16075 0.0598699 0.786659 0 0.0518831
1231201 576092 m2 0.04175 -0.110597 0.486768 -0.131595 0
1231201 689000 m2 0.0169 -0.206893 0.588849 0 0.0215427
1231201 644984 m2 0.01415 -0.0953618 0.555635 0 0.0861087
1231201 698494 m2 0.0102 0.00166358 0.509057 0 0.0187342
1231201 233549 m2 0.0423 0.0883599 0.684186 0.0499782 0
1231201 173268 m2 0.04175 0.0830467 0.704597 0 0.0309375
1231201 288543 m2 0.03205 -0.00602431 0.65772 -0.0293889 0
1231201 665565 m2 0.03715 -0.109642 0.655809 0 0.0461002
1231201 523939 m2 0.02285 0.0079665 0.663073 0 -0.00848944
1231201 353030 m2 0.0512 -0.0876232 0.686012 0.027024 0
1231201 574835 m2 0.0194 0.0320924 0.50881 0 0.0644495
1231201 252796 m2 0.03165 -0.0542893 0.683989 -0.0549391 0
1231201 693438 m2 0.0155 0.18483 0.624172 0.0172073 0
1231201 316994 m2 0.011 0.0107398 0.59234 -0.0204941 0
1231201 382044 m2 0.0274 0.0841902 0.640895 -0.0513457 0
1231201 118761 m2 0.0656 0.0873441 0.725478 0.0471647 0
1231201 683091 m2 0.02095 0.015804 0.516583 0.00346685 0
1231201 631615 m2 0.03285 0.0673386 0.465258 0.0146632 0
1231201 660489 m2 0.0195 -0.0882867 0.496506 0 -0.000346946
1231201 131277 m2 0.0171 0.048957 0.624201 0 0.0105806
1231201 415852 m2 0.08665 0.213242 0.684434 0.0476326 0
1231201 275294 m2 0.0597 -0.0987741 0.464819 -0.0289458 0
1231201 341787 m2 0.0312 0.083614 0.549147 0.0148505 0
1231201 307546 m2 0.06455 0.030334 0.717306 0 0.00303462
1231201 398000 m2 0.0753 -0.0256918 0.697891 0 0.0701249
1231201 667052 m2 0.01245 -0.0502383 0.611759 0 -0.0489542
1231201 675408 m2 0.01475 0.105163 0.58598 -0.0302974 0
1231201 182843 m2 0.05065 -0.0612751 0.584476 -0.00199193 0
1231201 123825 m2 0.013 0.0771769 0.471547 0 0.0132921
1231201 339298 m2 0.06435 0.0327417 0.662561 0 0.0324715
1231201 636832 m2 0.0207 0.10401 0.500058 0 0.0144704
1231201 497848 m2 0.0123 0.0485485 0.624907 -0.023165 0
1231201 677 m2 0.04235 -0.203519 0.552895 -0.0617967 0
1231201 393481 m2 0.024 0.222937 0.691143 0.0419135 0
1231201 430499 m2 0.042 -0.102323 0.56566 -0.0699061 0
1231201 450363 m2 0.01525 -0.0890978 0.637271 -0.030957 0
1231201 693710 m2 0.01945 0.0720922 0.53305 -0.0100668 0
1231201 136494 m2 0.07535 0.0134962 0.688864 0.0130172 0
1231201 339010 m2 0.02515 -0.029623 0.710771 0.0657119 0
1231201 89466 m2 0.1294 -0.0508478 0.772113 0 0.00306567
1231201 3491 m2 0.08815 0.0306884 0.67209 0 0.00763128
1231201 251502 m2 0.0701 0.118918 0.651423 0.0755981 0
1231201 20883 m2 0.1261 0.00361874 0.56467 0 0.0221063
1231201 482740 m2 0.05825 -0.0386419 0.670874 0 0.0105219
1231201 451125 m2 0.0137 -0.0631169 0.519603 -0.028222 0
1231201 527606 m2 0.06845 -0.106615 0.657142 -0.0831545 0
1231201 214899 m2 0.11095 -0.0258331 0.673957 0 0.0914509
1231201 416581 m2 0.02995 0.192814 0.423061 0.0192843 0
1231201 121785 m2 0.1709 0.0531579 0.744919 0.00846671 0
1231201 31499 m2 0.0668 -0.0854512 0.730434 -0.0317228 0
1231201 238330 m2 0.0354 -0.0380911 0.76569 -0.0500653 0
1231201 306504 m2 0.0536 -0.0169042 0.584509 0 0.0684939
1231201 625173 m2 0.02355 0.0531377 0.623132 0.00192006 0
1231201 234533 m2 0.028 -0.00503231 0.500715 0 0.000840531
1231201 714794 m2 0.0187 -0.142445 0.514681 0 -0.0897868
1231201 576585 m2 0.01095 0.0548681 0.541005 0 -0.0721731
1231201 281235 m2 0.0301 0.121193 0.705218 0 -0.0362518
1231201 705576 m2 0.0154 -0.100068 0.512708 0 0.0845745
1231201 460037 m2 0.0374 0.155236 0.674013 -0.0127039 0
1231201 640109 m2 0.02495 0.0986258 0.615431 0.0682308 0
1231201 596601 m2 0.0123 0.00741951 0.287506 -0.0163287 0
1231201 279693 m2 0.0735 -0.180246 0.599941 -0.0484061 0
1231201 438448 m2 0.04835 0.0741507 0.639378 0 0.0269182
1231201 226777 m2 0.01005 0.119173 0.389745 -0.0202384 0
1231201 561224 m2 0.03185 0.0777825 0.689868 0.0061378 0
1231201 429730 m2 0.05665 0.0911487 0.734814 0.0223385 0
1231201 326942 m2 0.037 0.0496419 0.343139 0 0.0115992
1231201 216882 m2 0.1053 0.0777492 0.740094 0.0404084 0
1231201 180540 m2 0.02825 -0.194088 0.638418 -0.0540107 0
1231201 67998 m2 0.0169 -0.0384959 0.583779 0 0.0209446
1231201 438445 m2 0.0588 0.0665266 0.6376 0.0655193 0
1231201 537880 m2 0.02915 -0.136155 0.560706 -0.00600129 0
1231201 454048 m2 0.05965 -0.094218 0.634998 0 0.044266
1231201 24541 m2 0.0313 -0.00854388 0.503838 0 0.0134844
1231201 207857 m2 0.0344 0.01525 0.630014 0 0.0288604
1231201 474092 m2 0.0138 0.112973 0.271681 0 -0.0105227
1231201 325108 m2 0.10375 0.0175299 0.562614 0 0.074721
1231201 536824 m2 0.03435 -0.0438643 0.53204 0 0.0207798
1231201 15521 m2 0.0754 -0.0168433 0.690129 -0.0267327 0
1231201 632340 m2 0.042 -0.11481 0.497197 -0.0223176 0
1231201 372687 m2 0.0306 0.23705 0.48776 0.0499483 0
1231201 107493 m2 0.0641 -0.0327224 0.745195 0 -0.0020493
1231201 447360 m2 0.0784 -0.117276 0.644136 -0.0833193 0
1231201 48409 m2 0.0452 0.0544047 0.769887 0.0312558 0
1231201 450130 m2 0.02725 0.12956 0.442495 0.0348677 0
1231201 328224 m2 0.0246 0.00534906 0.345014 0.0369819 0
1231201 548276 m2 0.06245 0.0783712 0.737625 0 0.011761
1231201 441735 m2 0.01645 0.000974184 0.560546 -0.0352294 0
1231201 377468 m2 0.05215 0.0157283 0.497357 0.0794632 0
1231201 310332 m2 0.0258 0.00155529 0.58194 -0.0407088 0
1231201 636549 m2 0.06475 -0.0542862 0.486075 0 -0.051
1231201 462556 m2 0.01895 0.227477 0.634495 0.052363 0
1231201 436168 m2 0.01595 0.176914 0.658586 0 0.117016
1231201 98788 m2 0.2258 0.0271041 0.757237 0 0.0549712
1231201 686497 m2 0.0113 0.0974355 0.392253 0.026734 0
1231201 348987 m2 0.0724 0.160756 0.690103 0.0648649 0
1231201 517351 m2 0.0211 -0.0359839 0.44331 -0.0266334 0
1231201 170728 m2 0.0299 -0.00361377 0.640472 0 0.0279391
1231201 360257 m2 0.03865 -0.00104155 0.319435 0.0143813 0
1231201 35165 m2 0.05715 0.0396023 0.684113 0 -0.00596227
1231201 183090 m2 0.03595 0.2193 0.689854 0.0618863 0
1231201 459037 m2 0.01925 0.0235951 0.434717 0.00737142 0
1231201 141213 m2 0.1271 0.0141447 0.715519 0 0.0180233
1231201 640622 m2 0.0115 0.0868469 0.560505 0 -0.00292492
1231201 203043 m2 0.0511 -0.0809373 0.737752 0 0.0247536
1231201 526351 m2 0.05415 0.104375 0.724978 0.0172191 0
1231201 121291 m2 0.17025 0.0176574 0.795856 0.0437558 0
1231201 48875 m2 0.09005 -0.00267596 0.701499 0 0.0208969
1231201 187590 m2 0.039 -0.16998 0.369865 -0.0595073 0
1231201 235784 m2 0.0984 -0.0771036 0.493213 -0.0499612 0
1231201 267352 m2 0.1206 0.0390331 0.771231 0 0.0121471
1231201 607354 m2 0.02225 -0.0575229 0.424167 -0.0204228 0
1231201 223471 m2 0.01245 -0.0983787 0.470078 -0.0547678 0
1231201 590153 m2 0.01065 0.0345219 0.285007 0.00249345 0
1231201 320937 m2 0.07135 0.0177162 0.415738 0 0.0177048
1231201 17431 m2 0.1753 -0.0200312 0.631957 -0.0149638 0
1231201 633513 m2 0.015 -0.011726 0.520241 -0.0825222 0
1231201 461020 m2 0.0177 -0.0435601 0.440164 -0.0125946 0
1231201 552204 m2 0.03985 -0.0044298 0.506185 -0.0124303 0
1231201 448584 m2 0.0172 0.122331 0.534179 0.103464 0
1231201 82531 m2 0.07465 -0.0405256 0.660266 0 0.00445289
1231201 506986 m2 0.03285 -0.0231866 0.296949 -0.0058201 0
1231201 105413 m2 0.0544 0.0909694 0.715184 0 -0.00929988
1231201 512701 m2 0.01425 0.0441956 0.514404 0 0.0704972
1231201 583358 m2 0.03 0.0404486 0.421198 -3.8558e-05 0
1231201 667280 m2 0.01145 0.135628 0.546088 0 0.0297732
1231201 540696 m2 0.03035 0.130293 0.702106 0.021804 0
1231201 596575 m2 0.0152 0.026455 0.473015 0 0.0140584
1231201 467079 m2 0.0262 -0.00443066 0.591809 0.00275053 0
1231201 574542 m2 0.031 -0.180813 0.355175 -0.109399 0
1231201 281204 m2 0.1106 0.0336847 0.533946 0 -0.0365561
1231201 544263 m2 0.0144 -0.0726314 0.469077 0 0.0579432
1231201 440435 m2 0.08745 -0.00350705 0.578771 0 0.023109
1231201 401630 m2 0.0229 0.161828 0.656426 0.0492346 0
1231201 344997 m2 0.05745 -0.126254 0.665848 -0.067004 0
1231201 8178 m2 0.06675 -0.0162421 0.698411 0 -0.0291665
1231201 682811 m2 0.01575 0.00469485 0.463973 0 -0.0282046
1231201 415820 m2 0.0558 -0.184207 0.722286 -0.0623822 0
1231201 654470 m2 0.018 -0.0218618 0.325497 0 0.00182
1231201 503963 m2 0.0429 0.184491 0.672122 -0.00915699 0
1231201 72757 m2 0.11415 -0.0645815 0.775514 0 0.0160242
1231201 251229 m2 0.07475 -0.0157644 0.567994 0 0.0273987
1231201 510973 m2 0.01945 -0.156155 0.448706 0 0.0150017
1231201 109487 m2 0.0102 0.0423687 0.602082 -0.0038934 0
1231201 628935 m2 0.0123 0.0339057 0.288431 0.0111271 0
1231201 497814 m2 0.03715 0.0365165 0.676901 0.0320387 0
1231201 414291 m2 0.06625 -0.098804 0.45272 -0.0640804 0
1231201 269062 m2 0.05095 -0.0898359 0.762053 0 -0.0170192
1231201 439462 m2 0.0158 0.0694792 0.608439 0.0072659 0
1231201 222950 m2 0.0884 0.178128 0.729535 0.0728945 0
1231201 654729 m2 0.0162 -0.0308112 0.474573 0 0.0360005
1231201 690442 m2 0.01685 0.266099 0.62234 0.0678966 0
1231201 621916 m2 0.0179 0.108904 0.658968 0 0.0207943
1231201 248969 m2 0.0579 0.0520483 0.518974 0.0605965 0
1231201 638094 m2 0.01245 -0.0858827 0.377576 0 0.0630335
1231201 61069 m2 0.092 0.00353839 0.739732 0 0.0224395
1231201 427375 m2 0.01655 0.210907 0.415296 0.0323698 0
1231201 398925 m2 0.124 -0.0477994 0.734396 0.0108872 0
1231201 253264 m2 0.0664 0.224335 0.647301 0.0898556 0
1231201 508021 m2 0.06025 0.00399654 0.642554 -0.0232704 0
1231201 381528 m2 0.13035 0.250727 0.695966 0.121487 0
1231201 679103 m2 0.01715 0.0286694 0.318569 0 0.014006
1231201 612135 m2 0.01215 -0.14796 0.364912 0 0.0770386
1231201 1100 m2 0.0849 0.220048 0.00984771 0.0449763 0
1231201 217641 m2 0.0221 -0.0194944 0.590147 0.0270611 0
1231201 332642 m2 0.0147 0.00291545 0.434402 0 0.0244835
1231201 255536 m2 0.0977 -0.207858 0.501553 -0.0935248 0
1231201 601313 m2 0.01005 0.0183386 0.283543 0 0.0220438
1231201 503954 m2 0.0586 -0.0995424 0.313934 -0.0894386 0
1231201 618943 m2 0.0202 -0.147248 0.301988 -0.00157814 0
1231201 510729 m2 0.01475 0.121392 0.635035 0.0142347 0
1231201 451583 m2 0.01435 0.0947913 0.269222 -0.018719 0
1231201 450841 m2 0.01355 -0.0566395 0.521147 0.052167 0
1231201 615315 m2 0.0133 -0.0581337 0.401691 -0.0039264 0
1231201 35643 m2 0.0471 0.114029 0.161446 0.0780455 0
1231201 455530 m2 0.03375 0.190247 0.685074 0.0462398 0
1231201 562883 m2 0.0433 -0.0199217 0.337332 -0.0461071 0
1231201 192004 m2 0.0144 0.00925272 0.309966 -0.0334525 0
1231201 611351 m2 0.0188 -0.0926014 0.37587 -0.0787236 0
1231201 586604 m2 0.01705 0.0350077 0.488048 0.0548013 0
1231201 318238 m2 0.05085 0.15344 0.423706 0.0760106 0
1231201 418994 m2 0.01045 -0.109414 0.724131 0.041015 0
1231201 403374 m2 0.06145 -0.162824 0.680535 -0.0333917 0
1231201 244754 m2 0.0255 -0.079309 0.167139 -0.0465884 0
1231201 489749 m2 0.01645 0.0174768 0.170788 0.0283064 0
1231201 82225 m2 0.0794 0.0657452 0.674926 0 0.0290099
1231201 262575 m2 0.01385 0.0734487 0.16631 0 0.0390034
1231201 316137 m2 0.01775 -0.152665 0.249291 -0.105833 0
1231201 257235 m2 0.0873 -0.0372194 0.607424 0 -0.00501637
1231201 52046 m2 0.03565 0.214462 0.633212 0.0620908 0
1231201 502743 m2 0.06895 -0.0721507 0.309524 -0.0493398 0
1231201 45160 m2 0.0386 0.086364 0.165853 0 0.0827417
1231201 261277 m2 0.08355 -0.00447457 0.173884 0 0.0394928
1231201 313360 m2 0.09925 0.0228059 0.637701 -0.000795466 0
1231201 424929 m2 0.0288 0.242941 0.622575 0 0.0486667
1231201 694895 m2 0.011 0.0941431 0.49145 0 0.0569369
1231201 584615 m2 0.0176 -0.044622 0.409257 0 -0.0525847
1231201 354259 m2 0.0372 0.0464894 0.445803 0 0.0360206
1231201 369872 m2 0.0433 -0.00651633 0.480905 0 0.0277663
1231201 6608 m2 0.12485 0.169902 0.0115577 0.0972245 0
1231201 325306 m2 0.03515 -0.0864279 0.164528 -0.0563524 0
1231201 99268 m2 0.1683 0.301611 0.717812 0.116204 0
1231201 244745 m2 0.0246 0.00838459 0.171884 0 0.0825175
1231201 64283 m2 0.03335 0.0132384 0.168726 -0.0423387 0
1231201 383974 m2 0.03305 -0.00503516 0.600217 -0.0421215 0
1231201 460756 m2 0.06205 -0.0188054 0.444254 0 -0.0141318
1231201 643891 m2 0.024 -0.0971497 0.285804 0 -0.0119001
1231201 99008 m2 0.1 -2.89898e-17 0.174078 0 0.0236836
1231201 290203 m2 0.0444 -0.164882 0.147497 -0.0801222 0
1231201 597488 m2 0.03995 0.0712361 0.327876 0 0.00087793
1231201 399640 m2 0.0643 -0.0272876 0.17315 -0.0234515 0
1231201 259585 m2 0.0571 -0.0812793 0.167951 -0.0555089 0
1231201 210045 m2 0.03655 -0.0755544 0.413798 0 0.0474823
1231201 94768 m2 0.01405 0.0333333 0.521117 -0.0949424 0
1231201 448289 m2 0.04865 -0.0320177 0.329763 0 0.0164963
1231201 529576 m2 0.02865 0.0952166 0.525348 -0.0649882 0
1231201 673011 m2 0.01465 0.072845 0.285777 0.000521912 0
1231201 12872 m2 0.13035 -0.00707553 0.195208 0 0.00705717
1231201 665514 m2 0.02335 -0.0778559 0.351548 0 -0.0274586
1231201 129524 m2 0.0101 0.0921195 0.459889 0 0.0726506
1231201 611103 m2 0.0576 -0.0278282 0.674097 0.0295925 0
1231201 86945 m2 0.098 -0.00189459 0.174066 0.0266161 0
1231201 628688 m2 0.01255 0.0240232 0.172281 0 -0.00862889
1231201 413479 m2 0.06185 0.0421392 0.58624 0 -0.00451882
1231201 502735 m2 0.0203 0.0267207 0.169509 0 -0.0182496
1231201 117683 m2 0.067 -0.0163822 0.323337 0 -0.0131495
1231201 284964 m2 0.0341 0.00826262 0.172503 -0.0427298 0
1231201 685234 m2 0.015 0.264238 0.444508 0 -0.00634806
1231201 363872 m2 0.03625 0.00587926 0.607916 0 0.0311772
1231201 383193 m2 0.0274 -0.0326443 0.170915 0 0.0158717
1231201 190731 m2 0.0121 -0.0623062 0.165089 0 0.0237102
1231201 575268 m2 0.0313 -0.1231 0.156628 -0.0341387 0
1231201 271069 m2 0.18525 -0.0728342 0.771212 0 0.0098884
1231201 156125 m2 0.0363 0.0166511 0.172695 0 0.0307868
1231201 564144 m2 0.0218 0.0149169 0.291412 0 -0.0179396
1231201 197298 m2 0.02085 -0.0975563 0.163816 0 0.0236383
1231201 143870 m2 0.0553 -0.0530636 0.169293 -0.0890847 0
1231201 536545 m2 0.08005 0.0320356 0.410214 0 0.0333997
1231201 27204 m2 0.15345 0.0270891 -0.00200555 0 0.0561609
1231201 478421 m2 0.0635 0.00181849 0.173211 -0.0378824 0
1231201 443461 m2 0.02155 -0.111631 0.446686 0 0.0297756
1231201 610070 m2 0.0178 0.0681076 0.166071 0.0478638 0
1231201 689631 m2 0.01285 -0.0464365 0.16968 -0.0195001 0
1231201 372133 m2 0.0446 -0.014865 0.172951 0 -0.0260501
1231201 523104 m2 0.03955 -0.040303 0.413604 0 -0.0594414
1231201 546986 m2 0.1071 0.0304293 0.635353 0 -0.0335008
1231201 365352 m2 0.04965 -0.0472306 0.171795 -0.0235325 0
1231201 566170 m2 0.01555 -0.0167522 0.28626 0 0.00784937
1231201 171669 m2 0.09815 0.0048763 0.174039 0.00730241 0
1231201 357691 m2 0.0242 -0.0406864 0.408034 -0.00343014 0
1231201 640822 m2 0.03285 -0.0619846 0.2831 0 0.0100758
1231201 281948 m2 0.08485 -0.0624574 0.157601 0 0.0471351
1231201 596779 m2 0.02935 -0.133403 0.15735 0.000950716 0
1231201 499970 m2 0.0136 0.103606 0.160118 0 -0.0375185
1231201 528268 m2 0.0131 0.224398 0.634998 0 -0.0115899
1231201 246474 m2 0.0279 0.00178728 -0.0172771 0.0413667 0
1231201 333892 m2 0.0816 0.0194991 0.173577 0 0.0150188
1231201 672513 m2 0.019 0.122766 0.155504 0 0.0248368
1231201 43309 m2 0.03385 -0.0726341 0.0154515 -0.0405491 0
1231201 196771 m2 0.02885 0.0172159 0.172259 -0.0226198 0
1231201 241712 m2 0.06735 -0.0159922 0.173256 -0.0191933 0
1231201 593335 m2 0.02005 -0.104006 0.269769 -0.0196176 0
1231201 130262 m2 0.1235 -0.00284583 0.734383 0 0.0534523
1231201 355713 m2 0.01325 -0.129442 0.268229 -0.131971 0
1231201 491494 m2 0.01055 0.084633 0.163831 0.00598861 0
1231201 216089 m2 0.0126 0.00852216 0.169546 0 0.0387665
1231201 474524 m2 0.0317 -0.108378 0.0483308 0 -0.12889
1231201 613780 m2 0.01235 0.0505014 0.0332175 0.000510174 0
1231201 304690 m2 0.08525 0.00288975 0.173895 0.000854046 0
1231201 292745 m2 0.0551 0.119475 0.160302 0.0990969 0
1231201 609827 m2 0.0272 0.0281314 0.171307 0 0.0295534
1231201 704309 m2 0.0226 -0.0930829 0.160178 0 0.0229171
1231201 520570 m2 0.02945 0.0509372 0.0517914 0.0247866 0
1231201 582557 m2 0.02085 0.0760161 0.563479 0 0.0472236
1231201 725996 m2 0.01385 -0.00357514 0.295054 -0.0150276 0
1231201 120466 m2 0.05945 0.024004 0.172974 0.0294646 0
1231201 288185 m2 0.0471 -0.0162359 0.172491 0 0.00216285
1231201 661928 m2 0.0115 0.0483637 0.16854 0.0146673 0
1231201 201187 m2 0.0833 -0.0641858 0.0346239 -0.0108467 0
1231201 265313 m2 0.0103 0.0647934 0.166843 0 -0.00692769
1231201 100024 m2 0.1 -2.89898e-17 0.174078 0 -0.0124338
1231201 575758 m2 0.01475 -0.0702922 0.16501 0.0220635 0
1231201 449815 m2 0.0557 0.0897121 0.165829 0.0528755 0
1231201 206292 m2 0.02075 -0.0183236 0.168984 0.0341234 0
1231201 730113 m2 0.0115 -0.144654 0.15403 0 -0.020067
1231201 596300 m2 0.0457 0.00892744 0.609095 0.00129903 0
1231201 433352 m2 0.0416 -0.108794 0.305164 0 -0.0419283
1231201 183040 m2 0.03215 -0.109869 0.402493 -0.0424909 0
1231201 540356 m2 0.0316 -0.0891439 0.166985 -0.0797439 0
1231201 20769 m2 0.0679 -0.0496765 0.0132471 -0.0272461 0
1231201 397140 m2 0.02035 -0.0236192 -0.0551114 -0.00654669 0
1231201 4289 m2 0.02815 -0.0838812 -0.524863 -0.0367309 0
1231201 555934 m2 0.02795 -0.137487 0.155682 -0.020439 0
1231201 131718 m2 0.0726 -0.0142809 0.173764 0.00750918 0
1231201 21248 m2 0.138 -0.0144732 -0.0298183 0 -0.0268919
1231201 306912 m2 0.0444 0.00843277 0.172807 0.0579756 0
1231201 675076 m2 0.013 -0.0303858 0.162335 -0.00362344 0
1231201 301133 m2 0.0233 -0.118896 0.160132 -0.0496242 0
1231201 231683 m2 0.0225 0.0844989 0.162498 0.0478997 0
1231201 117163 m2 0.04195 -0.0744778 0.167525 0 0.00117689
1231201 87178 m2 0.02075 -0.0183236 0.168984 0.0197934 0
1231201 395369 m2 0.06555 -0.0268209 0.173213 -0.0397414 0
1231201 560919 m2 0.0389 -0.183248 0.24458 -0.0889976 0
1231201 205539 m2 0.05555 0.0201889 0.172981 0 0.0470362
1231201 284945 m2 0.04595 -0.0273581 -0.035341 0.00027241 0
1231201 431907 m2 0.0568 -0.0633302 0.169677 -0.05897 0
1231201 425408 m2 0.0222 -0.0679225 0.551304 0 0.0203403
1231201 709709 m2 0.0101 -0.0436853 0.167553 0.00735189 0
1231201 455978 m2 0.0345 0.123324 0.159351 0.0900412 0
1231201 609068 m2 0.02405 0.0555041 0.168616 0 -0.00328604
1231201 357958 m2 0.05325 0.171071 0.272775 0.0934868 0
1231201 397135 m2 0.03365 0.00433897 0.0290377 0 0.0708606
1231201 176583 m2 0.04935 -0.0216028 0.174311 0 0.0131817
1231201 550709 m2 0.02785 -0.0817507 0.166389 -0.0326891 0
1231201 428136 m2 0.01765 0.000162875 0.172485 -0.0322017 0
1231201 561650 m2 0.02085 -0.0402552 0.335257 -0.055064 0
1231201 326060 m2 0.02655 0.0196049 0.170659 0.025322 0
1231201 528514 m2 0.0456 -0.154242 0.250123 -0.0876183 0
1231201 347934 m2 0.02735 0.0617562 0.0194174 0 0.040787
1231201 599235 m2 0.02255 -0.0723068 0.168384 0 0.0415423
1231201 323128 m2 0.0391 -0.0191357 0.172663 0.0355268 0
1231201 344713 m2 0.0114 0.0243456 0.169923 0 0.0445738
1231201 250222 m2 0.03555 0.127903 0.158523 0 0.0160346
1231201 273948 m2 0.02295 0.0276764 -0.0366353 0 -0.0459525
1231201 9524 m2 0.026 0.0483018 -0.748471 0 -0.00218502
1231201 690146 m2 0.01205 0.00375647 0.15976 0 0.0238228
1231201 526059 m2 0.01455 -0.159493 0.148917 -0.0563309 0
1231201 685208 m2 0.01645 -0.092019 0.159618 -0.0425103 0
1231201 562847 m2 0.01225 0.107228 -0.0496909 0 -0.0522826
1231201 492236 m2 0.09965 -0.000630844 0.0196403 0 0.0327525
1231201 287230 m2 0.02985 -0.11829 0.162339 -0.0911016 0
1231201 25183 m2 0.10575 0.0420766 0.0157038 0.0180098 0
1231201 579294 m2 0.02365 0.162433 0.481923 0.0349916 0
1231201 725695 m2 0.0122 -0.0241653 0.0478659 0 -0.0187985
1231201 412749 m2 0.0457 0.0545913 0.169716 0 0.0113957
1231201 638763 m2 0.01545 0.0419034 0.169627 0 -0.0552601
1231201 14103 m2 0.0486 0.118822 -0.160857 0.111411 0
1231201 341229 m2 0.0236 -0.0211015 0.161888 0 -0.0107545
1231201 252454 m2 0.03595 0.0720753 0.168436 0 -0.0738312
1231201 516028 m2 0.0142 0.038595 0.166075 -0.0054841 0
1231201 500213 m2 0.01795 -0.0203606 0.169988 -0.0145731 0
1231201 70401 m2 0.0376 0.00228849 -0.0274618 0.00551367 0
1231201 391917 m2 0.01925 0.139722 0.15443 0.0512995 0
1231201 225183 m2 0.0185 0.145881 0.0432725 0 -0.053339
1231201 546445 m2 0.031 -0.0738883 0.16801 0 -0.0284015
1231201 520083 m2 0.02615 -0.0638269 0.280517 -0.0295891 0
1231201 540887 m2 0.01325 0.122604 0.158488 -0.0130319 0
1231201 255753 m2 0.02285 0.0175614 0.0442788 0.0153943 0
1231201 465247 m2 0.02885 -0.0445696 0.168818 0 0.0123552
1231201 539849 m2 0.0518 -0.074792 0.0243687 -0.0178185 0
1231201 401331 m2 0.0522 -0.135368 0.0390922 -0.0913016 0
1231201 608544 m2 0.05095 0.0705054 0.169047 0 -0.0121101
1231201 256263 m2 0.08615 0.0287731 0.173344 -0.0100864 0
1231201 150531 m2 0.0442 0.0984846 0.163238 0 -0.030731
1231201 89112 m2 0.08025 -0.104778 0.00986327 -0.0641808 0
1231201 243677 m2 0.08005 0.138965 0.00856805 0.0114554 0
1231201 487236 m2 0.08045 0.0245961 0.0503752 -0.0952187 0
1231201 330874 m2 0.01195 -0.111884 -0.0151028 0 0.00618911
1231201 430202 m2 0.0351 -0.0630672 0.169846 -0.0336676 0
1231201 54384 m2 0.14445 0.0451674 0.0077303 0.0575312 0
1231201 700391 m2 0.0164 0.0721449 0.160612 0 0.00250087
1231201 304429 m2 0.0946 -0.000551886 0.174028 0.0448772 0
1231201 14625 m2 0.01805 -0.0282657 -0.0551259 0 0.0762087
1231201 164743 m2 0.0178 -0.0832703 0.0258576 0.00544636 0
1231201 135705 m2 0.0371 -0.0125321 -0.0621457 0.0149913 0
1231201 521059 m2 0.0204 0.0827005 0.160675 0.0311759 0
1231201 629626 m2 0.0134 0.111836 0.157748 -0.0266529 0
1231201 365074 m2 0.0349 -0.00347071 0.17304 0 0.0112432
1231201 704791 m2 0.02155 -0.0824918 0.165882 -0.0482866 0
1231201 359216 m2 0.06195 -0.218334 0.0163268 -0.110272 0
1231201 416513 m2 0.0133 0.121245 0.158612 0.0525007 0
1231201 379913 m2 0.03545 0.0440101 -0.00865968 0 0.0310381
1231201 576227 m2 0.0194 -0.0187973 -0.0314568 0 0.00620254
1231201 702359 m2 0.01085 -0.0584941 0.0544773 0 0.0161766
1231201 267009 m2 0.06085 -0.00948099 0.0173932 -0.0206414 0
1231201 212520 m2 0.0802 0.0761916 -0.00104372 0.0244293 0
1231201 318689 m2 0.0779 -0.0898674 -0.0476396 0 -0.0641895
1231201 593037 m2 0.01255 -0.0645246 -0.0560404 -0.0177182 0
1231201 602025 m2 0.02415 -0.0672291 0.167093 -0.0393603 0
1231201 600711 m2 0.0169 -0.0134131 0.049554 0 -0.0152606
1231201 224724 m2 0.0743 -0.209301 0.00859447 0 -0.051052
1231201 516547 m2 0.0387 -0.101327 0.164302 0 -0.0394042
1231201 352938 m2 0.0148 -0.15602 0.0484086 0 0.080519
1231201 402073 m2 0.06485 -0.0120135 0.173771 0 0.023613
1231201 278115 m2 0.1091 0.0235913 0.0121862 0.00860194 0
1231201 60020 m2 0.0484 -0.0103914 0.173429 0 0.00968463
1231201 611309 m2 0.0281 -0.0475231 0.170477 0 0.0516215
1231201 661913 m2 0.021 0.090487 0.163813 0 0.0645767
1231201 443923 m2 0.02725 0.0263687 -0.0563184 -0.0395582 0
1231201 267006 m2 0.02715 0.0332982 -0.0510419 0 -0.0498649
1231201 653914 m2 0.01625 -0.0739857 0.0528469 -0.14625 0
1231201 318927 m2 0.04205 -0.182163 0.0319758 0 0.0822836
1231201 505407 m2 0.03715 -0.134358 0.0291912 0 0.0110135
1231201 539103 m2 0.01545 0.145045 0.0122327 0.0467118 0
1231201 673463 m2 0.02455 0.114264 0.00114428 0 0.0242701
1231201 489220 m2 0.03555 0.0622213 -0.00296292 0 -0.0010038
1231201 90866 m2 0.04095 0.0453171 0.0334156 -0.0185916 0
1231201 383152 m2 0.01375 0.109103 -0.023809 0.0164546 0
1231201 727170 m2 0.011 -0.0516696 0.0512041 0 -0.0405038
1231201 115580 m2 0.0303 -0.000189648 -0.17239 -0.0746564 0
1231201 226415 m2 0.054 0.00824022 -0.173366 -0.0235738 0
1231201 487742 m2 0.02185 -0.005425 0.00729568 0 -0.126582
1231201 126185 m2 0.08925 -0.196819 0.00168739 -0.0347791 0
1231201 591775 m2 0.0202 0.0558365 0.042202 0 0.00493013
1231201 515259 m2 0.0277 -0.0257034 -0.017431 -0.010151 0
1231201 579273 m2 0.02275 -0.0737123 0.166861 -0.0204377 0
1231201 287213 m2 0.01735 -0.147371 -0.0427851 0 -0.0503428
1231201 57958 m2 0.04315 0.0135873 -0.173288 -0.0322599 0
1231201 368294 m2 0.02865 -0.080225 -0.0404019 -0.0395335 0
1231201 542411 m2 0.02435 0.0418039 -0.000520381 0 -0.0359806
1231201 123932 m2 0.0371 -0.0638399 0.0379111 0 0.0349383
1231201 449787 m2 0.0572 -0.0385374 -0.025552 0 0.00140514
1231201 417975 m2 0.0221 0.0985412 -0.0805075 0.0858103 0
1231201 570698 m2 0.01565 0.0529827 -0.0518183 0.0237857 0
1231201 511389 m2 0.0148 -0.0713264 0.0500405 -0.071631 0
1231201 652909 m2 0.0303 -0.109292 0.0540199 -0.0740847 0
1231201 18508 m2 0.09405 0.0576202 -0.692035 0.0206963 0
1231201 381693 m2 0.07855 0.00749348 -0.00957196 0.000119743 0
1231201 518004 m2 0.0102 -0.089568 0.0320353 0.0233326 0
1231201 434824 m2 0.0709 0.0374414 -0.0210462 0.0580063 0
1231201 388206 m2 0.0651 -0.0654863 0.0412443 0 -0.0231633
1231201 64950 m2 0.06025 0.0901898 -0.1666 0 0.0117001
1231201 678808 m2 0.0386 0.0386872 0.170992 0.0096266 0
1231201 653667 m2 0.0267 0.0221564 0.0557075 0 0.0111894
1231201 411471 m2 0.0747 -0.161559 -0.0115248 -0.0456437 0
1231201 566387 m2 0.043 -0.00756709 0.0477673 0 0.0272372
1231201 487736 m2 0.014 0.070119 -0.0476117 -0.0533253 0
1231201 426881 m2 0.01735 0.110701 -0.0227468 0.0125688 0
1231201 652195 m2 0.01385 -0.0438421 0.053499 0 -0.00180115
1231201 337608 m2 0.0217 -0.13033 -0.0194179 0 -0.0355018
1231201 531055 m2 0.04345 0.00709408 0.173704 -0.0343403 0
1231201 180434 m2 0.049 0.0205109 -0.0294844 0.00925843 0
1231201 638037 m2 0.0135 0.104709 0.00771543 -0.0119631 0
1231201 587088 m2 0.03395 -0.0334831 0.171801 0 -0.0456662
1231201 76910 m2 0.06005 -0.00149526 -0.173788 -0.0216585 0
1231201 632456 m2 0.0228 -0.0148434 -0.0573609 0.00568106 0
1231201 138617 m2 0.0195 -0.115843 0.0086788 -0.0389953 0
1231201 490723 m2 0.01585 0.075611 -0.0516586 0.0134127 0
1231201 572955 m2 0.0389 -0.0134084 -0.00170266 0 0.00944286
1231201 395824 m2 0.08595 -0.0609609 -0.032353 -0.011009 0
1231201 689588 m2 0.0107 -0.110776 -0.0531528 -0.0314835 0
1231201 292699 m2 0.0129 0.012715 0.00302739 0.0352761 0
1231201 458195 m2 0.0383 -0.104793 -0.0396323 -0.0504263 0
1231201 88588 m2 0.0861 0.0588351 0.00820725 0 -0.0330415
1231201 105032 m2 0.0817 0.00830158 -0.173908 0 -0.0175595
1231201 308699 m2 0.03165 -0.0114119 0.00380395 -0.0164432 0
1231201 430382 m2 0.0497 -0.0912765 -0.037122 -0.0660341 0
1231201 649696 m2 0.032 0.00546655 -0.0203753 -0.0192712 0
1231201 672951 m2 0.01425 0.147584 -0.0462092 0.0868997 0
1231201 667948 m2 0.0122 0.11267 0.0534852 0.0646716 0
1231201 390806 m2 0.019 -0.128239 0.0487669 0 0.0721159
1231201 265006 m2 0.0617 -0.00365177 0.000270501 0 0.0356564
1231201 435831 m2 0.05675 -0.0479627 0.171367 -0.0309031 0
1231201 506643 m2 0.01885 -0.00163878 -0.0460678 0.0611286 0
1231201 366562 m2 0.0403 0.058769 -0.0161768 0.0212859 0
1231201 44530 m2 0.04595 -0.0762868 -0.550543 0 0.0388644
1231201 187719 m2 0.1354 -0.0493364 0.000318711 -0.0583288 0
1231201 96911 m2 0.08365 -0.0184426 -0.173664 0 -0.0307724
1231201 316584 m2 0.143 0.0552088 0.0138612 0.0767889 0
1231201 484690 m2 0.05875 0.00902467 0.052512 0 0.0276383
1231201 584798 m2 0.0171 -0.0742354 0.0238287 -0.0183582 0
1231201 363819 m2 0.039 -0.114769 0.161978 0.0369032 0
1231201 187718 m2 0.01535 -0.0878693 0.026797 0 -0.0168074
1231201 557854 m2 0.01445 -0.0421786 0.0181563 0 0.011505
1231201 446991 m2 0.01005 -0.117697 0.0534022 0 -0.00115979
1231201 658119 m2 0.01905 -0.126696 0.0491951 0 -0.08463
1231201 137099 m2 0.12345 -0.00662152 -0.0159534 0.00347634 0
1231201 506138 m2 0.05455 -0.09762 -0.0498717 -0.0625368 0
1231201 119344 m2 0.07335 -0.0200541 -0.173395 -0.0761854 0
1231201 408999 m2 0.0367 0.118759 -0.160828 0.0771453 0
1231201 534083 m2 0.023 0.050032 0.00986546 0 0.0711696
1231201 603293 m2 0.02285 -0.0963446 0.0545913 -0.0695721 0
1231201 100654 m2 0.0113 0.146411 -0.603944 0.0472831 0
1231201 437609 m2 0.0326 -0.0588622 0.0342222 0 0.0411463
1231201 59175 m2 0.2914 0.00211379 -0.800068 0 -0.0330425
1231201 598442 m2 0.0216 -0.0010651 0.172546 -0.0407002 0
1231201 413167 m2 0.0632 0.0398391 -0.172454 0 0.0183898
1231201 282403 m2 0.0106 -0.0699783 -0.055356 0.0254371 0
1231201 621318 m2 0.0164 -0.124254 -0.157155 0 -0.0686283
1231201 455947 m2 0.0137 0.124816 0.0518765 0.0247516 0
1231201 401058 m2 0.05015 -0.168961 -0.0485732 -0.122436 0
1231201 230397 m2 0.06825 -0.0231398 -0.0378702 0 0.050508
1231201 166150 m2 0.11245 -0.0736654 -0.790561 -0.0483167 0
1231201 530795 m2 0.0327 0.069038 0.166404 0.0276157 0
1231201 446985 m2 0.0345 -0.0626752 0.0514393 0 -0.0179853
1231201 560611 m2 0.01195 0.0481138 -0.0449588 -0.0280579 0
1231201 482626 m2 0.0476 0.0133363 -0.17313 0.0403277 0
1231201 461164 m2 0.026 0.127436 -0.0313689 0.0640021 0
1231201 716745 m2 0.01365 0.175059 0.0450039 0 -0.0374156
1231201 252890 m2 0.01415 0.0209388 -0.169305 0 -0.0507805
1231201 125162 m2 0.03425 -0.0240637 -0.172303 0 -0.06116
1231201 421570 m2 0.0162 -0.0219893 -0.0560372 -0.0413023 0
1231201 460171 m2 0.04645 -0.0368345 -0.0524002 -0.0339648 0
1231201 273379 m2 0.0826 -0.0770238 0.184683 0 0.00199668
1231201 449264 m2 0.01535 -0.109423 -0.0490516 -0.0138116 0
1231201 235932 m2 0.0316 -0.0342978 -0.102893 -0.0653632 0
1231201 654126 m2 0.0102 -0.0790227 -0.160139 0 0.0184938
1231201 358428 m2 0.0294 0.0352137 0.0553074 -0.0398911 0
1231201 46040 m2 0.16525 0.00123263 -0.756935 0 -0.00695843
1231201 435546 m2 0.04135 -0.0940625 0.000907356 -0.0834039 0
1231201 553345 m2 0.01325 0.000671589 -0.0543987 0 0.0314449
1231201 565137 m2 0.0345 -0.109071 -0.0171304 -0.00321938 0
1231201 387226 m2 0.1512 0.166111 0.0652115 0.0961092 0
1231201 632932 m2 0.0245 -0.0310708 -0.170426 0 0.0182942
1231201 349138 m2 0.07885 0.0269573 0.0485745 0.0476887 0
1231201 253148 m2 0.04635 -0.172157 -0.145213 -0.102943 0
1231201 519737 m2 0.0816 -0.0235741 -0.173302 -0.0502856 0
1231201 408053 m2 0.01485 0.0693696 0.0304252 0 -0.00991487
1231201 466717 m2 0.0244 0.100532 -0.163531 0.0527999 0
1231201 647400 m2 0.01895 -0.00178861 0.0300088 0.0378365 0
1231201 218460 m2 0.1114 0.149443 -0.691266 0.0431172 0
1231201 612775 m2 0.0284 -0.0251434 -0.048001 0 0.0533254
1231201 655602 m2 0.014 0.0144977 -0.16914 0 0.0819674
1231201 395541 m2 0.02885 -0.070403 -0.0500259 -0.026527 0
1231201 376345 m2 0.01825 0.0831869 -0.167137 0 0.0248273
1231201 229958 m2 0.0372 -0.159113 0.0473808 -0.0990006 0
1231201 339406 m2 0.05335 0.0113479 -0.173801 0 0.042491
1231201 197219 m2 0.0991 -0.0021663 -0.174065 0 -0.0494029
1231201 353676 m2 0.0369 0.0435557 0.0517866 0 0.0586867
1231201 266971 m2 0.08115 -0.0102017 -0.191936 -0.0343415 0
1231201 447249 m2 0.0438 -0.0205787 -0.00326951 0 0.00541485
1231201 475294 m2 0.06545 -0.026884 -0.0137949 0.0116486 0
1231201 417695 m2 0.03865 -0.036848 -0.00788829 0 0.0514598
1231201 671685 m2 0.01125 0.0440517 0.0514321 0 -0.0309655
1231201 443116 m2 0.02285 -0.0838571 0.0424285 0 -0.0129874
1231201 71609 m2 0.09465 -0.0658487 -0.646654 -0.0597045 0
1231201 633155 m2 0.02255 -0.0818613 -0.0382826 0 -0.00874278
1231201 699589 m2 0.01025 -0.0519481 -0.055178 -0.0167904 0
1231201 515727 m2 0.02245 -0.022048 -0.171668 0 0.0206056
1231201 202138 m2 0.0682 -0.00280218 -0.173735 0 -0.0195891
1231201 408733 m2 0.01555 -0.140239 -0.428981 0 0.0337152
1231201 448995 m2 0.10295 0.194698 0.00837451 0.0960637 0
1231201 583514 m2 0.01575 0.0750786 -0.019909 -0.0308941 0
1231201 649678 m2 0.027 0.158385 0.0205262 0.0219741 0
1231201 597412 m2 0.0144 0.0222265 -0.0530016 0 0.0900979
1231201 205471 m2 0.0307 0.0214434 -0.540599 0 -0.0766316
1231201 457136 m2 0.0379 -0.0888791 0.16621 0 0.0079795
1231201 299321 m2 0.01525 0.0100196 -0.166691 0.0164312 0
1231201 147298 m2 0.0927 0.176852 -0.0609012 0.0920152 0
1231201 641789 m2 0.03035 0.000309831 0.0529811 0.00938488 0
1231201 648392 m2 0.0177 -0.0746312 -0.165813 0.00354915 0
1231201 411914 m2 0.01635 0.13273 -0.154826 0.0170815 0
1231201 456627 m2 0.0278 -0.0597571 -0.00384575 0 0.0176243
1231201 381660 m2 0.12565 0.0821192 -0.153471 0.0807545 0
1231201 451000 m2 0.015 -0.0586045 -0.051279 0 -0.0239762
1231201 405972 m2 0.04005 -0.0163181 -0.768808 -0.0500637 0
1231201 710375 m2 0.0141 -0.112203 -0.160888 -0.021594 0
1231201 130185 m2 0.07205 0.0277119 -0.684359 0.0785364 0
1231201 625055 m2 0.01335 0.0759463 -0.0474951 0 -0.00471955
1231201 91355 m2 0.11185 0.083355 0.0554615 0.0292313 0
1231201 429875 m2 0.02835 -0.00394848 -0.0477202 0.0223642 0
1231201 476037 m2 0.02465 -0.0169102 -0.172484 0 -0.0286661
1231201 629108 m2 0.0148 -0.0713264 0.0500405 -0.0130282 0
1231201 326534 m2 0.01115 0.0532061 -0.0542148 -0.0382015 0
1231201 407516 m2 0.0266 0.0826225 -0.0379027 0 -0.0794248
1231201 576903 m2 0.0247 -0.174284 -0.0470472 0 -0.0111363
1231201 655150 m2 0.01285 -0.0157082 -0.0553016 0.0174321 0
1231201 396320 m2 0.05265 0.155257 -0.151049 0.127171 0
1231201 372532 m2 0.01515 0.132627 -0.389982 -0.018136 0
1231201 235406 m2 0.0132 0.00368639 -0.593509 0 -0.0739061
1231201 151974 m2 0.0327 0.00365234 -0.553041 0 -0.0769427
1231201 661861 m2 0.02345 -0.149626 -0.152664 -0.0175917 0
1231201 130618 m2 0.092 -0.0878327 -0.749475 0 -0.0205924
1231201 104969 m2 0.05305 -0.0902766 -0.529889 -0.0691677 0
1231201 348871 m2 0.0376 0.104733 0.0222611 0 0.0685633
1231201 369060 m2 0.04515 0.0286587 -0.0364671 0 -0.0241045
1231201 390279 m2 0.07725 0.0165586 -0.186921 0 -0.00512212
1231201 258675 m2 0.06215 0.00570846 -0.173064 0 0.0102346
1231201 367979 m2 0.05355 -0.0765859 -0.502307 -0.0680996 0
1231201 162680 m2 0.0252 -0.0107503 -0.563574 0 -0.00395205
1231201 654874 m2 0.02175 -0.00276872 -0.0573521 0 -0.0727293
1231201 566097 m2 0.02615 -0.0560185 0.0409728 0 -0.0334534
1231201 216520 m2 0.05465 0.0493564 0.00606401 0 0.00368858
1231201 658305 m2 0.01245 -0.0535287 -0.167305 -0.0399192 0
1231201 108625 m2 0.02505 -0.0115854 -0.707496 0 0.020265
1231201 225107 m2 0.05445 -0.121417 -0.269087 -0.147913 0
1231201 147284 m2 0.0251 0.00773795 -0.171373 0 -0.000598595
1231201 537466 m2 0.02115 -0.015592 -0.0141246 0 -0.0486726
1231201 136318 m2 0.01345 -0.104709 -0.579825 -0.02965 0
1231201 560590 m2 0.0555 0.014271 -0.173439 0 0.0235758
1231201 358136 m2 0.0292 -0.047044 -0.168896 0 -0.0694225
1231201 342886 m2 0.02105 0.0897146 -0.431398 0 0.0075107
1231201 622563 m2 0.03 0.0297696 -0.169574 0.0212197 0
1231201 521741 m2 0.05265 -0.0654039 -0.494812 0 -0.0618698
1231201 167592 m2 0.10175 0.0385979 -0.780663 0 -0.0395453
1231201 126132 m2 0.0781 -0.0173843 -0.173325 -0.0746353 0
1231201 492996 m2 0.02325 -0.0901255 -0.0532181 -0.0111834 0
1231201 670666 m2 0.01085 0.0340471 -0.166652 0 -0.0128243
1231201 592204 m2 0.04115 -0.108128 -0.162488 -0.0312753 0
1231201 564301 m2 0.03105 -0.0293996 -0.171698 0 0.056853
1231201 302077 m2 0.05 0.0347368 -0.636179 0 -0.0383548
1231201 446418 m2 0.063 0.0167883 -0.173387 0.0503898 0
1231201 516202 m2 0.02005 0.0528529 -0.166882 0 0.0194392
1231201 367975 m2 0.0449 0.0190724 -0.620662 0 -0.0132197
1231201 630989 m2 0.02675 0.0268779 -0.171868 0 -0.0542312
1231201 140285 m2 0.0145 -0.0809892 -0.505404 0 -0.0680367
1231201 55078 m2 0.0456 -0.0749519 -0.282056 0 0.0132981
1231201 303352 m2 0.0159 -0.0126081 -0.171831 -0.0160574 0
1231201 410691 m2 0.01655 0.0925666 -0.165619 0 -0.0581763
1231201 418369 m2 0.0885 0.177372 -0.608395 0.110702 0
1231201 676987 m2 0.02705 0.0368531 -0.171383 -0.017334 0
1231201 627062 m2 0.01195 0.0516599 -0.167602 0.00729612 0
1231201 570388 m2 0.03345 0.0274369 -0.690277 0 -0.0286423
1231201 357870 m2 0.0596 -0.00475109 -0.173366 0 0.0221564
1231201 135120 m2 0.0793 -0.0284544 -0.519536 0 0.031672
1231201 637455 m2 0.0172 0.0141873 0.0461087 0 -0.0467142
1231201 249910 m2 0.05365 -0.0184125 -0.172798 0 -0.00429331
1231201 183185 m2 0.04235 0.069642 -0.614831 0.0440463 0
1231201 428862 m2 0.04365 0.0654752 0.0276769 -0.00477191 0
1231201 537455 m2 0.0371 -0.0332814 -0.170701 0 0.0620294
1231201 576157 m2 0.0192 -0.0146922 -0.460763 0 0.0959634
1231201 663117 m2 0.0156 0.15251 0.0383272 0.0326199 0
1231201 392078 m2 0.0315 0.0398825 -0.171314 0 -0.0121591
1231201 373297 m2 0.0522 -0.189495 -0.472117 -0.067549 0
1231201 695288 m2 0.01945 0.116573 -0.266471 0.00467535 0
1231201 529930 m2 0.01285 -0.0872747 -0.250162 -0.0749599 0
1231201 464662 m2 0.02645 -0.147577 -0.622681 -0.0439295 0
1231201 595995 m2 0.03665 0.126932 0.022991 0 -0.0441501
1231201 378374 m2 0.07455 -0.00275875 -0.173801 0 -0.0828806
1231201 481372 m2 0.06335 -0.0900354 -0.0402775 -0.0756483 0
1231201 330309 m2 0.04345 0.0278416 -0.469558 0 -0.000208987
1231201 476548 m2 0.0307 -0.0223417 -0.172914 0 -0.0788561
1231201 291583 m2 0.1032 0.0548461 -0.724671 0 -0.0378636
1231201 488675 m2 0.0551 0.00177421 -0.172516 0 -0.00991927
1231201 674708 m2 0.0137 -0.0293583 -0.169948 0 0.0659446
1231201 622797 m2 0.01515 0.0376395 -0.166899 0 0.042843
1231201 612216 m2 0.01025 0.201988 -0.428316 0.106781 0
1231201 499171 m2 0.0389 0.0406395 -0.171214 0.0242497 0
1231201 601189 m2 0.02105 0.0369603 -0.168523 0.0345522 0
1231201 662597 m2 0.05325 -0.0329484 -0.172857 0.000229142 0
1231201 310640 m2 0.01945 0.0107747 -0.287965 -0.0313853 0
1231201 533268 m2 0.0511 -0.166216 -0.0489039 0 0.00736771
1231201 156510 m2 0.0793 0.0470717 -0.599982 0 -0.0509457
1231201 559836 m2 0.0145 0.113001 -0.282117 0.0250545 0
1231201 206665 m2 0.07845 0.0566996 -0.690194 0 -0.0112107
1231201 595196 m2 0.02395 0.0709023 -0.299952 0 0.00878066
1231201 179894 m2 0.01365 0.133681 -0.600717 0 -0.0315986
1231201 526459 m2 0.0224 0.17618 -0.142129 0.06788 0
1231201 611481 m2 0.0101 0.138539 -0.415618 0 0.0604619
1231201 629551 m2 0.02215 0.171272 -0.144705 0.0220074 0
1231201 687869 m2 0.01185 -0.0350987 -0.0468875 0 -0.0300096
1231201 402722 m2 0.06595 -0.0121453 -0.173499 0 -0.0331122
1231201 691805 m2 0.01185 -0.0364086 -0.169193 0 0.0477786
1231201 330302 m2 0.0287 0.0690256 -0.520534 0.0240232 0
1231201 306796 m2 0.0244 -0.000777791 -0.694957 0 -0.0667894
1231201 442072 m2 0.02975 0.19358 -0.457329 0 -0.00350318
1231201 524768 m2 0.0202 -0.00446657 -0.169171 -0.00914441 0
1231201 640493 m2 0.0131 -0.101618 -0.0347639 0 0.0785581
1231201 328063 m2 0.0115 0.00721933 -0.481288 0 -0.0670428
1231201 242818 m2 0.01855 0.0452833 -0.289164 -0.0140818 0
1231201 705180 m2 0.01315 0.236708 -0.510818 0 -0.00460227
1231201 588536 m2 0.01085 0.0781471 -0.285668 0 0.0521038
1231201 523780 m2 0.01625 0.0881265 -0.164289 0 0.00369583
1231201 504837 m2 0.0266 -0.0637735 -0.356069 0 -0.0103157
1231201 435779 m2 0.01165 0.0113589 -0.168933 0 -0.0458167
1231201 151439 m2 0.0323 -0.00673828 -0.365341 0 -0.0162153
1231201 368727 m2 0.1371 -0.00205072 -0.732739 0 -0.0647045
1231201 648363 m2 0.02105 0.00514662 -0.351374 -0.018092 0
1231201 517671 m2 0.0394 -0.0125976 -0.446915 -0.0364411 0
1231201 294933 m2 0.07735 0.088862 -0.504816 0.0660157 0
1231201 311666 m2 0.04695 0.00815416 -0.172709 0 0.00439173
1231201 458613 m2 0.0574 0.0292411 -0.173035 0 -0.0164884
1231201 111310 m2 0.0722 0.0317094 -0.763691 0 -0.0399057
1231201 693279 m2 0.01555 0.130409 -0.153046 0 0.0356304
1231201 340092 m2 0.0317 0.0199785 -0.419083 -0.00011478 0
1231201 187425 m2 0.08325 0.00985069 -0.689231 0 -0.0856255
1231201 390472 m2 0.049 -0.157599 -0.350232 -0.0714907 0
1231201 582215 m2 0.01405 0.0378431 -0.170597 0 -0.00290974
1231201 386899 m2 0.04775 0.149016 -0.574666 0.0459639 0
1231201 384548 m2 0.065 0.125623 -0.633659 0 -0.0641197
1231201 404448 m2 0.0212 -0.184588 -0.402125 0 0.0013781
1231201 683663 m2 0.0413 -0.067022 -0.169816 -0.055222 0
1231201 232328 m2 0.03145 -0.0282021 -0.430473 -0.00901916 0
1231201 505580 m2 0.0241 -0.0717606 -0.472447 -0.0218102 0
1231201 439046 m2 0.0327 -0.00382589 -0.633038 0 0.0787568
1231201 378890 m2 0.03405 -0.0621954 -0.169646 -0.0246153 0
1231201 354373 m2 0.0225 0.140437 -0.558954 0.00459796 0
1231201 660578 m2 0.02795 -0.0718144 -0.166574 0 0.0787619
1231201 216480 m2 0.05475 -0.00258633 -0.423948 0 -0.050649
1231201 641759 m2 0.01325 0.0416616 0.0459468 0 0.00515869
1231201 320022 m2 0.05625 0.107423 -0.610339 0.0949282 0
1231201 355832 m2 0.02 -0.0286651 -0.442372 0 -0.00932597
1231201 339035 m2 0.04745 0.0562133 -0.457067 0.0230495 0
1231201 382822 m2 0.01265 -0.00165409 -0.668582 0 -0.0236363
1231201 149888 m2 0.0415 0.0470122 -0.639041 0.000250512 0
1231201 175194 m2 0.072 0.0859843 -0.658701 0 -0.0230821
1231201 235115 m2 0.0866 0.00887938 -0.68738 0 -0.0145139
1231201 565084 m2 0.0392 0.144666 -0.150956 0.0377174 0
1231201 212904 m2 0.05335 -0.16381 -0.642821 0 0.00985096
1231201 227362 m2 0.058 -0.0282068 -0.37139 0.00101726 0
1231201 465399 m2 0.03615 -0.200347 -0.578019 -0.0834746 0
1231201 352311 m2 0.0137 -0.130922 -0.624064 0 -0.07805
1231201 573161 m2 0.0276 0.0157216 -0.173567 0 -0.0455205
1231201 400747 m2 0.0667 0.0667536 -0.715198 0.0619217 0
1231201 314961 m2 0.1086 -0.00472577 -0.79958 0 -0.0223237
1231201 691024 m2 0.01105 0.156123 -0.298477 -0.0587733 0
1231201 657267 m2 0.03245 0.0062309 -0.319693 0 0.0333534
1231201 117255 m2 0.07425 0.268373 -0.679032 0.0612269 0
1231201 374318 m2 0.043 -0.079585 -0.281088 -0.0536716 0
1231201 643029 m2 0.03815 -0.0917537 -0.165243 -0.0255528 0
1231201 187632 m2 0.0175 -0.0456042 -0.638459 0 -0.0225289
1231201 514024 m2 0.0268 0.148156 -0.149645 0.142939 0
1231201 185398 m2 0.0303 -0.110038 -0.271702 0 0.0217234
1231201 558034 m2 0.03735 -0.0905641 -0.277755 -0.049917 0
1231201 483557 m2 0.05955 -0.0733884 -0.496343 -0.0411618 0
1231201 224100 m2 0.01325 0.0874323 -0.390638 0 0.00551235
1231201 700296 m2 0.0142 -0.061781 -0.283631 -0.00194071 0
1231201 117504 m2 0.03185 -0.130174 -0.555431 0.00297857 0
1231201 683402 m2 0.01215 -0.0108686 -0.471075 -0.0302009 0
1231201 397573 m2 0.07175 0.00157052 -0.49134 0 -0.0450874
1231201 445074 m2 0.03155 -0.106571 -0.584778 -0.0530951 0
1231201 448151 m2 0.04825 -0.0389169 -0.530432 0 0.00336661
1231201 630952 m2 0.01805 -0.155624 -0.24696 0 0.0432795
1231201 574884 m2 0.02255 -0.110377 -0.30062 -0.0600721 0
1231201 120327 m2 0.16685 0.0251128 -0.7087 0 0.00209224
1231201 238105 m2 0.0209 -0.12448 -0.562176 0.0544965 0
1231201 503365 m2 0.0107 -0.0967702 -0.271058 -0.0905146 0
1231201 515158 m2 0.01395 -0.0257372 -0.668872 0 0.0424818
1231201 426025 m2 0.03885 -0.12059 -0.514915 -0.0456776 0
1231201 179861 m2 0.07485 0.10499 -0.622258 0.0173371 0
1231201 213657 m2 0.1215 -0.00503503 -0.788577 0 -0.0041256
1231201 435210 m2 0.0129 0.215328 -0.523143 0.067611 0
1231201 484850 m2 0.02305 0.0963522 -0.614789 0.00193477 0
1231201 556301 m2 0.0536 0.0493423 -0.31669 0 -0.0128785
1231201 719642 m2 0.01235 0.0575363 -0.632899 -0.0181936 0
1231201 326475 m2 0.01335 -0.00376849 -0.449609 0 0.00979152
1231201 178633 m2 0.07075 -0.165928 -0.661209 -0.0938034 0
1231201 251035 m2 0.1541 0.263238 -0.677711 0.127136 0
1231201 481342 m2 0.0131 -0.0742993 -0.168784 -0.0616681 0
1231201 598853 m2 0.03485 0.216485 -0.634872 7.87843e-05 0
1231201 248091 m2 0.0557 0.00240952 -0.612152 0 -0.0367677
1231201 430779 m2 0.051 -0.018945 -0.637317 0.0302852 0
1231201 506319 m2 0.0309 -0.0977055 -0.364095 -0.0996122 0
1231201 490362 m2 0.0241 -0.0183984 -0.474501 -0.0362786 0
1231201 274572 m2 0.24485 0.0305795 -0.808951 0 -0.0233426
1231201 250089 m2 0.0274 0.0873816 -0.565759 0 -0.113809
1231201 337477 m2 0.0731 -0.000537201 -0.633682 0 -0.103644
1231201 285313 m2 0.01535 0.0211607 -0.591786 0 -0.030552
1231201 229333 m2 0.06485 0.0230722 -0.7607 -0.0173161 0
1231201 460854 m2 0.0472 0.086922 -0.779568 0.049175 0
1231201 525931 m2 0.0126 -0.0859027 -0.538844 -0.0239566 0
1231201 354859 m2 0.0956 0.152663 -0.680754 -0.00481049 0
1231201 659300 m2 0.0247 -0.158039 -0.149753 -0.163484 0
1231201 715903 m2 0.0109 -0.169229 -0.325244 -0.0260576 0
1231201 216189 m2 0.10855 0.00611043 -0.678068 0 -0.00955635
1231201 466170 m2 0.04215 -0.0721272 -0.653791 0 -0.0714004
1231201 359565 m2 0.0326 -0.0429991 -0.632178 -0.0325217 0
1231201 411374 m2 0.07265 -0.0591366 -0.607081 -0.0287519 0
1231201 446920 m2 0.01415 -0.0333143 -0.342888 0 -0.0739448
1231201 341605 m2 0.14115 0.0323977 -0.764742 -0.0182359 0
1231201 365709 m2 0.0266 -0.0548506 -0.508537 -0.0557525 0
1231201 468418 m2 0.0813 -0.0225884 -0.659152 0 0.00524741
1231201 424028 m2 0.0174 -0.122513 -0.368473 0 -0.0241274
1231201 599597 m2 0.04825 0.0909414 -0.576523 0.037492 0
1231201 224343 m2 0.02625 0.0342718 -0.679277 0 0.0253348
1231201 605229 m2 0.05265 -0.00354785 -0.477889 0 -0.0224969
1231201 420265 m2 0.0112 0.276977 -0.470232 0.0683211 0
1231201 661800 m2 0.0196 0.177211 -0.593271 0.010494 0
1231201 213668 m2 0.15645 -0.0134268 -0.801273 0 -0.0341787
1231201 443323 m2 0.0173 -0.150116 -0.454728 -0.0439421 0
1231201 230782 m2 0.04465 -0.0731344 -0.302293 -0.0135523 0
1231201 547833 m2 0.0206 0.000826685 -0.542306 0 0.0423548
1231201 298242 m2 0.04515 -0.0462946 -0.762259 0.0384832 0
1231201 516444 m2 0.02825 0.0269184 -0.496578 0 0.0237202
1231201 622513 m2 0.0123 -0.0838143 -0.40518 0 -0.00409272
1231201 560811 m2 0.03465 -0.00981548 -0.609452 0 0.104404
1231201 713043 m2 0.01045 0.0652783 -0.488677 0.0748994 0
1231201 675957 m2 0.0129 -0.0261978 -0.55714 0 0.013374
1231201 642225 m2 0.01525 -0.0921306 -0.274603 -0.0707922 0
1231201 582703 m2 0.0246 -0.00140197 -0.370119 -0.0191003 0
1231201 447386 m2 0.0983 0.0300729 -0.77303 0 -0.062445
1231201 398288 m2 0.05175 0.00422821 -0.603915 0 0.0174127
1231201 410873 m2 0.0824 0.14966 -0.73553 0.0550922 0
1231201 684585 m2 0.0108 -0.0469417 -0.435887 -0.000768005 0
1231201 555806 m2 0.0572 0.0465816 -0.588519 0 -0.0110409
1231201 667632 m2 0.0219 0.0317403 -0.564317 -0.0230567 0
1231201 527895 m2 0.0108 -0.0725194 -0.386089 0.00484015 0
1231201 388331 m2 0.0111 -0.0344366 -0.607514 0.00535708 0
1231201 437735 m2 0.05865 -0.11403 -0.668474 -0.0545216 0
1231201 476231 m2 0.04355 -0.072383 -0.439055 0 -0.0736845
1231201 432704 m2 0.0481 -0.0781755 -0.517041 -0.0372571 0
1231201 328783 m2 0.0166 0.162848 -0.682097 0 -0.00888662
1231201 663320 m2 0.0108 0.187276 -0.226483 0 0.0338157
1231201 442039 m2 0.01135 0.0105353 -0.633817 0.0133554 0
1231201 396260 m2 0.03555 -0.0425623 -0.369487 0 0.0207902
1231201 277516 m2 0.01385 -0.098394 -0.268788 0 -0.0172072
1231201 266894 m2 0.0625 -0.114572 -0.688318 -0.0565771 0
1231201 306767 m2 0.06675 -0.169621 -0.641456 -0.0600567 0
1231201 407916 m2 0.04705 -0.0615777 -0.762766 0 -0.0391577
1231201 317593 m2 0.06845 0.225633 -0.680146 0.0849802 0
1231201 504803 m2 0.03835 -0.101622 -0.414197 -0.0875182 0
1231201 338794 m2 0.04515 -0.176096 -0.581231 -0.0644194 0
1231201 639165 m2 0.0221 0.0900471 -0.384371 0.0345292 0
1231201 361330 m2 0.0192 0.0971965 -0.6086 0.0133198 0
1231201 472667 m2 0.0214 0.00709354 -0.645512 0 -0.0176387
1231201 413847 m2 0.04375 -0.0325342 -0.737727 0 0.0233994
1231201 567686 m2 0.01025 0.0257002 -0.607756 0 0.0266951
1231201 420960 m2 0.0499 0.0257856 -0.674505 -0.00420774 0
1231201 560533 m2 0.02545 -0.0442063 -0.611809 0 -0.0606549
1231201 607877 m2 0.0123 -0.147284 -0.348938 -0.00031348 0
1231201 485092 m2 0.0168 0.0279088 -0.667405 0 -0.0445068
1231201 519890 m2 0.01235 -0.0987441 -0.463298 0.0702398 0
1231201 386593 m2 0.0362 -0.122939 -0.644818 -0.0167928 0
1231201 394489 m2 0.1442 0.106391 -0.753314 0.0708571 0
1231201 358321 m2 0.0142 0.164406 -0.558334 0 -0.104272
1231201 543823 m2 0.0418 0.0606994 -0.728851 0 -0.00894622
1231201 383034 m2 0.05725 -0.120645 -0.485084 -0.0840053 0
1231201 544072 m2 0.0353 0.262303 -0.607261 0.0573511 0
1231201 560291 m2 0.03935 -0.0473672 -0.608993 -0.0214001 0
1231201 403206 m2 0.0545 -0.0679652 -0.340641 -0.0241239 0
1231201 627497 m2 0.0161 0.037986 -0.655112 0 0.0673216
1231201 398267 m2 0.068 -0.0984574 -0.660598 -0.0612965 0
1231201 703197 m2 0.01075 -0.0279823 -0.432105 -0.00986907 0
1231201 555791 m2 0.0377 -0.139646 -0.655293 -0.0628782 0
1231201 433428 m2 0.02195 0.289248 -0.565427 0.029743 0
1231201 431532 m2 0.01075 0.0811953 -0.395466 0 0.0093145
1231201 391180 m2 0.03945 0.145974 -0.735042 0.0536483 0
1231201 514417 m2 0.03625 0.108342 -0.640263 0.0602937 0
1231201 614117 m2 0.0129 -0.146812 -0.466943 0 -0.06486
1231201 720108 m2 0.01425 0.0748091 -0.406889 0.0362197 0
1231201 659278 m2 0.01145 0.116414 -0.624472 0 0.0273412
1231201 495147 m2 0.0529 0.00760814 -0.517188 0 -0.0190803
1231201 463575 m2 0.05645 0.00576774 -0.61874 0.00584429 0
1231201 581922 m2 0.0208 0.0292432 -0.447055 0 -0.0610771
1231201 526388 m2 0.06155 0.0799816 -0.770604 0.0112623 0
1231201 503063 m2 0.0223 0.0867682 -0.481579 0 -0.0255971
1231201 477252 m2 0.05565 -0.109018 -0.439954 -0.0568567 0
1231201 497637 m2 0.03935 0.0705164 -0.687672 0 0.0407337
1231201 447148 m2 0.07175 0.0608369 -0.706775 0 -0.0154409
1231201 491331 m2 0.02615 -0.0754811 -0.526469 -0.0284304 0
1231201 713824 m2 0.01045 0.152427 -0.288684 0.0911713 0
1231201 701253 m2 0.0119 0.0657865 -0.602338 -0.00844495 0
1231201 452586 m2 0.0714 -0.0184029 -0.614096 0 -0.00464781
1231201 665361 m2 0.0204 0.129009 -0.266016 0.0138546 0
1231201 723077 m2 0.01365 -0.000236765 -0.437778 0 0.0528948
1231201 690996 m2 0.01065 -0.0293262 -0.504886 0 0.0339379
1231201 709065 m2 0.015 -0.0297371 -0.555523 0 -0.0205373
1231201 476467 m2 0.043 -0.058745 -0.530808 -0.0591696 0
1231201 457290 m2 0.0348 0.0418908 -0.60762 0 -0.0103297
1231201 506770 m2 0.0167 0.106338 -0.579806 0.0320525 0
1231201 673090 m2 0.01125 0.129818 -0.379855 0 -0.0330778
1231201 478015 m2 0.01245 0.0374252 -0.601252 0 -0.0411387
1231201 593419 m2 0.0352 0.243704 -0.633495 0.0470193 0
1231201 652076 m2 0.01415 0.0674889 -0.433712 0 0.0257036
1231201 603908 m2 0.025 -0.0685923 -0.505559 -0.0709536 0
1231201 671597 m2 0.0126 0.180326 -0.443793 0.0401224 0
1231201 549072 m2 0.0107 0.0206319 -0.496713 0 -0.0609762
1231201 602392 m2 0.03315 -0.13098 -0.484815 0 -0.0172178
1231201 490599 m2 0.01875 -0.242915 -0.625895 0.0239536 0
1231201 587487 m2 0.0106 -0.0690809 -0.395887 0 -0.0345297
1231201 540495 m2 0.0179 0.199927 -0.298319 0.114445 0
1231201 659247 m2 0.0253 -0.113007 -0.391247 0 0.0387367
1231201 499821 m2 0.0406 -0.104148 -0.559653 0 -0.00980126
1231201 566267 m2 0.04545 0.144283 -0.680791 0.0601792 0
1231201 585190 m2 0.0209 -0.12448 -0.562176 -0.0831659 0
1231201 509059 m2 0.0548 0.196751 -0.71739 0.0688795 0
1231201 621479 m2 0.03225 0.196617 -0.64779 0 0.0490389
1231201 673626 m2 0.01315 0.258795 -0.571254 0 0.0340876
1231201 515384 m2 0.01775 -0.110504 -0.383461 0 -0.0307142
1231201 540220 m2 0.02275 -0.0114988 -0.533836 0 -0.0400932
1231201 552263 m2 0.03335 -0.012231 -0.579606 -0.000507604 0
1231201 630206 m2 0.03345 -0.0240459 -0.588567 0 0.0309236
1231201 662291 m2 0.02805 0.111892 -0.630479 0.028554 0
1231201 618271 m2 0.01295 -0.177285 -0.434845 0.0113295 0
1231201 621713 m2 0.02025 -0.103327 -0.379312 -0.00944941 0
1231201 603185 m2 0.02085 -0.0347484 -0.561025 -0.000379611 0
1231201 537648 m2 0.06205 0.00182684 -0.705524 0 -0.00937462
1231201 669766 m2 0.01745 0.0169456 -0.569485 0 -0.0639384
1231201 540744 m2 0.0931 0.176223 -0.603829 0.0642972 0
1231201 688297 m2 0.01515 0.0829119 -0.472045 0.0412879 0
1231201 672837 m2 0.0103 -0.0199648 -0.548125 0 0.021771
1231201 555517 m2 0.0489 -0.00482937 -0.583525 -0.0141949 0
1231201 693484 m2 0.01425 0.0743936 -0.406834 0 -0.0173412
1231201 571583 m2 0.05865 -0.0123139 -0.768845 0 -0.0382142
1231201 696714 m2 0.0119 -0.0408209 -0.591903 0 -0.0173177
