// Initial random seed:
3736669136692

// RunInitializeCallbacks():
initializeTreeSeq();
initializeMutationRate(1e-10);
initializeSex("A");
initializeMutationType(2, 0.5, "f", 0);
initializeGenomicElementType(1, m2, 1);
initializeGenomicElement(g1, 0, 500000);
initializeRecombinationRate(c(1e-06, 0.5, 1e-06, 0.5, 1e-06, 0.5, 1e-06, 0.5, 1e-06, 0.5, 1e-06, 0.5, 1e-06, 0.5, 1e-06, 0.5, 1e-06, 0.5, 1e-06, 0.5, 1e-06, 0.5, 1e-06, 0.5, 1e-06, 0.5, 1e-06, 0.5, 1e-06, 0.5, 1e-06, 0.5, 1e-06, 0.5, 1e-06, 0.5, 1e-06, 0.5, 1e-06), c(50000, 50001, 100000, 100001, 150000, 150001, 200000, 200001, 250000, 250001, 300000, 300001, 350000, 350001, 400000, 400001, 450000, 450001, 500000, 500001, 550000, 550001, 600000, 600001, 650000, 650001, 700000, 700001, 750000, 750001, 800000, 800001, 850000, 850001, 900000, 900001, 950000, 950001, 1000000));

QTL DFE means: 
0 0

QTL DFE variance-covariance matrix: 
     [,0] [,1]
[0,]  0.4    0
[1,]    0  0.4

// Starting run at generation <start>:
1 

100:0.999971 0.999971 -8.88178e-15 -0.000435555 6.79062e-05 -0.167776 -0.0906128 NAN NAN
200:0.999888 0.999888 3.10862e-15 -3.82985e-05 0.000180632 0.0117621 0.010493 NAN NAN
300:0.999956 0.999956 -5.55112e-16 -0.000454659 -0.00015031 0.0534065 0.0564434 NAN NAN
400:0.999816 0.999816 7.88258e-15 -4.77487e-05 5.90079e-05 -0.0360499 -0.0992808 NAN NAN
500:0.999668 0.999668 -8.88178e-16 -0.00131753 -0.000367231 -0.155905 0.0696483 NAN NAN
600:0.999914 0.999914 -2.55351e-15 0.000219248 -0.000103709 0.100965 -0.0602572 NAN NAN
700:0.999969 0.999969 2.44249e-15 -4.80312e-05 1.65534e-05 -0.109897 -0.154936 NAN NAN
800:0.999976 0.999976 -6.66134e-16 -6.3331e-05 7.33596e-06 0.0499735 0.133754 NAN NAN
900:0.999913 0.999913 1.88738e-15 0.000369179 -3.82881e-06 0.0493023 -0.00793877 NAN NAN
1000:0.999837 0.999837 -5.77316e-15 0.000725001 -0.000392171 0.188794 0.179744 NAN NAN
1100:0.995264 0.995191 7.25219e-05 0.00157103 -0.000232906 0.274372 0.156667 0.0664712 0.0182931
1200:0.981662 0.981154 0.000508951 0.00381158 -0.000887483 0.324039 0.205503 0.133161 0.0635638
1300:0.959203 0.9575 0.00170259 0.00740504 -0.00330978 0.29736 0.203259 0.245898 0.125552
1400:0.929422 0.922167 0.0072542 0.00265492 -0.00810693 0.320987 0.265938 0.262872 0.233968
1500:0.892804 0.879565 0.0132385 -0.00231417 -0.0152256 0.307188 0.261222 0.323094 0.283444
1600:0.861062 0.815252 0.0458103 -0.00347287 -0.0394083 0.305472 0.4918 0.310788 0.442101
1700:0.828451 0.734319 0.0941318 0.0161373 -0.0731006 0.33268 0.648447 0.341508 0.599311
1800:0.8025 0.635713 0.166788 0.00458387 -0.107001 0.480424 0.77028 0.480242 0.702244
1900:0.770908 0.528914 0.241994 -0.0158312 -0.0763025 0.646951 0.811053 0.630732 0.774378
2000:0.738567 0.379551 0.359016 -0.0284892 -0.00222932 0.75394 0.918634 0.730085 0.862956
2100:0.744624 0.369159 0.375465 -0.0219007 0.012402 0.783657 0.923382 0.750334 0.872624
2200:0.777647 0.363352 0.414295 0.0161993 0.0240204 0.850455 0.929291 0.814495 0.880998
2300:0.796373 0.360027 0.436346 0.011803 -0.00184429 0.867599 0.943054 0.831628 0.888657
2400:0.811731 0.356046 0.455684 0.0189892 -0.00589781 0.878236 0.950932 0.844125 0.896583
2500:0.811557 0.358315 0.453242 0.011605 -0.00476018 0.874766 0.941176 0.846038 0.891415
2600:0.813883 0.354212 0.459671 0.00419014 0.00627483 0.885121 0.941973 0.863395 0.886313
2700:0.819575 0.352354 0.46722 -0.00504837 0.0105572 0.887681 0.946353 0.863763 0.889139
2800:0.833137 0.350457 0.482681 0.0048438 0.0243032 0.918149 0.933755 0.888165 0.893854
2900:0.832181 0.35119 0.480991 0.0140624 0.0246169 0.9159 0.929178 0.89127 0.888631
3000:0.835417 0.343904 0.491513 -0.0135168 0.0261443 0.911045 0.963849 0.885308 0.905705
