// Initial random seed:
1830635135356

// RunInitializeCallbacks():
initializeTreeSeq();
initializeMutationRate(2.5e-08);
initializeSex("A");
initializeMutationType(2, 0.5, "f", 0);
initializeGenomicElementType(1, m2, 1);
initializeGenomicElement(g1, 0, 500000);
initializeRecombinationRate(c(1e-06, 0.5, 1e-06, 0.5, 1e-06, 0.5, 1e-06, 0.5, 1e-06, 0.5, 1e-06, 0.5, 1e-06, 0.5, 1e-06, 0.5, 1e-06, 0.5, 1e-06, 0.5, 1e-06, 0.5, 1e-06, 0.5, 1e-06, 0.5, 1e-06, 0.5, 1e-06, 0.5, 1e-06, 0.5, 1e-06, 0.5, 1e-06, 0.5, 1e-06, 0.5, 1e-06), c(50000, 50001, 100000, 100001, 150000, 150001, 200000, 200001, 250000, 250001, 300000, 300001, 350000, 350001, 400000, 400001, 450000, 450001, 500000, 500001, 550000, 550001, 600000, 600001, 650000, 650001, 700000, 700001, 750000, 750001, 800000, 800001, 850000, 850001, 900000, 900001, 950000, 950001, 1000000));

QTL DFE means: 
0 0

QTL DFE variance-covariance matrix: 
      [,0]  [,1]
[0,] 0.002     0
[1,]     0 0.002

// Starting run at generation <start>:
1 

100:0.999444 0.999444 -4.40759e-14 -0.0076402 -0.0015638 0.0235175 0.486064 NAN NAN
200:0.999137 0.999137 -3.35287e-14 -0.00643181 -0.0134626 -0.127537 0.457189 NAN NAN
300:0.998789 0.998789 -3.10862e-14 -0.00544741 -0.0051035 -0.105937 0.215337 NAN NAN
400:0.998167 0.998167 -1.9984e-14 -0.0209137 -0.0103847 0.0747524 -0.211349 NAN NAN
500:0.997917 0.997917 3.74145e-14 -0.0178675 -0.00260242 0.0290671 -0.194508 NAN NAN
600:0.997766 0.997766 -2.12053e-14 -0.00748008 0.00299633 0.0569928 0.392287 NAN NAN
700:0.99712 0.99712 3.66374e-15 -0.0369802 -0.0157309 -0.102691 0.0282312 NAN NAN
800:0.996669 0.996669 -1.86517e-14 -0.0184526 -0.0196666 -0.0718269 0.229227 NAN NAN
900:0.996498 0.996498 -2.34257e-14 0.0130155 -0.00919755 -0.0187455 0.671313 NAN NAN
1000:0.996144 0.996144 1.36557e-14 0.00996378 0.00426078 -0.11107 0.505341 NAN NAN
1100:0.995429 0.994346 0.00108351 0.00693307 -0.00595704 0.308281 0.777739 0.0872669 0.257392
1200:0.992709 0.990221 0.00248747 0.00117763 -0.0095716 0.443246 0.683301 0.118804 0.325651
1300:0.988086 0.982598 0.00548747 -0.00816602 -0.00650255 0.439976 0.875427 0.133978 0.422126
1400:0.981059 0.970266 0.0107928 -0.0103561 0.01251 0.435734 0.897823 0.166332 0.55769
1500:0.974195 0.953692 0.0205024 0.00351097 0.0175732 0.747711 0.945657 0.233878 0.668614
1600:0.961294 0.928688 0.0326052 0.010681 -0.00835009 0.67239 0.988366 0.279596 0.776715
1700:0.945101 0.895926 0.0491746 0.00483186 -0.00555311 0.796444 0.982673 0.38873 0.779738
1800:0.929324 0.839121 0.0902027 0.00681578 0.0282019 0.898697 0.980092 0.518137 0.860485
1900:0.90703 0.746687 0.160344 0.0032196 0.0234942 0.934407 0.988385 0.640095 0.890939
2000:0.873206 0.592471 0.280735 -0.00946999 0.00720645 0.969467 0.992519 0.720506 0.907089
2100:0.878762 0.577353 0.301409 0.0199732 0.0124871 0.981671 0.985063 0.723611 0.905993
2200:0.881168 0.567651 0.313517 0.00708151 0.00712755 0.983322 0.990892 0.725811 0.919291
2300:0.877949 0.561007 0.316942 -0.00593901 0.036922 0.977277 0.990023 0.721914 0.921208
2400:0.878535 0.560801 0.317733 -0.0233907 0.0530516 0.980641 0.990965 0.729151 0.92206
2500:0.883821 0.554073 0.329748 0.0154376 0.0682505 0.991446 0.996144 0.722417 0.932479
2600:0.876537 0.557767 0.31877 0.000502032 0.0245845 0.982277 0.99252 0.721777 0.929926
2700:0.874826 0.554359 0.320467 -0.00366516 0.0704444 0.982378 0.985921 0.7176 0.930187
2800:0.876258 0.553722 0.322537 -0.00318248 0.0140865 0.982142 0.990247 0.717689 0.925338
2900:0.871655 0.55834 0.313315 -0.00505805 0.0553882 0.982034 0.996165 0.712116 0.924674
3000:0.874657 0.555764 0.318893 0.0120916 0.0432243 0.982994 0.984297 0.716447 0.912477
