seed mutID muttype p cor_sal cor_temp mutSalEffect mutTempEffect
1231232 173280 m2 0.04735 -0.100969 0.592455 -0.0127725 0.000364166
1231232 428249 m2 0.0636 -0.0852465 0.514026 -0.00692459 0.00997918
1231232 16924 m2 0.02815 0.0702732 0.617716 0.0340641 -0.00253442
1231232 545942 m2 0.0671 0.0618007 0.591071 0.0162595 -0.0656985
1231232 420273 m2 0.01105 -0.0252095 0.541588 0.0272712 -0.0338551
1231232 628119 m2 0.03945 0.0978648 0.512106 0.049547 -0.0097455
1231232 555517 m2 0.0142 0.172141 0.61755 0.011976 0.015001
1231232 627628 m2 0.0187 0.0300327 0.570622 -0.0089709 0.0487813
1231232 197212 m2 0.1373 0.0674069 0.871568 0.021145 0.0579926
1231232 437038 m2 0.056 0.0177105 0.68565 0.0108677 -0.0199391
1231232 204422 m2 0.0723 0.0485685 0.567426 0.00590972 0.0250333
1231232 419011 m2 0.03505 -0.108674 0.482495 -0.0704242 -0.00439209
1231232 457019 m2 0.0152 -0.033191 0.518691 0.0099233 -0.070982
1231232 345279 m2 0.03255 -0.0677406 0.626975 0.0017602 0.0156302
1231232 588947 m2 0.01575 0.139234 0.509128 0.0616226 0.005895
1231232 652799 m2 0.0299 0.0429187 0.651878 0.0687785 -0.0559965
1231232 605916 m2 0.02325 0.17947 0.630111 -0.0194036 -0.0148129
1231232 146992 m2 0.0145 -0.105005 0.428598 -0.0459756 0.0540183
1231232 688283 m2 0.0294 0.0714945 0.540599 0.0089333 0.0745933
1231232 468796 m2 0.02955 -0.094213 0.503519 -0.0235674 -0.0265561
1231232 328551 m2 0.07665 0.044998 0.696323 -0.00210604 0.059067
1231232 627360 m2 0.0214 -0.0769932 0.579967 -0.0896401 -0.00229595
1231232 632631 m2 0.0133 0.141646 0.674778 0.0205392 -0.0269286
1231232 523115 m2 0.0335 0.0915331 0.591366 0.0541275 0.0201089
1231232 204952 m2 0.16525 0.0523521 0.808622 0.0212046 0.0561374
1231232 657786 m2 0.0151 -0.0534038 0.511097 -0.00505132 0.0068037
1231232 440567 m2 0.07855 0.228572 0.711341 0.0836183 0.101592
1231232 46793 m2 0.05315 -0.0470355 0.573735 -0.111207 0.0334495
1231232 135847 m2 0.07995 0.149581 0.645016 0.0385846 -0.0393152
1231232 1017 m2 0.0563 -0.0926519 0.535953 -0.0262529 0.0730771
1231232 661085 m2 0.0459 -0.0409281 0.535476 -0.0678998 0.0113658
1231232 556224 m2 0.06305 -0.0115029 0.69882 -0.0342713 0.00634049
1231232 363224 m2 0.0148 -0.180022 0.548078 -0.0278318 0.000898423
1231232 398651 m2 0.0771 0.260767 0.763377 0.101364 0.00677079
1231232 302682 m2 0.047 -0.0276113 0.554272 0.0265597 0.0597816
1231232 187458 m2 0.022 -0.0873737 0.498737 0.0229861 -0.0209739
1231232 638923 m2 0.01745 -0.0539746 0.513333 -0.0594144 0.0708349
1231232 368956 m2 0.02315 0.0312408 0.620024 -0.0477918 0.047945
1231232 19770 m2 0.0256 -0.0392421 0.371413 -0.01959 0.0347349
1231232 249325 m2 0.03795 0.0611205 0.535116 -0.0122944 -0.0135964
1231232 132061 m2 0.1357 0.0737297 0.827356 0.032285 0.00347275
1231232 274752 m2 0.04835 0.00817699 0.686076 0.0323591 0.0304229
1231232 535292 m2 0.03115 -0.0261562 0.611416 -0.0189235 0.0339041
1231232 238725 m2 0.0831 0.138655 0.211586 0.0912065 0.024791
1231232 588249 m2 0.02595 0.158757 0.47877 0.0491643 0.0452364
1231232 151680 m2 0.0734 0.168283 0.815405 0.0383475 -0.00132961
1231232 326792 m2 0.0206 -0.0222353 0.536019 -0.0406976 0.0514755
1231232 548710 m2 0.01495 0.133492 0.449296 0.106981 -0.0822199
1231232 194679 m2 0.1153 0.0515151 0.632641 -0.0204485 0.0461002
1231232 626089 m2 0.01985 -0.0492913 0.514739 -0.0370815 0.0394138
1231232 570348 m2 0.0285 -0.0558548 0.506246 -0.00709082 0.0363252
1231232 576138 m2 0.02325 -0.0678461 0.617823 -0.0721268 -0.0242043
1231232 487090 m2 0.01385 -0.160797 0.353128 -0.00621982 -0.032119
1231232 663851 m2 0.01825 -0.092208 0.494133 -0.0837429 0.0431834
1231232 453953 m2 0.0367 -0.050336 0.530906 0.0260756 0.0681318
1231232 290479 m2 0.0806 0.0392195 0.722696 0.0280796 0.031047
1231232 671985 m2 0.0227 -0.150388 0.455175 -0.0471086 0.0764157
1231232 459066 m2 0.02275 0.0156464 0.732876 0.03894 -0.0251407
1231232 656997 m2 0.0209 -0.0361267 0.662061 -0.00775764 0.00230428
1231232 714223 m2 0.0166 0.0992062 0.563991 0.0500297 0.0103157
1231232 544456 m2 0.06195 -0.00359349 0.625208 -0.0199848 0.0312214
1231232 454460 m2 0.02005 -0.120033 0.512869 -0.0186625 0.0573707
1231232 224881 m2 0.04615 -0.153023 0.496175 -0.0270605 -0.0086481
1231232 546938 m2 0.0168 0.0042739 0.612593 -0.0224214 0.00236511
1231232 519942 m2 0.022 0.273228 0.386759 0.0882632 -0.0419756
1231232 577100 m2 0.0341 -0.104136 0.485703 0.019209 -0.0463188
1231232 150433 m2 0.04855 0.00942509 0.25927 -0.0107969 0.00719371
1231232 76480 m2 0.13875 -0.183964 0.75889 -0.090074 0.0449129
1231232 440799 m2 0.01115 -0.0328692 0.478266 0.0176446 -0.0193719
1231232 697929 m2 0.0161 -0.111127 0.479235 -0.0649583 -0.0621395
1231232 317843 m2 0.0163 0.12307 0.561737 0.0935832 0.0513652
1231232 323757 m2 0.01825 -0.00702649 0.528593 0.0130412 0.0562278
1231232 619792 m2 0.01045 0.219031 0.448738 0.0127722 -0.0762499
1231232 265577 m2 0.0374 0.10485 0.139577 0.0529684 0.00991593
1231232 362203 m2 0.0902 -0.169607 0.737366 -0.0641273 0.0179518
1231232 456534 m2 0.0605 -0.188332 0.566447 -0.0643997 0.043554
1231232 448646 m2 0.0381 0.153654 0.749064 0.12643 0.0976283
1231232 207151 m2 0.0219 0.0846413 0.346997 0.0377231 0.00891906
1231232 262869 m2 0.0619 -0.0804304 0.391957 -0.014002 -0.0225866
1231232 173984 m2 0.0441 0.109715 0.149889 0.0170076 -0.0248111
1231232 386840 m2 0.0627 -0.165133 0.542136 -0.075784 0.0160356
1231232 352302 m2 0.0536 -0.0961089 0.503393 -0.0798488 0.00116417
1231232 171517 m2 0.0117 -0.0344727 0.503402 -0.0399808 0.0118392
1231232 398840 m2 0.03995 -0.122974 0.37424 -0.0776412 -0.0268744
1231232 413392 m2 0.01255 -0.0546132 0.510101 -0.0571908 -0.0201072
1231232 629378 m2 0.02025 -0.124533 0.475311 -0.0354605 -0.0325729
1231232 642189 m2 0.0199 0.00107557 0.611642 -0.0231298 0.0577674
1231232 173010 m2 0.05665 0.263523 0.505931 0.0496941 0.00860967
1231232 542861 m2 0.01985 -0.0890499 0.498935 -0.0189214 0.0797903
1231232 328527 m2 0.06285 0.00319707 0.610407 0.0398975 -0.0356027
1231232 394827 m2 0.055 0.00854104 0.59624 0.0104005 -0.00925964
1231232 223610 m2 0.02665 0.00319967 0.291546 -0.0165959 0.00551156
1231232 35759 m2 0.01075 0.250064 0.358005 0.0722827 0.020198
1231232 372927 m2 0.03975 -0.148846 0.535215 -0.0585816 0.0605154
1231232 18532 m2 0.0456 0.206485 0.647242 0.0710381 -0.00846095
1231232 10154 m2 0.0748 -0.0440291 0.436639 -0.0751381 0.0241759
1231232 223118 m2 0.01535 0.13939 0.570309 0.011676 -0.0122111
1231232 279160 m2 0.0354 0.115977 0.713181 0.0244837 0.0382461
1231232 414621 m2 0.0125 0.189879 0.641874 0.0972933 0.0496442
1231232 462260 m2 0.0153 -0.048052 0.59493 0.0256891 0.019732
1231232 643408 m2 0.02635 0.0326339 0.512497 0.064592 0.0144285
1231232 125095 m2 0.1122 0.0391743 0.865276 0.0291839 0.0318963
1231232 613978 m2 0.01155 -0.0241172 0.31297 -0.0113714 0.0626696
1231232 228656 m2 0.01695 -0.0525261 0.608164 -0.017336 0.0582592
1231232 591651 m2 0.01105 -0.0342852 0.474579 -0.00185482 -0.0370993
1231232 527145 m2 0.02095 0.0227737 0.683849 -0.022294 -0.0912961
1231232 399530 m2 0.0427 -0.071773 0.606415 -0.0191492 0.0867373
1231232 580650 m2 0.01215 0.0625533 0.305328 0.0645425 0.00997492
1231232 428469 m2 0.02655 -0.00021367 0.744641 0.0138966 0.0257017
1231232 459524 m2 0.0504 -0.0547753 0.46674 -0.0868807 0.00195602
1231232 164046 m2 0.05655 -0.0778489 0.582002 -0.050851 0.0397875
1231232 450158 m2 0.0101 -0.0885831 0.578922 -0.00272895 -0.00728081
1231232 292926 m2 0.03535 -0.060391 0.477525 -0.0752891 -0.0164012
1231232 182099 m2 0.1465 0.0657025 0.685397 0.0233942 0.0023823
1231232 399292 m2 0.0599 0.0382206 0.643607 0.000477705 0.00453031
1231232 519699 m2 0.02315 0.0481089 0.636735 0.023247 0.000738561
1231232 544691 m2 0.06305 0.0540588 0.522052 0.039588 -0.00290461
1231232 708042 m2 0.0104 0.110035 0.364117 0.0322074 0.00513374
1231232 624355 m2 0.0193 -0.114082 0.383574 -0.0262806 0.0328654
1231232 579134 m2 0.03315 -0.0895962 0.642409 -0.0141674 -0.051732
1231232 259644 m2 0.0609 -0.0605402 0.523886 -0.0320673 -0.0118836
1231232 322995 m2 0.06 -0.08827 0.528427 -0.0218496 -0.0221162
1231232 60617 m2 0.0891 -0.0230189 0.773532 -0.0489495 -0.0883034
1231232 650518 m2 0.0239 -0.0289255 0.610964 0.01285 0.0534981
1231232 105995 m2 0.0149 -0.02743 0.525145 -0.0161162 -0.0530962
1231232 236174 m2 0.0205 -0.139188 0.189941 -0.0538256 0.0203447
1231232 292181 m2 0.02155 0.0703976 0.682637 0.0493629 -0.0138403
1231232 407962 m2 0.0521 0.101029 0.808231 0.0533473 0.00557596
1231232 480872 m2 0.0323 0.07621 0.588838 0.00263524 -0.019429
1231232 382002 m2 0.0411 0.0326942 0.328428 0.0573412 0.0114893
1231232 35990 m2 0.1015 -0.0462412 0.685294 -0.00273112 0.0465865
1231232 520884 m2 0.01775 -0.0580685 0.753735 -0.0560321 0.0226976
1231232 576586 m2 0.05915 0.0126052 0.627128 -0.00958173 -0.0693544
1231232 71195 m2 0.0622 -0.028925 0.441006 -0.00910857 0.0420369
1231232 57079 m2 0.0551 0.0726299 0.614124 0.0645525 0.0467128
1231232 655022 m2 0.02235 0.238895 0.412563 0.090661 -0.0143515
1231232 455159 m2 0.02275 0.066961 0.195797 0.0317753 -0.0540823
1231232 569057 m2 0.01855 0.142103 0.64232 0.0706709 0.0334984
1231232 584690 m2 0.0103 -0.095308 0.271707 -0.0236564 -0.0482681
1231232 63412 m2 0.12305 0.396399 0.0257471 0.0909894 0.0906878
1231232 541117 m2 0.0453 -0.0247559 0.352364 -0.0142117 -0.0038252
1231232 520663 m2 0.01175 -0.0898033 0.600797 0.033956 -0.0152388
1231232 632091 m2 0.01075 -0.000411134 0.492949 -0.01106 0.0338921
1231232 24540 m2 0.164 -0.0412023 0.77754 -0.0211444 0.0954459
1231232 518673 m2 0.1075 -0.0139586 0.747145 0.0330058 -0.00142337
1231232 590905 m2 0.01375 0.12187 0.488873 -0.0033449 -0.0430225
1231232 228640 m2 0.062 0.124853 0.538231 0.0268463 -0.0321329
1231232 658279 m2 0.0167 -0.0635609 0.424224 0.0376928 0.0173479
1231232 112577 m2 0.05555 -0.146752 0.657334 -0.0239189 0.0670024
1231232 679744 m2 0.02385 -0.0373256 0.403576 -0.0413194 0.0385361
1231232 402272 m2 0.08025 0.0344774 0.0993264 0.011103 0.00289428
1231232 255096 m2 0.07175 -0.0465269 0.52281 0.0043079 0.0358981
1231232 161008 m2 0.03995 0.170029 0.439047 0.0835504 0.0814215
1231232 305650 m2 0.0417 -0.192967 0.540802 -0.0476379 -0.0712931
1231232 436994 m2 0.0638 -0.103258 0.488161 -0.0458142 0.0416349
1231232 342779 m2 0.0724 -0.105803 0.42474 -0.0331232 -0.00514111
1231232 78217 m2 0.04235 -0.00515462 -0.151863 -0.064939 0.00691906
1231232 256616 m2 0.0666 -0.143834 0.703534 -0.0839433 -0.0484627
1231232 200656 m2 0.03605 -0.0240199 0.523684 0.0399876 0.0483359
1231232 647450 m2 0.01565 0.173091 0.462248 0.00435722 0.0337203
1231232 615236 m2 0.03135 0.31065 0.541923 0.0338062 -0.0851407
1231232 538667 m2 0.0297 -0.0734373 0.678148 -0.0342533 -0.0490773
1231232 499822 m2 0.05995 -0.14558 0.496008 -0.0107748 -0.0187589
1231232 654026 m2 0.0149 0.046738 0.486182 -0.00508343 0.00741624
1231232 173480 m2 0.2114 0.0224435 0.303725 0.00181858 -0.0165117
1231232 670425 m2 0.01055 0.0816433 0.402288 -0.00244879 -0.0408208
1231232 44490 m2 0.0174 0.197538 -0.295401 0.0613648 0.0389833
1231232 464152 m2 0.01395 0.0285889 0.418358 -0.0359981 -0.0583247
1231232 324730 m2 0.1433 0.0956088 0.381226 0.000952961 0.00561445
1231232 514974 m2 0.034 0.0526551 0.746008 -0.0329093 -0.00595221
1231232 588419 m2 0.0525 0.0320822 0.386323 0.0312753 0.0253829
1231232 108709 m2 0.0279 -0.0782293 0.230992 -0.0597544 -0.0243147
1231232 238693 m2 0.0459 -0.177723 0.0939427 -0.0477337 0.0178483
1231232 186404 m2 0.0215 -0.0328307 0.567971 -0.0658861 -0.0205908
1231232 489015 m2 0.06295 -0.122607 0.432614 -0.0702946 0.0511955
1231232 254082 m2 0.06545 -0.0544122 0.773312 -0.00870462 0.0616828
1231232 424917 m2 0.0117 0.0552393 0.43828 -0.0226295 -0.0538677
1231232 303152 m2 0.02015 0.147908 0.418399 -0.0163414 0.100682
1231232 729756 m2 0.01055 0.123247 0.319179 0.118624 -0.0278347
1231232 224837 m2 0.0339 0.143325 0.633809 -0.0124643 0.038349
1231232 680230 m2 0.01205 -0.0226719 0.294735 -0.0783422 -0.0172015
1231232 178906 m2 0.05135 -0.0803789 0.2329 -0.0572214 0.0127796
1231232 498587 m2 0.01895 -0.0544859 0.681199 -0.0112688 -0.0149209
1231232 611493 m2 0.0275 0.107091 0.60638 0.0309484 0.00695191
1231232 117302 m2 0.0221 0.128049 0.163938 0.0477051 0.00723549
1231232 213336 m2 0.05665 0.115503 0.192346 0.0141852 -0.0160253
1231232 651255 m2 0.0117 0.00647854 0.308614 -0.020484 0.0238643
1231232 302187 m2 0.01055 -0.105062 0.47845 0.00735133 0.0191341
1231232 550720 m2 0.01825 -0.0511016 0.102408 0.00857783 0.0607279
1231232 247723 m2 0.0344 -0.0347127 -0.0062172 -0.0297382 -0.0260374
1231232 369923 m2 0.03005 0.0532558 0.648797 0.0186029 0.08111
1231232 414105 m2 0.0126 0.016971 0.640983 0.0534231 -0.0824208
1231232 624819 m2 0.0109 -0.148269 0.242261 -0.0935629 0.0054853
1231232 686483 m2 0.01025 0.269177 0.530178 0.135903 0.0670658
1231232 405184 m2 0.02015 -0.0852341 0.0554225 -0.0690322 -0.00183932
1231232 618514 m2 0.0135 -0.0240334 0.361002 -0.0666673 -0.00999883
1231232 520144 m2 0.0162 -0.132192 0.550802 -0.110439 -0.0274088
1231232 655000 m2 0.0102 0.256464 0.308664 0.0218521 0.0338011
1231232 675968 m2 0.018 -0.13105 0.45788 -0.0347561 -0.0172162
1231232 572814 m2 0.02305 -0.0436644 0.327562 0.000307683 0.0168927
1231232 549970 m2 0.0157 0.110917 0.681091 0.0119422 0.0841067
1231232 595538 m2 0.03205 0.035744 0.554683 -0.0383592 -0.0118752
1231232 674180 m2 0.01295 -0.032012 0.271788 -0.084415 -0.0458342
1231232 331244 m2 0.05325 -0.0442835 0.230068 -0.027183 -0.043435
1231232 690306 m2 0.02485 0.186963 0.309408 0.0620494 0.0294514
1231232 215325 m2 0.0222 -0.0778203 0.419491 -0.0150675 0.0304908
1231232 369919 m2 0.0499 -0.180926 0.582559 -0.0872748 0.0180798
1231232 119808 m2 0.02745 0.0712845 0.489277 -3.48515e-05 -0.0350595
1231232 104454 m2 0.1124 -0.0369749 0.232188 -0.0296077 -0.00787468
1231232 428180 m2 0.04585 0.241771 0.64749 0.00528624 -0.0415395
1231232 679225 m2 0.0115 -0.0751938 0.485868 -0.0699692 0.00364258
1231232 545650 m2 0.0164 -0.0344143 0.292521 -0.0506413 -0.0372794
1231232 94904 m2 0.0226 -0.100208 0.272153 -0.0481886 -0.052492
1231232 111055 m2 0.06525 -0.14942 0.0862942 -0.0498986 -0.0228948
1231232 692886 m2 0.01705 0.145153 0.308575 0.0370812 0.0618363
1231232 217791 m2 0.066 -0.0218936 0.484092 0.000477511 0.144133
1231232 232168 m2 0.03995 0.0107767 0.280676 0.023875 0.011031
1231232 502626 m2 0.0211 0.0538201 0.541384 -0.0121531 0.0686122
1231232 611221 m2 0.01595 -0.15932 0.350414 0.000608053 0.0075718
1231232 104451 m2 0.03375 0.00342785 0.604029 0.0241136 0.0272032
1231232 474523 m2 0.0197 -0.0165615 0.53464 0.048151 -0.0173632
1231232 608121 m2 0.01055 0.0116771 0.313573 -0.0155771 -0.0198655
1231232 635389 m2 0.0151 0.155815 0.403099 0.0539422 -0.0344142
1231232 562548 m2 0.02685 -0.00558912 0.175235 -0.022055 -0.0353825
1231232 424411 m2 0.0418 -0.0645012 0.228009 -0.00120194 -0.00753775
1231232 710091 m2 0.01075 0.0664997 0.353308 0.0194694 0.0543859
1231232 628814 m2 0.03025 -0.013801 0.336624 0.00725607 0.0733077
1231232 63882 m2 0.07355 0.186823 0.728939 0.115301 0.0885049
1231232 664501 m2 0.0131 -0.0246314 0.297368 -0.0135574 0.087924
1231232 10564 m2 0.0349 -0.0837877 -0.517309 -0.0470123 -0.0301656
1231232 522815 m2 0.01955 -0.164931 0.148399 -0.00735686 0.063371
1231232 545876 m2 0.07005 0.166101 0.200391 0.0150452 -0.0232492
1231232 589137 m2 0.01265 0.105616 0.303924 -0.00841269 0.0338718
1231232 601027 m2 0.01245 -0.0198334 0.420325 -0.00857759 0.0456403
1231232 701867 m2 0.01425 0.143274 0.231672 0.0664155 0.0120816
1231232 441256 m2 0.0607 0.152568 -0.0375051 0.0342668 -0.0278195
1231232 214548 m2 0.03865 -0.0720055 0.26235 0.00192398 -0.0359219
1231232 548941 m2 0.01875 0.0573249 0.594492 0.0849408 0.0198632
1231232 447123 m2 0.04945 -0.127699 0.168227 -0.0879789 0.0271794
1231232 542311 m2 0.0367 -0.0653259 0.325737 -0.0453067 0.0448258
1231232 119799 m2 0.01325 -0.0499361 -0.103201 0.0941024 -0.0772691
1231232 482778 m2 0.01085 -0.115444 0.528243 -0.0719852 -0.0118383
1231232 504856 m2 0.0264 -0.184951 0.140039 -0.0615536 0.00734846
1231232 425892 m2 0.01135 0.0956616 -0.135845 0.0603337 -0.0720269
1231232 195063 m2 0.10155 0.0679614 0.489099 0.0320814 0.0565905
1231232 511182 m2 0.0674 -0.0694526 0.193447 -0.0354679 0.0619052
1231232 444832 m2 0.03795 -0.0460874 0.731543 -0.0513278 0.01472
1231232 654272 m2 0.02155 0.138098 0.489473 0.0548905 -0.0297568
1231232 466940 m2 0.0458 0.230346 0.102074 0.0765286 0.00660419
1231232 359376 m2 0.06255 0.132221 0.468159 -0.0359268 0.0351166
1231232 476067 m2 0.0196 -0.123881 0.325853 -0.0151891 0.0748183
1231232 571305 m2 0.0153 -0.103377 0.275314 -0.0574868 -0.0769556
1231232 672446 m2 0.01835 0.192852 0.336033 -0.0270665 -0.0880209
1231232 325445 m2 0.02025 -0.0294523 0.247442 0.0273051 0.00149822
1231232 254545 m2 0.0338 -0.0936813 0.487598 -0.00449941 0.00578811
1231232 504335 m2 0.0128 -0.0584962 0.0558769 0.0222099 -0.0571941
1231232 307096 m2 0.0808 -0.0255047 0.273081 -0.0466622 -0.0188677
1231232 257085 m2 0.026 0.0620386 0.571768 0.0412459 -0.0202632
1231232 335267 m2 0.065 0.146227 0.663712 0.025403 -0.0268195
1231232 697405 m2 0.0234 0.283594 0.403771 0.0584792 0.0506064
1231232 358897 m2 0.07305 -0.0575586 0.34006 0.000193413 -0.0151672
1231232 317043 m2 0.0168 0.0469962 0.521345 -0.00328596 -0.0413426
1231232 634346 m2 0.01415 0.0223952 0.448181 0.022498 0.00560271
1231232 103221 m2 0.04155 0.0735718 0.147665 0.0148337 0.0463769
1231232 287196 m2 0.1906 0.316196 0.707575 0.102223 0.0486224
1231232 596062 m2 0.01615 0.05121 0.111095 0.00766926 0.0148562
1231232 238414 m2 0.06785 -0.0289124 0.48963 -0.0446965 -0.0419332
1231232 668220 m2 0.01635 -0.0925006 0.19407 0.0132105 0.0305599
1231232 669173 m2 0.0106 0.0415934 0.396042 0.00698606 0.0484929
1231232 720828 m2 0.02725 -0.133201 0.152962 -0.0691364 0.0712192
1231232 415294 m2 0.1192 0.00616236 0.738654 -0.0244981 -0.0103102
1231232 662751 m2 0.01005 0.150365 0.0407595 0.0506456 -0.00683309
1231232 174879 m2 0.04855 0.0675394 0.0312704 0.030969 -0.00455073
1231232 314030 m2 0.08845 -0.21761 0.611672 -0.108762 0.0153258
1231232 404438 m2 0.0287 0.2777 0.3844 0.0143374 0.0396837
1231232 515465 m2 0.01265 -0.0747682 0.168172 -0.0543434 0.0580684
1231232 19396 m2 0.03995 0.135336 0.00209067 0.0344686 -0.0378297
1231232 388052 m2 0.01495 0.119095 0.442475 0.00055312 -0.0148034
1231232 52729 m2 0.0443 -0.045262 -0.0499645 -0.0145979 0.107083
1231232 103215 m2 0.07395 -0.0286458 0.244864 -0.000142024 -0.0015066
1231232 623159 m2 0.0289 0.0461775 0.355926 0.00255653 -0.00556698
1231232 193375 m2 0.13075 0.0291972 0.60177 0.00667494 -0.00681668
1231232 223819 m2 0.04495 0.0210945 0.327787 -0.00682562 -0.00438248
1231232 439202 m2 0.027 -0.120747 0.218347 -0.0472025 0.0627057
1231232 261519 m2 0.0547 0.133432 0.247994 0.0633003 -0.0291406
1231232 154990 m2 0.03165 -0.104247 0.502613 0.0248396 0.00961324
1231232 662746 m2 0.0117 -0.00451214 0.0526416 0.00662936 0.00663267
1231232 460239 m2 0.0272 0.241741 0.463268 0.0261413 0.0345845
1231232 561507 m2 0.0191 0.050539 0.22402 0.0391835 -0.00702388
1231232 307337 m2 0.03475 0.113274 0.14507 0.0554435 0.0457288
1231232 72683 m2 0.04305 -0.11002 0.00859686 -0.0251816 -0.047774
1231232 191900 m2 0.0439 -0.126895 0.544441 0.031302 -0.0389504
1231232 660008 m2 0.01005 -0.0220596 0.331572 0.0103626 0.00789414
1231232 212561 m2 0.0498 0.0432279 0.744651 0.0351451 -0.00462902
1231232 80846 m2 0.07415 0.0493907 0.1321 0.00298207 -0.0547363
1231232 405899 m2 0.0209 -0.189955 0.497383 0.0204393 -0.0679515
1231232 614183 m2 0.0267 0.177548 0.542114 0.0190756 -0.0414037
1231232 529629 m2 0.01245 0.135508 0.0417169 0.0337337 -0.0221987
1231232 310271 m2 0.0728 -0.015709 0.0783367 -0.0408531 -0.056066
1231232 634068 m2 0.0286 -0.112296 0.261815 -0.0360919 0.0049966
1231232 505331 m2 0.0215 0.147741 0.602716 0.0292912 -0.0838871
1231232 435936 m2 0.0102 -0.0835777 0.214558 -0.00570084 0.00799795
1231232 683733 m2 0.02075 -0.0101977 0.304344 0.0341932 -0.0382764
1231232 642121 m2 0.02725 0.105196 0.123555 0.0263049 -0.050264
1231232 670384 m2 0.0172 0.0865921 0.00441233 -0.0542478 -0.0427727
1231232 388777 m2 0.021 -0.102471 0.163273 -0.022662 0.069998
1231232 264527 m2 0.0373 -0.0645501 0.316808 -0.00202279 -0.0533195
1231232 63842 m2 0.16395 -0.0708543 -0.308268 -0.0150885 -0.0280083
1231232 480571 m2 0.03325 0.0412754 0.0383353 -0.00597491 -0.0785798
1231232 498786 m2 0.03545 -0.0349082 0.189282 -0.0084627 0.0595821
1231232 395293 m2 0.0118 0.302803 -0.280579 0.0430121 -0.00329936
1231232 678935 m2 0.0119 0.230038 0.123992 0.0956404 0.0232328
1231232 201116 m2 0.07365 0.0425784 0.739613 0.0231161 -0.00594804
1231232 26952 m2 0.04635 0.0221898 -0.527831 0.0695824 0.0289914
1231232 409841 m2 0.10465 0.0755448 0.538024 0.0424035 -0.0217921
1231232 385786 m2 0.01955 -0.124353 0.325941 -0.00694403 0.034485
1231232 46658 m2 0.0849 0.268569 0.162494 -0.0150054 -0.0147081
1231232 600753 m2 0.0247 0.0109117 0.165933 0.00291998 -0.0343809
1231232 61330 m2 0.023 0.0667911 -0.0512956 0.0270284 -0.0633535
1231232 566185 m2 0.03645 -0.110959 0.1652 -0.0435855 -0.0699337
1231232 592063 m2 0.0175 0.0637957 0.186987 0.0367278 0.0469941
1231232 527594 m2 0.07965 0.0899079 0.240328 0.071242 -0.0492366
1231232 107657 m2 0.0168 0.0761451 -0.548831 -0.0251202 -0.103519
1231232 662969 m2 0.023 0.156424 0.29676 0.108536 -0.062121
1231232 173183 m2 0.01415 0.0684677 -0.178602 -0.0192778 0.0583139
1231232 268465 m2 0.0994 0.157582 0.783698 0.0792261 0.112633
1231232 303103 m2 0.0122 -0.0563581 0.0241535 -0.00698798 -0.0138449
1231232 148843 m2 0.023 -0.156674 0.125186 -0.0381218 -0.0128637
1231232 560754 m2 0.01615 -0.0371486 0.054294 0.0664266 0.0457935
1231232 675669 m2 0.01035 -0.0748541 0.236973 0.0220564 0.0174933
1231232 483762 m2 0.0293 0.118026 0.116746 0.0120351 -0.00184794
1231232 441937 m2 0.02815 -0.146835 0.0508169 -0.091509 -0.00357233
1231232 347650 m2 0.0405 0.0440815 0.0371395 -0.00568252 7.61538e-05
1231232 196059 m2 0.1317 0.117409 0.453803 0.0315179 0.0779654
1231232 72665 m2 0.05115 0.0860752 -0.76172 0.0528884 0.0698186
1231232 318228 m2 0.02955 0.261974 0.375596 0.0904223 0.0493792
1231232 592060 m2 0.063 0.164851 0.354124 0.047069 0.0376659
1231232 425626 m2 0.07865 0.162156 0.555259 0.0379646 -0.00682974
1231232 69540 m2 0.0299 -0.0550866 -0.307567 0.0793045 0.0278801
1231232 639390 m2 0.01435 -0.158884 0.331679 -0.0115839 -0.0236941
1231232 32624 m2 0.02605 0.116713 0.321999 0.00167399 0.00996091
1231232 524528 m2 0.0589 0.128724 0.215801 0.0536799 0.0449757
1231232 661528 m2 0.0155 -0.0279168 0.103691 0.0271954 -0.0230188
1231232 478842 m2 0.0206 0.147168 -0.0221834 0.0294159 -0.0160415
1231232 602011 m2 0.02635 0.175264 0.0110388 0.0585439 -0.0260553
1231232 451899 m2 0.0146 -0.142428 0.153654 -0.0701165 -0.0226656
1231232 662722 m2 0.0154 -0.141652 0.103096 -0.0726951 -0.0254652
1231232 277094 m2 0.03415 0.00741523 0.741977 0.028834 0.00413138
1231232 275656 m2 0.0165 -0.0588983 0.183353 -0.0607706 -0.0119897
1231232 262786 m2 0.0545 0.0527659 -0.188381 0.0440719 -0.0377154
1231232 18686 m2 0.1236 -0.148608 -0.707643 -0.0787418 0.0207235
1231232 627000 m2 0.0176 -0.14566 0.00784004 -0.0194927 -0.036775
1231232 614908 m2 0.03505 -0.084495 0.251027 -0.0451042 -0.0213445
1231232 707742 m2 0.0214 0.245006 0.324261 0.0626782 -0.0292434
1231232 380217 m2 0.0611 0.0748199 0.719715 -0.0203369 -0.0189239
1231232 515691 m2 0.02135 0.0274878 0.320241 -0.012472 -0.0402285
1231232 70872 m2 0.04585 -0.0877674 0.189098 -0.0159864 0.0509237
1231232 321945 m2 0.05225 -0.0432687 0.57664 0.0148097 0.0448483
1231232 638809 m2 0.01275 -0.00924759 -0.166721 -0.0084011 0.0139241
1231232 430865 m2 0.0265 0.0968054 0.0163006 0.00793825 0.0156093
1231232 130692 m2 0.0535 0.080608 -0.0337296 0.0251572 -0.0150748
1231232 563929 m2 0.05575 -0.0903895 0.091785 -0.036296 -0.00438379
1231232 654956 m2 0.0144 0.0117981 0.0887216 0.0298596 0.0739596
1231232 671127 m2 0.0204 0.269116 0.236016 0.00500305 -0.0076086
1231232 645870 m2 0.01165 -0.0434028 0.159144 -0.0723023 0.018688
1231232 415986 m2 0.013 -0.0319344 0.165124 0.00893155 0.0111432
1231232 416244 m2 0.0994 -0.0946296 0.279198 -0.0174392 -0.00934822
1231232 376189 m2 0.0325 0.0090908 0.396476 0.0111157 -0.0231657
1231232 565403 m2 0.01565 0.0323594 -0.0560762 0.0482105 -0.0398347
1231232 536644 m2 0.0143 -0.108846 0.0597884 0.0112777 0.00306454
1231232 21118 m2 0.0673 -0.012416 0.266407 0.0290162 0.0625105
1231232 438189 m2 0.0494 0.092715 0.454595 0.0509131 0.0056814
1231232 563692 m2 0.02065 0.175445 -0.194249 0.0234756 -0.0187731
1231232 256278 m2 0.12915 0.123314 -0.301987 0.0319514 -0.0292488
1231232 259559 m2 0.0479 0.0223512 0.371735 -0.0259971 -0.0239241
1231232 631013 m2 0.01615 -0.153187 0.0632767 -0.0434524 0.00376337
1231232 313519 m2 0.08075 0.0179476 0.310632 -0.024637 -0.0230959
1231232 499994 m2 0.06195 -0.00101866 0.0815852 0.0274837 -0.00346208
1231232 294637 m2 0.03215 -0.0380226 0.301064 -0.0136968 0.0327567
1231232 675652 m2 0.0114 0.0816878 0.30085 -0.0596649 -0.0327794
1231232 393754 m2 0.0945 -0.144123 -0.479188 7.51211e-05 -0.000928943
1231232 112487 m2 0.07095 -0.0863826 -0.0421799 -0.0357031 -0.00514407
1231232 227307 m2 0.09015 -0.160475 0.144161 -0.0560398 0.0265363
1231232 538829 m2 0.01875 -0.0100379 -0.000233441 0.00371682 -0.00482089
1231232 678659 m2 0.01185 -0.035952 0.171156 0.0114149 0.0239947
1231232 305576 m2 0.01345 0.175203 -0.295519 0.00985928 -0.0222506
1231232 631233 m2 0.0109 0.0722738 0.216252 0.0283503 -0.00919253
1231232 532935 m2 0.06275 -0.00596462 0.0843352 0.0346561 0.0865742
1231232 587380 m2 0.0282 0.156036 0.0602656 0.0443408 -0.0504391
1231232 39348 m2 0.0142 -0.0857823 -0.0830151 -0.00602227 -0.0306093
1231232 79340 m2 0.0288 0.0508392 0.165429 0.0227413 0.049906
1231232 441450 m2 0.02815 -0.146835 0.0508169 -0.0655844 0.015292
1231232 649409 m2 0.02125 -0.0595308 0.0956687 0.0238834 0.0425949
1231232 298675 m2 0.02665 0.218123 -0.581259 0.0643248 0.00532193
1231232 288849 m2 0.0172 -0.129842 -0.14193 -0.0632478 0.00202449
1231232 618946 m2 0.0122 0.102117 0.0645642 -0.00935025 0.03268
1231232 455894 m2 0.01995 -0.115899 0.166302 -0.0575375 0.0316713
1231232 168198 m2 0.0248 0.0580184 -0.380657 0.0112771 -0.0245903
1231232 358339 m2 0.06985 0.145663 0.0058991 0.0162519 0.000756637
1231232 309782 m2 0.0938 0.0497646 -0.391197 -0.00375865 0.0356546
1231232 90698 m2 0.10065 -0.0581511 -0.712718 0.00747206 0.0143891
1231232 57728 m2 0.0184 0.179427 0.0947284 0.0468676 0.0208121
1231232 304811 m2 0.03795 -0.08536 -0.193126 -0.0629917 -0.0437992
1231232 336953 m2 0.0313 -0.0290828 -0.0639378 -0.0888872 0.0399086
1231232 332383 m2 0.05155 -0.0391135 0.570309 0.0325102 -0.0386235
1231232 630020 m2 0.01305 -0.0967581 -0.0516439 -0.0087046 -0.00012906
1231232 326153 m2 0.02845 -0.011298 -0.23694 0.01247 -0.0191178
1231232 608058 m2 0.03655 -0.0740494 -0.176998 -0.0231474 -0.0159848
1231232 558794 m2 0.0367 -0.013096 -0.0833379 0.0309989 -0.000680535
1231232 382896 m2 0.0878 0.0879281 -0.233848 0.0406535 -0.0159685
1231232 635834 m2 0.02555 0.0177208 0.0604793 -0.0128785 0.0469638
1231232 548895 m2 0.01485 -0.0754175 0.0517298 0.03791 0.032815
1231232 672153 m2 0.03635 -0.0776755 0.106644 -0.0236718 -0.0134284
1231232 569234 m2 0.01925 -0.0912039 0.0665862 0.00971274 0.0518561
1231232 610693 m2 0.0359 0.0429307 0.177279 -0.0159633 0.0582502
1231232 642811 m2 0.03165 -0.028343 -0.0604079 -0.047625 -0.0541432
1231232 361085 m2 0.05245 0.0740925 0.506508 0.0357177 0.0264853
1231232 36353 m2 0.03525 -0.132842 -0.263736 -0.0757197 -0.0240768
1231232 56971 m2 0.15375 0.11086 -0.497562 0.0427425 -0.0511801
1231232 684256 m2 0.02015 -0.103272 0.0609677 -0.0487861 -0.0646627
1231232 48654 m2 0.0491 0.0496751 0.103626 -0.0298109 -0.00709037
1231232 711889 m2 0.0179 0.0612286 0.0577747 0.000693474 -0.0260526
1231232 609891 m2 0.02195 -0.0533892 0.0891114 -0.00427521 0.0785545
1231232 201330 m2 0.0117 -0.174025 0.0489699 -0.0253268 0.0039974
1231232 398735 m2 0.0584 -0.223251 -0.123862 -0.0619039 0.0231518
1231232 421574 m2 0.03695 -0.0774817 -0.587219 -0.0119905 0.0312664
1231232 589864 m2 0.01225 0.0797109 -0.0330816 0.0122568 0.0153794
1231232 685193 m2 0.01665 0.0989015 -0.0566359 -0.0257013 0.0231675
1231232 490930 m2 0.02375 0.101905 0.169406 0.0642787 -0.0169316
1231232 643321 m2 0.02325 -0.089291 -0.0667466 0.0129897 -0.0771118
1231232 498748 m2 0.06975 0.0463151 0.0120857 0.00310679 -0.0869307
1231232 522272 m2 0.0233 0.0407778 0.124574 0.00443736 0.0328707
1231232 93828 m2 0.0415 0.172217 -0.746442 0.0384714 -0.00571605
1231232 482993 m2 0.0797 -0.023569 0.184183 0.0288391 0.00330329
1231232 654733 m2 0.0234 -0.0656197 0.055273 -0.0710424 0.0242885
1231232 201089 m2 0.017 -0.059444 0.203882 0.000621951 -0.00320872
1231232 216495 m2 0.03405 0.0339639 -0.02861 0.0108624 -0.0301032
1231232 591798 m2 0.01525 -0.202102 -0.137299 -0.0559508 -0.102072
1231232 720781 m2 0.013 -0.036189 -0.0536295 -0.0218813 -0.00665599
1231232 346859 m2 0.0109 0.0516269 -0.314517 0.0421728 0.00273211
1231232 658466 m2 0.03715 0.118979 0.120768 0.00101768 0.0276354
1231232 137699 m2 0.04695 0.085025 -0.611676 0.0131039 -0.0190068
1231232 113723 m2 0.0454 -0.0837998 -0.517361 -0.0310252 0.0320081
1231232 273383 m2 0.03495 -0.0232963 -0.170196 -0.0528945 0.0130829
1231232 364789 m2 0.01765 -0.164618 -0.588574 -0.009632 -0.0574643
1231232 398542 m2 0.01655 -0.144692 -0.0495354 -0.0157259 0.0159983
1231232 45112 m2 0.18965 0.152694 -0.801957 0.0633769 0.0110801
1231232 121773 m2 0.0836 -0.158837 -0.531686 -0.0129866 0.0200457
1231232 628509 m2 0.0196 0.0540197 -0.00469736 0.0248607 -0.00349153
1231232 107095 m2 0.01625 0.0689195 -0.219886 0.0224589 -0.0336627
1231232 352418 m2 0.0278 0.279211 -0.489981 0.043754 -0.0160738
1231232 697340 m2 0.01635 0.128956 -0.16056 -0.0401672 -0.00414317
1231232 476790 m2 0.0269 0.0699609 -0.161805 -0.00645312 -0.0582158
1231232 418410 m2 0.06195 -0.0105202 0.0780309 -0.0347418 -0.0929344
1231232 714565 m2 0.01085 0.199753 -0.0370122 0.0542324 0.0498082
1231232 679425 m2 0.01725 0.195608 0.174323 0.0927673 -0.0606791
1231232 339633 m2 0.0125 0.0993656 -0.352008 0.0690389 -0.0217034
1231232 445541 m2 0.01795 -0.0659012 -0.00320867 -0.00637958 0.0762981
1231232 60263 m2 0.13255 -0.014897 0.625788 0.00137 -0.0172163
1231232 585842 m2 0.02625 -0.0390325 -0.4305 -0.0209514 0.0359493
1231232 408348 m2 0.03225 -0.0986468 0.104564 -0.0359981 0.000886783
1231232 301601 m2 0.02445 0.131782 0.346554 -0.0283399 0.022974
1231232 174104 m2 0.05865 -0.169281 -0.016745 -0.0712806 0.0401233
1231232 640308 m2 0.02275 -0.0806849 -0.434047 -0.0419107 0.0393555
1231232 165441 m2 0.0367 0.0224367 0.269762 0.000676693 0.0404575
1231232 175782 m2 0.0708 -0.178038 -0.508315 -0.0500597 -0.060995
1231232 153454 m2 0.04985 -0.0575279 -0.675233 -0.033504 0.0215496
1231232 274109 m2 0.07785 0.0907671 -0.310671 -0.00970187 0.0159899
1231232 171646 m2 0.13355 0.244398 -0.371929 0.0341285 -0.0555113
1231232 85442 m2 0.02745 -0.00592054 -0.0201906 -0.0215469 0.00784724
1231232 487972 m2 0.0262 0.176548 0.161807 0.0178636 0.0159572
1231232 172137 m2 0.07695 -0.137335 -0.832005 -0.0530652 0.0104012
1231232 248640 m2 0.04945 0.0741406 -0.156299 0.00386034 -0.0272438
1231232 614137 m2 0.01985 -0.0572387 0.169421 -0.0196254 -0.0720122
1231232 691505 m2 0.01485 0.0338675 -0.180857 0.00850307 -0.0361221
1231232 529578 m2 0.04245 -0.123085 -0.0619206 -0.0554277 -0.00657291
1231232 438693 m2 0.07235 -0.119047 0.11866 -0.0661664 -0.0569276
1231232 274860 m2 0.02025 -0.0967947 -0.385069 0.0780262 0.0202836
1231232 122767 m2 0.09555 -0.0391406 -0.715334 -0.0485326 0.0184196
1231232 119723 m2 0.03655 -0.0278145 -0.378361 -0.00689556 -0.0151856
1231232 602228 m2 0.01035 -0.0836701 -0.051942 -0.0125473 -0.0333281
1231232 627741 m2 0.01425 0.00103443 -0.0879265 -0.0322678 -0.00863127
1231232 626965 m2 0.01535 0.0524618 -0.0499335 0.0220302 0.0251411
1231232 585096 m2 0.01995 -0.0488742 -0.0518273 -0.0131767 0.0308219
1231232 670605 m2 0.0142 -0.0796098 0.0556876 0.000580514 0.0592225
1231232 522979 m2 0.03795 0.115565 -0.507961 0.0180111 0.0675658
1231232 602938 m2 0.02505 0.104193 -0.184286 0.00284569 -0.0110073
1231232 680933 m2 0.01305 -0.0164569 0.05727 -0.0313888 -0.0688813
1231232 43073 m2 0.1038 0.0618294 -0.706979 0.0516238 0.00660816
1231232 219194 m2 0.04155 0.00808425 0.561201 0.0464328 -0.0321748
1231232 536136 m2 0.0115 0.0344745 -0.184571 9.15677e-05 0.0117293
1231232 47110 m2 0.06255 -0.113659 -0.675235 -0.0211167 0.0470838
1231232 447532 m2 0.03495 0.123441 -0.365998 0.0490827 0.00261613
1231232 265436 m2 0.01515 0.0122522 -0.202888 -0.0629448 -0.0280251
1231232 242063 m2 0.0689 0.0565215 -0.708859 0.0122493 0.0394098
1231232 693764 m2 0.02 0.0186621 -0.195952 0.0273814 -0.0153833
1231232 341639 m2 0.11485 0.10826 -0.0628135 0.0378101 -0.0185778
1231232 28782 m2 0.0125 -0.101298 -0.480418 -0.0899121 -0.0596892
1231232 264732 m2 0.0306 0.0454878 -0.29597 -0.0212571 0.0492481
1231232 688855 m2 0.0259 0.184675 -0.427853 0.00861519 0.0585703
1231232 65359 m2 0.01585 -0.126281 -0.160855 0.0328285 0.0254891
1231232 599927 m2 0.03625 0.0766858 -0.380821 -0.00939894 -0.0186566
1231232 544321 m2 0.02715 0.0158183 0.201356 -0.0661251 -0.0419407
1231232 275365 m2 0.0251 -0.0271647 -0.302799 -0.025554 0.00153486
1231232 40085 m2 0.0445 -0.13334 -0.706258 -0.046363 -0.0153077
1231232 38313 m2 0.2203 -0.0966314 -0.326772 -0.053063 -0.0206493
1231232 566368 m2 0.04685 0.0111383 -0.457085 -0.0380855 0.0105592
1231232 375865 m2 0.01565 -0.163808 -0.048507 -0.0367727 0.00850267
1231232 698848 m2 0.01155 0.275121 -0.243544 0.021721 0.0188463
1231232 650661 m2 0.0212 0.00343104 -0.136098 -0.0231181 0.033286
1231232 654202 m2 0.013 0.041838 -0.00553739 0.0170036 -0.0312103
1231232 634775 m2 0.0145 0.0693417 -0.229361 0.006673 -0.040593
1231232 312944 m2 0.03 0.0736009 -0.642653 0.0122651 -0.0175536
1231232 116684 m2 0.06695 0.0324118 -0.541903 0.0300116 -0.0248716
1231232 213468 m2 0.032 -0.0190803 -0.201625 0.0368985 -0.0460202
1231232 325365 m2 0.0166 0.153407 0.047339 0.0199336 0.023631
1231232 385479 m2 0.0137 0.0172968 0.154919 0.00946046 -0.047187
1231232 140922 m2 0.05055 -0.0335877 -0.460014 -0.0270772 0.0162631
1231232 384447 m2 0.02755 -0.167666 0.0679505 -0.070291 0.0771296
1231232 271144 m2 0.03485 -0.137392 -0.201341 -0.0857159 -0.0377455
1231232 382620 m2 0.05815 0.218453 -0.35936 0.0203874 0.02912
1231232 576003 m2 0.0206 -0.093335 -0.0526715 -0.0122603 0.0815898
1231232 499712 m2 0.02425 -0.028787 -0.180965 -0.00805504 -0.0417246
1231232 510133 m2 0.049 -0.0994692 -0.199804 0.011345 -0.0142071
1231232 356336 m2 0.03235 -0.0409401 -0.111239 -0.0285399 0.00255842
1231232 665192 m2 0.01205 0.0645212 -0.458476 0.0114893 0.00954094
1231232 67296 m2 0.0967 0.146119 -0.750104 0.074363 0.0453857
1231232 594983 m2 0.0328 0.193452 0.453428 -0.0049663 0.0279801
1231232 38283 m2 0.0347 -0.00575731 -0.0527753 0.054254 0.0582526
1231232 246857 m2 0.10975 0.0970259 -0.40123 0.0578605 0.00952192
1231232 178794 m2 0.05925 -0.129323 -0.223027 -0.0859775 0.0399325
1231232 331629 m2 0.03075 -0.0356213 -0.192592 -0.0729717 0.0022088
1231232 613630 m2 0.0444 -0.0225726 -0.35248 0.0523504 0.0196141
1231232 378127 m2 0.0906 -0.180623 -0.539886 -0.0665893 0.00568602
1231232 297902 m2 0.0228 0.25013 0.307323 0.101132 -0.0142162
1231232 583029 m2 0.01605 0.000262355 -0.00236119 0.00111679 0.0218257
1231232 530558 m2 0.02835 0.286093 -0.186205 0.0195598 0.0241651
1231232 47831 m2 0.17355 -0.0336815 -0.686218 0.0233616 -0.00278984
1231232 103119 m2 0.08875 -0.043945 -0.607447 -0.000686197 -0.0828952
1231232 513889 m2 0.0374 -0.0367194 -0.142287 0.0014153 0.0474177
1231232 142654 m2 0.0945 0.0128526 -0.559089 -0.0391 -0.0285957
1231232 462613 m2 0.02105 -0.0090544 -0.0573445 0.0262035 0.0374693
1231232 65816 m2 0.038 -0.110921 -0.73023 -0.0855151 -0.02914
1231232 47078 m2 0.17055 0.252252 -0.778298 0.106291 -0.0408061
1231232 471731 m2 0.02815 0.0332723 0.364342 0.00569743 -0.0286561
1231232 208831 m2 0.0844 0.0373806 -0.222644 0.00196397 0.0121513
1231232 164661 m2 0.02525 0.02305 -0.223721 -0.0438933 -0.0780437
1231232 542476 m2 0.0422 -0.148495 -0.25296 -0.0902729 -0.0457712
1231232 503786 m2 0.01725 -0.0471876 -0.159696 -0.00299954 0.0613166
1231232 573733 m2 0.018 -0.0283488 -0.177262 0.0287954 -0.0545063
1231232 358805 m2 0.042 -0.104067 -0.405462 -0.00675724 -0.0074398
1231232 467616 m2 0.01175 -0.150767 -0.048336 -0.101349 0.0773632
1231232 639808 m2 0.01345 0.00136042 -0.338743 -0.0451954 0.0885468
1231232 481018 m2 0.036 -0.00169961 -0.617809 -0.0118021 -0.0136436
1231232 388407 m2 0.0281 0.207306 -0.14234 0.063209 0.0460629
1231232 141851 m2 0.0701 0.0219714 -0.818768 0.0336548 -0.0293969
1231232 142416 m2 0.04 0.118515 0.435645 0.0354246 -0.0404642
1231232 117411 m2 0.1056 0.0686187 -0.201925 -0.00225595 0.0105546
1231232 617677 m2 0.06315 -0.024945 -0.0477233 0.0201884 -0.0167352
1231232 521018 m2 0.05965 0.0461979 -0.587214 0.00643904 -0.0282688
1231232 79511 m2 0.1397 -0.136788 -0.787127 -0.0996555 -0.0439693
1231232 631477 m2 0.01155 -0.0465755 -0.0557458 0.00738834 -0.0288278
1231232 663446 m2 0.027 0.245846 -0.20277 0.0767216 -0.00686858
1231232 679138 m2 0.0155 -0.191912 -0.0449342 -0.0561868 -0.112945
1231232 531803 m2 0.0442 0.0862469 -0.105848 0.0922739 -0.0407161
1231232 725203 m2 0.0115 0.113792 -0.391296 0.0407308 -0.0517171
1231232 191542 m2 0.0936 -0.0872746 -0.709057 -0.042244 -0.0366933
1231232 287108 m2 0.03445 0.00931078 0.461844 -0.0376961 -0.0323233
1231232 710486 m2 0.02025 0.185668 -0.236797 0.0382226 0.0187547
1231232 133343 m2 0.01165 0.069981 -0.28594 0.00614377 0.0633818
1231232 320428 m2 0.0723 -0.134892 -0.565231 -0.0830592 0.00552466
1231232 398913 m2 0.01765 -0.146881 -0.273482 -0.0507795 -0.0107637
1231232 390148 m2 0.04475 0.0296276 0.141351 -0.0146908 0.0259126
1231232 221423 m2 0.0182 0.193533 -0.494032 0.0460793 0.00969407
1231232 405603 m2 0.07295 0.0919872 0.0574428 0.0139491 0.0226028
1231232 97467 m2 0.0659 -0.0168681 -0.773761 0.0207348 0.0113716
1231232 659445 m2 0.02675 0.177025 -0.355527 0.00149637 0.0409492
1231232 676841 m2 0.01035 0.195818 -0.344391 0.0295357 -0.0323108
1231232 733384 m2 0.012 -0.145995 -0.046969 -0.0593122 -0.045248
1231232 153943 m2 0.0951 0.0810154 -0.338036 0.0330719 0.0138285
1231232 323587 m2 0.05335 0.137278 -0.752512 0.0543911 -0.0471687
1231232 121457 m2 0.02635 -0.143359 -0.3776 -0.030735 -0.0126606
1231232 472204 m2 0.0117 -0.0580515 -0.476422 -0.00232075 0.0357354
1231232 429836 m2 0.0244 -0.032449 -0.11555 0.0529008 -0.00128441
1231232 228989 m2 0.0197 0.0784471 -0.607865 -0.0231098 -0.011166
1231232 239838 m2 0.01315 0.073167 -0.575449 -0.0648398 -0.0673147
1231232 513338 m2 0.01695 -0.144016 -0.15401 -0.072866 -0.0289053
1231232 140126 m2 0.02545 -0.123952 -0.644362 -0.0076158 0.0500656
1231232 305276 m2 0.0361 -0.132194 -0.158073 -0.0285548 0.000538547
1231232 652922 m2 0.01105 0.0435956 0.217233 0.00610338 -0.0796077
1231232 189802 m2 0.04075 -0.107499 -0.3619 -0.0133669 0.00893144
1231232 650880 m2 0.01155 -0.13196 -0.260537 -0.0697517 0.0200617
1231232 260191 m2 0.083 -0.00168019 -0.683523 0.0795724 0.00305377
1231232 532582 m2 0.1379 0.147178 -0.0404179 0.0303673 -0.0892707
1231232 461858 m2 0.06795 -0.117046 -0.434278 -0.0836707 -0.0561226
1231232 655874 m2 0.0111 0.0135484 -0.180464 -0.0231809 0.00122208
1231232 270585 m2 0.0454 -0.0878228 -0.480253 0.025625 -0.0810101
1231232 250409 m2 0.04765 0.0634174 -0.274264 0.0458945 0.0523797
1231232 693497 m2 0.01275 0.0741925 -0.337391 -0.00803807 0.0389584
1231232 658662 m2 0.0178 0.0332706 -0.321499 -0.00505855 0.0189101
1231232 508054 m2 0.0331 -0.0225323 -0.0411156 0.00688846 -0.0324057
1231232 452294 m2 0.06355 -0.0508664 -0.499432 -0.0507776 -0.043472
1231232 290827 m2 0.0387 0.295673 0.269973 0.0595051 -0.0283302
1231232 645259 m2 0.0154 0.036189 -0.555994 0.0135437 -0.0481085
1231232 413472 m2 0.03455 -0.184198 -0.518794 -0.0353021 -0.013149
1231232 156437 m2 0.0398 -0.0921836 -0.188825 -0.00375379 0.0496501
1231232 449727 m2 0.0143 -0.138966 -0.383858 -0.0408459 -0.0495321
1231232 708194 m2 0.01235 -0.00283828 -0.169982 0.0125704 0.0153099
1231232 667356 m2 0.01055 0.129941 -0.346631 -0.0265843 0.0369547
1231232 228975 m2 0.0212 -0.0835579 -0.551564 0.0290511 -0.016584
1231232 604944 m2 0.0181 -0.146409 -0.531272 0.0598759 0.0815535
1231232 133329 m2 0.01145 0.0958544 -0.503671 -0.0242594 -0.0190375
1231232 444960 m2 0.0679 0.0738951 -0.526898 0.0331951 0.00633726
1231232 98010 m2 0.097 0.196076 -0.779642 0.000522104 -0.024636
1231232 218136 m2 0.10955 -0.0464431 -0.738868 -0.00177736 -0.0456917
1231232 247576 m2 0.0765 -0.00932275 -0.774218 -0.0174554 -0.0599217
1231232 421040 m2 0.03985 -0.105502 -0.438721 0.0191816 -0.0861202
1231232 231249 m2 0.06425 0.0190311 -0.375473 -0.00805169 0.0144734
1231232 209049 m2 0.03655 -0.0700085 -0.327946 -0.048325 -0.036373
1231232 427299 m2 0.0227 0.00128928 -0.436637 -0.0231789 -0.00424991
1231232 482191 m2 0.02565 0.148919 -0.583823 0.0450697 -0.00737313
1231232 630723 m2 0.0129 -0.0915556 -0.177333 -0.0335248 -0.043885
1231232 418135 m2 0.0156 0.196445 -0.145767 0.050609 0.0217003
1231232 619646 m2 0.02845 0.0237956 -0.357238 0.0458822 -0.0131012
1231232 418134 m2 0.05025 -0.15417 -0.135245 -0.0892599 0.0864342
1231232 126435 m2 0.06605 0.147925 -0.681712 0.0316709 -0.0238578
1231232 558208 m2 0.02645 0.183227 -0.481276 0.00244876 -0.00146385
1231232 461357 m2 0.0178 0.288306 -0.339326 0.0644404 -0.0983719
1231232 619143 m2 0.01225 -0.0646473 -0.307375 0.0363058 0.0013441
1231232 632944 m2 0.0231 -0.132118 -0.369884 -0.0441669 -0.0167961
1231232 633448 m2 0.02855 -0.0276104 -0.340051 -0.0223259 -0.0149518
1231232 556055 m2 0.037 0.006029 -0.320613 -0.0850099 0.126226
1231232 188755 m2 0.11505 -0.0419035 -0.733905 -0.0697896 -0.0651234
1231232 554611 m2 0.0317 0.145317 -0.442298 0.0611272 0.00883535
1231232 605715 m2 0.0275 -0.0989526 -0.480999 -0.000116317 -0.0386036
1231232 635272 m2 0.01325 -0.144417 -0.23709 -0.0194923 -0.0116991
1231232 674853 m2 0.02705 0.181762 -0.227172 -0.03582 -0.0173621
1231232 124656 m2 0.0102 -0.176936 -0.37924 -0.0652495 -0.0466014
1231232 320608 m2 0.0886 -0.0823989 -0.686626 -0.00478239 -0.0143951
1231232 508824 m2 0.02325 0.173666 -0.552474 0.0575657 -0.0284272
1231232 696764 m2 0.0119 -0.00621133 -0.173353 -0.00401248 -0.0845314
1231232 369790 m2 0.03965 0.08039 -0.325066 0.0596021 -0.032867
1231232 193740 m2 0.0882 -0.112431 -0.290275 -0.0845945 -0.0240975
1231232 366696 m2 0.0337 -0.0397548 -0.55415 0.0261681 -0.00279696
1231232 313176 m2 0.05475 0.0432206 -0.655871 0.0320725 -0.0573608
1231232 667597 m2 0.01715 -0.164436 -0.244163 -0.0558971 -0.0231392
1231232 587318 m2 0.03075 -0.122752 -0.246071 -0.0451192 -0.00896191
1231232 726458 m2 0.01235 0.0702329 -0.226306 0.0413782 -0.018758
1231232 535875 m2 0.0169 -0.14427 -0.153989 -0.0350126 0.012776
1231232 246258 m2 0.11915 -0.00577127 -0.722785 0.00213577 -0.0155036
1231232 478759 m2 0.06755 0.154347 -0.425359 0.0018512 0.0125944
1231232 351554 m2 0.02725 -0.0737796 -0.652869 -0.0172391 0.0130165
1231232 408758 m2 0.03505 -0.118772 -0.502033 -0.0359974 0.0176471
1231232 669311 m2 0.0361 -0.0729425 -0.289691 -0.056303 0.0219239
1231232 677343 m2 0.013 -0.134483 -0.335029 -0.00857154 0.0292221
1231232 497134 m2 0.0392 -0.162408 -0.5013 0.0126445 -0.000831578
1231232 362518 m2 0.02155 0.155478 -0.546426 0.0517315 -0.0111577
1231232 189239 m2 0.03205 0.00439426 -0.634317 0.0375103 -0.066252
1231232 710740 m2 0.01405 -0.080468 -0.165048 0.0138489 0.00544988
1231232 394650 m2 0.0809 -0.0980203 -0.681949 0.0182611 -0.00292428
1231232 572682 m2 0.02655 -0.0966204 -0.178299 -0.0437942 -0.0162071
1231232 549067 m2 0.0257 -0.121681 -0.313563 -0.0412239 0.0163185
1231232 481713 m2 0.0215 0.0326416 -0.724306 0.0112188 -0.0570331
1231232 138364 m2 0.0878 -0.0190373 -0.658996 0.0128117 -0.0660659
1231232 637015 m2 0.01455 0.24241 -0.518334 -0.0040821 0.00402468
1231232 353597 m2 0.06065 0.0377619 -0.668572 0.0119989 -0.0807209
1231232 582748 m2 0.01225 0.0563067 -0.176186 0.0338942 -0.00248196
1231232 187484 m2 0.07775 -0.0471089 -0.43623 -0.0114366 -0.00342388
1231232 135611 m2 0.0431 0.0740804 -0.657235 0.0384955 -0.0309271
1231232 698513 m2 0.01335 -0.0274636 -0.480492 0.0240332 -0.0136465
1231232 451031 m2 0.03975 0.0427536 -0.687346 0.059407 -0.0368407
1231232 440600 m2 0.073 -0.08706 -0.125044 -0.0686897 0.00874986
1231232 515103 m2 0.03105 0.0440066 -0.182201 -0.0161089 0.00421428
1231232 669302 m2 0.01025 0.0647691 -0.453384 0.00682193 -0.0296463
1231232 446995 m2 0.011 0.0650907 -0.605541 0.0173259 -0.0422246
1231232 232268 m2 0.10015 0.181249 -0.772901 0.0364145 -0.0167883
1231232 360212 m2 0.03285 0.190772 -0.583628 0.0530721 -0.0508624
1231232 674307 m2 0.0257 0.235778 -0.33358 0.055963 -0.103755
1231232 312889 m2 0.0257 -0.0699165 -0.431077 0.0102681 -0.076775
1231232 528769 m2 0.02845 0.376765 -0.0732345 0.0843629 -0.0199599
1231232 164111 m2 0.04855 -0.061629 -0.642622 -0.00632065 -0.0194396
1231232 166084 m2 0.03525 0.0675748 -0.667219 0.0519436 0.0437741
1231232 178008 m2 0.0337 -0.065665 -0.540788 -0.0128765 -0.0568597
1231232 428551 m2 0.02495 0.02568 -0.584898 0.058532 0.0153427
1231232 345558 m2 0.0225 -0.0287977 -0.578076 -0.0101084 -0.082188
1231232 655342 m2 0.023 0.0267534 -0.472447 -0.00949193 0.0121773
1231232 438340 m2 0.0616 0.00114675 -0.441354 0.0383958 -0.067309
1231232 641998 m2 0.0428 0.105108 -0.536458 0.0421871 0.0568543
1231232 348534 m2 0.0397 0.0833973 -0.788275 0.000385703 -0.0243407
1231232 664628 m2 0.01825 0.0227303 -0.44384 0.0187962 0.0122225
1231232 595595 m2 0.01975 -0.0864013 -0.634962 -0.0614538 0.0611532
1231232 623965 m2 0.01345 0.00752484 -0.595577 0.0455402 -0.0232666
1231232 264662 m2 0.0305 -0.151316 -0.252635 -0.0952293 -0.0203949
1231232 185714 m2 0.045 -0.0538379 -0.625593 -0.00729203 -0.0319276
1231232 541222 m2 0.0126 0.0447514 -0.307248 0.0424962 0.025496
1231232 531766 m2 0.07845 -0.0549956 -0.736941 -0.0325594 -0.0560196
1231232 305488 m2 0.047 0.214096 -0.517911 0.0679328 0.000613304
1231232 301787 m2 0.05335 0.162663 -0.730661 0.0546789 0.013303
1231232 566065 m2 0.0272 -0.150832 -0.291859 -0.047713 -0.049333
1231232 487640 m2 0.06285 -0.0316355 -0.631684 0.0224841 0.000643882
1231232 360736 m2 0.0319 0.208858 -0.595604 0.0545218 -0.0574213
1231232 345764 m2 0.1218 0.0953882 -0.851481 0.078983 -0.0079341
1231232 430035 m2 0.08205 -0.105547 -0.636127 -0.0625487 -0.00927228
1231232 253650 m2 0.022 0.0152194 -0.58245 0.0130417 0.0822478
1231232 373480 m2 0.0173 0.120619 -0.0767575 0.0737327 -0.0159062
1231232 675794 m2 0.0128 0.0300253 -0.421278 0.0132644 -0.0431011
1231232 680864 m2 0.01535 -0.123424 -0.15854 -0.0244856 0.0175891
1231232 316876 m2 0.0449 -0.0695935 -0.524176 0.00443225 -0.0142161
1231232 365437 m2 0.08645 0.0670843 -0.702981 0.0115058 0.0459312
1231232 524888 m2 0.0228 0.00207432 -0.68328 0.0389563 0.0306096
1231232 485371 m2 0.0147 0.10141 -0.500541 0.0784216 0.00608415
1231232 622278 m2 0.0181 -0.0735099 -0.518653 0.0047173 -0.0416673
1231232 293748 m2 0.0848 -0.0802662 -0.607406 -0.045204 -0.0172285
1231232 253645 m2 0.0155 -0.141769 -0.365316 -0.140116 -0.0332008
1231232 258183 m2 0.0558 0.110865 -0.785607 0.0303386 -0.0282191
1231232 398447 m2 0.04785 0.287988 -0.252943 0.0636841 0.0322763
1231232 670038 m2 0.0147 0.053082 -0.258529 0.0234903 -0.0237116
1231232 684155 m2 0.01405 0.0944596 -0.466095 0.0527779 -0.0262317
1231232 473683 m2 0.0249 -0.0254638 -0.627417 -0.0607103 0.0217944
1231232 443715 m2 0.05395 -0.0272966 -0.62851 -0.0128062 0.0228243
1231232 695489 m2 0.0147 0.0310925 -0.218105 0.0168633 0.0541147
1231232 443740 m2 0.0183 0.0104296 -0.334183 0.0054167 0.0598427
1231232 305711 m2 0.10195 0.106147 -0.79372 0.0307969 -0.0724624
1231232 259184 m2 0.0103 -0.143135 -0.349135 0.0237069 -0.00179397
1231232 662850 m2 0.0115 -0.0648052 -0.560142 -0.0211265 0.0203191
1231232 690923 m2 0.0106 0.108745 -0.593593 0.0400454 -0.0823268
1231232 551520 m2 0.03585 -0.0377808 -0.546574 -0.0630646 -0.0436692
1231232 570145 m2 0.01215 0.0687587 -0.512424 0.0578234 0.0217165
1231232 375771 m2 0.07195 0.27109 -0.71415 0.113511 0.0436884
1231232 390353 m2 0.0192 0.0566549 -0.607224 -0.00388462 -0.00382677
1231232 704016 m2 0.0188 -0.0365584 -0.442653 -0.0450912 0.0737504
1231232 650341 m2 0.02345 -0.0506123 -0.351135 0.0168807 -0.00675675
1231232 376547 m2 0.0404 -0.128008 -0.510596 -0.0614692 -0.0233149
1231232 479440 m2 0.0402 -0.0471568 -0.653375 -0.0514498 -0.0546085
1231232 575683 m2 0.01525 -0.118427 -0.402493 -0.00961157 -0.00700676
1231232 582695 m2 0.0239 -0.0454543 -0.484187 -0.0750089 -0.0319702
1231232 704017 m2 0.0188 -0.0892963 -0.627122 0.0326632 0.025826
1231232 480415 m2 0.05725 -0.0194394 -0.595475 -0.0099344 -0.0539802
1231232 391831 m2 0.02845 -0.116503 -0.622192 -0.0505595 0.00627301
1231232 328572 m2 0.02 -0.0456903 -0.507388 -0.0659153 -0.0206886
1231232 583689 m2 0.0129 0.156405 -0.551166 0.101865 0.059541
1231232 501666 m2 0.06065 -0.000552644 -0.630567 -0.0220538 -0.0025771
1231232 457598 m2 0.0122 -0.0944111 -0.459856 -0.0127229 -0.0322083
1231232 476674 m2 0.04115 0.132311 -0.399136 0.0017491 0.0050096
1231232 557928 m2 0.01175 0.00855913 -0.360959 0.0232012 0.0328192
1231232 328053 m2 0.0824 -0.00988101 -0.734676 -0.0265284 -0.017619
1231232 588037 m2 0.0196 0.276719 -0.464552 0.0611183 -0.00439093
1231232 610564 m2 0.06115 0.0371175 -0.670877 0.00834527 -0.0136599
1231232 554533 m2 0.02355 0.0692457 -0.65718 -0.00534593 0.0230855
1231232 494894 m2 0.02065 -0.152943 -0.342256 -0.0758219 -0.0221821
1231232 447445 m2 0.03615 -0.140165 -0.46885 -0.0627381 -0.02757
1231232 635723 m2 0.0186 -0.128967 -0.501459 -0.0650638 -0.0276414
1231232 435527 m2 0.08095 -0.0227351 -0.638825 -0.0659442 -0.00764692
1231232 483623 m2 0.03625 -0.0910409 -0.425436 0.00215104 -0.0639788
1231232 678554 m2 0.0144 -0.0141318 -0.446564 0.0223549 -0.111862
1231232 497363 m2 0.02535 0.0118785 -0.659336 -0.0630787 0.0506682
1231232 449184 m2 0.02075 -0.0570499 -0.661012 0.00627121 0.0487852
1231232 635469 m2 0.0515 -0.0667957 -0.73813 0.0126668 0.0409773
1231232 425022 m2 0.0139 -0.0845632 -0.460659 -0.03633 -0.0254836
1231232 457583 m2 0.0391 -0.0484261 -0.674176 0.0456958 -0.051307
1231232 679314 m2 0.01945 0.050581 -0.554452 0.0651765 0.0125785
1231232 710714 m2 0.0171 -0.0441711 -0.284658 0.0417929 0.00189938
1231232 725922 m2 0.0155 0.159356 -0.323127 0.0913552 -0.0431864
1231232 617826 m2 0.0156 -0.0367836 -0.477321 -0.00700001 -0.0181232
1231232 704031 m2 0.01115 -0.187567 -0.347406 -0.0102687 0.00154626
1231232 611293 m2 0.0204 0.231586 -0.686917 0.0637528 -0.0558869
1231232 493655 m2 0.03535 -0.0411741 -0.658438 -0.0221321 -0.0367225
1231232 433221 m2 0.06005 -0.0103175 -0.56984 -0.0425657 0.00586216
1231232 455513 m2 0.04805 0.0225534 -0.586287 -0.0508291 0.0109964
1231232 693933 m2 0.0207 -0.134894 -0.438643 -0.0986588 0.0346695
1231232 445200 m2 0.0392 0.0772642 -0.59861 0.0586613 -0.0253455
1231232 656075 m2 0.01035 -0.00828654 -0.427657 0.0332268 -0.0296092
1231232 438318 m2 0.0442 0.138219 -0.719508 0.0177604 -0.0567988
1231232 587270 m2 0.01345 0.0754232 -0.503592 -0.0324631 0.0321221
1231232 599112 m2 0.01445 -0.0645403 -0.512925 -0.0406721 0.00992906
1231232 687320 m2 0.0139 -0.015999 -0.305314 -0.0198128 -0.00386191
1231232 537521 m2 0.03895 -0.0315616 -0.278448 -0.0390506 0.0106782
1231232 665868 m2 0.0234 0.0581622 -0.581049 -0.00732027 0.0112597
1231232 534372 m2 0.06615 0.148917 -0.682319 0.00851542 -0.0851061
1231232 682828 m2 0.0223 -0.0161689 -0.618369 -0.014357 -0.045141
1231232 641202 m2 0.01465 0.0195679 -0.518452 0.0212024 -0.0263342
1231232 612536 m2 0.0221 -0.0477296 -0.738908 -0.0369078 0.0386314
1231232 504426 m2 0.04915 -0.0274611 -0.524982 0.00633748 -0.0396638
1231232 485367 m2 0.0314 0.144074 -0.656464 0.025385 -0.036749
1231232 547732 m2 0.026 0.00454804 -0.528482 -0.067729 0.0414388
1231232 530774 m2 0.0279 -0.00697806 -0.533531 0.0483979 0.0632394
1231232 464988 m2 0.03995 0.175291 -0.749181 0.0082021 0.0273619
1231232 670475 m2 0.025 -0.0843895 -0.532724 -0.014041 -0.0155262
1231232 539463 m2 0.0103 0.246102 -0.382919 0.000108715 0.00733266
1231232 570900 m2 0.0268 0.00872146 -0.691902 -0.00570619 -0.00227902
1231232 672276 m2 0.0164 0.037849 -0.506833 0.0734573 -0.0127999
1231232 527453 m2 0.03205 -0.0614329 -0.298723 -0.072487 0.0199203
1231232 526142 m2 0.01865 0.0888906 -0.59316 0.0412377 -0.0177279
1231232 598364 m2 0.03365 -0.0866354 -0.500698 -0.0689886 0.04188
1231232 643210 m2 0.01405 0.157014 -0.567409 0.0378165 0.0217986
1231232 518483 m2 0.0127 0.167099 -0.539743 0.029502 -0.0437584
1231232 711778 m2 0.0131 0.125079 -0.337616 -0.0866927 0.0200949
1231232 565015 m2 0.0142 -0.109401 -0.473207 -0.0557917 0.00232834
1231232 537744 m2 0.0665 0.0213802 -0.669429 0.0546206 0.0201508
1231232 689855 m2 0.01245 0.186662 -0.0149217 -0.0160223 -0.0155782
