seed mutID muttype p cor_sal cor_temp mutSalEffect mutTempEffect
1231219 159510 m2 0.0344124 -0.27323 0.347126 0.00549739 -0.0151468
1231219 565257 m2 0.0310757 0.524364 0.333174 0.0179151 0.0435666
1231219 573628 m2 0.0359562 0.329756 0.216949 -0.0181512 0.037985
1231219 611213 m2 0.0141932 0.397359 0.167687 0.00689894 0.0172092
1231219 658565 m2 0.0429283 0.263629 0.52109 -0.0189573 -0.0146448
1231219 374353 m2 0.0130976 -0.207731 0.266028 -0.032344 0.0542431
1231219 446558 m2 0.027988 0.301653 0.368592 -0.0159592 0.00718909
1231219 430455 m2 0.159263 -0.0981413 0.576409 0.00309851 0.0199224
1231219 160495 m2 0.104382 -0.545733 -0.0289548 -0.024022 0.0176158
1231219 353373 m2 0.201096 0.354997 -0.0606688 0.0302613 0.00792365
1231219 296670 m2 0.0486056 0.274895 0.593659 0.0654268 0.0323846
1231219 325101 m2 0.010508 0.159285 0.270562 -0.0593179 0.0531033
1231219 724128 m2 0.0120518 -0.0457227 0.345838 0.0759997 -0.0119524
1231219 506026 m2 0.0203685 -0.0777055 0.193835 -0.0608741 -0.0402877
1231219 264880 m2 0.0227092 -0.300295 0.339897 -0.0020924 0.0108525
1231219 563761 m2 0.0186255 -0.451426 0.165999 -0.0279926 -0.0166848
1231219 712299 m2 0.0164343 0.0294271 0.343306 0.0123747 0.0301964
1231219 678954 m2 0.012002 0.125867 0.331394 -0.0337491 -0.0405699
1231219 632712 m2 0.012998 0.427709 0.232918 0.0365348 0.015198
1231219 196578 m2 0.0111056 0.338512 -0.246195 0.0403006 -0.0526324
1231219 179298 m2 0.138496 -0.199805 0.756013 -0.00054159 0.0464282
1231219 523499 m2 0.0541335 -0.123208 0.360312 -0.0313574 0.0118094
1231219 310727 m2 0.203536 -0.0311173 0.668625 0.0100082 0.0127013
1231219 693362 m2 0.015239 -0.145748 0.334725 -0.00100391 0.0212451
1231219 599812 m2 0.0134462 -0.00792761 0.382503 0.00726528 -0.020864
1231219 181352 m2 0.129382 -0.483834 0.300178 -0.0377691 -0.0162201
1231219 401517 m2 0.0223606 -0.0725215 0.4523 0.0754192 0.0315836
1231219 395672 m2 0.116285 -0.434141 0.527068 -0.065133 0.0151117
1231219 424941 m2 0.0336653 0.379919 0.317186 0.0491502 -0.025743
1231219 429935 m2 0.0157371 0.138235 0.270092 0.0318809 0.0502011
1231219 684981 m2 0.0183267 0.208421 0.413936 0.0193474 0.00120526
1231219 427397 m2 0.010757 0.127844 -0.189534 -0.0179032 -0.0113858
1231219 601041 m2 0.0666833 -0.22557 0.201593 -0.00088761 -0.0023625
1231219 271566 m2 0.0100598 -0.316065 0.0771773 -0.00654154 0.0292964
1231219 250315 m2 0.118825 0.415007 0.56666 -0.0589964 0.0663023
1231219 276696 m2 0.0908367 0.506415 -0.464629 0.028836 -0.0234807
1231219 128733 m2 0.0165339 0.220689 0.0115324 0.0113392 0.0213967
1231219 623321 m2 0.0176793 -0.162268 0.415464 0.0101313 0.0156429
1231219 509802 m2 0.0643924 -0.199835 0.619362 0.0425175 0.0101473
1231219 605004 m2 0.048755 -0.324043 0.419809 0.0447809 -0.0219098
1231219 573358 m2 0.0494024 0.0968955 0.196592 -0.0033753 0.0253148
1231219 53204 m2 0.156424 0.565343 -0.500759 -0.00952223 -0.0174267
1231219 395666 m2 0.0189243 0.345266 0.295489 0.0351969 0.0205584
1231219 288349 m2 0.231922 -0.724908 0.437468 -0.0280462 0.0176288
1231219 561451 m2 0.0116036 0.00445648 -0.023463 0.0212518 -0.0171294
1231219 609686 m2 0.0109064 -0.277011 0.0255987 0.0203425 0.0288967
1231219 56155 m2 0.0211155 -0.196845 -0.309497 -0.00366988 -0.00193656
1231219 216896 m2 0.0106574 0.017768 0.12198 -0.0408281 0.0222452
1231219 393124 m2 0.0108068 -0.389129 -0.0192604 -0.061662 0.0174486
1231219 280101 m2 0.0388446 0.373312 -0.0122109 0.00565829 0.0375339
1231219 49382 m2 0.0368526 -0.351468 0.00669571 -0.0217511 -0.000857241
1231219 147355 m2 0.0168825 -0.337256 0.0707028 -0.0148995 -0.00494846
1231219 368772 m2 0.0158865 0.352916 0.293877 0.00399009 0.0762804
1231219 29571 m2 0.0709163 -0.564187 0.0185227 -0.0067351 -0.0011005
1231219 257754 m2 0.160408 -0.387482 0.552753 -0.0509929 -0.0110308
1231219 568780 m2 0.0280876 0.466068 0.318325 0.0129424 0.00362556
1231219 248516 m2 0.0150896 0.0320896 -0.0386803 0.0283013 0.0372541
1231219 490129 m2 0.0371514 -0.386269 0.377163 0.0223448 -0.0220094
1231219 485274 m2 0.0692729 0.499608 0.377372 0.0262313 0.0517842
1231219 276151 m2 0.0197211 -0.460516 0.015326 -0.0437157 -0.040318
1231219 589013 m2 0.0498008 -0.227032 0.457935 0.0346763 0.00458139
1231219 592520 m2 0.0130976 0.0998546 0.387106 9.06304e-05 0.0119484
1231219 321878 m2 0.0153884 0.117032 0.123106 -0.00710993 0.0102961
1231219 179279 m2 0.0151892 0.333182 -0.24159 0.0500246 -0.0465337
1231219 218641 m2 0.236952 0.310549 0.789211 -0.0127651 0.0682396
1231219 457544 m2 0.0226096 -0.0790537 0.45819 0.00270414 0.0561699
1231219 449056 m2 0.0116036 -0.254914 0.241521 0.0143596 0.025755
1231219 590735 m2 0.0427789 -0.522144 0.364932 -0.0124929 -0.0373625
1231219 329029 m2 0.0702689 -0.134458 0.648833 -0.0271575 0.0635404
1231219 253119 m2 0.0440737 -0.276601 0.0384226 0.0474113 0.0295624
1231219 601261 m2 0.0238546 0.292647 0.169088 0.0299584 -0.0366019
1231219 599295 m2 0.0427789 -0.205507 0.502039 -0.011996 -0.019923
1231219 166780 m2 0.157719 0.175601 0.453924 0.0178747 -0.00315393
1231219 85319 m2 0.0784861 0.373957 -0.190868 0.011219 -0.0217162
1231219 632426 m2 0.0177291 0.412237 0.156514 0.0384317 -0.01284
1231219 476895 m2 0.0100598 0.115565 0.112331 0.0391396 0.0286632
1231219 652405 m2 0.0109064 0.0108473 0.249393 -0.0141861 0.00894218
1231219 447063 m2 0.0131972 -0.0179725 0.132487 -0.0419301 -0.00316964
1231219 212849 m2 0.327191 -0.245856 0.76708 -0.00145149 0.00256787
1231219 233011 m2 0.0160359 0.406564 0.33074 0.00710286 0.0274147
1231219 61248 m2 0.160159 -0.656683 0.369957 -0.0515716 -0.00118627
1231219 421597 m2 0.0289343 -0.311278 0.0953805 0.00884354 -0.00973351
1231219 198908 m2 0.0600598 -0.244507 0.392627 0.023583 0.0552618
1231219 634761 m2 0.0169323 0.134753 0.100612 0.0426418 -0.0193713
1231219 55142 m2 0.0976594 -0.0642018 0.43891 0.0294648 0.0331853
1231219 432228 m2 0.098257 0.701664 0.161272 0.0190499 -0.000713676
1231219 505768 m2 0.0489044 -0.0901868 0.443781 0.01967 -0.0167732
1231219 251547 m2 0.0437749 -0.354142 0.437312 -0.0468544 0.059883
1231219 335881 m2 0.011753 0.0999313 0.0668232 -0.0155513 0.0239152
1231219 40666 m2 0.156474 -0.363117 -0.133556 -0.0117929 0.0200688
1231219 626043 m2 0.0297311 -0.0924931 0.383747 -0.0280772 0.017312
1231219 224466 m2 0.051494 -0.42842 0.0236285 -0.0530885 0.0110881
1231219 163509 m2 0.0208665 0.0742506 0.0454196 0.0215922 0.0037833
1231219 686785 m2 0.0129482 0.341946 0.125277 -0.000551345 -0.0241502
1231219 560928 m2 0.0247012 0.337557 0.211805 0.0317615 -0.00664963
1231219 506741 m2 0.0209661 0.377866 0.298983 0.0108869 -0.0177273
1231219 613161 m2 0.022012 0.403759 0.197014 -0.0302281 -0.0111959
1231219 362354 m2 0.208416 -0.2135 0.79919 -0.00116867 0.0279981
1231219 394138 m2 0.0535359 0.191086 -0.0738699 0.0295504 0.0398187
1231219 632677 m2 0.011255 0.0790601 0.356351 0.0509038 0.0302886
1231219 596061 m2 0.0633466 0.24665 0.623046 0.0272812 0.035406
1231219 382700 m2 0.0112052 -0.0157453 -0.402068 0.0176842 -0.0256146
1231219 631156 m2 0.01499 -0.305511 0.0161047 -0.0244628 0.0046503
1231219 186229 m2 0.0671813 -0.184042 -0.368998 0.0139719 0.0133888
1231219 39368 m2 0.302341 -0.244121 0.802307 -0.0410017 0.0287571
1231219 258957 m2 0.108566 -0.0611493 0.553613 -0.0178505 0.0356561
1231219 609646 m2 0.0191733 0.0475881 0.212421 0.00083527 -0.0229929
1231219 21773 m2 0.0783367 -0.140886 0.659816 0.0484632 0.0554268
1231219 328020 m2 0.0192231 -0.111167 -0.277855 0.0123777 -0.0115444
1231219 562699 m2 0.0400398 0.0211528 -0.290549 0.000333525 0.0151423
1231219 87760 m2 0.10503 -0.430556 0.440604 -0.0484426 -0.0185696
1231219 657989 m2 0.0112052 0.125878 0.10731 -0.00143471 -0.0460631
1231219 382191 m2 0.0172809 -0.46467 0.0336994 -0.0171102 -0.0132177
1231219 531008 m2 0.0115538 0.16396 0.0995425 0.0201302 0.0017774
1231219 504977 m2 0.0104582 0.0043494 0.00811469 0.018669 -0.0270022
1231219 511223 m2 0.0313745 -0.401777 0.375037 -0.0213729 -0.0114616
1231219 550003 m2 0.0528386 0.541606 0.257966 0.0535404 -0.0242957
1231219 384198 m2 0.0520916 0.574363 -0.376221 0.0749257 -0.013436
1231219 331783 m2 0.0940737 -0.564352 0.140306 -0.0139937 0.0273005
1231219 543005 m2 0.0369522 -0.496143 0.183491 0.0153697 0.00130658
1231219 509048 m2 0.0356076 -0.183142 0.532985 0.0276769 0.060238
1231219 539997 m2 0.0164343 0.319515 0.310869 0.0140823 0.021104
1231219 567230 m2 0.0260956 -0.114234 0.394209 0.00560608 0.0420717
1231219 528154 m2 0.0318725 0.243958 0.483313 -0.00433246 0.029788
1231219 684185 m2 0.0327191 0.38752 0.381242 0.0394378 0.0237769
1231219 666801 m2 0.0103586 -0.0996727 0.351042 0.069412 0.019678
1231219 268791 m2 0.155926 0.304055 0.722166 0.046852 0.0366069
1231219 200560 m2 0.0111554 0.301782 -0.103438 0.0225998 -0.0129825
1231219 695293 m2 0.0138944 0.11646 0.168396 -0.017069 -0.00393851
1231219 534807 m2 0.0569721 -0.423823 0.375594 -0.0618192 0.050752
1231219 619525 m2 0.0380478 0.150617 0.498863 0.0213878 -0.0420954
1231219 612175 m2 0.0137948 -0.227337 -0.0336742 0.0532891 0.0221088
1231219 653870 m2 0.0156375 -0.133422 0.149444 -0.0197719 0.00272239
1231219 628574 m2 0.0157869 -0.207738 -0.091299 -0.0434297 0.00162975
1231219 682364 m2 0.0111554 -0.0258347 -0.0193499 -0.0309359 -0.0025826
1231219 342586 m2 0.0564243 0.435578 0.308682 0.0305533 0.0419762
1231219 620495 m2 0.010508 -0.320986 0.197184 -0.0558648 0.0447404
1231219 697843 m2 0.0141932 -0.148598 0.386534 -0.0531092 -0.00338698
1231219 715796 m2 0.0105578 -0.325172 0.0394418 -0.0153165 -0.0134914
1231219 667769 m2 0.0204681 0.256672 -0.0490945 0.0642122 0.0139311
1231219 709975 m2 0.0106076 -0.030021 0.100076 0.0558792 -0.0416508
1231219 492128 m2 0.0201195 -0.200484 0.274873 -0.0292264 0.0243877
1231219 216571 m2 0.0417829 0.204039 -0.486 0.0281911 -0.00346901
1231219 658751 m2 0.0102092 -0.0607949 0.243044 -0.0137953 0.0438076
1231219 569474 m2 0.0151394 -0.356025 0.273555 -0.0190867 0.0447104
1231219 551528 m2 0.0154382 -0.325709 0.0866249 0.0120226 0.0468424
1231219 617193 m2 0.0188745 0.195509 0.0376175 -0.00504215 -0.037012
1231219 552048 m2 0.0248008 0.198833 -0.11206 0.0419249 -0.0300156
1231219 722976 m2 0.0143426 -0.0355498 -0.0130638 -0.00972026 -0.00645423
1231219 378855 m2 0.103835 -0.375163 0.472226 0.00669769 -0.0138053
1231219 572818 m2 0.012251 -0.32157 0.231583 0.00449759 0.0907198
1231219 302606 m2 0.0298307 -0.196936 0.236084 0.0146203 -0.0175944
1231219 151982 m2 0.0599104 0.501345 0.295696 0.0801918 -0.0140093
1231219 483989 m2 0.0218625 0.287976 0.410754 -0.00145794 -0.0217264
1231219 344040 m2 0.0118028 -0.381334 0.00955404 0.00378022 0.0285989
1231219 676600 m2 0.0127988 -0.204254 -0.0423627 -0.0200692 0.0185382
1231219 397130 m2 0.186604 -0.0976769 0.618065 -0.0159068 0.0271433
1231219 411231 m2 0.121165 -0.38741 0.606311 0.0321685 0.0447209
1231219 248223 m2 0.0537849 -0.321755 0.458679 -0.0601038 0.023806
1231219 504424 m2 0.0281873 0.0836043 0.08057 -0.00818442 0.0267098
1231219 516204 m2 0.0342131 -0.270602 0.220699 -0.0255308 0.00372066
1231219 578372 m2 0.0435757 -0.458629 0.423597 -0.0505597 0.00750431
1231219 626511 m2 0.0591135 0.0370584 -0.291523 -0.00749449 -0.0317129
1231219 470590 m2 0.052241 0.376244 0.00913994 0.00861239 -0.0493808
1231219 35535 m2 0.0176295 -0.168487 -0.093646 -0.00888749 -0.0170929
1231219 447262 m2 0.0225598 0.208115 0.00816974 -0.00697118 -0.0277241
1231219 549971 m2 0.0229084 -0.359068 0.262196 -0.023939 0.0180735
1231219 634942 m2 0.0119522 -0.306887 0.173275 -0.0374281 -0.0420757
1231219 300589 m2 0.0300299 0.095313 -0.0780251 0.000135593 0.0179543
1231219 586920 m2 0.0101096 -0.138257 0.123683 -0.02565 -0.0684486
1231219 569181 m2 0.0483068 0.0823849 -0.479255 -0.0309429 -0.0193335
1231219 586918 m2 0.022012 0.0363259 0.219101 0.0231937 -0.0133695
1231219 578786 m2 0.0108068 -0.0687345 0.222476 0.00759196 0.00429153
1231219 464038 m2 0.0427789 0.302246 0.450297 -0.0122067 0.0212899
1231219 629845 m2 0.0190737 0.273869 0.127148 -0.0530548 0.0437676
1231219 549448 m2 0.014243 0.150192 -0.132387 0.0109394 -0.0284005
1231219 453523 m2 0.0297311 -0.419896 -0.174215 -0.0309707 0.0355283
1231219 425841 m2 0.0315239 -0.138473 -0.0891701 0.00211559 -0.00128969
1231219 565150 m2 0.0270916 0.413812 0.0174325 0.0462116 0.0535977
1231219 557145 m2 0.0106574 -0.210751 0.0928628 -0.000529252 0.0738342
1231219 702125 m2 0.0116036 0.00864752 0.392531 -0.0165693 0.0361964
1231219 426573 m2 0.0190239 0.364638 -0.0635467 0.0459926 0.000529844
1231219 620914 m2 0.0218127 -0.0499917 0.0726602 -0.0287653 -0.0185361
1231219 573749 m2 0.0183765 -0.00256831 -0.231436 0.0146925 0.015818
1231219 572543 m2 0.0296813 -0.10149 0.138939 -0.0378189 0.0432924
1231219 117485 m2 0.0557769 -0.0628691 0.577985 0.0587828 0.00756583
1231219 154190 m2 0.0262948 -0.124792 0.0551499 -0.0323645 0.03685
1231219 656848 m2 0.0569223 0.641879 -0.301354 0.014827 -0.0216604
1231219 417931 m2 0.0266434 -0.0733494 0.196616 -0.030872 0.0175567
1231219 285779 m2 0.060757 0.411117 -0.525625 0.00164254 -0.0135347
1231219 364720 m2 0.0118028 -0.169138 -0.140888 0.0455717 -0.00136932
1231219 671536 m2 0.011006 0.310492 -0.00473781 -0.0205095 -0.0139834
1231219 632844 m2 0.0111554 0.060367 -0.0139604 -0.02332 0.00494201
1231219 549687 m2 0.0171813 -0.0509407 -0.452975 -0.0186867 0.0122227
1231219 103547 m2 0.123855 0.571573 0.375542 0.061171 0.00770351
1231219 148740 m2 0.0449203 0.336502 -0.496027 0.0263507 -0.00475526
1231219 123738 m2 0.106873 -0.473233 0.549268 -0.0121492 -0.0257931
1231219 676260 m2 0.0103088 0.0690218 0.273418 0.0618965 -0.0636209
1231219 378288 m2 0.0334163 -0.083945 -0.427771 0.00531023 -0.031144
1231219 613368 m2 0.0427789 -0.0160096 0.454807 0.00452753 0.00599853
1231219 454207 m2 0.0538347 0.167199 0.384519 0.00991457 -0.00945885
1231219 660196 m2 0.015239 0.045026 0.0187822 -0.013977 -0.0233459
1231219 190156 m2 0.0392928 -0.0996644 0.450189 -0.00244893 -0.0051682
1231219 604395 m2 0.0400896 0.48926 -0.18141 0.0926038 0.0115074
1231219 445218 m2 0.025498 -0.195225 0.395899 -0.00577999 0.00972267
1231219 624202 m2 0.0286355 -0.213884 0.487576 -0.0260566 0.0204721
1231219 11564 m2 0.0293825 0.0782878 0.0466016 -0.0107378 -0.0177347
1231219 266215 m2 0.178386 0.78922 -0.0358934 0.0495062 -0.00490539
1231219 95258 m2 0.025 -0.368939 0.0853614 -0.0634931 0.0104666
1231219 588893 m2 0.0172809 0.195019 0.136124 0.0149294 -0.0289986
1231219 516163 m2 0.0394422 0.1813 -0.00819887 -0.0343839 -0.0389117
1231219 33453 m2 0.273904 0.860661 -0.267519 0.100765 -0.0048935
1231219 622936 m2 0.0294323 -0.0526404 -0.119552 0.0082004 -0.0507347
1231219 480603 m2 0.0200697 -0.313922 0.0914636 -0.0509915 -0.0516551
1231219 398332 m2 0.0289343 0.415821 -0.3781 0.0169771 0.0329421
1231219 586876 m2 0.0158865 0.431029 0.256419 0.00365245 -0.00710612
1231219 279496 m2 0.0348606 -0.242078 0.302836 0.0328363 0.0266622
1231219 92478 m2 0.085259 -0.115861 -0.254006 -0.00621134 0.00759202
1231219 242456 m2 0.0657869 -0.479962 0.225406 -0.0241147 0.002647
1231219 601903 m2 0.0220618 0.301445 -0.325128 0.0153575 0.0131207
1231219 385873 m2 0.0941235 -0.501642 -0.578312 -0.0521428 -0.0677817
1231219 34458 m2 0.011753 -0.3348 -0.227277 -0.0593312 -0.0200226
1231219 680809 m2 0.0146414 -0.456222 -0.130935 -0.00962919 0.0155591
1231219 426264 m2 0.0244024 -0.411754 0.322139 -0.0119278 -0.0452526
1231219 46953 m2 0.0678785 -0.19153 -0.340729 -0.0136395 -0.00587188
1231219 659402 m2 0.0179283 0.166403 0.147504 0.00203566 0.026688
1231219 589644 m2 0.024004 0.398678 0.109161 0.0124296 0.0203711
1231219 476795 m2 0.0257968 0.00835459 0.10167 0.00996586 0.0390569
1231219 715979 m2 0.015239 -0.0447786 0.0316867 -0.0218859 0.00907319
1231219 481870 m2 0.0159363 0.0926771 -0.118606 -0.0134768 -0.00131269
1231219 611056 m2 0.0188247 0.181511 -0.194281 -0.0615502 0.0252715
1231219 515418 m2 0.0489542 -0.334443 0.335696 0.0314214 0.00603204
1231219 642360 m2 0.0223108 0.325722 -0.0708629 -0.00276901 -0.0141617
1231219 199966 m2 0.025498 -0.325616 -0.0664303 0.0114918 0.0316794
1231219 263734 m2 0.0593625 -0.479805 0.455514 -0.0513903 0.0207224
1231219 424047 m2 0.0144422 -0.281012 -0.0222447 -0.0758122 0.0115908
1231219 329380 m2 0.0971614 -0.604352 -0.241599 -0.0283145 0.00217193
1231219 582134 m2 0.0109064 0.103454 -0.196567 -0.00471651 0.0195966
1231219 472704 m2 0.0670319 0.113626 0.651714 0.00189698 0.0446098
1231219 539655 m2 0.0159363 -0.239105 -0.240647 0.00754552 -0.0191899
1231219 717717 m2 0.0116534 0.308211 -0.15178 -0.00971768 0.0359234
1231219 713942 m2 0.012749 -0.026216 0.133595 0.0271523 0.0331932
1231219 579794 m2 0.0345618 0.50492 -0.199984 0.00880893 0.0323952
1231219 570936 m2 0.0340637 0.339313 -0.401739 0.0012244 -0.0109673
1231219 724216 m2 0.0112052 -0.170919 0.0224993 0.000187748 0.0094399
1231219 691709 m2 0.0150398 0.201044 -0.156845 -0.0256635 0.0198793
1231219 481102 m2 0.0123506 -0.243884 0.0131761 -0.0215791 0.0382353
1231219 656070 m2 0.0129482 -0.0875971 0.207518 -0.0276866 0.0224799
1231219 505368 m2 0.0111554 0.231107 -0.253583 0.0017791 -0.0220075
1231219 315002 m2 0.0532869 0.219988 -0.535228 0.0731281 -0.0280032
1231219 704109 m2 0.0114542 -0.29747 -0.0655784 -0.076129 -0.0154259
1231219 148428 m2 0.0112052 -0.0157453 -0.402068 -0.0193095 0.020341
1231219 63486 m2 0.308367 0.65759 -0.506365 0.0328046 0.0275872
1231219 210423 m2 0.0438247 -0.435648 -0.439548 -0.0526385 -0.0270728
1231219 561027 m2 0.0416833 0.0551892 -0.422399 -0.0254863 -0.0121675
1231219 578993 m2 0.0275398 0.449484 -0.051784 0.0308719 0.0474654
1231219 590341 m2 0.0153884 -0.201397 -0.0454823 -0.0294825 0.0107431
1231219 78541 m2 0.052241 -0.527622 -0.222664 0.0283164 -0.0398327
1231219 46681 m2 0.165837 0.343393 -0.530273 0.0302294 -0.0213517
1231219 393488 m2 0.0832171 -0.577476 0.36669 -0.0346099 0.0429207
1231219 444888 m2 0.0898904 -0.508053 0.315971 -0.0382312 -0.0336164
1231219 436544 m2 0.0164343 0.152741 0.171212 -0.00958895 -0.0392616
1231219 124958 m2 0.0203685 -0.320642 0.292624 -0.0120501 0.0358623
1231219 83049 m2 0.0244024 -0.155389 0.398086 0.0552017 0.026762
1231219 142140 m2 0.0103088 -0.241878 0.131054 0.0360881 0.0154975
1231219 252698 m2 0.0448207 -0.404315 0.269332 -0.0402968 -0.0320149
1231219 695671 m2 0.0137948 0.221467 0.21509 0.0294407 -0.0372534
1231219 688912 m2 0.0106574 0.240685 0.0159243 -0.0771497 0.0127113
1231219 354717 m2 0.0698207 -0.285284 -0.0792147 0.00487702 -0.0095544
1231219 252947 m2 0.185508 0.216125 -0.729883 -0.00722965 -0.0270564
1231219 681250 m2 0.0174801 0.00308696 -0.362476 -0.080176 0.0271383
1231219 459409 m2 0.0319223 -0.360948 0.141395 -0.0294682 -0.0101315
1231219 41695 m2 0.131375 -0.453285 -0.0857446 -0.0667983 -0.00766124
1231219 611796 m2 0.0251992 -0.479192 -0.187983 -0.0705907 0.0267067
1231219 606130 m2 0.0290339 -0.43109 -0.0808948 -0.00728256 0.00191258
1231219 457850 m2 0.0163845 0.109219 0.0603682 0.0415574 -0.0336418
1231219 72887 m2 0.0832171 0.205973 -0.467106 -0.0352371 -0.0166208
1231219 718221 m2 0.0139442 -0.386757 0.14649 0.00958873 0.0694043
1231219 525734 m2 0.0111056 -0.215621 0.13542 -0.0482986 0.0230124
1231219 442637 m2 0.038247 0.0917178 0.0463915 -0.0277302 -0.00222859
1231219 545070 m2 0.0207171 0.00831822 -0.0950968 -0.0441359 -0.0210996
1231219 685856 m2 0.010757 -0.274082 0.0341022 0.0726343 0.0117962
1231219 569889 m2 0.0177789 0.348102 0.176673 0.0376754 0.0244941
1231219 607314 m2 0.0291335 0.389526 -0.27527 0.0203395 -0.0226836
1231219 424768 m2 0.025 -0.152215 -0.274089 0.0114517 -0.0100408
1231219 166324 m2 0.0166335 -0.24732 0.134005 -0.0368323 0.0222885
1231219 266939 m2 0.011753 -0.3348 -0.227277 -0.0256718 0.00721509
1231219 497930 m2 0.0276394 -0.0770895 -0.189799 -0.028639 -0.0280726
1231219 467940 m2 0.0363048 0.355005 -0.362896 -0.0267712 -0.0159771
1231219 485116 m2 0.051743 0.330447 -0.0363034 0.0167831 -0.00484606
1231219 675195 m2 0.011504 0.334678 0.0884467 0.0292546 0.021612
1231219 64259 m2 0.0371514 0.28681 0.0344852 0.0515929 -0.0121634
1231219 598609 m2 0.0101096 -0.261773 -0.301843 -0.0159002 -0.0281391
1231219 372108 m2 0.0153884 0.221096 -0.0464272 0.00581859 0.00872595
1231219 642753 m2 0.0125 -0.327337 -0.184805 0.0189922 0.0261023
1231219 86627 m2 0.0257968 -0.258222 -0.200207 -0.0455193 -0.0139922
1231219 714392 m2 0.0147908 0.0868993 -0.388212 -0.0343023 -0.00537075
1231219 65474 m2 0.0238048 0.140494 -0.197893 0.00952648 -0.00613317
1231219 696589 m2 0.0198705 0.371152 -0.346323 -0.0212115 -0.0617479
1231219 444861 m2 0.0298805 0.21301 -0.434286 0.0440868 -0.0542773
1231219 278923 m2 0.0691235 0.25266 -0.445698 -0.00409563 -0.0134591
1231219 158576 m2 0.148456 0.135605 -0.79957 -0.0512721 -0.0923701
1231219 393675 m2 0.171663 -0.36787 -0.689404 -0.0274324 -0.0800515
1231219 146115 m2 0.0910359 0.447006 0.415334 0.00932761 0.0266496
1231219 127973 m2 0.0101594 -0.0997966 0.109436 0.00323794 0.000156518
1231219 295405 m2 0.0141434 0.270128 0.00673053 0.0371341 0.000306809
1231219 689100 m2 0.0118526 0.335193 -0.00373372 -0.0591129 0.0129256
1231219 550898 m2 0.0264442 0.168882 -0.194024 0.0168115 0.0178114
1231219 305759 m2 0.0300299 -0.217514 0.0528512 -0.0397496 0.00626173
1231219 103984 m2 0.11255 -0.500359 -0.305091 -0.0123557 -0.0334613
1231219 167124 m2 0.0229084 0.441591 0.424696 0.037916 0.0300286
1231219 510536 m2 0.0790339 -0.150569 -0.587622 0.00661966 -0.0085592
1231219 709293 m2 0.0103088 0.156536 -0.0209899 0.0247803 -0.00620654
1231219 564765 m2 0.0282371 -0.215446 -0.286051 0.00110333 -0.0163039
1231219 619099 m2 0.0104084 0.281167 -0.289073 -0.0202198 -0.0671032
1231219 124928 m2 0.0771414 0.0280762 0.282702 0.00764782 0.0142598
1231219 326048 m2 0.0795319 -0.196524 -0.508722 -0.0114014 -0.0267724
1231219 658082 m2 0.0168327 0.0256545 -0.0605066 0.0834336 0.0765217
1231219 175005 m2 0.0596116 0.364682 -0.523516 0.0817798 0.0452033
1231219 480797 m2 0.0313745 0.0980265 -0.0824305 0.0484747 -0.0553365
1231219 699199 m2 0.0103088 0.156536 -0.0209899 0.00762194 0.0579843
1231219 98497 m2 0.363446 0.171649 -0.77123 -0.0266357 -0.0463813
1231219 342916 m2 0.0171315 0.250534 -0.133931 -0.0177729 0.0199997
1231219 499676 m2 0.0292331 0.434477 -0.315089 0.063277 0.00737053
1231219 532115 m2 0.0179781 0.100986 -0.171566 -0.0346917 -0.0252501
1231219 641581 m2 0.0494024 0.400629 -0.46768 0.0106893 -0.0220595
1231219 630503 m2 0.0135956 0.0727255 -0.120604 0.0159186 -0.0188739
1231219 684251 m2 0.013994 -0.165343 -0.230893 -0.0259879 -0.00413052
1231219 374358 m2 0.0118526 0.347465 -0.0139839 0.0793255 -0.0203504
1231219 683231 m2 0.0117032 0.285945 -0.298724 0.016718 0.0580473
1231219 277221 m2 0.103436 0.0360995 -0.550917 0.0119315 -0.0358313
1231219 609465 m2 0.0166833 -0.105787 0.241872 0.00409729 0.00855643
1231219 672130 m2 0.0125 -0.338917 -0.183028 -0.0111783 0.0162314
1231219 727176 m2 0.0106076 -0.0272626 -0.337732 -0.0521773 -0.0429957
1231219 672443 m2 0.0123506 -0.129614 0.0722814 -0.0433931 0.0471573
1231219 232804 m2 0.0493526 0.391244 0.377075 0.0129327 0.0170876
1231219 611769 m2 0.0114044 -0.231141 -0.306003 -0.0618833 0.00761043
1231219 615528 m2 0.0199701 0.355087 -0.403342 -0.0129001 -0.0324286
1231219 632739 m2 0.035259 -0.453444 -0.168313 0.0167733 0.00538153
1231219 431971 m2 0.176195 0.585033 -0.554849 0.028849 -0.0439618
1231219 289145 m2 0.0368526 0.12983 -0.417066 0.0545395 -0.0238848
1231219 626618 m2 0.0154382 0.246962 -0.432856 -0.0897271 -0.0949068
1231219 600565 m2 0.0173307 0.0139013 -0.302007 0.0119095 -0.0217248
1231219 414351 m2 0.0107072 0.0327955 -0.0174992 -0.0547786 0.0154695
1231219 177290 m2 0.0261454 0.300627 -0.182676 0.011619 0.0147597
1231219 580221 m2 0.0408865 -0.495967 -0.16804 -0.0895419 0.0756526
1231219 148375 m2 0.215339 0.42181 -0.344897 0.00949217 0.025334
1231219 422959 m2 0.134163 0.536608 -0.481761 0.0624269 0.0196248
1231219 393397 m2 0.0160857 -0.0506392 0.315288 -0.00696869 0.00245916
1231219 340490 m2 0.197211 -0.522728 -0.573219 -0.0171052 -0.0334448
1231219 589526 m2 0.015239 0.0371622 -0.050164 -0.00785777 -0.0239167
1231219 282427 m2 0.0317729 -0.144503 -0.247072 0.0371682 -0.0194389
1231219 625617 m2 0.0238048 -0.309505 0.0334185 0.00664523 -0.0246758
1231219 479948 m2 0.0103088 0.351265 0.159565 0.0213233 -0.0661278
1231219 173243 m2 0.0302291 0.419137 0.185024 0.043894 -0.0404352
1231219 670102 m2 0.0103088 -0.0415308 0.0294191 0.037913 0.0113719
1231219 673917 m2 0.0145916 0.00908476 -0.334842 0.0218971 0.0210072
1231219 646050 m2 0.0136454 -0.0837814 -0.446993 -0.0123149 -0.00810309
1231219 402283 m2 0.0555777 -0.245254 -0.323374 -0.012854 0.0167376
1231219 633238 m2 0.0453685 -0.45491 -0.481611 -0.038737 -0.0799246
1231219 512511 m2 0.0573705 0.488998 -0.234345 -0.010974 0.00621207
1231219 691130 m2 0.012002 0.0256361 -0.275327 -0.0696657 -0.0255032
1231219 494979 m2 0.0161355 0.374236 -0.186869 0.0750097 0.00769659
1231219 598359 m2 0.0243526 -0.110302 -0.199034 -0.0118935 -0.0327801
1231219 217442 m2 0.156026 -0.206158 -0.794763 -0.00672641 -0.0306978
1231219 528746 m2 0.0136454 -0.0795208 -0.0926562 0.00315568 -0.00562261
1231219 330561 m2 0.128884 0.19857 -0.709681 -0.0811209 -0.0538417
1231219 328334 m2 0.149203 -0.517936 -0.669468 -0.00446552 -0.0575439
1231219 570580 m2 0.0362052 0.31233 -0.376253 -0.0227085 -0.0420965
1231219 505306 m2 0.0196215 -0.301385 -0.0661642 -0.00344713 0.0450012
1231219 413821 m2 0.0167331 -0.186592 -0.120978 0.00497991 -0.0283997
1231219 259482 m2 0.117779 0.535449 -0.397287 0.0318678 -0.0105058
1231219 460546 m2 0.0328187 -0.377182 -0.361123 -0.0142177 -0.0585795
1231219 510312 m2 0.0375996 -0.0697629 -0.372691 0.0552087 -0.0102373
1231219 368058 m2 0.103884 -0.506486 -0.582394 -0.0212066 -0.0976155
1231219 631673 m2 0.0297311 0.377554 -0.390809 0.101135 -0.0518897
1231219 549816 m2 0.0129482 -0.0387056 -0.402262 0.0390706 -0.00568239
1231219 295662 m2 0.109861 0.481981 -0.482735 0.0270917 -0.0166392
1231219 207803 m2 0.0681275 0.00026254 -0.271707 -0.0115089 -0.0129098
1231219 570322 m2 0.0311753 -0.382892 -0.406279 -0.0200924 0.0400357
1231219 470677 m2 0.0882968 -0.608876 -0.355418 -0.0834434 0.0155468
1231219 650219 m2 0.0206673 -0.49136 -0.0568742 0.0104917 0.0463999
1231219 579716 m2 0.0299801 -0.0423843 -0.346209 -0.0154425 -0.00520049
1231219 636771 m2 0.0116534 -0.172902 -0.313607 0.00172582 -0.0174129
1231219 285438 m2 0.0578685 -0.433953 -0.474538 -0.0519161 0.0200777
1231219 533632 m2 0.0166833 -0.346882 -0.369346 0.0886819 0.0426527
1231219 665601 m2 0.0120518 0.271855 -0.271462 0.0443122 -0.0335216
1231219 482019 m2 0.0276394 -0.0770895 -0.189799 0.0141537 0.0157314
1231219 291838 m2 0.219223 0.569862 -0.614847 0.0331478 -0.0343562
1231219 511489 m2 0.0615538 -0.549229 -0.403005 -0.0262049 0.00512452
1231219 579165 m2 0.0146414 0.275606 0.0569615 -0.0181664 0.00945299
1231219 682950 m2 0.0362052 -0.221255 -0.442086 0.0413027 0.0272924
1231219 659308 m2 0.0114044 0.0980406 -0.152704 0.00450411 0.022589
1231219 623572 m2 0.0460159 -0.438714 -0.334802 0.0183941 -0.0039097
