seed mutID muttype p cor_sal cor_temp mutSalEffect mutTempEffect
1231225 299072 m2 0.12055 -0.244736 0.468433 -0.0487669 0.037735
1231225 24102 m2 0.2541 -0.084348 0.609661 0.00240425 0.0285325
1231225 651162 m2 0.0225 -0.103519 0.378796 0.0270547 -0.0216788
1231225 59587 m2 0.06885 -0.15482 0.481891 -0.000362865 0.030851
1231225 321216 m2 0.0532 -0.232519 0.410457 -0.0208612 0.00150827
1231225 300282 m2 0.04625 -0.283771 -0.122888 -0.0130563 -0.0209477
1231225 495726 m2 0.03345 -0.188512 0.303139 -0.063666 -0.00134112
1231225 611042 m2 0.02405 -0.0890223 0.414849 -0.00475596 -0.013149
1231225 433652 m2 0.13445 -0.155599 0.488727 0.00116376 0.0187684
1231225 225202 m2 0.0523 0.216785 0.238286 -0.0166109 0.00431655
1231225 137341 m2 0.0142 -0.286312 -0.252803 -0.0418076 -0.0344167
1231225 249456 m2 0.0751 0.0102229 0.593569 -0.00554599 0.00172951
1231225 235400 m2 0.1289 0.533732 0.393649 0.0461699 0.0395909
1231225 653361 m2 0.02435 -0.0414079 0.392346 -0.0213556 -0.0206147
1231225 466572 m2 0.0506 0.374382 0.498123 0.0117947 0.0433003
1231225 648662 m2 0.01605 0.108089 0.503352 0.0222435 0.0170723
1231225 434413 m2 0.012 -0.217266 0.348388 -0.00714037 0.0168045
1231225 477894 m2 0.02885 0.0883493 0.472418 0.0186846 0.047117
1231225 149148 m2 0.16375 0.198119 0.44172 0.00364242 0.00706966
1231225 595652 m2 0.02055 0.208965 0.20452 0.0250193 0.0345951
1231225 491413 m2 0.07385 -0.243877 0.438003 -0.016232 0.0143653
1231225 629514 m2 0.02065 0.00906574 0.361385 0.0568224 -0.0329087
1231225 256186 m2 0.0234 0.350313 0.193537 -0.0386956 0.0039751
1231225 316428 m2 0.0176 0.20367 0.414094 0.0151524 0.0693175
1231225 309019 m2 0.07335 -0.156377 0.48409 -0.0228861 0.0689902
1231225 532494 m2 0.0102 0.214374 0.0750849 -0.0406572 0.0369564
1231225 569576 m2 0.0307 0.302135 0.507831 0.00757806 0.0483278
1231225 573036 m2 0.02795 -0.324074 0.335852 -0.0382448 0.0423828
1231225 231355 m2 0.1195 -0.288354 0.164699 -0.066015 0.0190528
1231225 574813 m2 0.0115 -0.111703 0.380274 -0.039427 -0.0476236
1231225 661665 m2 0.0138 0.275915 0.399839 0.0315228 0.00921113
1231225 500484 m2 0.0218 0.299776 0.374141 0.0164338 0.0226937
1231225 454338 m2 0.06595 0.241171 0.473528 0.0372053 0.0592249
1231225 139897 m2 0.03675 -0.131157 0.454591 -0.0142761 0.0604319
1231225 661918 m2 0.0152 0.181763 0.307469 0.00930466 0.0555268
1231225 529761 m2 0.0119 0.233315 0.0573671 0.0559632 0.00639143
1231225 97388 m2 0.0184 0.392728 0.202684 0.0640507 -0.0124948
1231225 170185 m2 0.0241 0.286965 0.502861 0.0348344 0.032128
1231225 360928 m2 0.01015 0.188983 0.420416 0.0783158 -0.0148203
1231225 520213 m2 0.04125 0.272217 0.591348 0.0254694 0.0512855
1231225 657362 m2 0.01105 0.165831 0.369499 0.0145421 0.055545
1231225 306570 m2 0.0872 0.338717 0.620643 0.0644189 0.00845123
1231225 559297 m2 0.015 0.0512398 0.138188 -0.0137072 0.0348658
1231225 654386 m2 0.02575 0.276792 0.436881 -0.0306422 0.0467172
1231225 677190 m2 0.0274 0.323612 0.482779 0.0488077 -0.0132286
1231225 611024 m2 0.0142 0.0759847 0.35331 0.00564582 0.0208817
1231225 327556 m2 0.0342 -0.172753 0.448576 -0.0346543 0.076988
1231225 105784 m2 0.0196 0.398296 0.0946724 -0.0225466 0.0151635
1231225 719592 m2 0.01605 -0.0281165 0.382659 -0.0152741 -0.038454
1231225 618800 m2 0.0324 0.321353 0.207288 0.0442162 -0.0457787
1231225 317876 m2 0.0195 -0.244872 0.291142 -0.0534711 0.0409748
1231225 360650 m2 0.04055 0.378663 0.297984 0.00966166 0.001104
1231225 141094 m2 0.1355 0.252448 0.649175 0.0364221 0.0242185
1231225 505896 m2 0.02075 -0.0639017 0.412536 -0.0270065 0.0381858
1231225 282900 m2 0.0286 0.152586 0.494139 0.0697488 0.0489025
1231225 564691 m2 0.03 -0.0900701 0.0186838 0.0177175 -0.0271129
1231225 417957 m2 0.01205 -0.315474 0.210056 -0.0617795 0.00897759
1231225 701885 m2 0.0158 -0.209595 0.384014 -0.0264959 0.0317012
1231225 341064 m2 0.0792 -0.336229 0.160172 -0.039727 0.0184092
1231225 389582 m2 0.0328 -0.244559 0.37019 -0.0160081 0.0525785
1231225 285161 m2 0.01085 -0.28114 0.240551 -0.139544 0.0372287
1231225 360645 m2 0.0189 -0.0698623 0.314597 -0.00353491 -0.0143222
1231225 29279 m2 0.0175 0.344473 0.183319 0.0075011 0.0149345
1231225 297556 m2 0.08975 -0.251892 0.402285 -0.0454243 0.031528
1231225 704936 m2 0.02035 -0.011386 0.445037 0.0209159 -0.00769879
1231225 292132 m2 0.0285 0.338743 0.448677 0.00630065 -0.00716089
1231225 662384 m2 0.01945 0.133355 0.419106 -0.00434149 0.0237333
1231225 621058 m2 0.01295 0.0445181 0.267155 -0.0125912 0.0265394
1231225 408526 m2 0.0146 0.0428341 0.36889 0.0114545 0.00993912
1231225 385808 m2 0.0342 -0.134131 0.426234 -0.00348126 0.0316148
1231225 534703 m2 0.0169 0.292847 0.338044 0.00374204 0.0368592
1231225 974 m2 0.0515 0.0918638 0.490938 0.00313598 0.0175455
1231225 528460 m2 0.01425 0.0446721 0.421235 0.0216887 0.0601104
1231225 611783 m2 0.0266 -0.136555 0.370819 0.0348517 0.0485982
1231225 632297 m2 0.01725 0.105475 0.362754 0.0345635 0.0557859
1231225 367519 m2 0.03955 -0.246799 0.369974 -0.0521477 0.0181321
1231225 656118 m2 0.0105 0.0315988 0.361069 -0.0410068 -0.0234401
1231225 702945 m2 0.0122 -0.273004 0.309134 -0.0331737 0.00904789
1231225 193555 m2 0.05095 0.472209 0.439269 0.044667 0.00524739
1231225 1041 m2 0.05345 -0.0697342 0.384149 -0.000318704 0.00870693
1231225 633328 m2 0.0389 0.234792 0.235606 -0.00386803 0.0359791
1231225 402456 m2 0.0773 -0.041096 0.628807 0.0023323 0.0342573
1231225 720025 m2 0.01085 0.270049 0.382754 0.0845278 0.0848276
1231225 318896 m2 0.01385 0.330383 0.231297 0.0721812 0.0101311
1231225 591543 m2 0.01405 0.283002 0.384698 0.00625368 0.0468293
1231225 387261 m2 0.01295 0.0447659 0.157935 -0.0364061 0.0300017
1231225 563880 m2 0.02235 0.392956 0.351266 0.0226131 0.00580054
1231225 408025 m2 0.0309 -0.0934498 0.343675 -0.00148502 0.00106502
1231225 574777 m2 0.0108 -0.266067 0.305229 0.0111127 -0.00888058
1231225 132256 m2 0.05165 -0.066381 0.161612 0.0350165 0.00410256
1231225 618263 m2 0.01405 -0.143092 0.356511 -0.0110258 0.0468614
1231225 393839 m2 0.0131 -0.013852 0.349222 0.015378 0.0472069
1231225 653058 m2 0.03065 -0.172557 0.43971 -0.016303 -0.0152467
1231225 610982 m2 0.027 -0.249849 0.304563 -0.0337533 0.0352018
1231225 683539 m2 0.0101 0.146763 0.440484 0.00979509 -0.0528357
1231225 329248 m2 0.0225 -0.0415969 0.405987 -0.00336558 0.0740369
1231225 366724 m2 0.04325 0.0801943 0.488667 0.0316657 -0.0182034
1231225 493115 m2 0.03295 0.299974 0.448748 0.0623939 0.0683233
1231225 412257 m2 0.0219 -0.194484 0.437385 -0.00404004 0.0651212
1231225 24904 m2 0.05205 0.184918 0.413241 0.0161413 0.000991782
1231225 625969 m2 0.02 -0.0829227 0.394064 -0.0646504 0.0519904
1231225 240304 m2 0.07425 0.52689 0.209369 0.0812704 0.0211522
1231225 286871 m2 0.01415 -0.0426316 0.396301 -0.0335164 0.0116533
1231225 596312 m2 0.03835 0.0102355 0.484677 -0.0233394 0.00500793
1231225 565943 m2 0.01645 0.250975 0.287318 0.0326557 0.00251086
1231225 425521 m2 0.026 0.111601 0.0734168 0.0514551 0.055146
1231225 698628 m2 0.01075 0.191673 0.404642 0.0321426 0.018414
1231225 271998 m2 0.05825 0.0489808 0.541335 0.00728958 0.0313405
1231225 720003 m2 0.0113 -0.283976 0.254137 -0.0295436 0.0237645
1231225 605369 m2 0.0203 -0.144046 0.277331 0.0145546 0.0034443
1231225 575502 m2 0.0211 0.0611183 0.393312 -0.0408318 0.0410719
1231225 38903 m2 0.1576 0.388804 0.626902 0.0445561 0.0281733
1231225 68825 m2 0.05195 -0.145191 -0.152109 0.0263851 -0.0260467
1231225 673115 m2 0.01145 0.366351 0.404629 0.0139101 0.0291065
1231225 216800 m2 0.0272 -0.228703 0.47471 -0.024224 0.0260238
1231225 304032 m2 0.1127 -0.399581 0.324783 -0.0539046 0.034014
1231225 318339 m2 0.0531 -0.059309 0.500514 0.0372965 0.0218025
1231225 525534 m2 0.0175 -0.148839 -0.324145 0.0700915 -0.0230613
1231225 371371 m2 0.01655 -0.262555 0.286499 -0.0564164 0.0115482
1231225 440900 m2 0.01175 -0.166233 0.351513 -0.018999 0.0250244
1231225 360347 m2 0.12855 -0.0184823 0.613106 0.00458427 0.0375868
1231225 569780 m2 0.0188 0.319995 0.258324 0.0247469 -0.0373159
1231225 379625 m2 0.0683 -0.253212 0.419115 -0.0596439 0.0393919
1231225 164612 m2 0.1113 -0.111437 0.441973 -0.0320791 0.04871
1231225 366968 m2 0.02945 -0.0460299 -0.000740827 -0.0167658 0.0215802
1231225 205234 m2 0.0861 0.0953039 -0.0599401 0.0148501 0.00408863
1231225 666576 m2 0.0158 0.171569 0.424278 -0.035658 0.0341619
1231225 251367 m2 0.0716 0.263227 0.631247 0.0162912 0.0205229
1231225 364418 m2 0.0379 -0.080622 0.303147 0.0239139 0.0455325
1231225 721471 m2 0.0103 0.2599 0.352406 -0.0132385 -0.0134469
1231225 286618 m2 0.1128 -0.402608 0.340535 -0.0375841 0.0204643
1231225 704606 m2 0.01025 -0.150291 0.328286 -0.0319959 0.00506545
1231225 128688 m2 0.02345 -0.24335 0.159885 -0.00375429 0.0165002
1231225 694574 m2 0.01505 0.129207 0.318247 -0.00680608 0.066851
1231225 628170 m2 0.04755 0.0125862 0.513882 -0.0188064 0.0195952
1231225 584582 m2 0.01205 -0.329066 0.276714 0.00771696 0.112779
1231225 608980 m2 0.01365 -0.173624 0.371336 0.0495456 0.0351559
1231225 330523 m2 0.0286 0.00635128 0.466334 -0.0351147 0.0295586
1231225 349236 m2 0.0603 0.362152 0.32672 0.0420251 0.0426225
1231225 282334 m2 0.03585 -0.132939 0.414501 -0.0448195 0.0174058
1231225 639197 m2 0.01355 0.358655 0.43293 0.0625343 0.031899
1231225 448877 m2 0.0214 0.337777 -0.114437 -0.0245671 -0.0131123
1231225 6296 m2 0.05235 0.224395 0.524631 0.0277282 0.0407369
1231225 671440 m2 0.0316 0.307771 0.283251 0.0382289 -0.0430828
1231225 381345 m2 0.02175 0.0774662 0.376057 -0.00500828 0.0129726
1231225 519849 m2 0.0131 0.138867 0.431299 -0.00246866 0.0144557
1231225 292320 m2 0.0753 -0.0445834 0.564436 0.00797249 0.0588194
1231225 401380 m2 0.02065 0.00382293 0.454203 -0.0199342 0.0313244
1231225 550124 m2 0.01735 0.0646372 0.272421 0.0325134 0.0077765
1231225 317082 m2 0.05315 0.356073 0.356442 0.056552 0.0242225
1231225 660569 m2 0.0151 -0.0948643 0.262798 -0.0150049 -0.045209
1231225 624168 m2 0.0179 -0.378697 -0.171353 -0.0933571 0.0147387
1231225 536663 m2 0.01405 -0.15367 0.276234 -0.0327161 -0.0072625
1231225 324751 m2 0.02455 0.208696 0.460183 0.0241686 0.0174881
1231225 6801 m2 0.03695 0.0192501 -0.164451 -0.0454718 -0.0418332
1231225 376376 m2 0.02095 -0.27908 0.286321 0.0286194 0.0509112
1231225 181233 m2 0.01005 -0.361629 0.222574 0.0241591 0.0476196
1231225 412740 m2 0.0761 0.499698 0.290298 0.058119 0.0113916
1231225 581232 m2 0.0423 -0.157697 0.41523 0.00806819 -0.0373994
1231225 346662 m2 0.0587 -0.108435 0.443509 -0.024345 0.0276504
1231225 238000 m2 0.0186 -0.15818 0.187899 -0.00710281 0.0269147
1231225 283087 m2 0.0106 -0.266274 0.221655 0.0291713 -0.0203643
1231225 209923 m2 0.07745 -0.45197 -0.0127671 -0.0840149 0.0319265
1231225 609250 m2 0.0169 -0.134866 0.39851 -0.0119926 -0.0120548
1231225 248057 m2 0.03355 -0.0709389 0.260578 0.0258749 -0.00516189
1231225 380853 m2 0.0263 0.132429 0.476859 -0.0150931 0.0809431
1231225 491811 m2 0.0141 -0.0819353 0.408885 -0.00882049 0.0545301
1231225 586976 m2 0.01345 0.315151 0.366409 0.0973207 -0.00495287
1231225 602104 m2 0.01605 -0.319084 -0.19064 -0.0311001 -0.0459442
1231225 527174 m2 0.0172 0.170397 0.142941 -0.00533037 -0.00445485
1231225 466456 m2 0.0643 0.0966409 -0.0373746 0.0234689 -0.00224778
1231225 586012 m2 0.0144 -0.242757 0.297442 -0.031442 0.0922719
1231225 622750 m2 0.0133 0.0182857 0.428293 0.0127391 0.0301514
1231225 603347 m2 0.0369 0.315457 0.398351 0.0244831 -0.00117593
1231225 207362 m2 0.0793 0.399592 0.299369 0.0537822 0.00350599
1231225 277739 m2 0.01885 0.324392 -0.118281 0.0340513 0.0193655
1231225 271959 m2 0.03185 -0.325445 0.0128645 -0.0542772 0.00608597
1231225 615745 m2 0.0113 -0.194559 0.03626 -0.0127802 -0.0297102
1231225 264404 m2 0.08595 0.384933 0.588657 0.0147696 0.0442111
1231225 427033 m2 0.05045 -0.0737598 0.28706 0.00879265 0.0206475
1231225 382063 m2 0.023 -0.257504 0.312943 -0.011116 0.0045275
1231225 176891 m2 0.1602 -0.407097 0.378162 -0.0401166 -0.0126029
1231225 350754 m2 0.01975 0.335734 0.259961 0.0720556 0.00695896
1231225 17703 m2 0.02495 0.142631 -0.0231752 0.0556532 0.00633243
1231225 399004 m2 0.0291 0.369873 0.393807 0.0251918 -0.0265956
1231225 11021 m2 0.0233 0.466734 0.235099 0.0266581 0.00320906
1231225 532394 m2 0.0602 -0.334504 -0.121247 -0.0704578 0.0365702
1231225 574712 m2 0.01335 0.0608212 0.372471 0.00858423 0.0202862
1231225 120891 m2 0.0677 -0.127472 0.523047 -0.035146 0.0197556
1231225 15525 m2 0.02865 -0.117759 0.28765 0.0398644 0.0139297
1231225 353065 m2 0.02285 -0.158315 0.358002 -0.0520808 0.0441834
1231225 505327 m2 0.0429 -0.186042 0.354254 -0.0422372 0.00575676
1231225 403669 m2 0.0122 -0.0871204 0.338965 0.000480613 0.0242194
1231225 492061 m2 0.0455 0.0023649 0.539897 -0.0254681 0.0391544
1231225 682460 m2 0.03045 -0.341085 0.0532954 0.00800809 0.0367373
1231225 700615 m2 0.0174 0.0084145 0.28419 -0.0175776 -0.041402
1231225 598467 m2 0.0156 0.0112283 -0.0113836 0.0117962 -0.0368221
1231225 32543 m2 0.06875 0.0180921 0.599252 0.0107791 -0.00277363
1231225 121584 m2 0.03785 0.0667734 0.303324 -0.00891558 0.00209876
1231225 12504 m2 0.04475 -0.211845 -0.000158939 -0.0533572 -0.0132165
1231225 387729 m2 0.0186 0.257151 0.452911 -0.0320134 0.0172375
1231225 520833 m2 0.04435 0.0260012 0.350541 0.00847809 -0.0366488
1231225 673532 m2 0.0197 0.337624 0.198074 0.0320636 -0.00150559
1231225 286809 m2 0.0487 0.0214326 0.539515 -0.0435762 0.0325602
1231225 684930 m2 0.0107 -0.154043 0.089128 -0.0373778 0.0325322
1231225 645536 m2 0.01315 0.0960142 0.15719 0.0378321 0.0347453
1231225 692045 m2 0.01595 -0.217106 0.133138 -0.046178 0.0161398
1231225 417170 m2 0.0473 -0.354598 -0.275643 -0.124778 -0.0181685
1231225 638682 m2 0.0148 -0.322266 0.306814 -0.00569955 -0.0251556
1231225 637928 m2 0.0175 -0.153485 0.260117 -0.0466686 -0.000699346
1231225 659276 m2 0.01205 -0.234506 0.132035 0.0182791 -0.00807829
1231225 613150 m2 0.01085 -0.154937 0.329502 -0.0431205 -0.0341055
1231225 448347 m2 0.0113 -0.325452 0.153369 -0.0164187 -0.0500203
1231225 593504 m2 0.02035 0.308348 -0.182183 0.00490412 -0.0266704
1231225 336457 m2 0.03985 -0.0368246 -0.191865 0.00380999 0.025332
1231225 657497 m2 0.0196 -0.29117 0.137359 0.000338992 -0.0462276
1231225 664585 m2 0.0126 -0.244032 0.283251 -0.00552547 -0.0527835
1231225 602326 m2 0.01735 -0.32046 0.291901 -0.021722 -0.0079088
1231225 22347 m2 0.162 0.485953 0.573675 0.0476643 0.043771
1231225 151595 m2 0.06115 0.347874 -0.487401 0.056554 -0.0140604
1231225 50342 m2 0.07485 0.124875 0.674667 0.0169113 0.0234872
1231225 436517 m2 0.0208 -0.00910285 0.270941 0.0234383 0.0265612
1231225 686694 m2 0.01765 -0.310601 0.111482 -0.043257 0.000647487
1231225 610423 m2 0.01175 -0.28768 0.325154 -0.0584168 0.0712325
1231225 179183 m2 0.0146 -0.200963 0.332403 -0.0120314 0.00655446
1231225 471927 m2 0.0116 0.0688847 0.109449 0.0148048 -0.0278907
1231225 322970 m2 0.0188 -0.0522216 0.212162 -0.0167803 -0.0157058
1231225 390926 m2 0.0261 -0.179483 0.067789 -0.00410431 0.0188346
1231225 411912 m2 0.01935 -0.319574 -0.0608179 0.0222328 -0.0150846
1231225 663081 m2 0.02835 -0.146583 0.12358 -0.0254553 0.00650153
1231225 31481 m2 0.15885 -0.619396 -0.0330865 -0.0341565 0.0156556
1231225 190960 m2 0.03945 -0.259384 0.357932 -0.0269228 0.0251996
1231225 24132 m2 0.38195 -0.0115069 -0.617575 -0.0473491 -0.0365548
1231225 204163 m2 0.03645 0.144558 0.447418 0.0463731 0.0294008
1231225 501309 m2 0.01365 -0.290962 0.232516 0.0225299 0.0228127
1231225 661291 m2 0.03615 -0.346816 0.272496 -0.0078102 0.0562819
1231225 224076 m2 0.0343 -0.0350091 0.359546 0.0323626 0.00412534
1231225 583270 m2 0.0112 -0.0490426 0.191129 0.0392049 -0.0124312
1231225 304401 m2 0.02195 0.314419 0.262137 0.041122 0.0287149
1231225 450052 m2 0.0298 -0.031512 0.486446 -0.00427202 0.00687185
1231225 680978 m2 0.01425 -0.288295 0.111605 0.0240505 -0.043817
1231225 597139 m2 0.03325 0.121861 0.41337 0.0046092 0.0513832
1231225 201091 m2 0.0309 -0.306819 -0.0556373 -0.0173779 0.00593742
1231225 643765 m2 0.0177 0.256452 0.38621 0.0493254 0.041204
1231225 361803 m2 0.05715 0.14576 0.286713 -0.023499 0.0318125
1231225 219871 m2 0.01165 -0.178669 0.0219726 0.0292316 -0.043114
1231225 642361 m2 0.01005 -0.165272 -0.29882 0.0417731 0.0191526
1231225 242578 m2 0.1257 -0.220953 0.555684 0.0216986 0.00663327
1231225 594993 m2 0.01965 -0.0840136 0.193829 -0.0458238 0.0260852
1231225 363147 m2 0.1075 0.358173 0.571443 0.0404847 0.00167749
1231225 679784 m2 0.01205 0.288817 0.286182 0.0169569 -0.0260241
1231225 145718 m2 0.0526 -0.374878 0.466549 -0.0883468 0.0277096
1231225 74515 m2 0.01655 0.343029 0.3438 0.0169196 -0.0177915
1231225 376322 m2 0.02325 0.0551177 0.423791 0.0439134 0.0300627
1231225 260582 m2 0.07955 0.416211 -0.387096 0.0119966 -0.000278646
1231225 233215 m2 0.01025 -0.233594 0.283384 -0.00690315 0.0242055
1231225 613362 m2 0.03265 0.464939 0.385912 0.0644221 0.052341
1231225 232710 m2 0.2377 -0.100581 -0.0635061 0.00770801 0.010992
1231225 388743 m2 0.18795 0.308878 0.0567003 0.0473026 0.0230922
1231225 710465 m2 0.01155 -0.285125 0.0882071 0.0258644 0.0356729
1231225 679532 m2 0.0151 -0.0948643 0.262798 -0.012553 -0.00639254
1231225 568213 m2 0.02075 -0.0504086 0.35533 0.0539929 0.0176127
1231225 338428 m2 0.0561 0.385154 0.51302 0.00160025 0.0209122
1231225 445302 m2 0.0245 -0.141554 0.446124 -0.0193378 0.0462062
1231225 646976 m2 0.02295 0.3553 0.192239 0.0325964 0.0367651
1231225 693526 m2 0.0104 0.353132 0.261574 0.0156396 -0.0409637
1231225 187916 m2 0.0501 -0.189778 0.495432 0.00239322 0.0366072
1231225 243047 m2 0.08945 -0.354236 0.253204 -0.0464278 0.0453093
1231225 662520 m2 0.0276 -0.319614 0.274694 -0.0431228 -0.0240262
1231225 636364 m2 0.0121 0.319349 0.308739 0.0276566 -0.0020015
1231225 30643 m2 0.17965 0.376751 -0.545087 0.0396656 0.0102271
1231225 679773 m2 0.01125 -0.0216158 0.323843 -0.0434254 0.0233203
1231225 410888 m2 0.0418 -0.108333 -0.257364 -0.0146962 -0.00487819
1231225 48790 m2 0.22085 -0.0950352 -0.0151773 -0.0236615 0.00439811
1231225 33226 m2 0.2041 0.485766 -0.511358 0.0723556 -0.0352546
1231225 290738 m2 0.0501 -0.362905 -0.319807 -0.0540056 0.0634597
1231225 558890 m2 0.0114 -0.188462 -0.0938869 0.0551005 -0.0304713
1231225 406912 m2 0.0605 -0.128217 0.407761 0.0314076 -0.0207973
1231225 51022 m2 0.01425 0.150302 -0.363981 0.0241543 0.00263696
1231225 637393 m2 0.02415 -0.315278 0.327742 -0.0516096 0.0371104
1231225 365358 m2 0.01015 0.00250668 0.129888 0.0386487 0.0307495
1231225 39292 m2 0.0706 0.0880578 0.676926 0.0154215 0.0306976
1231225 225018 m2 0.0228 0.368148 -0.37116 -0.00397412 -0.00836641
1231225 323961 m2 0.02675 -0.170626 0.180411 0.0275473 -0.000162874
1231225 482634 m2 0.01415 0.0976152 0.258025 0.0149404 -0.00561764
1231225 445560 m2 0.0184 -0.155887 0.171056 0.0213404 0.0702651
1231225 567117 m2 0.01815 -0.186479 -0.223682 0.00258664 -0.0188794
1231225 289751 m2 0.0505 -0.257569 0.331497 -0.0620877 0.0278372
1231225 677548 m2 0.01335 0.0241589 0.146637 -0.0309315 -0.0400283
1231225 117995 m2 0.0896 -0.111519 0.446039 -0.0227492 0.0299595
1231225 222054 m2 0.01475 0.203891 -0.374686 -0.00521319 -0.0330698
1231225 153574 m2 0.07535 0.243356 0.562072 0.0105366 0.0162009
1231225 467928 m2 0.04985 0.214452 0.528181 0.0173462 0.0524593
1231225 420611 m2 0.02245 0.287347 0.0168599 0.0436666 -0.0404799
1231225 582473 m2 0.0634 0.260386 0.542066 0.0521492 -0.0222319
1231225 259243 m2 0.02055 -0.273163 -0.319133 -0.043099 -0.0216543
1231225 504537 m2 0.02835 -0.349745 0.265564 -0.0134775 0.00761772
1231225 594246 m2 0.01235 -0.214347 0.344842 -0.0466742 0.0310508
1231225 67698 m2 0.02045 -0.214561 0.010489 -0.0205886 0.00943766
1231225 694744 m2 0.0101 0.0320565 0.315837 0.0803272 0.0266555
1231225 84996 m2 0.01915 0.325112 0.309092 -0.0166774 0.0252484
1231225 183111 m2 0.03985 0.307433 0.476207 0.011521 0.0372098
1231225 417613 m2 0.0322 -0.0301512 -0.0783577 0.011381 0.0309303
1231225 711647 m2 0.0106 -0.0702054 -0.0128261 0.0365374 -0.0319761
1231225 299365 m2 0.0355 -0.0435863 0.518041 -0.0225484 0.0333622
1231225 214224 m2 0.02245 -0.191936 -0.172085 -0.0497675 -0.0370187
1231225 636355 m2 0.0413 -0.33241 0.281358 -0.0531849 -0.0111989
1231225 478483 m2 0.0207 -0.221001 0.372603 -0.0275199 0.0544631
1231225 230948 m2 0.11155 -0.0950897 0.476109 -0.0472393 0.0481404
1231225 535319 m2 0.02645 0.0414945 0.429231 0.0236744 0.0434096
1231225 202872 m2 0.0392 0.369035 0.518367 -0.011391 0.0260906
1231225 506685 m2 0.0294 -0.421196 0.0292077 0.00400823 -0.0497599
1231225 123333 m2 0.233 -0.0491763 0.410382 -0.0223348 0.0263599
1231225 354483 m2 0.07045 -0.420212 0.119678 -0.0378619 0.00230716
1231225 446018 m2 0.063 -0.113739 0.468448 -0.00831657 0.0310978
1231225 472124 m2 0.10025 0.0624288 0.441526 -0.0137142 0.0026424
1231225 683686 m2 0.0104 -0.177404 0.220836 -0.115132 0.0589401
1231225 593968 m2 0.0496 -0.0208396 -0.0489947 -0.0363774 0.0148756
1231225 451535 m2 0.01595 0.191363 0.214989 -0.0130047 0.0504646
1231225 477219 m2 0.0112 0.317405 0.258728 0.0414238 0.0345104
1231225 332451 m2 0.0607 0.229778 0.128265 0.0268455 -0.0213495
1231225 465834 m2 0.1214 -0.309641 -0.211217 -0.0551898 0.00917943
1231225 627064 m2 0.0191 0.310822 0.0126493 -0.0138132 -0.0292912
1231225 60080 m2 0.25055 0.495146 0.150782 0.0798915 -0.0279552
1231225 659457 m2 0.01205 0.397031 -0.0673815 0.0816477 -0.0383852
1231225 378552 m2 0.04525 -0.0263901 0.239157 0.0116861 0.031547
1231225 183103 m2 0.0456 0.0854952 0.535579 -0.0166812 0.0549296
1231225 521024 m2 0.03415 -0.0335074 0.144637 -0.0172211 0.0434331
1231225 677277 m2 0.0224 -0.165452 -0.0562671 0.0118775 -0.0132721
1231225 231410 m2 0.0342 -0.160501 0.404158 -0.0341461 0.0463508
1231225 628582 m2 0.03095 0.34577 0.387155 0.000312448 0.00330442
1231225 599118 m2 0.01335 -0.366119 0.125982 -0.0656527 -0.0221905
1231225 618405 m2 0.0209 0.105672 0.357994 0.0662695 -0.038778
1231225 208075 m2 0.02925 -0.10965 0.328607 0.0577145 0.0537092
1231225 486634 m2 0.05225 0.264542 0.127074 0.0415393 0.016823
1231225 366341 m2 0.04875 -0.37929 -0.181048 -0.0726685 -0.0130626
1231225 564780 m2 0.044 -0.371567 -0.0353636 -0.021887 0.00549174
1231225 355761 m2 0.0411 -0.0719046 -0.37766 -0.0549186 -0.00728534
1231225 591183 m2 0.01205 -0.317443 -0.294066 -0.0274571 -0.0260883
1231225 589908 m2 0.022 -0.169132 -0.169256 0.0318034 0.0170169
1231225 653716 m2 0.04085 -0.227247 0.381821 0.00341346 0.0414169
1231225 77931 m2 0.15325 -0.47149 -0.337401 -0.0450707 -0.0422006
1231225 144355 m2 0.14405 0.319434 0.621636 -0.00530194 0.036796
1231225 600549 m2 0.01835 0.337647 -0.261185 -0.0539899 -0.0613979
1231225 663771 m2 0.0216 -0.279138 -0.0794837 -0.0744957 -0.0199385
1231225 645952 m2 0.03565 0.0153506 0.506251 0.00712692 0.0219394
1231225 609428 m2 0.0216 -0.359867 -0.032973 -0.0769857 0.0304517
1231225 551290 m2 0.0327 -0.171051 0.313683 0.0559429 -0.0311907
1231225 135417 m2 0.07655 0.103394 0.667669 -0.00284548 0.0147084
1231225 568383 m2 0.02555 0.0803792 -0.460644 -0.00516955 0.0100582
1231225 589661 m2 0.01445 0.387376 -0.0305073 -0.00816553 -0.0159203
1231225 594945 m2 0.0228 -0.00780745 -0.330707 -0.00920419 0.0152494
1231225 541571 m2 0.01165 -0.263763 0.253441 -0.0191357 0.0213432
1231225 212496 m2 0.10755 0.306588 0.116785 0.0106522 0.0197323
1231225 691710 m2 0.01535 -0.164065 0.274413 -0.0111758 -0.0114965
1231225 323670 m2 0.0469 -0.121812 0.480312 -0.0161799 0.0557396
1231225 120519 m2 0.0394 -0.299343 -0.22847 0.0261781 -0.00151156
1231225 648739 m2 0.0131 0.333062 0.270474 0.0190505 0.071096
1231225 109889 m2 0.0476 -0.122042 0.508079 -0.0435795 0.026318
1231225 718682 m2 0.0103 -0.233602 0.0371163 0.00683775 -0.0569923
1231225 359997 m2 0.0115 0.351891 0.281354 0.0680589 0.0739591
1231225 437735 m2 0.1254 -0.211602 0.324223 -0.0413442 0.0311294
1231225 164196 m2 0.09865 0.174836 -0.0212098 -0.0111501 -0.0361812
1231225 610145 m2 0.0279 0.19831 0.250412 0.0226517 0.00798564
1231225 307829 m2 0.2872 -0.199875 -0.802486 -0.0556495 0.0131537
1231225 317935 m2 0.01735 0.208829 0.311191 0.0446441 0.00263316
1231225 237141 m2 0.10075 0.379124 -0.583035 0.0317024 0.035609
1231225 562495 m2 0.0505 0.426087 0.366731 0.053735 -0.0159057
1231225 479441 m2 0.0634 -0.181724 -0.00735529 0.032427 0.015709
1231225 665252 m2 0.0197 -0.120134 0.296855 0.0249857 0.00396655
1231225 484868 m2 0.03425 -0.212177 0.346883 -0.0198995 0.0440652
1231225 540844 m2 0.02005 0.355891 0.0811083 0.0318988 0.00706379
1231225 141615 m2 0.03785 0.344913 -0.57357 0.0281001 -0.032503
1231225 708679 m2 0.0198 -0.282555 -0.264154 -0.0245578 0.0336013
1231225 172978 m2 0.05975 0.175179 0.396823 0.0341687 0.0246014
1231225 628839 m2 0.01455 -0.27388 0.113258 -0.0696301 -0.00456071
1231225 211752 m2 0.0136 -0.153947 0.382456 -0.0303148 0.0334919
1231225 202563 m2 0.07295 0.251719 0.503004 -0.0391703 0.0249413
1231225 127549 m2 0.10405 -0.264777 0.0186293 -0.0376189 -0.0225374
1231225 290940 m2 0.04295 -0.0601789 0.0209398 -0.0161051 -0.045941
1231225 561733 m2 0.03725 -0.176104 0.240723 -0.0301593 0.0301447
1231225 188082 m2 0.20835 -0.388298 0.144859 -0.0313805 -0.0352088
1231225 453702 m2 0.0794 0.36176 -0.201473 0.0489627 0.0372567
1231225 723656 m2 0.01445 0.334238 -0.0302166 -0.0112182 -0.0437525
1231225 125272 m2 0.06055 0.00837851 0.180392 -0.0045861 -0.00658775
1231225 451773 m2 0.0157 0.0486319 0.127049 0.000210596 -0.0168767
1231225 326869 m2 0.0139 0.0927567 -0.294521 0.0405553 -0.0271589
1231225 492719 m2 0.06325 0.130746 -0.253762 -0.0178511 -0.00379465
1231225 608128 m2 0.0315 0.365591 0.45149 0.0146148 0.0422412
1231225 229925 m2 0.02155 0.216328 -0.425636 -0.0184758 -0.04274
1231225 207964 m2 0.0137 0.302881 -0.157207 -0.0181427 -0.0173047
1231225 134870 m2 0.0551 0.119146 -0.295151 0.00372836 -0.043233
1231225 509140 m2 0.06635 -0.243014 0.430651 -0.0594701 0.0240297
1231225 481375 m2 0.1057 -0.201474 -0.0323537 -0.0731048 0.0447013
1231225 563245 m2 0.0365 0.485569 -0.215211 0.0760434 0.0279819
1231225 683886 m2 0.0194 -0.183019 0.0317723 0.00140077 0.0553089
1231225 153775 m2 0.03395 0.320596 0.367651 0.00715511 -0.017534
1231225 714405 m2 0.01015 -0.195701 0.0423676 0.016441 -0.0111612
1231225 672032 m2 0.01495 -0.301961 -0.0422391 -0.0333226 -0.0473516
1231225 306358 m2 0.11 0.327024 0.559902 0.00544678 -0.0436562
1231225 146924 m2 0.16095 0.585632 0.274323 0.0439014 0.0282752
1231225 316690 m2 0.0667 0.103298 -0.648341 -0.00364369 -0.0932421
1231225 510655 m2 0.0219 0.0635561 -0.0622271 -0.0266992 0.0105654
1231225 650957 m2 0.01485 -0.112597 0.335314 0.0179115 -0.0161232
1231225 200019 m2 0.0613 0.406328 -0.521084 0.105138 -0.0659859
1231225 490649 m2 0.02595 -0.26029 -0.322815 -0.0519154 0.0104479
1231225 349620 m2 0.13285 0.280375 0.546867 0.013533 0.00816861
1231225 454635 m2 0.0131 -0.332837 -0.241264 0.0152026 0.0311494
1231225 643008 m2 0.01455 -0.120331 -0.193386 0.00366219 -0.00053189
1231225 237130 m2 0.0945 0.0936216 0.548562 0.0154243 -0.0152818
1231225 639790 m2 0.0213 -0.216052 -0.0177782 -0.0575982 0.081047
1231225 401518 m2 0.08065 0.506108 -0.0591655 0.000598739 0.0107593
1231225 156209 m2 0.122 0.261533 -0.613366 0.0317697 -0.0329818
1231225 395624 m2 0.02425 0.440326 0.25223 0.0407301 0.0234878
1231225 625786 m2 0.0131 -0.305307 0.270067 0.0299425 0.0337703
1231225 446988 m2 0.0519 0.176338 -0.187955 0.0618262 -0.0220263
1231225 697433 m2 0.01665 -0.265389 -0.31069 0.0243805 -0.0486645
1231225 474416 m2 0.01035 0.33029 0.0294473 0.0568203 -0.0296363
1231225 609873 m2 0.0218 0.0212011 0.201922 -0.0068282 -0.00515434
1231225 670318 m2 0.01135 0.181099 -0.0473328 0.0236791 0.00126264
1231225 603778 m2 0.02695 -0.293288 0.386721 -0.0337746 -0.00540747
1231225 628749 m2 0.0194 0.31067 -0.0651185 0.000655785 0.0499666
1231225 468902 m2 0.0162 0.066225 0.374213 0.00679266 0.0149586
1231225 440200 m2 0.0122 -0.118433 0.325619 -0.03091 0.0127989
1231225 374732 m2 0.026 0.220106 0.0724096 0.0246476 0.0136697
1231225 545072 m2 0.06345 -0.463061 -0.159919 -0.0163847 0.0254439
1231225 347513 m2 0.06255 -0.370074 -0.189237 -0.0463067 0.012957
1231225 344999 m2 0.03585 -0.227086 0.281449 -0.0267098 -0.0168653
1231225 330381 m2 0.058 0.177062 -0.077263 0.000839854 -0.0361104
1231225 513177 m2 0.04835 0.411843 0.478523 0.0260679 0.0590907
1231225 628798 m2 0.0155 0.230038 0.072951 0.0281907 -0.0182757
1231225 444980 m2 0.01735 0.27877 0.0346968 -0.0081705 -0.00308106
1231225 290933 m2 0.01965 -0.0332234 0.424486 0.0185224 -0.00166531
1231225 240136 m2 0.0186 0.272915 0.417584 0.0692373 0.0103575
1231225 659203 m2 0.0166 -0.0534927 -0.316801 0.000911574 -0.025386
1231225 524587 m2 0.0302 -0.312935 0.054419 -0.0379296 -0.00251407
1231225 659418 m2 0.0105 0.273173 -0.476913 0.0212385 -0.00320745
1231225 657890 m2 0.0185 0.312876 -0.0525712 0.0428099 0.0140986
1231225 583195 m2 0.046 0.182413 0.464385 -0.0193671 0.0022571
1231225 273602 m2 0.1427 -0.0413524 0.719024 -0.00947207 0.0431202
1231225 669034 m2 0.01845 0.295946 -0.281401 0.048673 -0.00512435
1231225 290438 m2 0.0115 0.194081 -0.0689977 -0.011192 0.0152239
1231225 273322 m2 0.01245 -0.240781 0.00525853 -0.0841148 0.000740978
1231225 374726 m2 0.0156 0.196194 0.56196 0.0359274 0.0725104
1231225 298834 m2 0.0195 0.381362 0.265891 0.0896511 -0.00679174
1231225 367075 m2 0.0559 -0.177536 -0.526935 -0.0766254 -0.0165887
1231225 346258 m2 0.09815 -0.0889878 -0.467609 0.0096941 -0.0425845
1231225 412096 m2 0.057 -0.136852 -0.438975 -0.0457883 -0.00144778
1231225 481638 m2 0.0114 0.125129 0.229595 0.0106134 0.0395334
1231225 412377 m2 0.05225 -0.0262459 -0.505406 -0.0278851 -0.0281877
1231225 519444 m2 0.03035 -0.179903 0.046203 0.00681523 -0.0251401
1231225 240132 m2 0.0186 -0.0225419 0.133029 0.0344192 -0.0711121
1231225 486826 m2 0.0936 -0.303322 -0.388385 -0.0596554 -0.00246954
1231225 238625 m2 0.02275 0.171485 0.210164 -0.0174485 0.0337391
1231225 321218 m2 0.0826 0.292714 -0.516352 0.0310358 -0.0215037
1231225 402000 m2 0.0168 -0.162989 -0.339055 0.0493077 -0.067217
1231225 485577 m2 0.0312 -0.228012 -0.306516 -0.0309371 0.0262856
1231225 406278 m2 0.0809 0.36331 -0.298691 0.0394704 0.00578664
1231225 284180 m2 0.0419 -0.0118812 0.147401 -0.0201575 0.00547955
1231225 343584 m2 0.0879 0.355198 -0.107316 0.0566021 0.0149833
1231225 716141 m2 0.0167 0.291788 -0.101148 0.00877892 -0.0622034
1231225 533536 m2 0.01485 -0.00899423 0.204583 0.0129447 -0.0249569
1231225 537475 m2 0.0353 0.429473 0.33537 0.0292432 -0.00803147
1231225 663000 m2 0.01255 0.0171497 0.258675 -0.040132 0.0744274
1231225 351908 m2 0.1074 0.139237 -0.5804 0.00924575 -0.0447492
1231225 560147 m2 0.04735 -0.300902 0.169014 -0.0305943 -0.031372
1231225 423106 m2 0.0674 0.0816212 -0.480757 0.02495 -0.0225878
1231225 522293 m2 0.02755 -0.108268 -0.0744934 -0.00987123 -0.0132963
1231225 619332 m2 0.01525 -0.101293 -0.281681 0.0636022 0.0385297
1231225 402515 m2 0.03685 -0.321591 -0.311383 -0.019664 0.00322615
1231225 722408 m2 0.0108 0.13312 0.0226922 -0.00827377 -0.0142568
1231225 471340 m2 0.01015 0.263236 0.0600558 -0.0243432 0.0223403
1231225 529809 m2 0.03645 -0.260013 0.331488 0.00187532 -0.00437195
1231225 730374 m2 0.0114 0.016696 -0.283243 -0.049585 -0.0200858
1231225 456497 m2 0.0146 -0.122726 0.397618 0.0189538 -0.00659881
1231225 340873 m2 0.10415 0.503614 -0.585232 0.133699 0.00922293
1231225 517936 m2 0.0393 -0.2707 0.11681 -0.000693952 0.0114323
1231225 675179 m2 0.0111 -0.174587 0.0821158 -0.00714904 0.0198364
1231225 458001 m2 0.01295 0.201911 0.428094 0.0434138 0.0305545
1231225 642283 m2 0.0202 -0.235704 -0.384692 -0.02808 -0.0108681
1231225 324141 m2 0.05485 0.0391778 0.499452 0.00808438 0.0738133
1231225 311334 m2 0.01575 -0.0185653 0.285264 -0.057147 0.0365698
1231225 493710 m2 0.052 0.0319611 0.124641 0.0287237 0.0195651
1231225 547518 m2 0.02915 -0.0364543 0.386332 -0.0209433 0.0220209
1231225 469666 m2 0.0944 0.337931 -0.351134 0.0304014 0.0294678
1231225 677708 m2 0.01065 -0.12999 -0.262664 0.0517277 0.0106632
1231225 342577 m2 0.10795 0.106176 -0.685358 0.0157269 -0.0453587
1231225 660432 m2 0.0292 -0.000352119 -0.144956 0.0316714 0.0164627
1231225 662446 m2 0.02975 0.137517 -0.49553 -0.0131502 -0.0368377
1231225 344308 m2 0.0179 0.359697 -0.307714 0.0289804 -0.0102843
1231225 487081 m2 0.07075 0.0720544 -0.434709 0.0362526 -0.00440329
1231225 724672 m2 0.0147 -0.17832 -0.232247 -0.0544644 0.0124933
1231225 342574 m2 0.02035 -0.24663 -0.119583 -0.040079 -0.0146855
1231225 563720 m2 0.01115 0.315556 -0.44384 0.0015003 0.00314198
1231225 475727 m2 0.0254 -0.328212 0.0907428 -0.00191868 -0.0323798
1231225 439677 m2 0.0619 -0.18501 -0.196018 0.0507669 0.000264058
1231225 386122 m2 0.03955 -0.344378 -0.36834 0.0303693 -0.115215
1231225 489379 m2 0.02485 -0.216675 0.309239 0.033329 -0.0289719
1231225 418001 m2 0.0886 0.0933864 0.472658 0.0438422 0.0177563
1231225 442210 m2 0.01655 0.351385 0.334471 0.0790153 0.0217189
1231225 583410 m2 0.011 0.273394 -0.00903565 -0.0211572 -0.0122474
1231225 485819 m2 0.0534 -0.257588 -0.430614 -0.00946078 -0.010586
1231225 433662 m2 0.0488 0.0605968 0.337734 0.0179939 0.0136529
1231225 448728 m2 0.03995 -0.329405 0.185952 -0.0263625 -0.00237211
1231225 373464 m2 0.0204 -0.34433 0.0902224 -0.0979988 -0.00418814
1231225 463949 m2 0.0488 -0.253004 -0.4397 -0.0412855 -0.0642458
1231225 653149 m2 0.01955 -0.190637 0.220039 0.0130996 0.0387131
1231225 494969 m2 0.02305 -0.153473 -0.169163 0.0289149 0.014893
1231225 442209 m2 0.01105 0.287745 0.306226 -0.00177347 -0.00354493
1231225 481103 m2 0.0194 -0.0921129 0.299899 -0.029323 0.0243865
1231225 483293 m2 0.04045 -0.0139808 -0.675168 -0.00985624 -0.0499147
1231225 495218 m2 0.01445 -0.326177 -0.248945 -0.0636976 -0.0291598
1231225 444992 m2 0.0245 0.0309064 0.509695 0.0182591 0.00884983
1231225 601513 m2 0.0176 -0.242249 -0.18597 0.0106688 -0.0740174
1231225 613760 m2 0.01205 0.349008 -0.153313 0.00620176 -0.0396412
1231225 533261 m2 0.021 0.221914 0.0862751 0.088067 -0.00543301
1231225 587857 m2 0.01795 0.185047 -0.372187 0.0677833 -0.0378739
1231225 685344 m2 0.0138 0.270891 -0.506177 0.00162358 0.0180416
1231225 696170 m2 0.0198 0.0914457 -0.370357 0.00526482 -0.0181821
1231225 582416 m2 0.02635 0.464167 -0.425714 0.0706415 0.00542386
1231225 658388 m2 0.0112 0.111921 -0.291216 -0.00944092 0.108349
1231225 647155 m2 0.01165 0.176903 -0.220959 0.0508416 0.038719
1231225 588869 m2 0.03915 -0.434772 -0.060694 -0.023923 0.0274596
1231225 573775 m2 0.03785 0.280046 -0.351348 0.0406225 0.0255294
1231225 642287 m2 0.0168 0.087599 0.109123 -0.00257784 0.00125824
1231225 605454 m2 0.0106 0.188131 -0.117027 0.0454369 -0.0235432
1231225 578889 m2 0.01475 0.261726 -0.0714005 0.00537284 -0.00432356
1231225 686092 m2 0.0192 0.134965 -0.0998284 -0.0159884 0.0014481
1231225 580387 m2 0.05145 0.143485 -0.706186 -0.0318776 0.0352831
1231225 611315 m2 0.0221 -0.14349 -0.456466 -0.035649 -0.086113
1231225 620116 m2 0.03625 -0.0490688 -0.584333 -0.0435608 -0.022992
