// Initial random seed:
3855929795605

// RunInitializeCallbacks():
initializeTreeSeq();
initializeMutationRate(1e-10);
initializeSex("A");
initializeMutationType(2, 0.5, "f", 0);
initializeGenomicElementType(1, m2, 1);
initializeGenomicElement(g1, 0, 500000);
initializeRecombinationRate(c(1e-06, 0.5, 1e-06, 0.5, 1e-06, 0.5, 1e-06, 0.5, 1e-06, 0.5, 1e-06, 0.5, 1e-06, 0.5, 1e-06, 0.5, 1e-06, 0.5, 1e-06, 0.5, 1e-06, 0.5, 1e-06, 0.5, 1e-06, 0.5, 1e-06, 0.5, 1e-06, 0.5, 1e-06, 0.5, 1e-06, 0.5, 1e-06, 0.5, 1e-06, 0.5, 1e-06), c(50000, 50001, 100000, 100001, 150000, 150001, 200000, 200001, 250000, 250001, 300000, 300001, 350000, 350001, 400000, 400001, 450000, 450001, 500000, 500001, 550000, 550001, 600000, 600001, 650000, 650001, 700000, 700001, 750000, 750001, 800000, 800001, 850000, 850001, 900000, 900001, 950000, 950001, 1000000));

QTL DFE means: 
0 0

QTL DFE variance-covariance matrix: 
     [,0] [,1]
[0,]  0.4    0
[1,]    0  0.4

// Starting run at generation <start>:
1 

100:0.999847 0.999847 3.44169e-15 -0.000178662 8.78013e-05 -0.0252644 0.0636197 NAN NAN
200:0.999968 0.999968 -1.34337e-14 -1.09672e-05 0.000110494 0.00999235 0.156869 NAN NAN
300:0.99983 0.99983 -8.77076e-15 -0.000411791 -0.000373967 0.0766997 -0.100107 NAN NAN
400:0.999974 0.999974 7.77156e-15 -0.000157203 -3.31337e-07 0.164532 0.16005 NAN NAN
500:0.999882 0.999882 8.88178e-16 -0.000198457 -0.000346747 0.153731 0.112145 NAN NAN
600:0.999912 0.999912 1.9984e-15 -0.00112457 4.84856e-05 -0.0651675 0.0220289 NAN NAN
700:0.999814 0.999814 1.11022e-16 -0.000996001 0.000111228 0.191779 -0.0749305 NAN NAN
800:0.999999 0.999999 1.44329e-15 -5.24612e-06 1.16032e-05 2.29488e-19 -0.0524864 NAN NAN
900:0.999825 0.999825 6.66134e-16 0.000273037 0.000134556 0.10527 -0.158102 NAN NAN
1000:0.999861 0.999861 -1.22125e-15 0.0011645 0.000277683 -0.159884 0.0150497 NAN NAN
1100:0.995196 0.995196 5.4884e-07 0.000130946 -0.000131338 -0.0865125 0.0226766 -0.0158471 0.00225414
1200:0.98082 0.980758 6.21169e-05 0.00143986 0.000235135 0.140618 0.0404433 0.0406027 0.00680675
1300:0.957434 0.956719 0.000714932 0.00642962 -0.000438716 0.318176 0.364511 0.144192 0.0729107
1400:0.925248 0.923248 0.00200018 0.0140772 -0.000851425 0.390552 0.453849 0.216457 0.238243
1500:0.892862 0.861614 0.0312476 0.0307352 0.0354426 0.380471 0.569089 0.282389 0.375235
1600:0.875984 0.766997 0.108987 -0.0335838 0.0745523 0.486396 0.809025 0.402512 0.644484
1700:0.872699 0.683548 0.189151 -0.108071 0.048532 0.534978 0.936639 0.434515 0.806462
1800:0.850682 0.599544 0.251138 -0.151209 0.0639464 0.698833 0.938471 0.595806 0.84982
1900:0.828249 0.492555 0.335694 -0.0773295 0.0990996 0.864056 0.930101 0.735561 0.858794
2000:0.810902 0.359769 0.451132 -0.0488518 0.0852253 0.958172 0.941212 0.864996 0.847944
2100:0.831659 0.347016 0.484643 -0.00168656 0.105389 0.970035 0.953784 0.890642 0.864366
2200:0.844951 0.345202 0.499749 -0.0295639 0.114387 0.979063 0.95497 0.919905 0.866179
2300:0.878527 0.337455 0.541072 -0.0197774 0.0580023 0.982103 0.972271 0.933833 0.908899
2400:0.882472 0.329365 0.553107 -0.0229237 0.0586216 0.988431 0.977163 0.938808 0.912969
2500:0.884372 0.328287 0.556085 -0.0252077 0.0419236 0.989202 0.981377 0.937734 0.916133
2600:0.8902 0.325001 0.5652 -0.0156321 0.0355209 0.990735 0.983313 0.939993 0.922939
2700:0.893774 0.323454 0.570319 -0.0183888 0.035978 0.993252 0.984458 0.939866 0.930869
2800:0.896722 0.325421 0.571301 -0.0112618 0.0361851 0.992103 0.980781 0.94212 0.929878
2900:0.904749 0.324904 0.579845 -0.00369447 0.0190442 0.991415 0.983405 0.942108 0.942108
3000:0.90674 0.322051 0.584689 0.00254278 0.0169072 0.99317 0.984342 0.940733 0.948635
