// Initial random seed:
3528747277575

// RunInitializeCallbacks():
initializeTreeSeq();
initializeMutationRate(1e-10);
initializeSex("A");
initializeMutationType(2, 0.5, "f", 0);
initializeGenomicElementType(1, m2, 1);
initializeGenomicElement(g1, 0, 500000);
initializeRecombinationRate(c(1e-06, 0.5, 1e-06, 0.5, 1e-06, 0.5, 1e-06, 0.5, 1e-06, 0.5, 1e-06, 0.5, 1e-06, 0.5, 1e-06, 0.5, 1e-06, 0.5, 1e-06, 0.5, 1e-06, 0.5, 1e-06, 0.5, 1e-06, 0.5, 1e-06, 0.5, 1e-06, 0.5, 1e-06, 0.5, 1e-06, 0.5, 1e-06, 0.5, 1e-06, 0.5, 1e-06), c(50000, 50001, 100000, 100001, 150000, 150001, 200000, 200001, 250000, 250001, 300000, 300001, 350000, 350001, 400000, 400001, 450000, 450001, 500000, 500001, 550000, 550001, 600000, 600001, 650000, 650001, 700000, 700001, 750000, 750001, 800000, 800001, 850000, 850001, 900000, 900001, 950000, 950001, 1000000));

QTL DFE means: 
0 0

QTL DFE variance-covariance matrix: 
     [,0] [,1]
[0,]  0.4    0
[1,]    0  0.4

// Starting run at generation <start>:
1 

100:0.99996 0.99996 -1.25455e-14 0.000679549 0 -0.239476 NAN NAN NAN
200:0.999867 0.999867 3.21965e-15 -0.0019611 0.000667348 0.0895799 -0.0211387 NAN NAN
300:0.999926 0.999926 6.88338e-15 0.000646017 0.000168942 0.126564 0.00977461 NAN NAN
400:0.999896 0.999896 1.07692e-14 -0.000528755 -0.00014151 -0.0986705 0.0366821 NAN NAN
500:0.999754 0.999754 -7.54952e-15 -0.00111079 0.000720136 -0.124897 0.0231068 NAN NAN
600:0.999847 0.999847 3.21965e-15 -3.5487e-05 0.00249064 0.0228987 -0.127322 NAN NAN
700:0.999689 0.999689 -5.55112e-16 -0.000296815 0.00964486 0.0208521 -0.316503 NAN NAN
800:0.999633 0.999633 5.32907e-15 7.26142e-05 0.014901 0.103683 -0.388603 NAN NAN
900:0.999475 0.999475 -1.70974e-14 -0.000377843 0.0196753 -0.0276004 -0.459374 NAN NAN
1000:0.999521 0.999521 1.14353e-14 0.000672732 0.0201566 -0.0207515 -0.486478 NAN NAN
1100:0.998272 0.998537 -0.000265288 0.000456376 0.0175704 0.0915142 -0.491235 0.0380583 -0.280698
1200:0.994813 0.995136 -0.00032305 0.000366829 0.0124582 0.157737 -0.439423 0.0214579 -0.208257
1300:0.988981 0.989171 -0.000190098 -3.79651e-05 0.00494578 -0.0830679 -0.398736 -0.00435203 -0.131451
1400:0.97962 0.97957 4.93737e-05 0.000307997 0.000905836 0.127603 0.055925 0.0716108 0.0280426
1500:0.965555 0.965444 0.000110224 -6.03747e-05 0.000329481 0.184853 -0.118517 0.100452 0.00161657
1600:0.947077 0.944754 0.00232287 -0.00110399 0.000213813 0.395861 0.0825752 0.211312 0.0191778
1700:0.932285 0.909993 0.0222923 0.018045 0.00110147 0.70139 0.0887236 0.551371 0.0385818
1800:0.937372 0.825382 0.11199 -0.00306266 0.00103119 0.891 0.211025 0.824254 0.0882457
1900:0.940532 0.711256 0.229276 -0.0290784 0.00442914 0.983769 0.294812 0.903797 0.135006
2000:0.923891 0.579219 0.344672 -0.0115824 0.0344133 0.988017 0.463597 0.923969 0.383746
2100:0.933619 0.571553 0.362066 -0.0103974 0.0974376 0.989014 0.720475 0.93126 0.594587
2200:0.938679 0.569742 0.368938 -0.0282882 0.134906 0.988411 0.84573 0.931644 0.682586
2300:0.938942 0.569378 0.369563 -0.0135678 0.162734 0.987715 0.86253 0.928362 0.74436
2400:0.944408 0.568811 0.375596 -0.019555 0.136122 0.989276 0.8377 0.928748 0.752668
2500:0.95264 0.564123 0.388517 -0.017436 0.0916637 0.987035 0.901763 0.934925 0.808621
2600:0.956194 0.559875 0.396319 -0.0144234 0.0143999 0.987384 0.914143 0.934054 0.82474
2700:0.958482 0.555747 0.402734 -0.0159734 -0.0306108 0.988065 0.96475 0.928817 0.84796
2800:0.959395 0.556773 0.402622 -0.0129637 -0.061957 0.987788 0.963762 0.926982 0.849668
2900:0.959317 0.553387 0.40593 -0.0296852 -0.085916 0.988269 0.962643 0.929923 0.854019
3000:0.959409 0.550486 0.408922 -0.0298318 -0.0910903 0.987141 0.969248 0.930092 0.858374
