// Initial random seed:
4289483446611

// RunInitializeCallbacks():
initializeTreeSeq();
initializeMutationRate(2.5e-08);
initializeSex("A");
initializeMutationType(2, 0.5, "f", 0);
initializeGenomicElementType(1, m2, 1);
initializeGenomicElement(g1, 0, 500000);
initializeRecombinationRate(c(1e-06, 0.5, 1e-06, 0.5, 1e-06, 0.5, 1e-06, 0.5, 1e-06, 0.5, 1e-06, 0.5, 1e-06, 0.5, 1e-06, 0.5, 1e-06, 0.5, 1e-06, 0.5, 1e-06, 0.5, 1e-06, 0.5, 1e-06, 0.5, 1e-06, 0.5, 1e-06, 0.5, 1e-06, 0.5, 1e-06, 0.5, 1e-06, 0.5, 1e-06, 0.5, 1e-06), c(50000, 50001, 100000, 100001, 150000, 150001, 200000, 200001, 250000, 250001, 300000, 300001, 350000, 350001, 400000, 400001, 450000, 450001, 500000, 500001, 550000, 550001, 600000, 600001, 650000, 650001, 700000, 700001, 750000, 750001, 800000, 800001, 850000, 850001, 900000, 900001, 950000, 950001, 1000000));

QTL DFE means: 
0 0

QTL DFE variance-covariance matrix: 
      [,0]  [,1]
[0,] 0.002     0
[1,]     0 0.002

// Starting run at generation <start>:
1 

100:0.997072 0.997072 -1.43219e-14 0.00265995 -0.00239319 -0.164918 -0.49795 NAN NAN
200:0.995413 0.995413 -1.58762e-14 0.00345295 -0.00451544 0.00760243 0.274281 NAN NAN
300:0.994431 0.994431 6.07292e-14 0.0149385 -0.00511043 0.0614621 -0.248266 NAN NAN
400:0.993624 0.993624 -1.5099e-14 0.0156599 0.010752 -0.104281 -0.12192 NAN NAN
500:0.992668 0.992668 5.67324e-14 0.0289405 0.00848152 0.161777 0.433805 NAN NAN
600:0.9933 0.9933 -7.32747e-15 0.0342306 0.00184205 0.110207 0.0339104 NAN NAN
700:0.992837 0.992837 -2.55351e-15 0.0482431 0.00399946 -0.0296179 0.0610611 NAN NAN
800:0.992686 0.992686 -2.83107e-14 0.0393303 0.00202855 -0.0753029 0.0632149 NAN NAN
900:0.992018 0.992018 -7.41629e-14 0.0347831 0.00654448 0.0800194 0.0560043 NAN NAN
1000:0.991812 0.991812 3.88578e-15 0.0381025 -0.00456281 -0.128014 -0.384272 NAN NAN
1100:0.989823 0.986385 0.00343757 -0.00259529 -0.00885701 0.0831935 0.805804 0.0388763 0.2013
1200:0.982469 0.968164 0.0143047 -0.0110624 -0.0106108 0.342637 0.855113 0.129932 0.475283
1300:0.978026 0.932473 0.0455532 0.0332071 -0.00417171 0.165353 0.963298 0.0964051 0.727098
1400:0.974804 0.879899 0.0949047 0.0382561 0.00718172 0.478931 0.990233 0.164501 0.844644
1500:0.964704 0.828801 0.135903 0.00852289 0.0130429 0.664862 0.990321 0.253877 0.884959
1600:0.951302 0.763469 0.187833 0.0435847 -0.00618122 0.666171 0.994669 0.31486 0.91588
1700:0.939575 0.694189 0.245386 0.0303966 -0.000350101 0.784954 0.997483 0.418133 0.935106
1800:0.922179 0.607363 0.314816 0.0477772 -0.000431358 0.897445 0.998025 0.547523 0.950922
1900:0.900298 0.508438 0.39186 0.0251107 0.00856761 0.935359 0.997662 0.638352 0.960141
2000:0.869465 0.37893 0.490535 0.0194662 -0.00345487 0.978619 0.998282 0.732861 0.963675
2100:0.871872 0.37108 0.500791 0.0125886 0.0178457 0.98237 0.997314 0.726024 0.965299
2200:0.874736 0.362864 0.511873 0.0105317 0.0101106 0.982155 0.998442 0.734399 0.967586
2300:0.867024 0.366943 0.500081 -0.00227537 -0.00486192 0.982787 0.997182 0.720666 0.963483
2400:0.867137 0.364332 0.502804 0.000985118 0.000853842 0.987205 0.997633 0.714372 0.963795
2500:0.87028 0.361519 0.508761 0.00684241 -0.00831887 0.984221 0.998498 0.721272 0.965929
2600:0.867957 0.360404 0.507553 0.00948504 -0.0152558 0.987709 0.998717 0.715586 0.965958
2700:0.866145 0.365419 0.500727 -0.00730148 -0.0104339 0.986827 0.998684 0.715169 0.963222
2800:0.864262 0.35954 0.504722 -0.00882448 -0.00137776 0.988569 0.998178 0.711786 0.96624
2900:0.86565 0.360678 0.504972 -0.00578023 -0.00319461 0.981461 0.997429 0.721939 0.962823
3000:0.863682 0.361145 0.502537 0.00555662 -0.00795804 0.982901 0.997766 0.719508 0.960918
