// Initial random seed:
3501307277165

// RunInitializeCallbacks():
initializeTreeSeq();
initializeMutationRate(1e-10);
initializeSex("A");
initializeMutationType(2, 0.5, "f", 0);
initializeGenomicElementType(1, m2, 1);
initializeGenomicElement(g1, 0, 500000);
initializeRecombinationRate(c(1e-06, 0.5, 1e-06, 0.5, 1e-06, 0.5, 1e-06, 0.5, 1e-06, 0.5, 1e-06, 0.5, 1e-06, 0.5, 1e-06, 0.5, 1e-06, 0.5, 1e-06, 0.5, 1e-06, 0.5, 1e-06, 0.5, 1e-06, 0.5, 1e-06, 0.5, 1e-06, 0.5, 1e-06, 0.5, 1e-06, 0.5, 1e-06, 0.5, 1e-06, 0.5, 1e-06), c(50000, 50001, 100000, 100001, 150000, 150001, 200000, 200001, 250000, 250001, 300000, 300001, 350000, 350001, 400000, 400001, 450000, 450001, 500000, 500001, 550000, 550001, 600000, 600001, 650000, 650001, 700000, 700001, 750000, 750001, 800000, 800001, 850000, 850001, 900000, 900001, 950000, 950001, 1000000));

QTL DFE means: 
0 0

QTL DFE variance-covariance matrix: 
     [,0] [,1]
[0,]  0.4    0
[1,]    0  0.4

// Starting run at generation <start>:
1 

100:0.999881 0.999881 -8.99281e-15 -0.000641007 -6.7751e-05 -0.055002 -0.0334193 NAN NAN
200:0.999928 0.999928 4.55191e-15 -0.000796638 0.000255828 0.0283949 -0.312772 NAN NAN
300:0.999836 0.999836 2.55351e-15 -0.000884469 -0.000219568 0.16336 0.0174681 NAN NAN
400:0.999963 0.999963 -1.43219e-14 -0.00145974 4.39337e-05 -0.0579033 0.0874773 NAN NAN
500:0.999723 0.999723 -1.4877e-14 -0.000144706 0.000727396 -0.122468 0.0246122 NAN NAN
600:0.999907 0.999907 4.31877e-14 -0.00058364 0.000497531 -0.0181705 0.0213809 NAN NAN
700:0.999865 0.999865 -5.79536e-14 -0.000212236 0.00127036 -0.0210443 0.00414798 NAN NAN
800:0.999985 0.999985 -4.996e-15 -0.000612027 0 -0.037631 NAN NAN NAN
900:0.999988 0.999988 -6.66134e-15 0.000294929 0 -0.0268519 NAN NAN NAN
1000:0.999805 0.999805 -3.9968e-15 0.000947758 -0.000284633 -0.138589 0.00814178 NAN NAN
1100:0.995357 0.995295 6.15942e-05 0.000288427 -0.000898151 0.0551494 0.161131 0.00865885 0.0592911
1200:0.98159 0.981065 0.00052512 -0.000789873 -0.00397668 0.164668 0.158568 0.035955 0.101938
1300:0.958827 0.958215 0.000611791 -1.07736e-05 -0.00311889 0.0843302 0.179937 0.012041 0.0965305
1400:0.927925 0.926056 0.00186837 -4.57644e-05 -0.00709462 -0.0351124 0.197067 -0.00742779 0.139781
1500:0.889285 0.884568 0.00471773 -0.000470579 -0.012191 0.00626934 0.332302 0.00116907 0.172208
1600:0.868486 0.789914 0.0785718 -0.000124804 -0.135675 0.16497 0.776607 0.0324666 0.624749
1700:0.897732 0.682018 0.215714 0.00244311 -0.0223113 0.291983 0.971212 0.0516868 0.889818
1800:0.866437 0.60606 0.260378 0.0224066 -0.035427 0.331515 0.967559 0.208707 0.920334
1900:0.830074 0.51005 0.320024 0.0582381 -0.0443152 0.667465 0.972882 0.452724 0.941314
2000:0.743972 0.398437 0.345535 0.07754 -0.0546452 0.730605 0.968915 0.534963 0.948919
2100:0.770351 0.373754 0.396597 0.0867077 -0.0393762 0.872028 0.980132 0.628562 0.959388
2200:0.81231 0.353378 0.458932 0.000788638 -0.00681067 0.979022 0.982888 0.728643 0.966072
2300:0.821951 0.347717 0.474234 0.0191788 -0.00589355 0.974938 0.986081 0.75692 0.966818
2400:0.83064 0.351223 0.479418 0.00491784 -0.00376481 0.976428 0.984453 0.76588 0.967035
2500:0.829937 0.347445 0.482492 0.0146363 -0.00752252 0.979294 0.982981 0.771423 0.967157
2600:0.827306 0.348194 0.479112 0.00275166 -0.00132888 0.977723 0.983518 0.76578 0.967326
2700:0.828565 0.350023 0.478541 0.0113716 -0.00899202 0.980811 0.984149 0.766753 0.966417
2800:0.829979 0.347518 0.482461 0.00866792 -0.00585966 0.979392 0.984718 0.772987 0.967161
2900:0.830042 0.347547 0.482495 0.0074066 -0.0134381 0.979676 0.984283 0.773042 0.967549
3000:0.833281 0.347821 0.48546 0.0142464 -0.0017449 0.980992 0.985892 0.776314 0.968979
