seed mutID muttype p cor_sal cor_temp mutSalEffect mutTempEffect
1231216 654608 m2 0.01045 0.0100809 0.51249 0.0325945 -0.0143588
1231216 517648 m2 0.0131 -0.0328342 0.523098 0.0167896 -0.00561105
1231216 698631 m2 0.01025 0.0220255 0.427536 0.0336125 -0.0264204
1231216 586051 m2 0.0395 0.0907844 0.591609 0.000109303 -0.00327908
1231216 234283 m2 0.05785 0.0627766 0.679034 0.00127981 0.0201555
1231216 500214 m2 0.0592 -0.0722188 0.5197 -0.0466305 0.0153659
1231216 247351 m2 0.04965 0.225671 0.687893 0.0623419 0.00667443
1231216 102655 m2 0.03125 -0.131691 0.480917 -0.0179336 0.0441888
1231216 422269 m2 0.06005 -0.0970796 0.661104 -0.0853119 0.0118714
1231216 124231 m2 0.07785 -0.0996098 0.589201 -0.0603382 0.0271256
1231216 85509 m2 0.0258 0.094992 0.653391 0.0325408 -0.014028
1231216 671434 m2 0.01635 -0.0755431 0.513941 -0.00762339 0.00459361
1231216 50748 m2 0.0232 -0.102415 0.72986 -0.0115494 -0.0143532
1231216 125395 m2 0.0642 0.154412 0.512706 0.0439704 -0.00316378
1231216 590380 m2 0.0133 0.0575789 0.53329 0.038177 -0.0154223
1231216 708032 m2 0.01055 -0.0439289 0.478647 -0.0413653 -0.0274398
1231216 450366 m2 0.0437 0.0120012 0.634866 -0.0255045 -0.00225345
1231216 505299 m2 0.0211 -0.0819588 0.526756 -0.0393979 -0.0364906
1231216 169052 m2 0.0168 0.0398243 0.528641 0.0352295 -0.00207764
1231216 318262 m2 0.0136 -0.116899 0.383746 0.0280685 0.0396064
1231216 67566 m2 0.01855 -0.0330927 0.495968 0.000278917 0.0183598
1231216 367046 m2 0.0637 -0.0164735 0.538978 0.000416911 0.0550418
1231216 663633 m2 0.0252 0.0809728 0.526205 0.0582586 -0.0148235
1231216 654595 m2 0.0259 -0.101521 0.492588 -0.0793147 0.0418967
1231216 706521 m2 0.01785 0.128234 0.49677 -0.0205897 0.00201721
1231216 206036 m2 0.0313 0.168689 0.483921 0.085278 0.0206794
1231216 97747 m2 0.04665 0.134227 0.66006 0.0259542 0.0132952
1231216 282610 m2 0.06185 -0.0275955 0.712314 -0.0168901 0.0729474
1231216 582653 m2 0.0399 -0.0158922 0.561845 0.0241451 0.015222
1231216 382580 m2 0.0755 0.228912 0.671708 0.110989 0.00251825
1231216 385056 m2 0.0114 -0.0590861 0.521409 -0.0712824 -0.038113
1231216 110050 m2 0.01175 0.0932971 0.478191 -0.0302806 0.0196842
1231216 717228 m2 0.023 0.0884952 0.490875 0.0408651 -0.0061737
1231216 372225 m2 0.1144 0.207299 0.726033 0.0895508 0.0525902
1231216 140878 m2 0.06665 -0.134915 0.728697 -0.0609141 0.0253406
1231216 211685 m2 0.11345 -0.064302 0.707583 -0.0573667 0.0110316
1231216 556272 m2 0.01265 0.0365181 0.424032 0.0483489 -0.0568436
1231216 711288 m2 0.0108 -0.0918207 0.485053 -0.0170461 0.03792
1231216 275330 m2 0.20485 -0.00974713 0.755581 -0.0204163 0.0803903
1231216 605936 m2 0.04135 -0.0619118 0.513033 -0.0525125 -0.0383565
1231216 600983 m2 0.02475 -0.0138309 0.52333 0.00029307 -0.06097
1231216 368509 m2 0.01695 -0.0252437 0.654716 0.0166967 -0.018751
1231216 308273 m2 0.04265 0.159871 0.530383 0.035966 -0.000729176
1231216 683258 m2 0.01045 -0.0293634 0.570054 -0.0069991 -0.0164163
1231216 294276 m2 0.06145 0.0894101 0.573084 0.0452775 0.0326048
1231216 381358 m2 0.01655 -0.0451718 0.558016 -0.034888 -0.0039344
1231216 342937 m2 0.1091 -0.0540926 0.681991 -0.0296677 0.0394466
1231216 308783 m2 0.09145 0.0481539 0.546256 0.053509 -0.0213459
1231216 684442 m2 0.01675 -0.00695051 0.528773 -0.0274808 0.0181747
1231216 398219 m2 0.0256 0.102931 0.554114 0.11906 0.00426015
1231216 188476 m2 0.01245 -0.0605576 0.400237 -0.0592452 -0.00500603
1231216 677191 m2 0.02685 0.0846031 0.474171 0.0381921 0.0272935
1231216 208978 m2 0.11235 -0.00113183 0.518417 0.00662427 0.0320475
1231216 329756 m2 0.0639 -0.165932 0.540664 -0.0805198 0.0112968
1231216 468227 m2 0.0396 -0.141254 0.4867 -0.0681878 0.0310991
1231216 186775 m2 0.02595 0.0646656 0.525219 0.0251956 0.0216034
1231216 543952 m2 0.0346 -0.0473199 0.448095 -0.0531076 0.0280948
1231216 645167 m2 0.04535 0.0672954 0.595806 0.0551187 0.00391398
1231216 371956 m2 0.04815 -0.0322529 0.554631 -0.0659401 -0.00145679
1231216 54528 m2 0.05755 -0.0310443 0.697461 0.0255415 0.0112685
1231216 303253 m2 0.01215 -0.0868376 0.274497 -0.0383577 0.00995803
1231216 699615 m2 0.02775 -0.0551778 0.410391 -0.0209511 -0.0321505
1231216 258157 m2 0.03255 -0.0106039 0.492092 -0.0390607 -0.00152283
1231216 56540 m2 0.01975 0.00494589 0.430293 -0.0207044 0.0036652
1231216 301787 m2 0.14215 -0.00687153 0.743965 -0.0215684 0.0231348
1231216 534887 m2 0.02205 -0.073931 0.504237 -0.0113109 -0.00139242
1231216 246037 m2 0.0887 0.0585844 0.645467 0.0514142 0.0267867
1231216 506779 m2 0.0289 -0.0631007 0.647049 -0.0298388 -0.0229262
1231216 461226 m2 0.0386 -0.132272 0.388141 -0.130725 -0.0244563
1231216 255393 m2 0.0975 0.00572382 0.67997 -0.0251802 0.0642291
1231216 30397 m2 0.0676 0.0580575 0.608944 0.0324634 0.0356919
1231216 287312 m2 0.01945 -0.0988723 0.575786 -0.0430506 0.0363444
1231216 514162 m2 0.0663 0.223066 0.66594 0.08987 -0.014048
1231216 521114 m2 0.0193 0.0790841 0.466056 0.0448122 0.0114154
1231216 669644 m2 0.01315 -0.0813495 0.500141 -0.00168566 0.039889
1231216 475461 m2 0.0278 0.0207174 0.39133 0.0195771 0.0147906
1231216 571529 m2 0.0161 0.00385765 0.437458 -0.0210405 -0.015283
1231216 324937 m2 0.0193 0.0152104 0.517587 -0.034284 0.00302219
1231216 27974 m2 0.23235 -0.0490415 0.799556 -0.0582972 0.0250732
1231216 257425 m2 0.04185 -0.0767068 0.649352 -0.0524318 0.00724069
1231216 405602 m2 0.02705 0.0846786 0.599254 0.00805049 0.00169265
1231216 305990 m2 0.1969 -0.0588903 0.732414 -0.0529732 0.00331078
1231216 578672 m2 0.0103 -0.0851098 0.563933 0.00851058 0.0182045
1231216 617552 m2 0.04645 0.0182096 0.579471 0.00775352 0.0240866
1231216 707738 m2 0.01825 0.0612716 0.485552 -0.0264942 -0.0172349
1231216 618292 m2 0.0399 0.173656 0.717544 0.0433997 0.00362291
1231216 494585 m2 0.04065 0.0734636 0.735701 0.0151321 0.00659834
1231216 16327 m2 0.11375 -0.00254726 0.483868 0.015203 -0.0285887
1231216 238138 m2 0.15605 -0.00368677 0.695582 0.0107588 0.00549633
1231216 227257 m2 0.06105 -0.184968 0.709031 -0.0624421 0.0469728
1231216 446232 m2 0.0449 0.144271 0.386572 0.090568 0.0501166
1231216 231250 m2 0.0341 -0.0219386 0.447547 0.0530103 0.00857154
1231216 525873 m2 0.03025 -0.107434 0.468772 -0.0214567 -0.0226947
1231216 144775 m2 0.054 0.0153906 0.493127 -0.0282079 -0.00429031
1231216 425546 m2 0.0177 -0.0242418 0.291557 0.0530686 -0.0228372
1231216 616811 m2 0.0438 -0.0616992 0.600349 -6.70259e-05 0.0580961
1231216 681750 m2 0.01505 -0.0728339 0.411309 0.0191847 0.0706412
1231216 334742 m2 0.0296 0.124317 0.541806 -0.0168783 -0.0141327
1231216 672382 m2 0.01945 0.145459 0.491889 0.0729486 -0.0101897
1231216 281567 m2 0.0948 -0.0692583 0.732975 -0.0257453 0.0184117
1231216 293273 m2 0.0765 -0.0950761 0.672555 -0.0149165 0.0733661
1231216 662486 m2 0.01715 0.12432 0.341554 0.0315455 0.0194184
1231216 425094 m2 0.0347 -0.10613 0.627703 -0.0224353 0.0201518
1231216 598438 m2 0.04 -0.0798843 0.516691 -0.0549031 0.0303777
1231216 547172 m2 0.02195 0.0696478 0.284127 0.0175895 0.00157746
1231216 468208 m2 0.02445 0.0365926 0.4789 0.0198222 -0.0155576
1231216 662482 m2 0.01685 0.0120288 0.409197 -0.0334789 -0.0160317
1231216 650150 m2 0.0239 0.150763 0.276814 -0.0510791 0.00900054
1231216 50702 m2 0.022 0.128627 0.158384 0.0482804 -0.0161408
1231216 469920 m2 0.0337 0.0252721 0.629615 0.0474693 -0.0106239
1231216 573512 m2 0.04725 -0.0237296 0.372254 0.0202978 0.00631709
1231216 547883 m2 0.0284 -0.195858 0.296568 -0.051512 -0.0324391
1231216 313226 m2 0.03885 0.0490042 0.576585 0.0640471 0.0145888
1231216 524577 m2 0.0157 -0.0221919 0.443345 -0.0319234 -0.00100333
1231216 649146 m2 0.02975 0.075245 0.303671 0.00827889 -0.0108046
1231216 430206 m2 0.026 -0.00946165 0.448277 -0.0122724 -0.0439957
1231216 186752 m2 0.01355 0.0424821 0.447311 0.0240983 0.0533126
1231216 13583 m2 0.02375 -0.088938 0.679854 0.0262514 0.0115481
1231216 476658 m2 0.02355 0.10787 0.614525 0.0171916 0.0167564
1231216 610639 m2 0.0103 0.0341989 0.457997 0.0420206 0.0952
1231216 283811 m2 0.0564 0.0436537 0.457783 0.0399944 0.0371839
1231216 506516 m2 0.01005 -0.180243 0.227282 -0.0718091 -0.0602643
1231216 343933 m2 0.0753 -0.0131399 0.608007 0.000476469 -0.00153734
1231216 532055 m2 0.01415 0.109174 0.681813 0.0178228 -0.0607524
1231216 141059 m2 0.0235 -0.0554284 0.661676 0.012308 -0.00348586
1231216 629610 m2 0.0139 -0.0329804 0.303677 -0.0291283 0.00968225
1231216 45673 m2 0.0131 -0.0594803 0.504513 0.00350344 -0.00625857
1231216 524290 m2 0.04325 0.124106 0.389965 0.0110598 0.0106368
1231216 196960 m2 0.0614 -0.138044 0.513769 -0.0653837 0.070284
1231216 417072 m2 0.011 -0.186763 0.26856 0.0247861 0.017489
1231216 585259 m2 0.0176 -0.0883491 0.274725 -0.00961892 -0.0525735
1231216 41380 m2 0.04455 -0.0707264 0.168345 -0.0499186 0.0153317
1231216 46429 m2 0.0926 0.0535935 0.680701 0.0253708 -0.00859322
1231216 556705 m2 0.02065 0.0179165 0.553686 0.0741318 -0.0183518
1231216 517597 m2 0.05925 -0.0636869 0.674747 0.0510711 0.00107774
1231216 45403 m2 0.09655 0.00796016 0.174012 0.00212084 0.0228634
1231216 576324 m2 0.044 -0.0681468 0.637909 0.00844493 -0.0222123
1231216 570229 m2 0.011 0.0946547 0.472011 -0.055135 0.0418178
1231216 269862 m2 0.034 -0.153353 0.460899 -0.0803178 0.0507177
1231216 381062 m2 0.02055 0.0049934 0.579834 0.0310633 0.0248349
1231216 272194 m2 0.0227 -0.10182 0.552535 -0.0135359 0.0145398
1231216 128379 m2 0.0575 -0.00954496 0.173316 -0.0322497 0.0206665
1231216 17261 m2 0.07135 -0.00815625 0.173716 -0.0826843 -0.0146878
1231216 65234 m2 0.1236 -0.0213024 0.255272 -0.0316657 0.00596595
1231216 14542 m2 0.0433 0.0391987 0.170869 0.0300604 0.0384044
1231216 250020 m2 0.09385 0.156881 0.722368 0.0844753 0.00962081
1231216 540725 m2 0.01285 -0.027368 0.439078 0.0268575 -0.000258432
1231216 329194 m2 0.0579 0.0799095 0.167031 0.0302946 0.00578761
1231216 273207 m2 0.03335 0.0867539 0.54494 0.0378877 0.0424792
1231216 299753 m2 0.0407 -0.095331 0.484734 -0.00260606 0.0328386
1231216 465462 m2 0.03155 0.00310508 0.16794 0.0293987 -0.0132511
1231216 281805 m2 0.02855 0.0646279 0.425962 -0.0137266 0.0555557
1231216 367227 m2 0.0688 -0.00192667 0.172897 0.0330804 0.0266303
1231216 261664 m2 0.0577 0.0140712 0.519437 -0.0257568 0.054905
1231216 346678 m2 0.0666 -0.124313 0.530764 -0.0578725 -0.0594082
1231216 255861 m2 0.16485 -0.00198075 0.591384 -0.00101827 0.007948
1231216 237382 m2 0.02945 -0.0396114 0.291434 -0.0247296 0.00815147
1231216 212879 m2 0.0244 -0.00580281 0.316379 -0.0260042 -0.0140759
1231216 65478 m2 0.1 -2.89898e-17 0.174078 -0.0051412 -0.0132273
1231216 465279 m2 0.0161 0.18472 0.349891 0.066177 -0.0044522
1231216 417058 m2 0.04245 -0.0279671 0.171644 0.0170738 0.0380346
1231216 99472 m2 0.036 0.157205 0.572051 0.0208352 0.0285558
1231216 649890 m2 0.0219 0.122423 0.615537 0.0630645 -0.0441972
1231216 358722 m2 0.09745 -0.00461388 0.174047 0.000852736 0.0356805
1231216 423582 m2 0.0458 -0.177877 0.6253 -0.00572195 -0.0238483
1231216 412776 m2 0.0552 -0.056898 0.362479 0.00190312 0.020824
1231216 646155 m2 0.02285 -0.117714 0.293219 -0.0860958 -0.00983562
1231216 472418 m2 0.07985 0.00150155 0.435982 0.0311159 -0.0186396
1231216 598932 m2 0.01075 0.080853 0.435789 -0.0829912 0.0196203
1231216 605145 m2 0.01525 -0.106565 0.2672 -0.0271144 -0.0204495
1231216 673636 m2 0.0114 0.129606 0.156074 -0.00751838 0.013449
1231216 494787 m2 0.01275 -0.0837307 0.480767 -0.00760254 0.0402136
1231216 473910 m2 0.0409 0.0145032 0.623638 0.0320122 0.0238734
1231216 349518 m2 0.13775 0.267069 0.695908 0.15267 0.040784
1231216 553437 m2 0.0182 0.0436242 0.167738 0.0311544 -0.0258942
1231216 518377 m2 0.0164 0.140722 0.153515 0.0554615 -0.0550514
1231216 344667 m2 0.0473 -0.16436 0.147518 -0.140379 -0.0181117
1231216 382517 m2 0.0289 -0.00313433 0.502538 -0.0270375 0.0377757
1231216 180409 m2 0.11935 -0.0314912 0.367284 -0.043476 0.0336055
1231216 70518 m2 0.10575 -0.06164 0.656487 -0.0377125 0.0117042
1231216 398905 m2 0.0584 -0.0219517 0.327329 -0.104975 -0.0235305
1231216 8276 m2 0.13405 0.0421612 -0.0345766 0.0531134 -0.0173148
1231216 241043 m2 0.03355 0.0942215 0.164785 -0.0422735 0.0537909
1231216 65975 m2 0.0557 -0.000830916 0.173558 0.0227042 0.0372149
1231216 225493 m2 0.02895 0.00543129 0.465559 -0.000743378 0.0275245
1231216 440209 m2 0.0162 -0.0801577 0.275986 -0.0447012 -0.0389414
1231216 329446 m2 0.10475 0.0891103 0.7348 0.0717126 0.0285682
1231216 443393 m2 0.0482 -0.0181494 0.640236 0.0238803 -0.00736359
1231216 434165 m2 0.06575 -0.161618 0.408014 -0.119222 -0.0332972
1231216 623297 m2 0.01285 0.069891 0.586362 0.0652091 -0.0119437
1231216 384259 m2 0.0162 -0.233511 0.49848 -0.035055 0.0130684
1231216 401114 m2 0.0283 -0.109126 0.461318 0.0411337 -0.00877891
1231216 457073 m2 0.0826 0.0911413 0.540757 0.0622732 0.0208444
1231216 286528 m2 0.0241 0.122425 0.159197 0.0753158 0.00238391
1231216 388286 m2 0.0979 0.0798787 0.745942 0.0686088 0.0153032
1231216 520305 m2 0.02185 0.0531178 0.361355 -0.0592113 -0.0126113
1231216 672348 m2 0.0153 -0.0154532 0.398504 -0.109557 0.00119559
1231216 646411 m2 0.03655 -0.13061 0.322038 -0.0311887 0.0377349
1231216 495268 m2 0.04205 -0.0833426 0.167282 -0.0544811 0.0231632
1231216 290036 m2 0.0983 0.000708285 0.174061 0.0613075 0.0269322
1231216 71954 m2 0.0409 0.0399084 0.171816 -0.0393543 0.00479394
1231216 293990 m2 0.1079 -0.0725634 0.501593 -0.0776173 0.0356363
1231216 716914 m2 0.01425 0.119619 0.313815 0.0281888 -0.0521993
1231216 173317 m2 0.0474 0.0229207 0.729495 -0.0381779 -0.0136172
1231216 161217 m2 0.04105 0.0923385 0.162799 -0.00282312 -0.00185004
1231216 619222 m2 0.0285 0.0195562 0.170618 0.00311563 -0.0289754
1231216 644596 m2 0.0133 0.00483124 0.392404 0.0319308 -0.0649508
1231216 582846 m2 0.0281 -0.0404848 0.284608 0.00522489 -0.0439704
1231216 593625 m2 0.02835 -0.0546187 0.356234 -0.0433877 -0.00712493
1231216 593921 m2 0.02115 -0.0197366 0.483253 -0.0621421 -0.0194505
1231216 317461 m2 0.02675 0.0536443 0.168491 0.0583903 -0.0040692
1231216 502755 m2 0.0233 -0.132446 0.257596 -0.105559 0.0409251
1231216 406731 m2 0.06695 0.0428852 0.447603 0.00479538 0.0235245
1231216 561889 m2 0.01525 -0.127119 0.052323 -0.0298765 -0.010054
1231216 554959 m2 0.07855 0.0290668 -0.0414376 0.0141927 -0.035011
1231216 302202 m2 0.02225 -0.067086 0.0229369 -0.0371635 0.000847261
1231216 651809 m2 0.0157 0.00608778 0.168667 0.00457506 -0.0386901
1231216 542702 m2 0.0207 0.142067 0.380287 0.0141427 -0.0135725
1231216 426468 m2 0.058 -0.1005 0.164197 -0.0899342 0.0416577
1231216 703403 m2 0.02045 0.0273323 0.171983 0.0405627 -0.0267614
1231216 611861 m2 0.0207 0.117005 0.404774 0.0642804 -0.0230185
1231216 660265 m2 0.01485 0.0314651 0.169911 0.0266635 0.00896055
1231216 492022 m2 0.07 0.00148824 0.173628 0.0102433 -0.0124795
1231216 482102 m2 0.07975 0.0188177 0.173493 0.0024488 0.0314262
1231216 127095 m2 0.072 -0.0139064 0.173629 0.0169584 0.0127337
1231216 367928 m2 0.01695 -0.0842181 0.162523 0.00454229 -0.0199873
1231216 161201 m2 0.02225 -0.067086 0.0229369 0.0292398 0.000324537
1231216 83409 m2 0.0875 -0.0097881 0.173607 -0.0124731 -0.00163804
1231216 552701 m2 0.0108 -0.0931254 0.162218 -0.05589 0.0251418
1231216 462950 m2 0.01685 -0.0273324 0.279784 -0.0167063 -0.0252419
1231216 444135 m2 0.0668 -0.104244 0.436066 -0.00690187 -0.0133647
1231216 589517 m2 0.01095 0.0104897 0.168092 0.0171181 -0.0240901
1231216 560865 m2 0.03665 0.114853 0.161175 0.0728131 -0.0231409
1231216 692145 m2 0.0131 0.0393586 0.166322 0.00209075 -0.0317081
1231216 567931 m2 0.01195 0.0986987 0.160469 0.00691748 -0.0179424
1231216 544413 m2 0.0267 -0.0927535 0.470762 -0.00769364 0.0407061
1231216 44869 m2 0.0586 0.012043 0.0547694 0.0526273 0.00905486
1231216 496588 m2 0.01465 -0.0663028 0.16604 0.0791874 -0.0182054
1231216 296720 m2 0.08155 0.00952579 0.583199 0.0517915 0.0712989
1231216 71667 m2 0.01635 -0.157738 0.0325297 -0.0115977 0.0344542
1231216 460924 m2 0.0749 -0.110834 0.0206351 -0.0958341 0.0359266
1231216 617989 m2 0.01585 0.101362 0.494805 0.0616166 -0.0195654
1231216 472882 m2 0.10975 -0.0678595 0.698474 -0.0218022 -0.0140631
1231216 364441 m2 0.05895 -0.1152 0.161628 -0.0896043 0.000944311
1231216 205713 m2 0.0248 0.00779639 0.0523112 -0.010808 -0.016804
1231216 583977 m2 0.0382 -0.0493719 0.16991 -0.0252311 -0.0136108
1231216 606100 m2 0.02835 -0.0635711 0.166105 -0.033889 0.00952484
1231216 377056 m2 0.0113 0.139251 0.150338 0.0306439 -0.0440001
1231216 696917 m2 0.0125 0.0185602 0.316011 0.015719 -0.03853
1231216 378298 m2 0.02895 0.13647 0.018726 0.0544429 -0.0021868
1231216 325152 m2 0.0281 -0.060877 0.16826 -0.00317071 0.0186248
1231216 346887 m2 0.0618 0.0317632 0.172695 0.0274482 -0.0128257
1231216 143741 m2 0.04745 0.064525 0.0495981 0.00881348 0.00374752
1231216 587215 m2 0.0136 0.0701677 0.365356 0.053873 -0.00804163
1231216 618498 m2 0.01335 0.039425 0.167087 -0.0139468 -0.0140937
1231216 472125 m2 0.03785 0.0897824 0.166446 0.0579777 0.0347746
1231216 415038 m2 0.0846 0.0130346 0.38616 0.0556384 0.0150275
1231216 653775 m2 0.01685 -0.123777 0.158204 0.0102861 -0.038049
1231216 658986 m2 0.0275 0.0627394 0.168599 -0.0111358 0.0049786
1231216 254033 m2 0.12925 0.132647 0.00168795 0.0827107 0.0395114
1231216 224224 m2 0.05495 -0.0620894 0.0426583 -0.00771141 -0.0126916
1231216 251549 m2 0.02475 0.0209324 0.527204 0.0306564 -0.023305
1231216 577290 m2 0.04975 -0.0755573 0.168438 -0.0412008 -0.0478605
1231216 393669 m2 0.06085 -0.177736 0.0422558 -0.0978922 0.0153352
1231216 476612 m2 0.04775 0.0578367 0.169951 0.0777053 0.000907662
1231216 251281 m2 0.0849 0.0118815 0.173921 0.0134412 0.0106544
1231216 595665 m2 0.02325 -0.115078 0.158787 -0.0661034 -0.011195
1231216 168945 m2 0.01065 -0.125266 -0.0128225 -0.0316444 0.00284273
1231216 162909 m2 0.03355 -0.0506847 0.036381 0.00515321 -0.0171124
1231216 340402 m2 0.0111 0.0838443 0.0141796 -0.0123207 0.0290083
1231216 404058 m2 0.05445 0.146689 0.153061 0.0944492 0.00659835
1231216 434610 m2 0.0142 -0.0178456 0.168938 -0.0213274 0.00841211
1231216 370655 m2 0.02035 0.164828 -0.00607745 0.00110446 0.0228149
1231216 411733 m2 0.0122 0.0365391 -0.0499196 -0.0333107 0.021874
1231216 596386 m2 0.0273 -0.0987352 0.163693 -0.0077786 -0.00179922
1231216 701833 m2 0.0124 -0.0994814 0.162312 -0.0155337 -0.0137135
1231216 592550 m2 0.01275 0.260142 -0.00929975 0.0583687 0.00620448
1231216 649594 m2 0.04255 -0.262558 0.00166931 -0.0700886 -0.0413776
1231216 510652 m2 0.03915 0.0801751 0.165348 0.0228749 -0.0150565
1231216 487285 m2 0.0131 -0.0210829 0.0550736 0.0251988 0.0198258
1231216 265067 m2 0.1051 -0.00822313 -0.0469705 -0.0345554 0.00530427
1231216 403287 m2 0.02745 0.0066566 0.00510855 0.0500549 0.0146941
1231216 358680 m2 0.04175 -0.0712364 0.0403989 -0.0315076 -0.00170652
1231216 664311 m2 0.0201 -0.0414479 0.171186 -0.000980417 0.0029207
1231216 650095 m2 0.0131 0.0572132 -0.0363598 0.0520117 0.0165508
1231216 421935 m2 0.044 0.23233 0.108863 0.0818863 0.0135393
1231216 421157 m2 0.0691 -0.196266 0.0171326 -0.0694568 -0.0194391
1231216 416322 m2 0.03585 0.0666759 0.166961 0.0299653 -0.0156693
1231216 605584 m2 0.0261 -0.188339 0.0156949 -0.0771918 0.0163139
1231216 90367 m2 0.03505 0.111816 -0.161171 0.0828943 -0.0484556
1231216 404051 m2 0.0687 0.0202211 0.172928 0.0237121 -0.00689707
1231216 539186 m2 0.0426 -0.0942501 0.165911 -0.0804698 0.0135016
1231216 651309 m2 0.02105 0.114322 0.0449717 0.0448721 -0.0305624
1231216 622985 m2 0.0133 -0.00255692 0.0566784 0.0363223 0.00269745
1231216 369166 m2 0.024 -0.0128304 -0.0550227 -0.00688456 -0.0228375
1231216 364646 m2 0.0705 -0.0575692 -0.01457 -0.0149138 -0.00356559
1231216 146160 m2 0.0606 0.0258752 -0.0335992 -0.00651497 0.00233525
1231216 336165 m2 0.029 0.159992 -0.0368534 -0.00385839 -0.0206982
1231216 194562 m2 0.0379 -0.0629824 -0.0464261 -0.0629978 0.0393197
1231216 693777 m2 0.02075 -0.00990231 0.0515807 0.0172381 0.0118377
1231216 441480 m2 0.0776 -0.0392741 0.0358547 -0.0178826 -0.0191804
1231216 275975 m2 0.01485 0.184867 -0.0413676 0.0649309 -0.00231714
1231216 578835 m2 0.0293 -0.0629235 0.0434261 -0.0525739 -0.00643165
1231216 380509 m2 0.06025 0.0636606 0.169589 0.000450705 0.0264243
1231216 433883 m2 0.0396 -0.0425473 -0.0377166 0.017553 -0.000780264
1231216 380746 m2 0.07365 0.0920383 0.0123123 0.0291619 -0.0115037
1231216 662422 m2 0.01775 0.144734 -0.00458434 0.01198 0.0474661
1231216 445158 m2 0.02905 -0.072602 -0.0298637 0.0216615 -0.014726
1231216 553385 m2 0.02555 0.150839 -0.0119761 0.035353 0.00984299
1231216 293948 m2 0.07795 -0.0530956 0.0417539 0.0102835 0.0294572
1231216 682664 m2 0.0103 -0.153697 0.0462887 -0.0174506 0.0262569
1231216 448694 m2 0.1187 0.00486494 0.00486494 0.0112274 0.0160644
1231216 570427 m2 0.0135 0.187389 -0.0270925 0.0190094 -0.0292802
1231216 673103 m2 0.0159 -0.144233 0.151874 -0.0250944 0.0407478
1231216 564962 m2 0.0414 0.0298785 -0.0468812 -0.0281924 -0.0318294
1231216 331420 m2 0.0154 0.187091 -0.00799134 0.0543982 0.0154933
1231216 703109 m2 0.0259 -0.02169 0.0370175 -0.0224615 0.01368
1231216 707453 m2 0.0167 0.00881441 0.169847 0.0804265 -0.05402
1231216 488985 m2 0.0411 0.00159863 -0.01159 -0.0200672 0.0365817
1231216 217306 m2 0.0623 -0.0984364 -0.0248615 -0.0741208 -0.00248636
1231216 637249 m2 0.035 0.184516 0.00886032 0.0199746 0.033628
1231216 317165 m2 0.01555 -0.0938104 0.0545328 -0.0431238 0.0309855
1231216 389302 m2 0.06725 -0.0370804 0.0546518 -0.0382614 0.00109672
1231216 603625 m2 0.022 -0.101609 -0.0501645 -0.0152631 -0.00956159
1231216 50607 m2 0.1259 0.00659138 0.0158731 -0.0408583 0.00743351
1231216 606065 m2 0.01055 0.055224 0.0541464 -0.0516638 -0.0280523
1231216 541588 m2 0.0136 0.0968986 0.0512239 0.0736735 0.00112549
1231216 443591 m2 0.0419 0.190884 0.0179342 0.080988 -0.0262849
1231216 95803 m2 0.05205 -0.0379668 -0.0536526 -0.00256058 -0.000479335
1231216 379248 m2 0.0377 -0.0411406 -0.171698 -0.0581075 0.0011977
1231216 308163 m2 0.02375 0.0217104 0.0331203 0.0547796 0.0281583
1231216 318903 m2 0.0507 -0.153092 -0.0502675 -0.122203 0.0390005
1231216 607790 m2 0.01825 -0.0938526 -0.053391 -0.0666469 -0.0398308
1231216 77772 m2 0.0497 -0.00691037 0.0213892 0.000699451 -0.00720891
1231216 88620 m2 0.08375 -0.0495036 0.0454709 0.0102075 0.016344
1231216 404025 m2 0.07505 0.0687066 0.017494 0.0334746 0.010341
1231216 286734 m2 0.03795 -0.131674 -0.000932391 -0.0738154 0.0156141
1231216 237070 m2 0.12535 0.13083 -0.0113466 0.0647787 -0.0522455
1231216 623989 m2 0.0132 -0.11512 0.0525808 -0.0185785 -0.00423575
1231216 696882 m2 0.0125 0.0114418 0.165026 0.00446622 -0.0402788
1231216 158558 m2 0.0448 0.00895782 -0.0306633 -0.0210263 -0.0205929
1231216 700806 m2 0.0115 0.133112 -0.0326729 0.0326528 -0.0182169
1231216 345583 m2 0.0443 -0.10925 0.0417889 0.0300746 0.00811581
1231216 680488 m2 0.01025 0.205235 0.0169643 -0.0331618 -0.0157399
1231216 542871 m2 0.02245 0.109116 -0.0331099 0.00342668 -0.0346361
1231216 487044 m2 0.02115 0.000147578 -0.0515047 -0.0249159 0.010035
1231216 132265 m2 0.1 -2.89898e-17 -0.174078 0.020385 0.0363091
1231216 215054 m2 0.07245 -0.0543852 -0.0216757 -0.0204374 -0.0250354
1231216 393412 m2 0.0458 0.000757728 -0.17352 0.067598 -0.0529135
1231216 440368 m2 0.0204 -0.0493556 -0.168746 -0.0118649 -0.00460666
1231216 688354 m2 0.0123 -0.111021 0.158173 0.0093149 -0.0230124
1231216 270758 m2 0.0601 0.0895307 -0.166245 0.0686502 -0.0251365
1231216 619427 m2 0.01565 -0.180415 0.0464774 -0.00531848 0.0426885
1231216 189298 m2 0.0104 -0.109757 0.020874 -0.0955561 -0.0167973
1231216 133747 m2 0.02745 0.00197804 -0.171465 -0.0106532 0.00250514
1231216 513061 m2 0.05195 -0.158395 0.0501287 -0.0915684 -0.0160542
1231216 481325 m2 0.02095 -0.0808431 0.120104 0.0376254 0.0127023
1231216 274968 m2 0.0312 0.0576325 0.00318705 0.0628124 -0.0153875
1231216 440924 m2 0.0331 0.0891888 -0.00728585 -0.00578708 0.0324407
1231216 562120 m2 0.0612 0.117433 0.0875534 0.0692594 -0.0243655
1231216 481578 m2 0.03495 -0.161926 0.0488687 -0.0784729 -0.00533783
1231216 228879 m2 0.0538 0.123553 -0.160044 0.0702811 -0.0145939
1231216 648808 m2 0.01325 0.0907222 0.0457092 0.0169449 0.0376361
1231216 574200 m2 0.03695 0.131126 -0.00120702 0.0776259 -0.0103323
1231216 721375 m2 0.0142 0.0983695 -0.0438116 0.0946871 0.00288802
1231216 632111 m2 0.01595 0.0519923 -0.052722 0.0246244 0.0124966
1231216 86137 m2 0.088 0.0177067 -0.173776 -0.0114108 -0.0333129
1231216 674807 m2 0.01305 0.0391949 0.0547052 0.0245049 -0.0339645
1231216 438125 m2 0.1409 0.155861 -0.693029 0.0688462 -0.0214914
1231216 361278 m2 0.02665 0.0745074 0.0479064 -0.0118352 0.0225921
1231216 183056 m2 0.1078 0.125842 -0.67027 0.0418508 -0.0468999
1231216 401265 m2 0.06355 0.0375413 -0.172256 -0.0133992 -0.032997
1231216 556390 m2 0.02475 0.00490174 0.00557784 -0.00220337 -0.042982
1231216 666806 m2 0.022 -0.0679845 0.0545427 -0.0243327 0.0198721
1231216 486004 m2 0.0391 -0.150285 -0.152232 -0.068945 0.015007
1231216 176292 m2 0.05015 0.00122474 -0.0242499 -0.0356411 0.00636659
1231216 537614 m2 0.025 0.114909 0.0285021 0.010428 -0.0282384
1231216 385152 m2 0.04205 -0.121365 -0.159232 -0.0825865 -0.0381958
1231216 244011 m2 0.07975 0.0468048 -0.018628 0.0169445 -0.0181103
1231216 407677 m2 0.0928 0.0364052 -0.524515 0.0049776 0.00333735
1231216 452230 m2 0.04085 0.0979859 -0.505308 0.0291659 -0.0235086
1231216 654464 m2 0.01085 0.170816 -0.0410281 0.0314902 0.0220766
1231216 701002 m2 0.0154 -0.060798 -0.168196 0.00646023 -0.0365446
1231216 320869 m2 0.10285 0.227073 0.000616948 0.144874 0.0191071
1231216 626521 m2 0.02375 -0.044243 -0.0155448 0.00643685 0.0305845
1231216 41226 m2 0.03905 -0.0683515 -0.627997 -0.0359087 0.0175631
1231216 196334 m2 0.0244 0.0852936 -0.165172 -0.0229586 0.0374247
1231216 342089 m2 0.0608 0.00209257 -0.173493 0.015779 0.0161087
1231216 121842 m2 0.06195 -0.0116155 -0.209446 -0.0105926 -0.0146736
1231216 698974 m2 0.011 0.0511823 -0.16559 -0.0533406 0.083693
1231216 652948 m2 0.0131 -0.16921 -0.145513 -0.0674694 0.0406695
1231216 520731 m2 0.0161 0.00117937 -0.0499265 -0.0296051 -0.0199634
1231216 263506 m2 0.0529 -0.0427154 -0.3118 0.0176809 0.0135945
1231216 703838 m2 0.01605 -0.191127 0.0447496 -0.0409019 -0.00177196
1231216 330367 m2 0.05005 0.023353 -0.742238 0.0599578 -0.0131481
1231216 661946 m2 0.01345 -0.147077 0.152756 -0.0702296 -0.0344884
1231216 115389 m2 0.0251 -0.0796722 -0.163025 -0.0575189 -0.0395327
1231216 558576 m2 0.0567 -0.0270931 -0.046176 -0.0220278 -0.0361466
1231216 408667 m2 0.0332 0.152509 0.144652 0.0539366 -0.00250569
1231216 494700 m2 0.01195 0.0313104 -0.168794 0.0527229 -0.0514669
1231216 228863 m2 0.02285 -0.00729013 -0.536666 -0.0190008 -0.0333755
1231216 625992 m2 0.04075 -0.0989987 -0.0530764 -0.108586 0.031247
1231216 650250 m2 0.01465 0.0214726 -0.512747 0.000876542 0.0577566
1231216 374260 m2 0.04395 0.100699 -0.439469 0.0220026 -0.00441913
1231216 38756 m2 0.06095 0.159232 -0.693487 0.0497684 -0.025781
1231216 571646 m2 0.0156 -0.0263497 -0.292074 0.035054 0.0120492
1231216 443791 m2 0.0267 -0.155477 -0.14686 -0.103743 0.014403
1231216 627512 m2 0.0205 -0.0883872 0.0536732 -0.00499689 0.0446603
1231216 137440 m2 0.04435 -0.0920227 -0.601272 -0.0645242 -0.00560235
1231216 223411 m2 0.0302 -0.0180312 -0.455223 -0.044775 -0.00968459
1231216 500789 m2 0.06395 -0.0688936 -0.169778 -0.117628 -0.00407187
1231216 223672 m2 0.01405 0.106732 -0.154863 0.0594527 -0.0604959
1231216 394838 m2 0.0671 -0.0875746 -0.422352 -0.0884876 -0.0350085
1231216 483713 m2 0.0201 0.130776 -0.305047 0.0467046 0.00515834
1231216 489933 m2 0.0109 -0.0347152 -0.278232 -0.0145153 -0.00101042
1231216 115909 m2 0.0291 -0.053277 -0.170369 -0.00700321 0.00220808
1231216 447666 m2 0.0397 -0.123976 -0.15894 -0.0654968 -0.0129315
1231216 250444 m2 0.02275 -0.0602389 -0.166787 0.0236445 -0.0115191
1231216 413661 m2 0.02325 0.123503 -0.158206 0.0805215 0.0713923
1231216 422113 m2 0.022 -0.00813216 -0.173136 -0.0122786 -0.0574678
1231216 536069 m2 0.05945 0.0521739 0.00135239 -0.0172187 0.00183664
1231216 197347 m2 0.0329 0.093916 -0.426765 0.031871 -0.0200165
1231216 223407 m2 0.14945 0.0704127 -0.766284 0.0673628 -0.00942279
1231216 240931 m2 0.1397 -0.0867576 -0.736305 -0.0343902 -0.0426482
1231216 727354 m2 0.01075 0.0100883 -0.166845 0.0404465 -0.0163078
1231216 704902 m2 0.01035 -0.0339533 -0.0558406 0.0247236 -0.0816155
1231216 162814 m2 0.02245 -0.0895681 -0.551883 0.0147076 0.00419247
1231216 337058 m2 0.1299 0.0668093 -0.748787 0.0584709 -0.036522
1231216 378718 m2 0.05125 -0.0113285 -0.173309 0.00717626 -0.012068
1231216 243723 m2 0.09575 -0.000757329 -0.174034 0.00487038 -0.0241219
1231216 669024 m2 0.01345 0.155075 -0.145349 0.0530109 -0.00638694
1231216 314575 m2 0.01355 0.134881 -0.33314 0.0102096 -0.0121061
1231216 375007 m2 0.05175 -0.0837191 -0.278472 -0.0901569 0.0414464
1231216 272056 m2 0.0508 0.0725766 -0.678762 -0.0112809 -0.0119032
1231216 243991 m2 0.066 -0.0534467 -0.171237 -0.0500498 0.0541066
1231216 537870 m2 0.02615 0.00750283 0.0525198 -0.0116932 -0.0560235
1231216 188272 m2 0.08435 0.028764 -0.655202 -0.0106746 -0.00608376
1231216 664964 m2 0.01195 -0.0210518 -0.3723 0.00364068 0.0512583
1231216 211040 m2 0.06845 0.019578 -0.172918 0.000789064 0.00638102
1231216 208339 m2 0.03935 0.139687 -0.154474 0.0805967 0.000534868
1231216 436597 m2 0.06805 0.0774152 -0.252241 0.0123427 -0.0257786
1231216 445337 m2 0.01375 0.0785829 -0.161673 0.0370411 -0.010624
1231216 710166 m2 0.01095 0.0120806 -0.161979 -0.0105945 0.0148225
1231216 229558 m2 0.1322 -0.0460567 -0.539443 -0.0667655 -0.0132318
1231216 197067 m2 0.07875 -0.0611987 -0.641251 -0.0318914 -0.0133263
1231216 107417 m2 0.0108 0.0184769 -0.498876 0.00322107 -0.0164382
1231216 207055 m2 0.0472 -0.147344 -0.687104 -0.024875 0.0165628
1231216 360671 m2 0.0409 0.0898415 -0.374312 0.0472214 -0.0489555
1231216 636652 m2 0.01965 0.0709642 -0.166336 0.0433816 0.0276853
1231216 560299 m2 0.0205 0.103336 -0.158482 -0.0168162 -0.0299024
1231216 298882 m2 0.0156 -0.00519887 -0.57823 0.0566057 0.0156404
1231216 416954 m2 0.0314 0.0962609 -0.163678 0.0630087 0.043173
1231216 281419 m2 0.0243 -0.0957468 -0.498891 -0.0449398 -0.022962
1231216 149581 m2 0.0623 -0.125802 -0.765364 -0.0224713 0.0371623
1231216 633600 m2 0.0137 -0.105796 -0.160451 -0.0276181 -0.00678208
1231216 545534 m2 0.013 0.0635736 -0.165291 0.0705229 -0.00192051
1231216 65569 m2 0.05885 0.0628345 -0.605648 0.0380755 0.00147895
1231216 140693 m2 0.0376 0.00766122 -0.304374 -0.0599478 -0.020461
1231216 533470 m2 0.05565 0.0389948 -0.172 0.0588528 0.00611018
1231216 273339 m2 0.07825 -0.0323791 -0.172947 -0.0172184 -0.0711216
1231216 502190 m2 0.0707 0.0014778 -0.409666 -0.0357519 -0.00488572
1231216 659445 m2 0.02385 0.0240513 -0.0501409 0.034126 -0.0334417
1231216 359388 m2 0.01695 -0.141641 -0.150836 -0.0475811 0.0228569
1231216 473019 m2 0.0573 0.0586452 -0.508457 -0.00489212 -0.000918022
1231216 588941 m2 0.0213 -0.0550713 -0.0522471 0.00630065 -0.040511
1231216 163258 m2 0.1135 0.146051 -0.727787 0.0722834 -0.0635069
1231216 703038 m2 0.0101 -0.0412548 -0.168922 -0.0407104 -0.00923461
1231216 606982 m2 0.01485 0.00436353 -0.526823 0.0637485 -0.0382999
1231216 397551 m2 0.05735 -0.100519 -0.164473 -0.0478838 -0.0373274
1231216 151100 m2 0.1935 -0.0322429 -0.799757 -0.0327523 -0.0566817
1231216 452207 m2 0.0289 0.0152942 -0.603513 0.0168873 0.00441221
1231216 568601 m2 0.02975 0.0431168 -0.170651 0.0669157 -0.0131352
1231216 453695 m2 0.041 0.0796747 -0.655666 0.0058336 0.00312152
1231216 364795 m2 0.04045 0.208857 -0.620445 0.121467 -0.0514841
1231216 96215 m2 0.0457 0.0227299 -0.464701 0.0786689 -0.046045
1231216 150106 m2 0.02525 -0.141987 -0.601368 0.00653749 -0.00187165
1231216 300081 m2 0.0761 -0.0398346 -0.726018 -0.011015 -0.0396742
1231216 99551 m2 0.02 -0.0379238 -0.567867 -0.0280479 -0.0171894
1231216 517475 m2 0.02565 -0.0391518 -0.16878 0.000963338 -0.0413341
1231216 649242 m2 0.0209 0.0451499 -0.44277 -0.0373734 0.0441468
1231216 662112 m2 0.01145 -0.123493 -0.256624 -0.0479735 -0.00596753
1231216 574917 m2 0.0371 -0.0195729 -0.727074 -0.00591331 -0.0158438
1231216 94732 m2 0.04035 0.00699831 -0.727188 0.0122547 -0.00202981
1231216 540112 m2 0.04715 -0.0409547 -0.171646 0.0206071 -0.0375866
1231216 187577 m2 0.1338 0.0796284 -0.772412 0.0512368 0.00470145
1231216 443519 m2 0.01815 0.0449322 -0.638236 0.0418735 -0.0309593
1231216 606004 m2 0.0189 0.0144964 -0.379508 0.0698915 0.0691651
1231216 284197 m2 0.02835 0.0586881 -0.431324 -0.00698656 -0.02094
1231216 605274 m2 0.0135 -0.0979776 -0.158091 -0.0514825 0.0316083
1231216 210043 m2 0.01015 0.0111768 -0.446769 0.0304186 -0.0155909
1231216 573127 m2 0.01195 -0.172491 -0.142648 -0.0435601 0.00114867
1231216 690811 m2 0.0272 -0.0176166 -0.304547 0.0462801 -0.0302232
1231216 510082 m2 0.0434 0.0571345 -0.169066 0.0253506 0.00110569
1231216 591189 m2 0.0215 0.016537 -0.475815 0.0757099 -0.0486377
1231216 163278 m2 0.27225 -0.001688 -0.806967 0.00639821 -0.0219458
1231216 359373 m2 0.0419 -0.0513232 -0.352945 0.0143042 -0.00725512
1231216 693700 m2 0.0148 -0.105012 -0.270762 -0.0949711 0.00499849
1231216 213963 m2 0.04595 -0.120906 -0.585787 -0.0240321 0.0135772
1231216 143881 m2 0.02975 0.101374 -0.4962 -0.0334747 0.0123123
1231216 153880 m2 0.0177 -0.0228086 -0.491002 0.000663995 -0.0184339
1231216 710417 m2 0.0103 0.183251 -0.138109 0.0491101 0.0646864
1231216 472018 m2 0.044 -0.207179 -0.507634 -0.116681 -0.00863279
1231216 417904 m2 0.0381 0.0383019 -0.511145 0.0199978 0.0550963
1231216 629465 m2 0.01375 -0.0827575 -0.39315 -0.0212221 -0.067593
1231216 463076 m2 0.0302 -0.0323487 -0.287713 -0.025992 0.00473683
1231216 391776 m2 0.01905 -0.147975 -0.461289 -0.0292731 -0.0155177
1231216 437582 m2 0.0125 0.230622 -0.401783 0.0952572 0.0256798
1231216 498763 m2 0.08 0.203325 -0.462833 0.119011 0.000898654
1231216 218465 m2 0.1503 0.0183547 -0.704059 0.0128688 -0.0653306
1231216 557809 m2 0.0339 -0.161585 -0.362882 0.0029123 0.0413403
1231216 330304 m2 0.01235 -0.00745873 -0.555804 -0.0267146 -0.0149869
1231216 549503 m2 0.05305 0.0223559 -0.171467 0.0169295 -0.00739454
1231216 416929 m2 0.05695 -0.0807822 -0.657368 -0.0347257 -0.0170534
1231216 685296 m2 0.0226 -0.174121 -0.144674 -0.0354747 0.0128135
1231216 500481 m2 0.0146 -0.0332374 -0.286233 -0.0429807 -0.0151598
1231216 357119 m2 0.04225 -0.106014 -0.274523 -0.0780715 -0.0387378
1231216 153355 m2 0.09765 -0.153345 -0.74903 -0.0342992 -0.035508
1231216 335259 m2 0.0188 -0.0418816 -0.50617 -0.0188118 -0.0848019
1231216 356350 m2 0.0664 -0.0154962 -0.687803 0.0134743 -0.0192702
1231216 337258 m2 0.0275 -0.0749631 -0.538168 -0.0222314 0.0261056
1231216 513754 m2 0.0143 0.196941 -0.44668 -0.0135466 -0.0270596
1231216 477757 m2 0.0177 0.0850312 -0.442311 0.0330437 -0.0107072
1231216 622159 m2 0.01945 -0.0176131 -0.502952 -0.00564662 -0.00257033
1231216 341767 m2 0.0131 -0.0814739 -0.280253 0.031138 0.0125539
1231216 394033 m2 0.03945 0.0460809 -0.538786 -0.00148693 -0.0518799
1231216 696253 m2 0.0104 0.0424727 -0.633158 -0.0167584 -0.0147767
1231216 258477 m2 0.05135 -0.145644 -0.471206 -0.121816 -0.00776597
1231216 174983 m2 0.0107 -0.124823 -0.439396 -0.0312387 -0.00954909
1231216 442297 m2 0.0434 -0.000174052 -0.619973 -0.00204515 -0.00789904
1231216 387326 m2 0.0362 -0.124288 -0.505784 -0.0540134 -0.0236298
1231216 364311 m2 0.0381 0.114875 -0.458868 0.0833841 -0.0033065
1231216 273570 m2 0.0257 0.0217169 -0.520527 0.0166998 -0.039125
1231216 485713 m2 0.02355 0.200095 -0.674436 0.030086 0.0606375
1231216 200033 m2 0.02305 -0.04333 -0.729216 0.010636 -0.0253511
1231216 372002 m2 0.05825 0.0302678 -0.17201 0.0287711 0.0142083
1231216 392289 m2 0.01895 0.0151783 -0.688807 -0.0121184 -0.0323582
1231216 415144 m2 0.09825 0.226861 -0.714517 0.104277 -0.00338275
1231216 268917 m2 0.02245 -0.106434 -0.376052 -0.0412028 -0.0566948
1231216 597014 m2 0.06025 -0.102386 -0.684991 -0.0109367 0.0280063
1231216 721313 m2 0.01185 -0.0529249 -0.27618 -0.0534912 0.0142887
1231216 530166 m2 0.01905 0.0320582 -0.41598 0.0152746 0.0355413
1231216 245589 m2 0.12825 -0.0200992 -0.781064 -0.0144632 -0.00655759
1231216 384080 m2 0.04345 -0.204642 -0.431619 -0.0804024 -0.0212568
1231216 430049 m2 0.01095 -0.0383853 -0.544133 -0.0589013 -0.0428318
1231216 266920 m2 0.04565 0.027543 -0.595412 -0.00821677 -0.0223402
1231216 616383 m2 0.0131 -0.0565123 -0.342938 -0.00743659 0.0401885
1231216 460815 m2 0.01785 -0.0741781 -0.543161 0.0309147 -0.05646
1231216 632825 m2 0.0142 -0.192543 -0.135576 -0.0429277 0.0416889
1231216 269177 m2 0.10565 -0.0828024 -0.766029 -0.0348917 -0.00853613
1231216 583656 m2 0.01135 -0.0777407 -0.523307 -0.00695298 -0.0151143
1231216 347837 m2 0.06635 -0.0191002 -0.631487 0.0118319 -0.030577
1231216 278898 m2 0.0731 -0.0641157 -0.617076 -0.0384337 -0.042838
1231216 230258 m2 0.01235 -0.0663327 -0.42296 0.0244539 0.00540912
1231216 491591 m2 0.04335 -0.0400222 -0.548397 -0.0115703 -0.0422894
1231216 439753 m2 0.04215 -0.102649 -0.508395 -0.127959 -0.0443166
1231216 255435 m2 0.0625 -0.0601214 -0.49941 -0.0300124 -0.0181371
1231216 374952 m2 0.0145 -0.119892 -0.461529 -0.0122761 0.0134822
1231216 262216 m2 0.0315 0.0784404 -0.474388 0.0223847 -0.0265571
1231216 569577 m2 0.0184 -0.0680916 -0.382201 0.0283264 -0.0457929
1231216 427790 m2 0.03905 0.00127074 -0.349115 -0.0338025 -0.0246932
1231216 254671 m2 0.01925 -0.105434 -0.482922 -0.0451955 -0.012284
1231216 347006 m2 0.0475 0.15207 -0.714577 0.0234576 -0.0293845
1231216 594027 m2 0.02225 0.116518 -0.665582 0.0862454 0.00421326
1231216 276626 m2 0.0416 0.0605654 -0.748526 0.0190785 -0.020709
1231216 621402 m2 0.0174 -0.134526 -0.36283 -0.0542366 -0.0157332
1231216 612491 m2 0.0159 -0.141192 -0.670385 -0.0182465 -0.0304321
1231216 560252 m2 0.04085 0.0582808 -0.558821 0.0286368 0.00523031
1231216 489112 m2 0.0534 -0.0310785 -0.597774 -0.0053297 -0.0108125
1231216 603779 m2 0.0192 -0.106612 -0.482557 0.0240056 -0.022387
1231216 460336 m2 0.0132 -0.00441622 -0.295445 0.0039974 0.00202516
1231216 680892 m2 0.01915 0.0527221 -0.396644 0.0460592 -0.0228441
1231216 624909 m2 0.03775 0.125056 -0.59487 0.0549847 -0.0892678
1231216 384340 m2 0.0263 0.016872 -0.548001 0.00851618 -0.0351084
1231216 670691 m2 0.03 -0.138921 -0.661108 0.0286756 0.00867954
1231216 307548 m2 0.0184 0.0936723 -0.526621 0.0271364 0.012601
1231216 410104 m2 0.0107 -0.0496458 -0.482919 0.011634 -0.0314366
1231216 370275 m2 0.084 0.210088 -0.711317 0.0572839 -0.0108484
1231216 429761 m2 0.05255 -0.140563 -0.535315 -0.0848406 -0.0173222
1231216 332591 m2 0.0173 -0.0766339 -0.316378 -0.0777506 0.00212081
1231216 426116 m2 0.06765 -0.0548035 -0.702083 -0.0869429 0.0133619
1231216 660829 m2 0.0132 0.0564732 -0.525943 -0.056056 0.0741528
1231216 508528 m2 0.0159 -0.091908 -0.677349 -0.0114931 0.00881986
1231216 613025 m2 0.0242 -0.131532 -0.561417 -0.0253073 -0.0510758
1231216 427814 m2 0.02285 0.249282 -0.524781 0.0983347 -0.0807629
1231216 360906 m2 0.0101 -0.159115 -0.399106 -0.100596 -0.0598372
1231216 500959 m2 0.0241 -0.157503 -0.478382 -0.0780963 0.00932786
1231216 589665 m2 0.01905 -0.115322 -0.391115 -0.0641863 0.0428843
1231216 547919 m2 0.01645 0.055659 -0.61491 0.0278334 -0.0351332
1231216 429764 m2 0.02985 -0.113407 -0.744247 -0.0486933 0.0145819
1231216 395541 m2 0.01835 0.0643587 -0.326915 0.0312881 0.000785187
1231216 524652 m2 0.0208 -0.080424 -0.489991 -0.00389072 0.021419
1231216 480711 m2 0.0127 -0.196787 -0.304779 -0.136073 -0.0703894
1231216 548195 m2 0.022 -0.151648 -0.418339 -0.0649827 0.0279081
1231216 665650 m2 0.0186 0.0172375 -0.521514 0.0289791 0.0818024
1231216 596477 m2 0.0162 0.0548053 -0.502554 0.0367545 0.0243022
1231216 382597 m2 0.12345 -0.0293589 -0.669839 -0.00140583 -0.00843235
1231216 651653 m2 0.01265 0.069389 -0.586162 -0.0120485 0.0463333
1231216 478220 m2 0.0123 -0.114167 -0.514498 -0.00741031 -0.0648997
1231216 573332 m2 0.0315 0.0189038 -0.513416 0.00917383 -0.00485378
1231216 544234 m2 0.02495 0.15486 -0.314645 0.0905381 -0.0071552
1231216 663703 m2 0.01435 -0.0347014 -0.29876 -0.0445677 0.0301312
1231216 479416 m2 0.01585 0.13122 -0.538641 -0.0603564 0.040823
1231216 501188 m2 0.0154 -0.111803 -0.567206 -0.0896847 0.0208378
1231216 468734 m2 0.0312 -0.0675656 -0.590039 -0.0473137 -0.0105773
1231216 466788 m2 0.0124 -0.121259 -0.370137 -0.0777359 0.0543801
1231216 627932 m2 0.0452 0.12887 -0.724177 0.0431249 0.0159971
1231216 659646 m2 0.01965 0.008992 -0.443763 3.14029e-05 0.031471
1231216 562000 m2 0.0103 0.0526124 -0.504202 -0.00847409 -0.00636521
1231216 607959 m2 0.02295 -0.0120908 -0.491954 0.0264512 -0.0174221
1231216 533416 m2 0.0288 0.0214896 -0.488678 0.0469233 0.0180266
1231216 545240 m2 0.01675 -0.0245025 -0.640158 -0.01023 -0.0109445
1231216 672676 m2 0.0104 0.228054 -0.567355 0.0715583 0.0223797
1231216 708563 m2 0.0191 -0.0705527 -0.495021 -0.0937218 -0.0529054
1231216 534944 m2 0.01575 -0.066292 -0.500814 -0.0383951 -0.0424026
1231216 547243 m2 0.051 -0.143592 -0.474288 -0.0542372 -0.0138689
1231216 619300 m2 0.0118 0.124531 -0.519047 -0.012179 -0.0278993
1231216 562780 m2 0.015 -0.118963 -0.458857 -0.0392256 -0.0825876
1231216 719271 m2 0.0101 0.0860514 -0.509515 -0.0043205 -0.000296297
1231216 587308 m2 0.0213 0.176556 -0.586546 0.0360517 0.0471049
1231216 563565 m2 0.0118 -0.0104396 -0.503471 -0.0102483 -0.0541104
1231216 660107 m2 0.0127 0.0265625 -0.499374 0.0357551 -0.00778519
1231216 678727 m2 0.02525 0.268794 -0.519818 0.111555 -0.0381848
1231216 600528 m2 0.0316 -0.0815483 -0.509224 -0.052672 0.012356
1231216 664181 m2 0.0157 -0.0826475 -0.4045 -0.0432788 -0.0847686
1231216 707789 m2 0.01485 0.0569343 -0.526285 -0.00417346 0.0387189
