seed mutID muttype p cor_sal cor_temp mutSalEffect mutTempEffect
1231214 361723 m2 0.0218625 0.105559 0.358171 0.00836565 0.014605
1231214 722678 m2 0.012749 0.0603189 0.515857 -0.00777695 0.00168114
1231214 66403 m2 0.0174303 -0.144463 0.494513 0.00903258 0.0881443
1231214 415362 m2 0.143825 0.0384358 0.838972 0.0713317 0.00086095
1231214 413110 m2 0.0333167 -0.0969313 0.389098 -0.060943 -0.0233087
1231214 57089 m2 0.0583665 0.0370818 0.691162 -0.017548 0.024805
1231214 341345 m2 0.113098 0.161044 0.658142 0.0306949 0.0286794
1231214 558035 m2 0.0502988 0.0769912 0.632749 0.0495916 0.0680605
1231214 98991 m2 0.0577191 -0.0581918 0.324644 -0.00886446 0.0090926
1231214 379579 m2 0.0838147 -0.0232901 0.727571 -0.0253745 0.0341992
1231214 73940 m2 0.193625 0.322863 0.658709 0.0617878 -0.0204472
1231214 213697 m2 0.0808765 0.112362 0.776196 -0.00578658 -0.0225605
1231214 102738 m2 0.0958665 -0.204368 0.67118 -0.0822524 0.0109446
1231214 113506 m2 0.147659 -0.0280494 0.830491 0.0427681 0.0442376
1231214 181484 m2 0.0203685 0.0108197 0.361761 0.0395812 -0.00736265
1231214 387866 m2 0.0525398 -0.0758473 0.680503 -0.0434689 0.041391
1231214 410868 m2 0.15005 0.370354 0.698338 0.104572 0.00964875
1231214 697255 m2 0.0172809 0.00739349 0.549307 -0.00631542 0.030057
1231214 547358 m2 0.0801793 0.228615 0.153905 0.0419779 -0.00990976
1231214 681332 m2 0.0137948 0.100295 0.578742 0.105838 -0.0411603
1231214 334245 m2 0.0167331 0.120662 0.195166 -0.0158448 0.0819778
1231214 44278 m2 0.0406873 0.0356814 0.125984 0.022253 0.0301576
1231214 302226 m2 0.0493028 -0.0988699 0.214644 0.0348245 -0.0284645
1231214 709925 m2 0.0130478 0.0692604 0.57387 -0.0032622 0.000557359
1231214 531327 m2 0.0129482 -0.0696284 0.497364 -0.0522537 -0.0382613
1231214 130523 m2 0.183516 0.00117843 0.295663 0.0284459 0.0179581
1231214 291359 m2 0.0949203 0.0723761 0.764067 0.0308401 0.0482169
1231214 103011 m2 0.0173307 0.0360332 0.34934 0.0149827 0.00204601
1231214 450448 m2 0.0675299 0.0912099 0.654939 0.00165938 -0.0265148
1231214 719479 m2 0.0297311 0.0145325 0.614077 0.0578074 0.018675
1231214 17328 m2 0.01001 -0.167775 0.415731 -0.00533064 -0.015883
1231214 360418 m2 0.0350598 -0.123572 0.467045 -0.0140925 0.0111179
1231214 294419 m2 0.0157869 -0.257023 0.316767 -0.0364227 0.0490465
1231214 456833 m2 0.0113048 0.304739 -0.119708 -0.0154476 0.0176122
1231214 394650 m2 0.0106076 -0.165839 0.425761 -0.0296848 0.0390561
1231214 145466 m2 0.106574 -0.121466 0.287318 -0.105595 -0.00395621
1231214 661886 m2 0.048755 0.237343 0.708478 0.0752465 0.0341645
1231214 257829 m2 0.119771 -0.0110459 0.797204 -0.0339594 0.0182952
1231214 168480 m2 0.039741 -0.0715846 0.431591 -0.0469067 0.0167066
1231214 323161 m2 0.0373008 -0.0780242 0.0518238 -0.0325462 0.0486817
1231214 322660 m2 0.0300797 -0.120719 0.427431 -0.0715715 0.0507884
1231214 569562 m2 0.0146912 -0.120147 0.47773 -0.0850824 -0.0284101
1231214 585163 m2 0.0175797 -0.0542616 0.620265 -0.0135947 -0.0508429
1231214 640850 m2 0.0118028 -0.133264 0.365256 -0.00958234 -0.033195
1231214 373848 m2 0.0453187 0.056907 0.625642 -0.00585077 0.0891086
1231214 651844 m2 0.010508 -0.0962744 0.259523 -0.0125841 -0.0152909
1231214 732965 m2 0.0125 0.101927 0.36488 0.0225943 -0.0159044
1231214 259327 m2 0.0221614 0.295035 0.6101 0.0173083 0.0433119
1231214 586659 m2 0.0299303 0.0146235 0.557526 0.0372943 -0.0463032
1231214 681327 m2 0.022012 0.0265833 0.368063 0.071686 0.0101092
1231214 665211 m2 0.0189741 0.229893 0.543012 0.0543617 0.0357302
1231214 452212 m2 0.0832669 0.102458 0.739591 0.0633214 0.0404866
1231214 685735 m2 0.011753 -0.17573 0.430672 -0.0911924 0.0532694
1231214 30533 m2 0.0125 0.0157897 -0.616059 0.025961 0.0236445
1231214 287074 m2 0.0544821 0.0771187 0.60161 0.0177547 0.025145
1231214 54492 m2 0.026494 -0.0693643 0.23672 -0.0279556 -0.0115038
1231214 485817 m2 0.0607072 0.0563084 0.688438 0.0452633 -0.00557303
1231214 170430 m2 0.0899402 -0.308391 0.618192 -0.0893471 0.00101212
1231214 350076 m2 0.010508 -0.164886 0.422926 -0.0974214 0.0464763
1231214 524758 m2 0.0605578 -0.0429533 0.801635 0.00585531 0.00157529
1231214 623402 m2 0.0331673 -0.252304 0.186 -0.0247645 0.00244727
1231214 180224 m2 0.195418 0.0626834 0.702058 0.0269917 0.00684193
1231214 282709 m2 0.0875 0.150561 0.74183 0.0697375 0.0133259
1231214 189687 m2 0.024004 0.00196269 0.224995 0.0225128 -0.0346952
1231214 711184 m2 0.012998 0.273438 0.368484 0.0404915 0.0872741
1231214 404179 m2 0.0285857 -0.14888 0.147839 -0.03156 0.00342867
1231214 423409 m2 0.0188247 -0.141698 0.496394 -0.0047316 -0.00154907
1231214 347591 m2 0.0449203 -0.053859 0.507871 0.0352805 0.0829098
1231214 504923 m2 0.0336155 -0.0542748 0.316467 -0.053738 0.00693968
1231214 292656 m2 0.152092 0.045756 0.85512 0.0557766 -0.0265214
1231214 439634 m2 0.0451693 -0.0870579 0.674641 -0.0710221 0.018717
1231214 150691 m2 0.243775 0.0300824 0.865547 0.0154394 0.0192663
1231214 677161 m2 0.0239044 -0.19247 0.617751 0.013121 0.0609227
1231214 397422 m2 0.0376992 0.0213797 0.415869 -0.00439699 0.0267004
1231214 537959 m2 0.036255 -0.00393755 0.0682943 0.0253619 0.00676612
1231214 265853 m2 0.0842131 -0.0441331 0.548122 -0.0117536 -0.0240729
1231214 384451 m2 0.217131 0.213599 0.413855 0.0921382 0.0247868
1231214 457576 m2 0.0646414 -0.0945753 0.279919 -0.0726074 -0.0139904
1231214 574343 m2 0.025996 -0.175365 0.659943 -0.0519624 -0.0513375
1231214 366280 m2 0.0160359 0.238375 -0.100153 0.098726 -0.0382194
1231214 684754 m2 0.0111056 -0.0481393 0.488512 -0.0369206 -0.0519217
1231214 658603 m2 0.0103586 -0.062189 0.547378 0.00111727 -0.0131613
1231214 412346 m2 0.0633466 0.0877366 0.135035 0.0328355 0.018686
1231214 448663 m2 0.0284861 0.15319 0.0386561 -0.00603193 0.0212243
1231214 567832 m2 0.036006 -0.1279 0.466174 -0.020055 -0.00771726
1231214 300970 m2 0.0976594 -0.149958 0.41452 -0.0841551 0.028609
1231214 664423 m2 0.0180777 -0.0763674 0.403852 0.0210307 -0.0173141
1231214 316966 m2 0.0539841 0.207249 0.733982 0.0626935 0.0209634
1231214 645761 m2 0.0479582 0.0234449 0.715962 0.031031 0.0272751
1231214 388608 m2 0.0409861 -0.0926598 -0.171675 0.024358 -0.00288508
1231214 303480 m2 0.120169 -0.00694442 0.8041 -0.071582 0.0163903
1231214 274975 m2 0.050996 -0.0337426 0.399518 -0.00223373 0.00365463
1231214 690763 m2 0.0106574 -0.0409602 0.572376 -0.00664082 0.0146847
1231214 154971 m2 0.0716135 0.0141185 0.00485606 -0.0231242 -0.013289
1231214 636785 m2 0.0211653 -0.13214 0.304914 -0.00310274 -0.00558828
1231214 646302 m2 0.0201693 0.0565567 0.556421 -0.0015117 -0.00809678
1231214 603580 m2 0.0261952 0.0111471 0.409715 0.0028862 0.0301818
1231214 634836 m2 0.0270916 0.00172116 0.321809 -0.0278523 0.0455242
1231214 505931 m2 0.0610558 0.0567242 0.0497876 0.0549425 0.0170759
1231214 531518 m2 0.0114542 -0.0193091 0.172494 0.0127216 -0.00309677
1231214 391391 m2 0.0159861 0.310566 0.0803286 0.0517177 0.00373804
1231214 295096 m2 0.0545319 -0.166546 0.330502 -0.0379715 0.00525289
1231214 78687 m2 0.0708167 -0.143525 0.0605653 -0.0380981 -0.0247063
1231214 694265 m2 0.0338645 0.24794 0.416377 0.0338015 -0.0307004
1231214 624347 m2 0.0196215 0.102277 0.255821 0.00243581 -0.0390456
1231214 47686 m2 0.149651 -0.038676 0.305609 0.0101436 0.0128433
1231214 336228 m2 0.109014 -0.0390283 0.312411 -0.0696715 0.0367314
1231214 193424 m2 0.0581175 0.25659 0.616588 0.0589725 0.015886
1231214 433047 m2 0.0104582 0.171358 0.25175 0.0787849 0.0094794
1231214 411849 m2 0.191285 -0.0862893 0.625631 -0.0544267 0.0198587
1231214 336720 m2 0.0897908 0.1328 0.17672 0.0110512 0.0285994
1231214 280496 m2 0.117978 -0.0340849 0.581586 -0.0665056 0.00571378
1231214 477210 m2 0.0126992 -0.03349 0.313993 -0.0103449 -0.0049144
1231214 77215 m2 0.256574 -0.0188593 0.601647 -0.0118228 0.0054288
1231214 671096 m2 0.0201195 0.228536 0.30114 0.0197084 -0.0166667
1231214 81670 m2 0.0380478 0.128167 0.641612 0.010506 -0.00146457
1231214 535465 m2 0.0156375 0.250142 0.244173 0.0692751 0.0163145
1231214 270346 m2 0.063496 -0.0823811 0.513095 -0.0343317 0.0159083
1231214 334479 m2 0.0177789 0.0225472 0.178202 -0.018656 0.0109038
1231214 245487 m2 0.0268426 0.00219964 0.0484203 -0.0249756 -0.0126628
1231214 400382 m2 0.0368526 0.120381 0.478025 0.0294366 -0.0368849
1231214 662106 m2 0.0184263 -0.145225 0.251732 -0.0315564 0.0336823
1231214 427391 m2 0.0864542 0.00413086 -0.0478558 -0.00950873 -0.0315003
1231214 439878 m2 0.0875 -0.0266893 0.421066 -0.0612931 -0.0289508
1231214 105270 m2 0.0375498 -0.152361 0.10789 -0.00291311 0.0211775
1231214 576777 m2 0.0280876 -0.00672823 0.322687 0.0128824 0.0491039
1231214 610722 m2 0.0451693 -0.023604 0.538825 -0.0067217 -0.0229691
1231214 216173 m2 0.138695 -0.139145 -0.222742 -0.0840059 0.0100062
1231214 639305 m2 0.0140438 -0.134084 0.278227 -0.011307 -0.0236728
1231214 488278 m2 0.0535857 0.102601 0.164856 -0.00872691 -0.0344859
1231214 637527 m2 0.0125996 -0.00400294 0.171075 -0.0214831 -0.0229522
1231214 707105 m2 0.0159363 0.0737788 0.171658 0.0135062 0.00109604
1231214 664663 m2 0.0428785 0.230491 0.442772 0.0203922 0.0447606
1231214 513002 m2 0.0189741 -0.0173308 0.317063 -0.0437996 0.00768668
1231214 213646 m2 0.0395916 -0.180161 0.249226 -0.0415747 0.0248751
1231214 285271 m2 0.0210159 0.0510294 0.0950753 -0.0302112 0.0159578
1231214 17736 m2 0.0285857 -0.120151 0.0524049 -0.00314578 -0.0046539
1231214 522505 m2 0.0414343 -0.134119 0.465554 -0.035103 -0.0303214
1231214 720660 m2 0.0292829 0.326033 0.510159 0.0801301 0.00221816
1231214 623848 m2 0.0233068 -0.0826695 0.314513 -0.0141182 0.0254774
1231214 34959 m2 0.0332171 -0.0380631 -0.0875208 0.00984141 -0.00176946
1231214 583150 m2 0.0169821 -0.0357535 0.309385 0.0197772 0.0286925
1231214 714939 m2 0.0185757 -0.111653 0.276289 -0.0531402 -0.0724859
1231214 426377 m2 0.0819223 -0.159896 0.536212 0.00941391 0.0140255
1231214 402154 m2 0.11738 -0.0270655 0.782935 0.00585423 0.0064433
1231214 569041 m2 0.0117032 -0.174475 0.148021 -0.0418427 0.0171423
1231214 355824 m2 0.0451195 0.248391 0.25158 0.0726039 -0.0166688
1231214 619679 m2 0.0320219 -0.156142 0.257589 -0.0318249 -0.0296079
1231214 572770 m2 0.0383466 -0.130774 0.156671 -0.059746 0.00361038
1231214 137203 m2 0.0243028 0.158007 0.308296 0.0621408 0.00363707
1231214 443375 m2 0.0747012 -0.0803145 0.101006 -0.0390906 -0.00800277
1231214 644774 m2 0.0292331 -0.152596 0.25419 -0.125583 0.0116777
1231214 701403 m2 0.013496 -0.178717 0.140702 -0.0580581 0.00677226
1231214 303724 m2 0.0172311 -0.0972237 0.0733338 -0.0562826 -0.00395589
1231214 463507 m2 0.109363 0.126761 0.135448 0.0337119 0.00499436
1231214 598945 m2 0.035757 -0.0843461 0.201151 0.0270811 -0.000148902
1231214 340314 m2 0.140588 -0.128148 0.163271 -0.00608396 0.000973292
1231214 565313 m2 0.0340637 -0.0274904 0.397308 0.0111882 0.0846954
1231214 494090 m2 0.0359064 0.0278576 0.173902 0.0133393 -0.0215679
1231214 393352 m2 0.0273406 -0.226091 0.130831 -0.0386534 0.00459977
1231214 5455 m2 0.249701 -0.0381635 0.429581 -9.21166e-05 0.030326
1231214 714673 m2 0.010757 -0.100522 0.151561 0.0287143 0.0220834
1231214 449592 m2 0.0648406 -0.143591 0.156669 0.0171978 -0.0558653
1231214 704598 m2 0.0167829 -0.121197 0.156944 -0.0124792 0.0367267
1231214 516654 m2 0.142729 0.153258 0.0801705 0.0487666 -0.00905603
1231214 701150 m2 0.024751 -0.154852 0.147807 -0.0633572 -0.0193054
1231214 497364 m2 0.0150398 0.0983892 -0.057128 0.0576441 0.0227387
1231214 198931 m2 0.26001 0.0583602 0.741517 0.0174033 0.0168612
1231214 631641 m2 0.0571713 0.33138 0.209483 0.0777804 -0.0239141
1231214 260825 m2 0.0186255 -0.163892 0.0485652 -0.0107917 0.0255594
1231214 387015 m2 0.0669323 -0.103233 -0.0647383 0.00213819 -0.0202356
1231214 398605 m2 0.0789841 0.0800563 0.0782866 -0.0325779 -0.0102477
1231214 632871 m2 0.0363546 -0.121057 0.157146 -0.0126671 -0.0203661
1231214 254044 m2 0.072261 0.0279769 0.336307 0.0537853 0.0075258
1231214 642017 m2 0.011753 -0.143938 0.140372 -0.0424928 -0.00215951
1231214 666383 m2 0.0128984 0.0698607 0.0619752 0.00672447 0.00865607
1231214 621863 m2 0.0138944 -0.168694 0.302466 0.00473256 -0.0142879
1231214 538903 m2 0.0635956 -0.016059 0.146032 -0.00289789 0.0378596
1231214 52003 m2 0.246265 -0.250375 0.835501 -0.0719708 0.0438473
1231214 441601 m2 0.0985558 -0.0319706 -0.097006 0.0466604 0.0349816
1231214 681262 m2 0.0341135 -0.0061006 0.111153 0.0321573 0.0236556
1231214 333934 m2 0.0627988 0.0146265 0.041964 -0.013688 0.00813556
1231214 366220 m2 0.0205677 0.0341443 0.214476 -0.00776057 0.00313664
1231214 555540 m2 0.0602092 -0.0666923 0.0562642 -0.0281254 -0.000869263
1231214 661556 m2 0.0458665 -0.0161439 0.110146 -0.0587038 0.0142048
1231214 707568 m2 0.0131474 0.127515 0.157273 -0.0151216 -0.0268438
1231214 90750 m2 0.0338645 -0.130175 0.0504385 -0.029107 -0.0069265
1231214 155972 m2 0.0155378 0.175731 0.000943334 0.0379216 0.0193949
1231214 532952 m2 0.146813 0.156339 0.0362917 0.045887 -0.0182978
1231214 335396 m2 0.0155876 -0.193702 0.0393228 -0.0545755 0.0185112
1231214 346049 m2 0.0118526 0.0471744 0.0456613 -0.0427749 0.00701877
1231214 612916 m2 0.0503984 0.112611 0.382016 0.00837464 -0.0477918
1231214 487532 m2 0.106026 0.040833 0.0387513 0.00209863 -0.0489777
1231214 642261 m2 0.0545319 -0.0509068 0.232258 -0.0136221 -0.000670668
1231214 483152 m2 0.013496 -0.12823 -0.0567227 -0.0692805 -0.0111899
1231214 526725 m2 0.0128486 -0.109 -0.0507965 -0.0083009 0.0133629
1231214 419832 m2 0.0745518 0.050304 0.0635503 -0.034198 -0.00335245
1231214 651249 m2 0.0200697 0.120334 -0.1765 9.45946e-05 -0.0607746
1231214 719147 m2 0.0162351 -0.170957 0.0476179 -0.0171415 -0.0457277
1231214 427836 m2 0.202888 -0.24399 -0.234477 -0.0922871 0.00985264
1231214 409975 m2 0.0253984 -0.0131238 -0.172994 0.0669 -0.0389043
1231214 668097 m2 0.0136952 0.0123968 0.173134 0.0475951 0.0439294
1231214 638252 m2 0.0220618 -0.0714125 0.105327 0.0542518 0.0296712
1231214 561264 m2 0.02251 0.154885 -0.150475 0.104606 0.0548455
1231214 324106 m2 0.0156873 0.0708987 -0.00750332 0.0438003 0.0200206
1231214 397603 m2 0.0431275 -0.251571 0.0570111 -0.0812038 0.0498929
1231214 639259 m2 0.0189741 -0.0811581 0.0542728 0.0490896 0.0691658
1231214 363887 m2 0.103635 -0.0931456 -0.540876 -0.0483511 -0.030424
1231214 719621 m2 0.0128984 0.15107 0.0678124 0.0783957 0.0346125
1231214 631122 m2 0.0120518 0.0789064 0.237424 0.0352418 -0.00497009
1231214 324353 m2 0.0201693 -0.050022 0.0626711 -0.0547608 0.0384329
1231214 558215 m2 0.0193227 -0.0372954 0.138973 0.0359335 -0.0217977
1231214 733840 m2 0.010508 -0.085529 0.05439 -0.034678 0.0159561
1231214 708303 m2 0.0104582 0.0316555 0.050887 -0.0301605 -0.0186525
1231214 704829 m2 0.0136952 -0.0660287 0.0459091 0.00290991 -0.0189582
1231214 398309 m2 0.0911355 -0.0825067 -0.067297 -0.036399 -0.0316487
1231214 515197 m2 0.011504 0.0980985 -0.161064 0.0856401 0.0429153
1231214 673080 m2 0.0367032 0.241596 -0.139508 0.0120485 0.0145468
1231214 722562 m2 0.0101594 0.282706 -0.00366211 0.0703289 -0.0282529
1231214 574989 m2 0.0196215 -0.0192594 0.0431054 -0.0271357 0.00613462
1231214 535884 m2 0.0509462 -0.142751 0.00123054 -0.0967687 0.0385554
1231214 663039 m2 0.0413347 -0.161418 0.0488574 -0.108428 0.0312517
1231214 418339 m2 0.0156375 -0.193305 0.0391917 -0.0221973 0.00223881
1231214 606405 m2 0.034761 0.30069 -0.120133 0.0661124 0.0527206
1231214 457721 m2 0.0195219 0.117819 0.0428549 0.0215486 -0.00311388
1231214 458978 m2 0.198456 -0.23998 0.108673 -0.146459 -0.0280544
1231214 650960 m2 0.022012 0.30121 0.179624 -0.00520337 -0.0269179
1231214 656292 m2 0.0108566 -0.242024 -0.032601 -0.00889946 -0.0307967
1231214 698454 m2 0.0223606 0.0567443 -0.133328 0.0154093 0.00825369
1231214 224353 m2 0.0545319 0.15949 0.162074 0.0884976 0.00973203
1231214 705269 m2 0.0221614 0.101979 0.062837 -0.0664699 0.0272543
1231214 500051 m2 0.0776394 -0.135952 -0.083083 0.0119539 -0.00470158
1231214 446157 m2 0.0786853 -0.0358645 0.285938 0.0272599 -0.000298692
1231214 498123 m2 0.0430777 0.182865 0.153319 0.0592495 -0.0114641
1231214 650956 m2 0.0455677 0.0779099 -0.000288852 0.0373245 -0.00860906
1231214 656999 m2 0.0227092 0.285039 0.11381 0.0428928 -0.0423904
1231214 706039 m2 0.0189741 -0.17317 0.0459028 -0.0908359 -0.0622516
1231214 616162 m2 0.0351594 0.14831 0.07083 0.0795013 -0.0230105
1231214 643220 m2 0.014243 0.0374063 -0.0682753 -0.0088085 0.0551922
1231214 214847 m2 0.087002 -0.224878 -0.146055 -0.0744914 -0.0387221
1231214 550304 m2 0.0106076 0.0163159 0.137182 -0.0124993 -0.0364775
1231214 604921 m2 0.0126494 0.176753 -0.0466402 0.0360518 0.00586892
1231214 659788 m2 0.0364542 0.3411 0.0798554 0.0320635 -0.00468185
1231214 619836 m2 0.146315 0.291875 -0.307675 0.0503897 -0.011961
1231214 507640 m2 0.155677 0.0589743 -0.367595 0.0480566 0.0400583
1231214 673304 m2 0.0250996 0.173975 -0.0366374 0.047094 -0.0350903
1231214 525889 m2 0.117082 0.143213 -0.503902 0.0754544 0.0456556
1231214 259470 m2 0.157122 0.105943 -0.568514 0.0128367 0.0299536
1231214 241801 m2 0.122659 -0.095219 -0.031462 -0.0348821 -0.0112308
1231214 147309 m2 0.0460657 0.0961741 -0.20347 0.00391335 -0.00799725
1231214 294025 m2 0.120867 -0.140948 -0.385381 0.00233968 -0.0454806
1231214 650466 m2 0.0166833 -0.0530649 0.221106 -0.0713862 -0.0750103
1231214 42903 m2 0.0398904 0.0484628 -0.226214 -0.0149288 -0.00421451
1231214 429551 m2 0.0234562 0.0126884 0.0699606 0.0299713 0.00861981
1231214 252788 m2 0.0157371 0.266972 0.122604 -0.00548747 0.00927835
1231214 382424 m2 0.0309761 0.0360162 0.19142 -0.00438671 0.00313618
1231214 481659 m2 0.0332171 -0.116554 -0.135857 0.00774401 -0.00404747
1231214 52430 m2 0.0429781 0.0817699 -0.570698 0.0432515 0.00593081
1231214 636921 m2 0.0318725 -0.188032 -0.0786755 0.00635501 0.0315886
1231214 400053 m2 0.0408367 -0.0276374 0.00645918 0.01037 0.0488781
1231214 25935 m2 0.0563745 0.016587 -0.479816 -0.0322736 0.0392155
1231214 563441 m2 0.0568725 0.106385 0.0233786 0.0810732 0.0102466
1231214 254983 m2 0.156474 0.0746813 -0.0165614 0.000768833 0.0286688
1231214 667296 m2 0.0268924 0.072427 -0.12731 -0.0235395 0.0191358
1231214 197339 m2 0.142331 0.107251 -0.836009 0.0448008 -0.0318372
1231214 424756 m2 0.0325697 0.106841 0.178645 0.0118168 -0.0117406
1231214 61198 m2 0.0161853 0.00226428 -0.196339 -0.0328253 0.00168993
1231214 585028 m2 0.0349104 -0.0931147 -0.119965 -0.0101914 -0.0185162
1231214 316864 m2 0.0374004 0.265439 -0.157366 0.0844219 0.00566647
1231214 66759 m2 0.143875 -0.172853 0.30706 -0.0505997 -0.00525154
1231214 602174 m2 0.0270916 0.141091 0.127212 -0.0136185 -0.0102851
1231214 652480 m2 0.0190737 -0.0946146 -0.0302971 -0.0679453 0.021526
1231214 683358 m2 0.0136952 -0.136842 -0.0515246 -0.0371376 0.0284258
1231214 718126 m2 0.015239 0.208052 -0.261475 0.0202487 0.0158549
1231214 558177 m2 0.0333665 -0.137931 -0.153034 -0.0461907 -0.0109347
1231214 519879 m2 0.038496 -0.0796064 0.0133485 -0.0698479 -0.0414986
1231214 688348 m2 0.0102092 0.0646743 0.0501516 0.0751835 0.00459875
1231214 158181 m2 0.0368028 -0.0856119 0.023655 -0.0611773 -0.0106868
1231214 411735 m2 0.129183 -0.0577807 -0.0613902 -0.132614 0.0177888
1231214 528922 m2 0.0242032 0.259687 0.291173 0.0333961 0.000883613
1231214 730794 m2 0.0154382 -0.108974 -0.0533847 -0.0469294 0.00526225
1231214 618135 m2 0.0123506 0.124607 -0.0556068 0.035016 -0.0355119
1231214 645397 m2 0.0260458 -0.158968 0.0495109 -0.0523737 -0.0420447
1231214 643931 m2 0.012998 -0.184237 -0.0436081 -0.0448798 0.0141959
1231214 568930 m2 0.0181773 0.169609 -0.212921 0.0489748 0.0221527
1231214 488633 m2 0.0157869 -0.0749222 0.126527 0.0368786 0.0208603
1231214 690644 m2 0.0280876 -0.0763341 -0.0547375 -0.00264179 -0.01837
1231214 469659 m2 0.0878486 0.0396406 -0.175201 0.0843134 -0.0225012
1231214 606364 m2 0.0216135 -0.0979512 0.204359 0.0522345 0.05399
1231214 453230 m2 0.0469622 -0.100542 -0.11659 -0.0720748 -0.0140212
1231214 659539 m2 0.0210159 -0.0746127 0.0558472 -0.0919972 -0.000651263
1231214 604895 m2 0.0180279 -0.0677621 -0.142483 -0.0606732 -0.0330279
1231214 622315 m2 0.0123506 0.124607 -0.0556068 -0.0184314 0.0396112
1231214 385694 m2 0.0770418 -0.0661224 0.323635 -0.0335941 0.0224507
1231214 694646 m2 0.011255 0.30299 -0.126834 -0.0376089 0.00873862
1231214 194556 m2 0.128884 -0.0281151 -0.0787517 0.0601134 -0.00300862
1231214 117831 m2 0.0249502 0.313421 -0.0445994 0.0518416 0.0165085
1231214 549297 m2 0.0210159 -0.103458 -0.0965919 0.0354694 0.0115906
1231214 322027 m2 0.171962 0.398355 -0.635539 0.123029 0.0234394
1231214 290973 m2 0.0231574 0.246052 -0.149186 0.101493 0.0021359
1231214 306895 m2 0.0209661 0.25307 0.121751 0.0550343 -0.0417494
1231214 479641 m2 0.0339143 -0.0265697 -0.299229 0.00285098 -0.00245358
1231214 247596 m2 0.0728586 -0.199437 -0.591806 -0.0272221 -0.00928866
1231214 330597 m2 0.0162849 -0.183478 -0.134245 -0.0226739 -0.0251274
1231214 611628 m2 0.010259 -0.198065 -0.269213 -0.049056 -0.0223096
1231214 677035 m2 0.0128486 0.0556665 -0.0646427 -0.0419312 0.0328376
1231214 604682 m2 0.0498008 -0.0568231 -0.136627 -0.00279564 0.0525674
1231214 696359 m2 0.011255 0.0301169 -0.314202 0.0194075 0.0650189
1231214 434156 m2 0.0926793 0.26316 0.0740038 0.0722275 -0.0245404
1231214 714824 m2 0.0125 -0.141185 -0.0515771 -0.0951745 -0.0490006
1231214 661737 m2 0.0100598 0.0939369 0.0994637 0.0940628 0.00622164
1231214 588027 m2 0.0307271 0.127399 -0.32061 -0.0324099 -0.0166867
1231214 713564 m2 0.0150398 0.345728 -0.229828 0.0345377 0.00284478
1231214 586021 m2 0.0318227 0.0548289 -0.33115 0.05713 -0.030699
1231214 477844 m2 0.0424801 0.243973 -0.0172572 -0.00933331 0.00707552
1231214 588254 m2 0.047759 -0.149218 0.139021 -0.0375531 0.0442933
1231214 688824 m2 0.0138944 -0.0495533 -0.0429266 -0.0012895 -0.00667397
1231214 687324 m2 0.0153884 -0.209323 -0.124261 -0.0177142 0.0210323
1231214 214798 m2 0.0695219 0.0855358 0.211737 -0.0018119 4.72802e-05
1231214 278297 m2 0.0993028 0.0131436 -0.118688 -0.0305762 -0.0137792
1231214 321517 m2 0.101046 -0.00657263 -0.723561 0.00327283 -0.00970635
1231214 558644 m2 0.0753486 0.128561 -0.0772341 -0.0134287 0.0209081
1231214 193280 m2 0.0650896 0.0601272 -0.654095 0.106719 0.0116165
1231214 646929 m2 0.011255 -0.0777237 0.0534585 -0.0183332 0.0105182
1231214 125354 m2 0.0295319 -0.08331 -0.386684 -0.036696 0.0033061
1231214 654684 m2 0.0383466 0.0851903 -0.322623 0.0180209 0.0327208
1231214 692333 m2 0.0114044 -0.143525 -0.220003 -0.00413528 -0.0319087
1231214 707748 m2 0.0216633 -0.116887 -0.0515115 -0.0113902 0.0735705
1231214 682128 m2 0.0146414 -0.0736364 -0.0559811 0.00566497 -0.0118909
1231214 105906 m2 0.0833167 -0.0367413 -0.516114 -0.052902 -0.0437246
1231214 628276 m2 0.0693227 -0.0343227 -0.0658491 -0.0178137 -0.00270905
1231214 434655 m2 0.0986554 0.114157 0.634534 0.0253376 0.0199082
1231214 696611 m2 0.0219622 -0.0755904 -0.0542159 0.0128434 0.0331251
1231214 599613 m2 0.0230578 -0.103555 -0.182851 -0.000682736 -0.0240221
1231214 462597 m2 0.0244522 0.251651 -0.460818 0.012409 -0.0482876
1231214 307120 m2 0.0208665 -0.0144206 -0.29022 -0.0042398 -0.00718245
1231214 442514 m2 0.0312749 -0.00727196 -0.00941935 0.0374302 -0.00861077
1231214 225603 m2 0.102988 -0.118025 -0.26602 -0.0851186 -0.0109236
1231214 519600 m2 0.0669323 0.00399097 -0.485074 0.029821 -0.024031
1231214 572138 m2 0.0317729 -0.0494188 -0.188436 -0.00280951 0.0193838
1231214 609299 m2 0.0126992 0.0186054 -0.0588189 0.0434541 -0.0366447
1231214 621743 m2 0.0244024 -0.151099 -0.149459 -0.000306789 -0.0697334
1231214 727757 m2 0.0229084 -0.10718 -0.0590508 -0.0834515 -0.00317276
1231214 709484 m2 0.0101096 -0.0654935 -0.164841 -0.0424859 -0.108019
1231214 274329 m2 0.0650896 0.0601272 -0.654095 -0.0152582 0.0125901
1231214 311184 m2 0.022759 0.0138889 -0.0559328 -0.0462471 0.0135531
1231214 180543 m2 0.0101096 0.0110773 -0.18034 0.0070431 0.00613822
1231214 694887 m2 0.013247 0.113001 -0.0266933 -0.0332122 0.0348602
1231214 415696 m2 0.0172311 0.0523433 -0.0469848 -0.0439056 -0.00568617
1231214 369389 m2 0.0689243 -0.125096 -0.44349 -0.0409912 0.0306943
1231214 735299 m2 0.0156375 -0.15959 0.0384979 -0.0280865 0.0541588
1231214 347676 m2 0.117629 -0.0689038 -0.0898736 -0.067963 -0.0131418
1231214 723259 m2 0.0154382 -0.046223 -0.112825 0.0511507 0.0467348
1231214 692908 m2 0.0124502 0.000107289 -0.0572759 0.0356573 -0.082461
1231214 276729 m2 0.172709 -0.192357 -0.327812 -0.0502703 -0.0158699
1231214 288649 m2 0.115339 0.0403833 0.320064 0.0294137 -0.0302661
1231214 434641 m2 0.0434761 0.176267 -0.590501 0.0896511 -0.000718939
1231214 226577 m2 0.01001 -0.053926 -0.540268 0.0216589 -0.0367322
1231214 293462 m2 0.0249004 -0.09667 -0.165316 -0.0237 -0.00752933
1231214 657696 m2 0.0442729 -0.0942334 -0.0546668 -0.0480671 0.0037768
1231214 345208 m2 0.0611554 0.102685 -0.493084 -0.0114276 0.021508
1231214 595240 m2 0.0236554 -0.00822298 -0.160311 -0.00793522 -0.000472738
1231214 121518 m2 0.0183765 0.0380337 -0.290377 0.0319921 -0.0299809
1231214 720038 m2 0.0118028 0.044933 -0.0679209 -0.0284432 0.00524775
1231214 55024 m2 0.0808765 -0.0865802 -0.545718 -0.0443734 -0.0265172
1231214 374891 m2 0.0138944 -0.167119 -0.209168 0.0138053 -0.0292942
1231214 368865 m2 0.0176295 -0.0314624 -0.174788 -0.0131996 0.052788
1231214 589766 m2 0.0209163 0.125 -0.179557 0.0206464 -0.0165177
1231214 472218 m2 0.0451693 -0.0322011 -0.153758 -0.00597141 -0.0092581
1231214 423721 m2 0.0324701 -0.13377 -0.406249 -0.0275183 0.0213569
1231214 238768 m2 0.237998 0.0872057 -0.793611 0.0906513 -0.00230039
1231214 598532 m2 0.0185757 0.00227306 -0.169862 -0.0238965 0.0068939
1231214 285627 m2 0.141285 -0.0975002 -0.313264 -0.0623514 -0.0258037
1231214 632993 m2 0.02749 -0.0818825 -0.169191 -0.0696055 -0.0148899
1231214 604156 m2 0.0491534 -0.059235 -0.209273 0.0895139 -0.00581567
1231214 242554 m2 0.114691 0.0230128 -0.0291226 -0.0256986 -0.00944725
1231214 390201 m2 0.0289343 0.247568 -0.0297503 0.000675939 0.0384267
1231214 710508 m2 0.0255478 -0.00502669 -0.172038 -0.032467 -0.0470322
1231214 414398 m2 0.0408865 0.0373835 -0.186406 0.0357904 0.0226652
1231214 487903 m2 0.036753 0.0347016 0.0549033 0.0281044 0.0534449
1231214 709736 m2 0.0160857 -0.0793225 -0.15399 0.00742123 -0.00428378
1231214 545912 m2 0.040488 0.152443 -0.458477 0.0479048 -0.0705278
1231214 692111 m2 0.0189741 -0.175444 -0.0464815 -0.08321 -0.0547336
1231214 212775 m2 0.0921813 -0.124983 -0.435973 0.0338961 -0.0301854
1231214 452466 m2 0.0130478 -0.156148 -0.166376 -0.0471558 -0.0344907
1231214 375137 m2 0.144821 0.0239252 -0.208333 0.00921771 -0.0298945
1231214 724963 m2 0.0198705 0.166377 -0.435377 -0.00826792 -0.0408462
1231214 375350 m2 0.0641434 0.0483203 -0.704533 -0.0522513 -0.00876435
1231214 244036 m2 0.106723 0.00595969 -0.693783 0.00793466 -0.0145131
1231214 270940 m2 0.0192729 -0.155488 -0.247992 -0.126448 -0.00188757
1231214 110245 m2 0.0572709 -0.167888 -0.489433 0.02073 0.00897406
1231214 348336 m2 0.161106 0.000897027 -0.757269 -0.108486 -0.0943189
1231214 425716 m2 0.0774402 -0.133184 -0.164946 -0.0520608 -0.0229738
1231214 636626 m2 0.062749 -0.0368983 -0.0665183 8.00662e-05 -0.00629204
1231214 306846 m2 0.131773 -0.0984446 -0.297168 -0.0267182 0.0231109
1231214 492959 m2 0.0996514 -0.168177 -0.14711 -0.0231426 0.0171461
1231214 704229 m2 0.0141434 -0.128867 -0.255129 -0.0550134 -0.0391329
1231214 626945 m2 0.0116534 0.0790324 -0.208596 0.0305673 0.0147292
1231214 604386 m2 0.0306773 0.0350792 -0.338083 0.0415207 -0.0186209
1231214 620238 m2 0.0311753 0.197857 -0.224645 0.0599804 0.0420942
1231214 699853 m2 0.0101594 -0.176303 -0.232727 -0.0779612 -0.0439724
1231214 344933 m2 0.0480578 0.122165 -0.100305 0.0140272 -0.0701548
1231214 736207 m2 0.0127988 -0.0157868 -0.163016 -0.00567383 -0.0308149
1231214 407555 m2 0.0926793 0.0254519 -0.533387 -0.00471092 0.0189779
1231214 677955 m2 0.0159861 -0.0381512 -0.277241 -0.048246 0.0252815
1231214 214739 m2 0.0733566 0.092367 -0.121127 0.0332681 -0.040336
1231214 454098 m2 0.0732072 -0.0740762 -0.510704 0.00127158 -0.0116854
1231214 460850 m2 0.0531375 -0.0942706 -0.166045 -0.0508555 -0.00484924
1231214 679909 m2 0.0388446 0.0926063 -0.681546 -0.00402893 0.0400692
1231214 407312 m2 0.0770916 -0.0178337 -0.697836 0.0352635 0.0233161
1231214 721936 m2 0.0199203 -0.0600971 -0.333013 -0.00997683 0.00237449
1231214 490623 m2 0.0386454 0.104216 -0.0232463 -0.0324711 0.0297348
1231214 418710 m2 0.101793 -0.0500871 -0.524443 -0.0500997 0.0161241
1231214 366073 m2 0.113098 0.0500046 -0.780157 0.0500834 0.0156943
1231214 641607 m2 0.0761952 -0.141398 -0.196231 -0.0660126 -0.0237505
1231214 546134 m2 0.0391434 0.0186951 -0.588745 -0.0332154 0.0104777
1231214 483026 m2 0.0492032 0.0387995 -0.644839 -0.0192825 -0.0541285
1231214 507309 m2 0.0516932 0.137949 -0.713742 0.0060527 -0.0655801
1231214 567648 m2 0.0472112 -0.200145 -0.462254 -0.0577613 -0.00899874
1231214 324457 m2 0.0754482 0.270032 -0.781489 0.0655937 -0.0567377
1231214 298059 m2 0.0939741 0.0863447 -0.609791 0.0514689 -0.0566527
1231214 708684 m2 0.0132968 -0.0747925 -0.392001 -0.0282469 0.0398483
1231214 183726 m2 0.0346614 -0.0456406 -0.48974 -0.0151238 -0.035461
1231214 554393 m2 0.0178785 0.277854 -0.384405 0.0352336 0.0173987
1231214 276944 m2 0.13247 0.0842156 -0.162082 0.0371653 -0.00523438
1231214 585965 m2 0.0339143 -0.0265697 -0.299229 0.0397783 0.0298781
1231214 401466 m2 0.023755 -0.0656874 -0.270384 -0.0895991 -0.0332866
1231214 631255 m2 0.0101096 0.00751198 -0.153715 -0.0524041 -0.00932454
1231214 167517 m2 0.074253 -0.0987808 -0.195398 -0.0518003 0.0121015
1231214 419221 m2 0.0448705 0.230558 -0.30865 0.0948757 0.000825184
1231214 238707 m2 0.097012 0.0405857 -0.738367 0.0550746 -0.0198961
1231214 354430 m2 0.0299303 0.0744181 -0.41102 0.0486961 -0.00985494
1231214 428452 m2 0.0674303 0.0547924 -0.36049 0.00266635 0.0304526
1231214 591734 m2 0.0254482 0.0843566 -0.507551 0.0326644 -0.0566513
1231214 311147 m2 0.023008 -0.140042 -0.137742 -0.110348 -0.0410699
1231214 720500 m2 0.0113048 -0.00218739 -0.176167 -0.0189902 0.0626078
1231214 677202 m2 0.0194223 0.212613 -0.677314 0.0330233 -0.0506031
1231214 479863 m2 0.0194721 0.166947 -0.126545 0.0363483 -0.0481028
1231214 687523 m2 0.0150398 -0.229046 -0.402365 0.00883855 -0.0302323
1231214 606284 m2 0.0443725 0.0831517 -0.623473 -0.0135462 0.00850085
1231214 681819 m2 0.0304283 -0.121087 -0.431041 -0.041083 0.0260383
1231214 367780 m2 0.0268426 0.0148879 -0.113644 0.0467355 -0.0256829
1231214 274024 m2 0.0401394 -0.044948 -0.262722 -0.0253624 0.00785813
1231214 234917 m2 0.062251 0.0804947 -0.686175 0.0877666 -0.0439251
1231214 129039 m2 0.0462649 -0.0707933 -0.0699818 -0.0377277 -0.00478747
1231214 359704 m2 0.0464641 -0.0752749 -0.344881 -0.098052 -0.0388023
1231214 519542 m2 0.0164841 -0.00563354 -0.401725 -0.0286671 0.0479835
1231214 457858 m2 0.0106574 -0.0561366 -0.00618544 0.0254276 0.0347775
1231214 683801 m2 0.0121016 -0.108939 -0.305162 0.00519302 -0.0554764
1231214 714513 m2 0.0157869 -0.211221 -0.12311 -0.0164379 0.0490293
1231214 128269 m2 0.13994 0.0330438 -0.629956 -0.0146663 -0.0354354
1231214 296730 m2 0.026992 0.00452445 -0.533506 -0.00517325 -0.097492
1231214 416168 m2 0.0296813 0.0200716 -0.079383 0.036419 -0.0467165
1231214 539542 m2 0.0290837 -0.0911692 -0.389959 -0.0110965 0.0044135
1231214 636599 m2 0.0675797 -0.0279765 -0.183931 -0.0556607 -0.0294874
1231214 595203 m2 0.0412351 -0.0574409 -0.301519 -0.0894151 0.00810569
1231214 269901 m2 0.160906 0.167372 -0.790524 0.0551907 0.00309372
1231214 320212 m2 0.0403884 0.0434032 -0.621862 -0.00988005 -0.0353774
1231214 562113 m2 0.0519422 0.0433942 -0.330346 0.035814 0.00669425
1231214 506742 m2 0.0210657 -0.110866 -0.49185 -0.0418596 -0.0359408
1231214 431903 m2 0.0345618 0.131649 -0.662185 -0.019424 0.0093156
1231214 706197 m2 0.014243 0.126148 -0.113848 0.0340755 0.0164633
1231214 182494 m2 0.0383466 -0.225735 -0.560259 -0.112792 -0.0641713
1231214 406004 m2 0.0171315 -0.111643 -0.484014 -0.0948403 -0.0543136
1231214 636117 m2 0.0184263 0.0976213 -0.175604 0.0560762 0.00226753
1231214 522816 m2 0.0268924 -0.247674 -0.416311 -0.055289 0.0258712
1231214 723432 m2 0.0196215 -0.0462315 -0.397867 -0.064818 -0.00516788
1231214 666467 m2 0.0337151 0.0538595 -0.326266 0.0714935 -0.0264695
1231214 558083 m2 0.0320219 -0.0142775 -0.320466 -0.0396487 -0.0581307
1231214 334252 m2 0.204781 0.0855004 -0.866528 0.099181 -0.0483433
1231214 515307 m2 0.0735558 -0.0377742 -0.31489 -0.0040241 0.00648569
1231214 161486 m2 0.0330677 0.0297459 -0.673799 0.00661574 0.00948222
1231214 434334 m2 0.0784861 -0.0162788 -0.0627786 0.0392261 0.0331927
1231214 366554 m2 0.023008 0.00568458 -0.560507 -0.0558632 0.00981504
1231214 479045 m2 0.0180279 -0.0319904 -0.513372 -0.0586897 -0.0744123
1231214 485337 m2 0.0533865 -0.0829611 -0.733478 -0.023236 0.00423754
1231214 457369 m2 0.0131972 0.063417 -0.508425 0.014686 0.0264162
1231214 408794 m2 0.0331673 0.112354 -0.622237 0.0614849 -0.00404955
1231214 602306 m2 0.012002 0.131403 -0.165203 0.0557897 0.0173873
1231214 217463 m2 0.0181275 -0.0520416 -0.554001 -0.00286155 0.0135307
1231214 219467 m2 0.255677 0.10433 -0.911867 0.0433514 -0.030092
1231214 609983 m2 0.0139442 0.168781 -0.269885 0.0256307 -0.01949
1231214 373861 m2 0.0151892 -0.0519869 -0.547889 -0.0582204 -0.0704981
1231214 683766 m2 0.0288347 -0.0339423 -0.305932 0.00614871 -0.0681875
1231214 628205 m2 0.050249 -0.0630076 -0.284078 -0.0201197 -0.0257982
1231214 343139 m2 0.012002 -0.109563 -0.474052 -0.044077 -0.0251686
1231214 332263 m2 0.0530876 0.0983496 0.182106 0.0614728 0.0431059
1231214 483246 m2 0.0410857 0.0509812 -0.751464 0.0273933 -0.0525973
1231214 358165 m2 0.037002 -0.00476726 -0.596412 -0.101894 -0.0276513
1231214 679425 m2 0.0159861 -0.125633 -0.368358 -0.0540398 0.012908
1231214 572076 m2 0.0652888 0.00960701 -0.767832 -0.0260783 0.00111729
1231214 720004 m2 0.0120518 0.0204675 -0.290428 -0.03778 0.015265
1231214 626679 m2 0.0168825 -0.0850393 -0.273082 -0.0133388 0.020068
1231214 239755 m2 0.116484 0.00659328 -0.393128 0.0250032 -0.0246686
1231214 336025 m2 0.049253 -0.0620597 -0.703854 0.0183087 0.0462978
1231214 240248 m2 0.0105578 -0.103555 -0.475721 -0.112902 -0.0298109
1231214 705920 m2 0.0126992 -0.00899939 -0.285576 0.0049793 0.00782243
1231214 404700 m2 0.0383466 -0.225735 -0.560259 -0.0153527 -0.0258439
1231214 625172 m2 0.025498 -0.0904932 -0.277269 -0.0796392 0.00962161
1231214 669661 m2 0.012002 -0.161912 -0.181938 0.00940295 -0.0650881
1231214 322671 m2 0.0212151 -0.014582 -0.519952 -0.0469071 -0.00836922
1231214 698021 m2 0.013994 0.179388 -0.513666 0.040056 0.0556669
1231214 472643 m2 0.0381972 -0.0944466 -0.607859 -0.0908021 -0.0477291
1231214 575367 m2 0.0139442 -0.00271845 -0.283592 -0.0326903 0.0166117
1231214 620207 m2 0.0253486 -0.0867613 -0.441943 0.0408352 -0.00040435
1231214 545863 m2 0.0266932 -0.0380522 -0.54715 0.0430616 0.047952
1231214 638860 m2 0.022261 0.094207 -0.610068 -0.0326732 0.0249879
1231214 469804 m2 0.0128984 -0.0541932 -0.584397 -0.0381554 -0.0569915
1231214 715964 m2 0.0240538 0.0554484 -0.300898 -0.00461298 0.0167007
1231214 713242 m2 0.0239044 -0.107384 -0.269687 -0.0334265 0.0481249
1231214 736181 m2 0.0103088 0.132031 -0.273393 0.019077 0.0193062
1231214 719023 m2 0.0200199 0.157236 -0.296167 0.0715442 0.0214043
1231214 638109 m2 0.034761 -0.138412 -0.444505 -0.0383869 -0.029096
1231214 624675 m2 0.0311753 0.0164779 -0.291479 0.0327775 0.002125
1231214 720944 m2 0.0187749 0.256091 -0.589176 0.0947451 -0.00872309
1231214 642866 m2 0.0201693 -0.0115789 -0.306752 -0.0387122 -0.0306725
1231214 698024 m2 0.0110558 -0.0139357 -0.412198 -0.0076342 0.00431577
1231214 693331 m2 0.0132968 0.134528 -0.334538 0.0406634 -0.100137
1231214 744246 m2 0.0108566 -0.0994965 -0.369686 0.00339437 -0.0098541
1231214 736405 m2 0.0102092 -0.153836 -0.446363 -0.0356642 0.0617884
1231214 676441 m2 0.0125 -0.0728072 -0.485742 -0.037607 0.0335609
1231214 725707 m2 0.0102092 0.0772183 -0.556987 0.000430915 0.0105101
