seed mutID muttype p cor_sal cor_temp mutSalEffect mutTempEffect
1231185 471073 m2 0.052 0.152821 0.732317 0.031628 0
1231185 228140 m2 0.12775 -0.10568 0.68016 -0.0224424 0
1231185 423746 m2 0.0129 -0.1597 0.443005 -0.0142579 0
1231185 164719 m2 0.05625 -0.0388016 0.507473 -0.0228397 0
1231185 274068 m2 0.09045 -0.0505732 0.629363 -0.0305835 0
1231185 386112 m2 0.04935 0.163659 0.492744 0.033772 0
1231185 378435 m2 0.01025 0.326728 0.47321 0.129635 0
1231185 499183 m2 0.0329 0.238578 0.585801 0.124139 0
1231185 674689 m2 0.0162 0.168333 0.483661 0.0454203 0
1231185 702624 m2 0.0135 -0.119042 0.36406 -0.101105 0
1231185 326858 m2 0.0224 -0.042658 0.505039 0 0.0169709
1231185 674192 m2 0.0119 0.147642 0.545221 0 -0.0433201
1231185 645304 m2 0.0126 0.111494 0.61702 0 -0.0197631
1231185 233835 m2 0.0265 0.0177025 0.693409 0 0.0296668
1231185 144042 m2 0.0415 -0.0671334 0.703812 -0.0188669 0
1231185 558189 m2 0.01865 -0.15057 0.571306 0 0.0290358
1231185 640896 m2 0.0203 -0.0283335 0.596028 0.0518636 0
1231185 615302 m2 0.01525 -0.01751 0.530219 0 0.0462394
1231185 372859 m2 0.11285 -0.0339437 0.717749 0 0.0128952
1231185 670624 m2 0.01445 0.130683 0.516873 -0.0103362 0
1231185 578166 m2 0.03735 0.0911737 0.615634 0 0.00920332
1231185 389592 m2 0.03075 -0.134026 0.311022 0 0.0164143
1231185 619324 m2 0.0297 -0.102012 0.492059 -0.04026 0
1231185 565756 m2 0.0238 0.169697 0.597193 0.0542518 0
1231185 425953 m2 0.012 -0.114754 0.464172 0 0.0365241
1231185 379681 m2 0.03905 -0.134186 0.467489 -0.085165 0
1231185 233831 m2 0.1061 0.0697437 0.707095 0 0.0471471
1231185 656697 m2 0.0255 0.0405472 0.538085 0 0.0222813
1231185 403116 m2 0.0296 -0.0131534 0.746521 0.0174516 0
1231185 173703 m2 0.0753 -0.125712 0.524174 -0.0577155 0
1231185 560049 m2 0.0391 0.0506316 0.598729 -0.00722899 0
1231185 641112 m2 0.0229 0.0428526 0.518541 -0.0171682 0
1231185 179195 m2 0.09195 -0.0177752 0.616346 0 0.0412793
1231185 181015 m2 0.13115 0.071363 0.784537 0.0520395 0
1231185 688634 m2 0.01465 -0.171864 0.406463 0 0.0134225
1231185 161932 m2 0.02795 0.0877147 0.702986 0 0.0338692
1231185 675435 m2 0.01405 0.06531 0.508858 0 -0.0123217
1231185 380450 m2 0.06755 -0.197735 0.61992 -0.112309 0
1231185 50674 m2 0.3397 0.0107208 0.819597 0 0.0315967
1231185 333044 m2 0.04145 0.0656405 0.741438 -0.0208561 0
1231185 552210 m2 0.0209 0.0957428 0.696983 -0.0697376 0
1231185 257306 m2 0.05985 -0.0850339 0.700517 0.0262222 0
1231185 662731 m2 0.02255 -0.162945 0.441812 -0.0592606 0
1231185 6152 m2 0.02145 0.0437203 0.57051 0 -0.00649047
1231185 628655 m2 0.02805 0.0673087 0.659772 0.0192114 0
1231185 377197 m2 0.0907 0.0521543 0.453523 -0.0196172 0
1231185 102800 m2 0.0485 -0.0618851 0.623411 0 0.0271899
1231185 662730 m2 0.0311 -0.0625497 0.52648 -0.0372856 0
1231185 368770 m2 0.09095 -0.154688 0.589579 -0.0839847 0
1231185 375437 m2 0.049 0.124355 0.684915 0.00177983 0
1231185 348278 m2 0.04625 0.0560875 0.608212 0 0.0324379
1231185 599885 m2 0.0243 -0.0296527 0.412585 -0.0157691 0
1231185 551270 m2 0.0256 0.0361145 0.571173 0 -0.0156241
1231185 702124 m2 0.0114 0.130625 0.478331 0.00766979 0
1231185 87982 m2 0.10105 0.012683 0.677371 0 0.0116806
1231185 449353 m2 0.05645 -0.0961718 0.600573 0 -0.0112953
1231185 669594 m2 0.0143 -0.150209 0.614821 -0.00854949 0
1231185 366726 m2 0.1694 -0.0767579 0.641454 -0.0770655 0
1231185 429996 m2 0.0928 -0.169151 0.631651 -0.0578743 0
1231185 366989 m2 0.0104 -0.0316422 0.484663 0.00111504 0
1231185 637381 m2 0.0215 0.0312459 0.537654 0 -0.000551987
1231185 72594 m2 0.2424 -0.0813593 0.812753 0 0.047796
1231185 635641 m2 0.01555 -0.0554642 0.530872 0 -0.0421376
1231185 702114 m2 0.01325 -0.148222 0.438053 0 -0.0587022
1231185 97419 m2 0.0886 -0.00788087 0.628952 0 0.0226964
1231185 518852 m2 0.0573 0.105182 0.58467 0.0222022 0
1231185 204063 m2 0.03445 -0.079457 0.523804 -0.0409615 0
1231185 681842 m2 0.01995 -0.136917 0.514874 -0.0222574 0
1231185 665670 m2 0.0157 -0.136863 0.606176 0 0.0502043
1231185 104831 m2 0.13385 0.111386 0.683622 0.0427701 0
1231185 70087 m2 0.03175 -0.0808394 0.509912 -0.0239391 0
1231185 589241 m2 0.02495 0.03831 0.733542 0.0355235 0
1231185 435053 m2 0.06255 0.0375208 0.622634 0.000204108 0
1231185 404612 m2 0.043 -0.000985778 0.583667 0 -0.0216692
1231185 466434 m2 0.0395 -0.0268604 0.635247 0.0327261 0
1231185 282155 m2 0.0592 -0.00235178 0.544424 0 0.0827363
1231185 238304 m2 0.0895 -0.0969515 0.553192 -0.0644175 0
1231185 299938 m2 0.01525 0.0525079 0.446262 0.00849077 0
1231185 40471 m2 0.0627 0.100649 0.616489 0.0665349 0
1231185 619539 m2 0.02645 -0.0308422 0.667818 0 -0.00167911
1231185 358433 m2 0.0249 0.10677 0.577835 0 0.0957581
1231185 693364 m2 0.0105 -0.115829 0.473845 -0.0117743 0
1231185 697697 m2 0.01335 0.132515 0.513307 0 0.00730234
1231185 497182 m2 0.0143 -0.000387077 0.498168 -0.0491241 0
1231185 126457 m2 0.0485 0.0484711 0.64947 0 0.0347004
1231185 319893 m2 0.0151 0.1652 0.517972 0 -0.00899017
1231185 470335 m2 0.04485 -0.116714 0.577327 -0.0415553 0
1231185 56489 m2 0.0492 0.135565 0.673709 0.00979802 0
1231185 572717 m2 0.0343 -0.0781263 0.523653 0 0.0247616
1231185 611149 m2 0.0103 -0.0549599 0.422606 0 0.0226768
1231185 426928 m2 0.05895 0.165192 0.683517 0.0775599 0
1231185 243673 m2 0.0757 0.0668743 0.713683 0 0.0159453
1231185 645024 m2 0.011 0.138886 0.599492 0.00218915 0
1231185 419337 m2 0.0185 0.191762 0.658461 0.0226264 0
1231185 342534 m2 0.10045 -0.0376865 0.731365 0 0.0145195
1231185 191574 m2 0.0845 0.0455678 0.754709 0 0.0559516
1231185 646287 m2 0.0289 0.01155 0.561062 0 0.0658664
1231185 245143 m2 0.37705 0.00972713 0.816575 0 0.0618473
1231185 529556 m2 0.01245 -0.0554506 0.495079 0 0.020833
1231185 708326 m2 0.01565 -0.0790045 0.563849 -0.0610565 0
1231185 214155 m2 0.0452 -0.0417352 0.624819 0 -0.0111081
1231185 329288 m2 0.01535 -0.162325 0.580771 0 0.0331262
1231185 603894 m2 0.01605 0.0614959 0.521899 0 -0.00687565
1231185 192321 m2 0.0193 0.00761402 0.598203 0 0.0760143
1231185 617562 m2 0.03595 -0.0432233 0.535382 0 -0.00212768
1231185 476567 m2 0.03825 -0.189113 0.620312 -0.042723 0
1231185 331763 m2 0.06245 -0.0620981 0.665202 0 0.00797452
1231185 333770 m2 0.03065 0.138832 0.509648 0.0907887 0
1231185 80243 m2 0.2019 0.0897372 0.69108 0.0789966 0
1231185 639369 m2 0.0427 0.0805496 0.721669 0.0138064 0
1231185 666659 m2 0.01645 -0.0978984 0.493828 -0.0165749 0
1231185 230143 m2 0.14775 0.0299507 0.718109 0 0.0380614
1231185 572454 m2 0.0149 0.0418947 0.544955 0 -0.0433874
1231185 116556 m2 0.06085 -0.137627 0.62415 -0.0505722 0
1231185 330014 m2 0.0169 0.218991 0.653775 0.0420516 0
1231185 28240 m2 0.0671 -0.165038 0.682737 -0.0302396 0
1231185 366708 m2 0.02665 0.132124 0.237512 0.026616 0
1231185 222789 m2 0.05285 0.139712 0.711228 0.0408869 0
1231185 291121 m2 0.102 0.0391852 0.652914 0 0.0290684
1231185 304096 m2 0.0491 0.132245 0.140718 0.042737 0
1231185 219836 m2 0.03495 -0.011049 0.724426 0 0.0454449
1231185 556624 m2 0.0152 0.0936779 0.615233 0.0437893 0
1231185 705049 m2 0.01155 0.140078 0.46685 0 -0.0254682
1231185 781 m2 0.04285 -0.0482241 0.677199 -0.00345676 0
1231185 695143 m2 0.0129 0.0156453 0.562671 0.0186195 0
1231185 719846 m2 0.0136 0.133687 0.464848 0 -0.00227079
1231185 13145 m2 0.05565 -0.144604 0.190014 -0.0681627 0
1231185 268329 m2 0.15225 0.014061 0.794817 0 0.0289542
1231185 68587 m2 0.1642 0.154832 0.647947 0.0880458 0
1231185 555644 m2 0.0274 0.0713943 0.467007 0.0118677 0
1231185 554114 m2 0.0358 0.0455277 0.546197 0.0400422 0
1231185 68115 m2 0.16605 -0.0428899 0.674193 0 -0.00429275
1231185 110138 m2 0.11515 -0.171838 0.601042 -0.0956057 0
1231185 441400 m2 0.1038 -0.0261641 0.640317 -0.0286066 0
1231185 391704 m2 0.0135 -0.267626 0.533639 0 -0.0190516
1231185 566975 m2 0.0214 0.0776339 0.357291 0 0.048159
1231185 480720 m2 0.0221 -0.0259596 0.454328 0 -0.0135408
1231185 499836 m2 0.04105 0.0207223 0.665024 0.0119242 0
1231185 620965 m2 0.016 -0.0264012 0.626218 0.035837 0
1231185 269828 m2 0.0128 0.0825408 0.427485 -0.0234344 0
1231185 380676 m2 0.02075 -0.137751 0.459538 -0.0761654 0
1231185 679848 m2 0.0105 0.0538487 0.511291 0.0254743 0
1231185 567953 m2 0.02565 0.095939 0.374009 0.00591259 0
1231185 248832 m2 0.0763 0.108525 0.579491 0.0362088 0
1231185 553375 m2 0.0171 0.0259694 0.629294 0.078646 0
1231185 398961 m2 0.0223 0.251712 0.643243 0.0370605 0
1231185 692399 m2 0.01955 0.0526599 0.642372 0 0.00960139
1231185 438832 m2 0.02435 0.132791 0.732815 0 0.0632267
1231185 248334 m2 0.0294 0.146362 0.326146 0.0469513 0
1231185 297093 m2 0.1153 -0.0465217 0.637507 0 0.0624284
1231185 432721 m2 0.1417 0.154108 0.768868 0.0673889 0
1231185 178682 m2 0.0227 0.132664 0.338714 0 0.0392194
1231185 52405 m2 0.0505 0.0703595 0.693979 0.0647634 0
1231185 703825 m2 0.01345 0.124442 0.63033 0 0.0602745
1231185 672304 m2 0.0121 -0.0654586 0.481651 0 -0.0110388
1231185 134928 m2 0.0468 0.00271086 0.629476 2.86325e-05 0
1231185 482201 m2 0.028 0.0550258 0.308056 0 0.0106613
1231185 492189 m2 0.02105 0.283139 0.638837 0.0611932 0
1231185 296843 m2 0.0257 -0.0221787 0.582415 -0.0264411 0
1231185 242925 m2 0.14185 0.0235372 0.689954 0 0.030826
1231185 60727 m2 0.07845 0.0187243 -0.191449 0.0443583 0
1231185 311592 m2 0.02885 -0.0726749 0.66635 0 0.00434162
1231185 692112 m2 0.0185 -0.0673969 0.475665 0 0.0182041
1231185 663951 m2 0.0502 0.00994347 0.686622 0 -0.00519384
1231185 523964 m2 0.01555 -0.125318 0.326078 0 0.0844943
1231185 537682 m2 0.02775 -0.0510481 0.56525 0 0.0171364
1231185 447852 m2 0.0184 0.032948 0.522268 0 -0.0200867
1231185 327806 m2 0.10225 0.0774244 0.590698 0 0.037714
1231185 659640 m2 0.0103 -0.0215822 0.389559 -0.0317691 0
1231185 476286 m2 0.0262 0.078897 0.458475 -0.0133358 0
1231185 328033 m2 0.0318 0.0063255 0.554865 0.0173591 0
1231185 260002 m2 0.08925 0.0757829 0.668454 0 0.0435779
1231185 112024 m2 0.0303 0.118299 0.659702 0.0365104 0
1231185 699837 m2 0.01465 -0.0907581 0.52725 0.0222791 0
1231185 480446 m2 0.0261 -0.078922 0.652017 0 0.000529561
1231185 525725 m2 0.02225 -0.0626286 0.598582 0 0.0870878
1231185 601596 m2 0.0144 0.0351018 0.360107 0 0.0148976
1231185 293333 m2 0.0706 0.0874572 0.714866 0.054976 0
1231185 12389 m2 0.04645 0.0977345 0.72692 -0.0226829 0
1231185 474533 m2 0.0233 0.0706118 0.661339 -0.0416164 0
1231185 400496 m2 0.0135 -0.0207782 0.514365 0.0192094 0
1231185 694619 m2 0.0166 -0.0827474 0.484025 -0.096546 0
1231185 354883 m2 0.12375 0.0749512 0.429596 0.018396 0
1231185 638607 m2 0.02795 -0.0413855 0.420562 0.0102164 0
1231185 140224 m2 0.12055 -0.111777 0.689206 0 0.00879345
1231185 399710 m2 0.01985 0.0307169 0.336271 0.0388531 0
1231185 713177 m2 0.0102 0.0567783 0.398562 0.00948312 0
1231185 571698 m2 0.0126 -0.0240739 0.401989 0 0.0276537
1231185 32525 m2 0.0192 0.0755972 0.627243 -0.00575482 0
1231185 426890 m2 0.02695 -0.10854 0.57434 -0.0494075 0
1231185 268549 m2 0.05905 0.0507097 0.705761 0.00796961 0
1231185 532292 m2 0.1086 -0.0974349 0.503641 -0.086514 0
1231185 678325 m2 0.0109 -0.0937865 0.377121 0 -0.0175877
1231185 138431 m2 0.0441 0.0254384 0.539874 0.00692942 0
1231185 458799 m2 0.01105 0.168403 0.486539 0 -0.0118011
1231185 563501 m2 0.02375 0.0119306 0.624203 -0.00412164 0
1231185 658929 m2 0.0208 -0.0384253 0.615161 0 0.0210896
1231185 42242 m2 0.0431 0.0985367 0.707405 0.00960141 0
1231185 228856 m2 0.0756 -0.121723 0.739128 0 0.0436194
1231185 711956 m2 0.01025 0.137731 0.599799 0.0314986 0
1231185 59172 m2 0.022 0.0110486 0.622422 0 -0.0134596
1231185 361438 m2 0.03335 -0.117908 0.745907 0 -0.0153164
1231185 635597 m2 0.0104 0.145386 0.587527 0.0478144 0
1231185 568709 m2 0.0299 0.119661 0.492411 0 0.032434
1231185 73310 m2 0.03545 0.00945259 0.754799 0 0.0062278
1231185 484458 m2 0.0125 0.0839355 0.386987 0 0.00781592
1231185 313313 m2 0.04545 -0.0713729 0.584068 0 0.0431437
1231185 44202 m2 0.05755 -0.00418229 0.618865 0 0.0324963
1231185 542547 m2 0.04935 0.0555746 0.537563 0 0.00595851
1231185 634607 m2 0.01625 -0.108209 0.46594 0 -0.0193061
1231185 217815 m2 0.11605 0.0835966 0.668577 0.0213801 0
1231185 251528 m2 0.26325 -0.198942 0.822308 -0.081843 0
1231185 352467 m2 0.04495 -0.00242835 0.717096 0.0351109 0
1231185 158118 m2 0.10565 0.0427841 0.63622 0 0.0479152
1231185 534331 m2 0.0182 -0.152617 0.594999 0.000410079 0
1231185 690835 m2 0.0123 0.0171365 0.512944 0 0.0856359
1231185 2510 m2 0.0863 -0.036175 -0.313047 -0.00293278 0
1231185 269566 m2 0.08875 -0.0262939 0.596911 0 0.0464769
1231185 648260 m2 0.0357 0.113007 0.589696 0 0.00376003
1231185 442104 m2 0.01355 0.0763811 0.459775 0 -0.0121117
1231185 232064 m2 0.0145 -0.150304 0.312179 -0.111273 0
1231185 502170 m2 0.0236 0.00719069 0.0348171 0.0224442 0
1231185 321809 m2 0.09955 -0.0929004 0.605425 0 -0.0005617
1231185 537911 m2 0.0427 -0.119848 0.643161 -0.0413013 0
1231185 430692 m2 0.03385 0.224513 0.542713 0.13815 0
1231185 298607 m2 0.0372 -0.0660782 0.678033 0 0.0630687
1231185 342224 m2 0.18485 -0.0420179 0.612095 0.029392 0
1231185 385523 m2 0.03 -0.102146 0.41734 -0.0520306 0
1231185 476002 m2 0.06845 0.0691468 0.700549 0 0.00979788
1231185 168900 m2 0.0957 0.0397151 0.665953 0 0.0319485
1231185 283332 m2 0.2086 0.198681 0.53884 0.0845179 0
1231185 33275 m2 0.05335 0.0330602 0.633112 0 0.0334674
1231185 343895 m2 0.01445 0.0985031 0.572879 0 0.0367322
1231185 674618 m2 0.01425 0.0922739 0.509119 -0.0251195 0
1231185 687818 m2 0.01685 -0.0792852 0.526015 0 -0.018238
1231185 297313 m2 0.0787 -0.0419269 0.564814 0 0.0361286
1231185 694852 m2 0.0136 0.114179 0.416248 0 -0.0525842
1231185 272789 m2 0.0322 -0.0245079 0.582164 0 0.0468822
1231185 244073 m2 0.01995 -0.104358 0.464247 0 -0.00262725
1231185 318343 m2 0.0526 0.050101 0.396938 -0.0501473 0
1231185 357338 m2 0.0239 0.191984 0.600046 -0.0271402 0
1231185 609882 m2 0.039 0.0958576 0.525192 0.0187569 0
1231185 556359 m2 0.05145 0.016421 0.655379 -0.0212144 0
1231185 391416 m2 0.03095 -0.0515288 0.699019 -0.0434121 0
1231185 672013 m2 0.01995 -0.145081 0.361477 0.0239432 0
1231185 197965 m2 0.0223 0.083815 0.401095 0.0285814 0
1231185 596040 m2 0.0244 0.0577857 0.530785 0.0396527 0
1231185 506490 m2 0.0211 0.209944 0.536711 0.12156 0
1231185 574745 m2 0.0594 -0.0591024 0.53551 0 0.0110258
1231185 130853 m2 0.1673 0.0457323 0.822689 0 -0.00558595
1231185 269552 m2 0.07455 0.140333 0.738793 0 0.0330984
1231185 698082 m2 0.01615 -0.14368 0.461931 0 0.0502188
1231185 662651 m2 0.02065 -0.0974855 0.369372 -0.0517214 0
1231185 310057 m2 0.0109 -0.10303 0.171046 0 0.0237701
1231185 396383 m2 0.03025 -0.28941 0.317498 -0.0844963 0
1231185 268019 m2 0.01515 -0.105289 0.59464 -0.0346197 0
1231185 536885 m2 0.0171 0.179892 0.442648 -0.0220624 0
1231185 616977 m2 0.02285 0.0400574 0.442925 0.00579912 0
1231185 185264 m2 0.10755 -0.0735213 0.388696 -0.0232457 0
1231185 125136 m2 0.4271 -0.0215337 0.860459 0 0.0528321
1231185 235711 m2 0.0117 0.0959057 0.527749 0.0272661 0
1231185 607789 m2 0.01685 -0.133034 0.365321 -0.126122 0
1231185 284565 m2 0.06955 -0.104345 0.232493 -0.00819893 0
1231185 350681 m2 0.0103 0.191032 0.51234 -0.0241009 0
1231185 294283 m2 0.0641 -0.0254431 0.619941 0.00328099 0
1231185 359422 m2 0.03885 -0.143767 0.293356 -0.104296 0
1231185 684286 m2 0.0153 -0.033085 0.43041 -0.0356793 0
1231185 650021 m2 0.01365 -0.0129236 0.424727 0 0.0248339
1231185 709501 m2 0.0102 -0.125332 0.365254 0 0.0307599
1231185 306062 m2 0.04595 -0.00340407 0.382929 0.00674004 0
1231185 514068 m2 0.03545 0.157708 0.460778 0 -0.00976017
1231185 471961 m2 0.0139 -0.111448 0.609976 0.0214732 0
1231185 551669 m2 0.0123 0.160873 0.539129 0.0603726 0
1231185 548006 m2 0.02695 -0.0932691 0.63522 0 0.0456481
1231185 668052 m2 0.0113 0.129717 0.349285 0 0.0313976
1231185 641252 m2 0.03375 0.105769 0.476023 0.0267564 0
1231185 446308 m2 0.01145 0.0405608 0.519127 0 0.0209104
1231185 230080 m2 0.12375 -0.0328767 0.741234 -0.0101902 0
1231185 7262 m2 0.10015 -0.0828219 0.686524 -0.0353474 0
1231185 490402 m2 0.0531 0.0176882 0.564118 0 0.0173874
1231185 27656 m2 0.09255 -0.158693 0.135854 -0.04264 0
1231185 480162 m2 0.09485 -0.118916 0.584167 -0.0256891 0
1231185 582504 m2 0.02295 -0.130964 0.375491 -0.0151096 0
1231185 545525 m2 0.02265 0.0551275 0.340067 -0.003756 0
1231185 153629 m2 0.2411 -0.0903123 0.810961 -0.0652655 0
1231185 708494 m2 0.0116 0.0508424 0.390534 0 0.0193657
1231185 48292 m2 0.0791 -0.151218 0.29046 0 0.00704717
1231185 534555 m2 0.0161 -0.100192 0.563181 0 -0.041338
1231185 662124 m2 0.023 0.0307757 0.422906 0 -0.00276561
1231185 343880 m2 0.03115 -0.0472188 0.542474 0 0.0154116
1231185 690799 m2 0.01255 0.0451062 0.409413 -0.0441377 0
1231185 434746 m2 0.09875 -0.198495 0.58674 -0.0796678 0
1231185 458772 m2 0.028 -0.0749472 0.530441 0.00123303 0
1231185 655314 m2 0.01075 -0.0976579 0.3818 -0.0534382 0
1231185 575670 m2 0.01255 0.0848064 0.540791 0.0566691 0
1231185 688294 m2 0.0115 -0.0919299 0.437019 0.00869899 0
1231185 32203 m2 0.0573 -0.150847 0.502856 -0.076819 0
1231185 460239 m2 0.061 -0.154714 0.665741 -0.0480021 0
1231185 461942 m2 0.05805 0.125777 0.672367 0.0191532 0
1231185 244046 m2 0.0719 0.0251165 0.802257 0 0.0287104
1231185 597010 m2 0.0522 -0.0333052 0.542273 0 0.0032273
1231185 15788 m2 0.0733 0.0917104 0.509593 0 0.00340932
1231185 671242 m2 0.0198 -0.0478237 0.468497 0 0.0274322
1231185 61850 m2 0.02455 -0.108805 -0.0676118 -0.0111011 0
1231185 524168 m2 0.02375 0.109586 0.637441 0 0.0595855
1231185 74003 m2 0.1351 -0.0283471 0.43538 0 -0.00908278
1231185 273010 m2 0.0854 0.0558354 0.679401 0 0.0393706
1231185 301574 m2 0.0142 -0.0387867 0.514328 -0.0354092 0
1231185 232488 m2 0.0262 -0.0793659 0.411719 -0.0672567 0
1231185 396364 m2 0.01125 -0.14541 0.503458 -0.0224189 0
1231185 223499 m2 0.01115 -0.0276899 0.32222 -0.0127745 0
1231185 160555 m2 0.01105 -0.0637726 0.307284 0 -0.00231909
1231185 415596 m2 0.0919 -0.00648084 0.360389 -0.00683345 0
1231185 557595 m2 0.06645 0.0761497 0.751682 -0.0091604 0
1231185 294266 m2 0.0592 0.0794533 0.686487 0 0.0232349
1231185 458529 m2 0.01365 -0.0980745 0.561613 0 -0.00408738
1231185 480879 m2 0.0908 0.144835 0.671895 0.032416 0
1231185 438315 m2 0.10685 -0.149084 0.373875 -0.117142 0
1231185 325270 m2 0.0169 0.0980643 0.511882 0.00134331 0
1231185 588887 m2 0.02925 -0.0285447 0.378128 0 -0.0107825
1231185 15773 m2 0.1352 -0.107204 -0.167396 -0.0862692 0
1231185 584265 m2 0.0138 -0.0464429 0.442561 -0.0445117 0
1231185 18732 m2 0.03385 0.0071168 0.472614 0 0.0209451
1231185 254466 m2 0.07925 -0.00993897 0.36153 0 0.0028499
1231185 68033 m2 0.09295 -0.0905695 0.759399 -0.0319771 0
1231185 73252 m2 0.0631 -0.0258032 0.605092 -0.0285189 0
1231185 556325 m2 0.02465 0.206076 0.675653 0.0760416 0
1231185 259707 m2 0.024 0.037351 -0.469293 0 0.000149123
1231185 205502 m2 0.01805 0.0647421 0.497909 0 0.0186433
1231185 8945 m2 0.0374 -0.0618613 -0.644925 0 -0.0336171
1231185 69694 m2 0.0764 0.0203461 0.723806 0 0.00245371
1231185 416048 m2 0.03295 0.0242116 0.00619878 0 0.0356582
1231185 68263 m2 0.2408 0.0483438 -0.0411733 0 0.00462502
1231185 449496 m2 0.0154 0.0437148 0.337815 0 0.00380416
1231185 547465 m2 0.01955 0.0755225 0.422383 0.0301033 0
1231185 431350 m2 0.1419 0.0686368 0.74439 0.0579144 0
1231185 330665 m2 0.01495 -0.0895352 0.340588 -0.0740879 0
1231185 652779 m2 0.0145 0.175132 0.479621 0.0357878 0
1231185 431865 m2 0.035 0.0359646 0.534544 0 -0.00869203
1231185 605090 m2 0.0226 0.2223 0.347478 0 -0.0474924
1231185 694348 m2 0.019 0.0283653 0.429639 0 0.0136634
1231185 361125 m2 0.0446 -0.0527685 0.339309 -0.0621013 0
1231185 670035 m2 0.01875 -0.0219746 0.640549 -0.0114411 0
1231185 285841 m2 0.12015 -0.0308396 0.569214 -0.017059 0
1231185 220726 m2 0.16005 -0.0961976 0.67449 0 0.00976895
1231185 552561 m2 0.0544 -0.0221459 0.120311 0 -0.0445166
1231185 620396 m2 0.01635 0.0413496 0.172208 0 -0.0247185
1231185 315754 m2 0.06855 0.0514268 0.551037 0.031087 0
1231185 590053 m2 0.0165 -0.0449581 0.186403 0.0105691 0
1231185 202165 m2 0.1193 -0.107013 0.637453 -0.0432833 0
1231185 216538 m2 0.09145 0.0514651 0.132131 0 0.02932
1231185 518745 m2 0.01405 -0.0517946 0.386867 -0.0438279 0
1231185 238431 m2 0.26535 -0.0242864 0.816046 0 0.030876
1231185 494146 m2 0.0201 -0.0505017 0.447516 0 -0.00942982
1231185 115225 m2 0.05695 0.0662734 0.584319 0.0524212 0
1231185 648478 m2 0.03235 -0.103911 0.355698 -0.0684792 0
1231185 63318 m2 0.02505 -0.16456 0.0243727 -0.015504 0
1231185 282807 m2 0.02935 -0.0154633 0.425217 -0.003648 0
1231185 430383 m2 0.07345 0.169646 0.766883 0.0198241 0
1231185 468457 m2 0.0189 -0.0271469 0.620799 0 0.00223856
1231185 545739 m2 0.0149 -0.0592134 0.417008 -0.0764531 0
1231185 216995 m2 0.07545 -0.190104 0.553001 -0.0527754 0
1231185 635551 m2 0.01615 0.0605754 0.301138 0.0758188 0
1231185 360880 m2 0.142 0.027429 0.776968 0 0.0170297
1231185 645439 m2 0.02645 -0.0387171 0.319351 -0.01002 0
1231185 286822 m2 0.15 0.0288268 0.762813 0 0.0380969
1231185 241158 m2 0.0239 -0.0931126 0.539164 -0.060607 0
1231185 484405 m2 0.0236 -0.153823 0.414643 -0.025283 0
1231185 416271 m2 0.0184 -0.127492 0.26391 -0.0678326 0
1231185 617477 m2 0.02215 0.0825858 0.361353 0 0.0036796
1231185 668519 m2 0.01105 0.176665 0.364349 0.00737219 0
1231185 624932 m2 0.0119 0.112487 0.263263 0 -0.0583019
1231185 388195 m2 0.02555 0.0813944 0.110033 0 -0.0002515
1231185 450247 m2 0.03 -0.0660014 0.176717 0 0.0109673
1231185 493635 m2 0.0116 0.196426 0.437469 -0.0169286 0
1231185 389972 m2 0.0598 -0.115402 0.356362 -0.0492857 0
1231185 688525 m2 0.01935 -0.102849 0.267748 0 0.0364882
1231185 489121 m2 0.038 -0.0749888 0.388512 0.00238665 0
1231185 638010 m2 0.0658 -0.0675606 0.466082 0 5.86702e-05
1231185 579727 m2 0.02505 0.251768 0.472322 0.0375867 0
1231185 497803 m2 0.01865 -0.073925 0.1723 0 -0.00195484
1231185 557779 m2 0.0604 0.228022 0.252919 0.07453 0
1231185 652760 m2 0.0228 0.203954 0.368689 0.0532019 0
1231185 71676 m2 0.01025 -0.0114087 0.380733 0.00319659 0
1231185 419232 m2 0.091 0.114818 0.796027 0.0084778 0
1231185 301335 m2 0.06105 -0.033248 -0.0255045 0 0.0315594
1231185 371743 m2 0.0227 -0.0319892 0.373501 0 0.0151259
1231185 486616 m2 0.0158 0.00920947 0.171732 0 -0.00311426
1231185 670250 m2 0.01355 -0.132653 0.260123 0 0.00361117
1231185 531720 m2 0.01345 0.110712 0.169258 0 -0.00276474
1231185 261641 m2 0.07805 0.0102993 0.609925 0.0034051 0
1231185 122427 m2 0.02465 0.0463703 0.191228 0.0266736 0
1231185 470933 m2 0.02575 0.154294 0.665395 0.0423061 0
1231185 411040 m2 0.0167 -0.0224344 0.506562 0 0.0138234
1231185 378827 m2 0.0304 0.080249 0.54071 0 0.0531038
1231185 430124 m2 0.0772 -0.0132888 0.279591 0.0165842 0
1231185 632317 m2 0.032 -0.00702579 0.103579 -0.00828528 0
1231185 584238 m2 0.0125 0.105145 0.567428 0 0.0100419
1231185 596249 m2 0.0238 0.197998 0.334999 0 0.0432801
1231185 17729 m2 0.0695 -0.0707287 0.278143 0 0.00730462
1231185 677766 m2 0.0262 0.0588662 0.356183 0.0136561 0
1231185 285038 m2 0.0669 -0.0467961 0.281767 -0.022799 0
1231185 606281 m2 0.0541 0.124345 0.335228 0.0388739 0
1231185 710401 m2 0.01485 0.0885138 0.34755 0 0.016293
1231185 646693 m2 0.0227 -0.193004 0.391333 -0.068627 0
1231185 626013 m2 0.01125 -0.14541 0.503458 0 0.0447165
1231185 569671 m2 0.0637 -0.0397168 0.757649 0.00690693 0
1231185 718492 m2 0.0102 -0.0586778 0.314964 0 -0.0364036
1231185 668011 m2 0.01385 -0.063775 0.166135 -0.0118897 0
1231185 422428 m2 0.0128 -0.154735 0.0988335 0 -0.0244565
1231185 377785 m2 0.09095 0.190956 -0.148197 0.0579777 0
1231185 445777 m2 0.0107 0.147549 0.368172 -0.00964715 0
1231185 447774 m2 0.0126 0.119302 0.565085 0.0464578 0
1231185 318511 m2 0.0826 0.131121 0.714876 0.0237145 0
1231185 695049 m2 0.0121 -0.0312921 0.204963 -0.00335038 0
1231185 251470 m2 0.0581 -0.110114 0.716829 -0.00870729 0
1231185 78911 m2 0.1178 -0.0665576 0.0958725 0 -0.0100545
1231185 423877 m2 0.02195 -0.0139035 0.474502 -0.0394392 0
1231185 273470 m2 0.05625 -0.105128 0.189352 0 0.00385039
1231185 342156 m2 0.02665 0.0726523 0.10464 0 -0.0146518
1231185 427604 m2 0.08605 0.20558 0.669888 0.0456499 0
1231185 668507 m2 0.0207 -0.0789829 0.229968 -0.025336 0
1231185 414531 m2 0.0649 0.10907 0.371664 0 -0.000955969
1231185 446014 m2 0.0872 -0.0534191 0.386754 -0.0816248 0
1231185 135073 m2 0.0302 -0.0705978 0.37094 -0.0147905 0
1231185 680770 m2 0.02395 -0.104654 0.276485 0.0183647 0
1231185 599747 m2 0.01995 0.129805 -0.00420772 0 0.0324321
1231185 100305 m2 0.01055 -0.0195461 -0.299745 -0.0204645 0
1231185 56316 m2 0.0264 -0.144032 0.0122451 0.0152724 0
1231185 572884 m2 0.02735 0.127298 0.490242 0.0461812 0
1231185 551158 m2 0.03565 -0.108608 0.555692 0 0.0304814
1231185 184931 m2 0.0683 0.0362308 0.0248892 -0.00243786 0
1231185 593016 m2 0.02815 -0.0789115 0.181041 0.0115111 0
1231185 419215 m2 0.11135 0.247389 -0.764581 0.108571 0
1231185 400917 m2 0.0182 -0.13754 0.319059 -0.0263447 0
1231185 26330 m2 0.1565 0.429316 -0.0539772 0.115344 0
1231185 204981 m2 0.0433 0.114399 0.548049 0 -0.0104591
1231185 390903 m2 0.0683 -0.113736 0.0451314 0 -0.00744347
1231185 196662 m2 0.1292 -0.000789206 0.580742 0 0.0148252
1231185 439534 m2 0.01425 -0.0764345 0.0550803 -0.0454938 0
1231185 587040 m2 0.0159 -0.029639 0.29297 0 -0.0171941
1231185 517460 m2 0.02425 0.0939222 -0.225498 0.00605477 0
1231185 676767 m2 0.0135 0.126358 0.261546 -0.00319232 0
1231185 426028 m2 0.0354 -0.0296514 -0.196251 -0.000753129 0
1231185 411258 m2 0.1124 0.0786088 -0.0502812 0 -0.00321131
1231185 727867 m2 0.01095 -0.0411027 0.175438 0 0.0300037
1231185 580948 m2 0.05025 -0.0484912 0.367579 -0.0270149 0
1231185 729420 m2 0.01275 -0.141086 0.352221 0 -0.0276757
1231185 617177 m2 0.0143 0.0988722 0.306107 0.0299161 0
1231185 446451 m2 0.02935 -0.202912 0.450696 -0.0298588 0
1231185 70896 m2 0.10345 0.389706 -0.713967 0.0704943 0
1231185 350613 m2 0.0698 0.135431 0.585639 0.0407338 0
1231185 652475 m2 0.01025 0.0175292 0.47875 0 -0.0377979
1231185 116413 m2 0.15895 0.171413 0.276748 0.0348949 0
1231185 164532 m2 0.0786 -0.0917302 0.188656 -0.0249647 0
1231185 109503 m2 0.14125 0.139854 0.706635 0.0429416 0
1231185 33855 m2 0.07125 -0.170415 -0.635138 -0.0713573 0
1231185 615450 m2 0.0143 0.0476785 0.348172 0.103663 0
1231185 645422 m2 0.01425 -0.117231 0.284909 -0.0531633 0
1231185 333387 m2 0.0167 -0.0925157 0.224565 0 0.0123664
1231185 683464 m2 0.03005 -0.146627 0.181372 0.0399749 0
1231185 461406 m2 0.02155 -0.0662142 0.169472 -0.0229046 0
1231185 607206 m2 0.0103 0.21284 -0.151832 0 -0.0127241
1231185 357755 m2 0.14095 -0.0945939 0.148441 -0.0335942 0
1231185 596477 m2 0.0619 -0.0150086 0.296267 0.00518196 0
1231185 651489 m2 0.02925 -0.0403832 0.211509 -0.0178918 0
1231185 379060 m2 0.04805 0.0869362 0.809523 0 0.0200691
1231185 162518 m2 0.0132 -0.129965 0.067605 -0.0106975 0
1231185 676553 m2 0.0119 -0.112885 0.163975 -0.000923394 0
1231185 489571 m2 0.06455 -0.0944149 0.0443696 -0.0183051 0
1231185 311494 m2 0.0857 -0.0852458 0.499987 0 0.0504885
1231185 623392 m2 0.01345 0.0100416 0.328488 0.0137785 0
1231185 45987 m2 0.16 -0.0147493 -0.786522 0.0193638 0
1231185 386936 m2 0.11495 -0.067292 0.0535804 -0.0678744 0
1231185 334404 m2 0.0422 -0.0878944 -0.00724686 -0.0973938 0
1231185 680758 m2 0.0111 -0.0587023 0.169528 -0.0200542 0
1231185 431062 m2 0.0496 -0.112326 0.0804413 -0.0797629 0
1231185 315941 m2 0.1073 0.147258 0.737022 0.102868 0
1231185 192442 m2 0.0623 -0.0611613 0.322181 0.0413336 0
1231185 505386 m2 0.0161 0.131871 0.250256 0.0707314 0
1231185 305460 m2 0.0442 0.0335014 0.726242 0 0.0383302
1231185 329638 m2 0.18245 -0.0129792 0.148688 0 0.0370952
1231185 718015 m2 0.0109 -0.114263 0.0508352 -0.0957995 0
1231185 575595 m2 0.02835 0.0414059 0.226764 0.0456982 0
1231185 62020 m2 0.05935 0.00306276 0.310053 0 0.0150495
1231185 136525 m2 0.03665 0.134739 0.700875 0 -0.000306339
1231185 221144 m2 0.02745 0.000252133 0.167121 0.00164413 0
1231185 92217 m2 0.09065 0.00204514 0.266166 0.00194363 0
1231185 186641 m2 0.0856 -0.177939 -0.0911667 -0.0671199 0
1231185 37810 m2 0.1111 0.0252093 -0.907059 0 -0.0319921
1231185 96466 m2 0.14765 0.012441 -0.0581593 0 -0.0186755
1231185 301301 m2 0.1581 0.0876163 0.0771515 0.0207764 0
1231185 487057 m2 0.02315 -0.130582 -0.0266668 0 -0.00424435
1231185 375807 m2 0.0351 0.022087 0.219437 0 0.0550258
1231185 542229 m2 0.02445 -0.137763 0.15428 -0.101024 0
1231185 229768 m2 0.0387 -0.0871197 0.204781 -0.068603 0
1231185 100547 m2 0.0788 -0.0612476 -0.264445 -0.00311538 0
1231185 342139 m2 0.0507 -0.113351 0.182313 -0.0861915 0
1231185 715045 m2 0.0146 0.0976141 0.203518 0 0.0362537
1231185 333168 m2 0.06655 0.205722 0.555451 0.0313567 0
1231185 477879 m2 0.08055 -0.138708 0.178098 -0.109004 0
1231185 635245 m2 0.0182 -0.124305 0.192641 0 -0.0345246
1231185 409707 m2 0.0415 -0.0221413 0.418368 -0.0220854 0
1231185 589088 m2 0.1448 -0.0380261 0.51573 0 0.0374042
1231185 293221 m2 0.0495 -0.0433644 0.360839 -0.0188283 0
1231185 450467 m2 0.0329 -0.0661803 0.146477 -0.0616858 0
1231185 43057 m2 0.0692 0.139012 -0.530428 0.057075 0
1231185 268202 m2 0.0576 -0.0953721 0.528642 0.00572303 0
1231185 336868 m2 0.0646 0.20196 0.208289 0.0805396 0
1231185 594909 m2 0.0147 0.147715 -0.014484 -0.000755215 0
1231185 488324 m2 0.01265 -0.00156858 0.170078 -0.062862 0
1231185 533467 m2 0.015 0.0905175 -0.228979 0 -0.0183955
1231185 66972 m2 0.0277 0.193449 -0.135984 0 -0.0305444
1231185 572094 m2 0.03565 -0.099872 0.250509 0 0.0305739
1231185 677736 m2 0.02135 -0.0217886 0.167133 0 -0.0183155
1231185 723005 m2 0.0113 -0.134723 0.248548 0 0.0863059
1231185 485603 m2 0.0423 -0.079127 -0.0922802 -0.0532932 0
1231185 661810 m2 0.0184 -0.044827 0.0477151 -0.0528828 0
1231185 631029 m2 0.0251 0.0967456 0.192084 -0.00136345 0
1231185 408446 m2 0.04085 0.211366 0.487804 0.0613244 0
1231185 690976 m2 0.01815 -0.0333967 0.194842 0 0.0541185
1231185 599478 m2 0.02795 0.0827126 0.0734648 0.055448 0
1231185 72890 m2 0.10455 0.160213 -0.729092 0.00256657 0
1231185 186409 m2 0.03355 -0.0702446 0.0703155 0 0.0156812
1231185 387900 m2 0.04565 0.0156477 0.235614 0 0.0308746
1231185 59269 m2 0.1276 0.0292215 -0.201995 -0.000793182 0
1231185 504618 m2 0.0761 -0.0159063 0.127648 0 0.00146146
1231185 203905 m2 0.0386 0.0415399 0.108363 0 0.0436045
1231185 547401 m2 0.0118 0.21975 -0.0608879 0.046156 0
1231185 561882 m2 0.0428 -0.107079 0.381527 -0.0517536 0
1231185 412991 m2 0.0142 -0.0156728 0.436306 -0.0409509 0
1231185 602993 m2 0.0145 0.05743 0.198433 0 0.0192494
1231185 303527 m2 0.01395 0.0902478 0.341997 0 -0.00114904
1231185 710607 m2 0.01315 0.0663228 0.168042 0 -0.0409607
1231185 55011 m2 0.04365 -0.0799001 -0.0708849 0 0.00892929
1231185 59031 m2 0.10405 0.0582516 0.092508 0 0.000649122
1231185 690246 m2 0.01825 -0.0255602 0.170272 0 -0.0107195
1231185 128787 m2 0.08725 0.00901778 0.0501866 -0.0474079 0
1231185 140346 m2 0.0209 -0.0938617 -0.214758 -0.00687766 0
1231185 117607 m2 0.01425 0.0598446 -0.663613 -0.0033081 0
1231185 575575 m2 0.05005 0.0460479 -0.0101682 0 -0.0470339
1231185 691496 m2 0.01295 -0.0223064 0.183741 -0.0539276 0
1231185 246229 m2 0.05705 -0.0518771 -0.12921 0 0.0425188
1231185 235624 m2 0.0121 0.0385646 0.0686026 0 0.0229073
1231185 292945 m2 0.1326 -0.00997375 -0.305058 0 -0.0216526
1231185 691239 m2 0.0182 -0.0949317 0.167809 -0.0280906 0
1231185 592276 m2 0.0267 -0.0379141 0.0224286 0 -0.00875863
1231185 623885 m2 0.0136 -0.0631636 0.194829 -0.0246855 0
1231185 436103 m2 0.0362 -0.0675187 0.0662259 -0.0792981 0
1231185 659523 m2 0.01135 -0.0328728 0.0652106 0.0150328 0
1231185 143818 m2 0.1397 -0.102247 0.602959 -0.0361018 0
1231185 221883 m2 0.18855 0.373495 -0.603074 0.0771665 0
1231185 405471 m2 0.0225 -0.0712773 0.1791 -0.0441375 0
1231185 521453 m2 0.0323 -0.060822 0.321851 0 -0.0018899
1231185 289261 m2 0.0378 -0.123368 0.493324 0 -0.00963592
1231185 177766 m2 0.07625 0.032948 -0.287596 0.0222764 0
1231185 183077 m2 0.0283 -0.0962994 -0.28954 0 -0.0581484
1231185 88773 m2 0.0267 0.00385916 -0.609962 0 -0.0682706
1231185 245697 m2 0.13035 -0.11643 0.547781 -0.0170149 0
1231185 458922 m2 0.0207 -0.111593 0.0589904 -0.0544296 0
1231185 609790 m2 0.011 -0.133668 0.148666 0 0.00594009
1231185 593709 m2 0.0589 -0.196438 -0.0412805 -0.0318744 0
1231185 114633 m2 0.037 -0.153683 -0.0429767 -0.0337341 0
1231185 526140 m2 0.02245 0.0468621 0.176951 0 -0.0318402
1231185 363323 m2 0.04695 0.108511 0.146425 0.0161017 0
1231185 666776 m2 0.01235 0.0894098 0.321737 0 0.0191346
1231185 377012 m2 0.0644 0.20042 0.220182 0.00222246 0
1231185 549408 m2 0.01705 -0.162902 0.236382 0 0.0234065
1231185 594230 m2 0.02085 0.00900288 -0.0729812 0.115699 0
1231185 172999 m2 0.1474 -0.171861 -0.571266 -0.10743 0
1231185 391816 m2 0.07125 0.0484045 -0.00220328 0.00724665 0
1231185 156199 m2 0.0131 -0.0716066 -0.552609 -0.00689249 0
1231185 102308 m2 0.0572 0.0159311 -0.422854 -0.0459822 0
1231185 387877 m2 0.0717 -0.0250465 0.216229 0 0.0498189
1231185 148236 m2 0.0647 0.0463448 -0.792666 -0.0468633 0
1231185 489066 m2 0.04625 -0.194292 0.0572073 -0.0590898 0
1231185 690235 m2 0.0237 0.108764 0.105822 0 0.0238484
1231185 609787 m2 0.0415 -0.122711 0.34075 -0.102394 0
1231185 716524 m2 0.0109 0.0812608 0.165232 0 0.0966519
1231185 618647 m2 0.02975 0.0312349 -0.189455 -0.00972219 0
1231185 352355 m2 0.0157 0.0061634 0.32648 0.0253695 0
1231185 587247 m2 0.0117 0.198055 0.128652 0 0.00473874
1231185 200122 m2 0.09985 -0.0892534 -0.25854 0 -0.0476614
1231185 581163 m2 0.02995 -0.0761716 0.18128 -0.0128127 0
1231185 417892 m2 0.0251 -0.155402 -0.151004 -0.123834 0
1231185 642910 m2 0.0288 0.113753 0.180177 -0.00411292 0
1231185 686479 m2 0.01065 0.0780385 0.191333 0 0.0205924
1231185 538546 m2 0.02815 0.0435641 0.0662109 0 -0.0188542
1231185 207410 m2 0.01415 -0.107026 -0.0398989 0.00777607 0
1231185 595158 m2 0.014 0.0171775 0.325722 0.000758547 0
1231185 669696 m2 0.01195 -0.0366615 0.0551076 0 -0.00786749
1231185 107403 m2 0.0487 0.201717 -0.00790864 0.0301744 0
1231185 83068 m2 0.02275 0.0185924 -0.610503 0.071202 0
1231185 150526 m2 0.0192 0.249411 0.222051 0.0803018 0
1231185 617940 m2 0.0136 0.0608538 -0.0628345 0 -0.00373264
1231185 676512 m2 0.01035 -0.0341317 0.0637672 -0.0498809 0
1231185 303282 m2 0.0379 -0.113958 -0.0659029 -0.07122 0
1231185 170976 m2 0.0911 -0.000320478 0.038361 -0.0305521 0
1231185 530928 m2 0.0126 0.0188435 -0.0211477 -0.0157044 0
1231185 504046 m2 0.01725 0.213746 0.571678 0 0.0208319
1231185 445205 m2 0.01745 0.0831594 0.244626 0.0776392 0
1231185 369311 m2 0.0402 0.00152806 -0.438721 -0.016578 0
1231185 620323 m2 0.01035 -0.0521513 -0.292093 0 -0.00900475
1231185 306642 m2 0.01555 0.153735 -0.669651 0.0112493 0
1231185 391806 m2 0.103 0.205371 -0.0588858 0.0534756 0
1231185 402436 m2 0.03745 0.205348 -0.0631991 0.0720235 0
1231185 145084 m2 0.0839 0.0199727 -0.876144 0 -0.0650571
1231185 292459 m2 0.02815 -0.00111471 0.0217017 0 0.0404557
1231185 328895 m2 0.2109 0.195958 0.754387 0.0574623 0
1231185 679707 m2 0.0119 0.191807 -0.032978 0.0600955 0
1231185 130715 m2 0.2575 0.425783 -0.405216 0.0499698 0
1231185 158199 m2 0.0387 0.107877 -0.781849 0 -0.000564227
1231185 425008 m2 0.09215 0.110687 0.553044 0.0464265 0
1231185 281199 m2 0.0643 0.00524584 0.00540568 0 -0.0598067
1231185 500999 m2 0.05785 -0.000369228 0.128548 0.0204619 0
1231185 212660 m2 0.01635 -0.0186688 -0.460573 0 0.0264404
1231185 600446 m2 0.0125 -0.0536354 0.184706 0 0.00307217
1231185 624130 m2 0.0171 0.0703465 0.0608402 0.00365927 0
1231185 133200 m2 0.06615 -0.0784258 -0.835376 -0.0406917 0
1231185 271878 m2 0.21545 0.107366 -0.240038 0.0690957 0
1231185 285725 m2 0.0609 -0.0516966 -0.215072 -0.0282592 0
1231185 137248 m2 0.04785 0.000691517 0.191067 -0.00225526 0
1231185 369307 m2 0.03625 -0.163315 -0.0439295 -0.0844861 0
1231185 394765 m2 0.02295 0.120791 0.247287 0 -0.01154
1231185 531133 m2 0.0208 0.135768 -0.561783 0.0237227 0
1231185 538998 m2 0.01155 0.122578 -0.313665 0 0.0369699
1231185 321656 m2 0.06955 0.0938742 -0.347995 0.0744406 0
1231185 205161 m2 0.1553 -0.0308104 -0.164709 0.0152066 0
1231185 616853 m2 0.01865 0.0692845 -0.114211 0.00681078 0
1231185 251405 m2 0.20935 0.101809 0.323181 0.0177877 0
1231185 197608 m2 0.0514 0.0564211 -0.0364234 0.0363808 0
1231185 191882 m2 0.05325 0.089978 -0.35447 0.0274145 0
1231185 573573 m2 0.02865 -0.0307971 0.277596 0 0.00768035
1231185 185111 m2 0.01875 0.231567 -0.153345 0 0.0188123
1231185 615385 m2 0.0191 0.0904721 -0.151462 0.0200561 0
1231185 259609 m2 0.01975 0.171642 0.586934 0.060664 0
1231185 594651 m2 0.0145 -0.0871756 -0.271255 -0.0293279 0
1231185 258316 m2 0.0147 0.147657 -0.663439 0 0.0155603
1231185 370649 m2 0.04405 -0.0285942 0.0670282 -0.0882799 0
1231185 379760 m2 0.04 -0.00919979 0.1725 -0.0199812 0
1231185 494535 m2 0.0293 0.0262951 -0.0654118 0.0516926 0
1231185 353548 m2 0.01375 -0.146047 -0.145614 -0.00274825 0
1231185 504576 m2 0.06325 0.253554 0.114245 0.088389 0
1231185 651435 m2 0.02105 0.201632 -0.00639637 0 0.0527805
1231185 384911 m2 0.03665 0.0549852 -0.278841 0 -0.0227043
1231185 586719 m2 0.01315 -0.128694 -0.050686 -0.0781218 0
1231185 195114 m2 0.0791 -0.029307 -0.872771 0.0277996 0
1231185 220372 m2 0.0183 0.0710841 -0.287859 0 -0.0236702
1231185 402631 m2 0.018 0.0210933 -0.459076 0 -0.035221
1231185 455974 m2 0.01805 -0.119497 0.0509895 -0.00791716 0
1231185 674230 m2 0.02015 0.0261454 -0.178979 0.0332587 0
1231185 308965 m2 0.037 -0.084491 -0.303685 -0.0228122 0
1231185 697216 m2 0.01115 0.178048 -0.412242 0.0486772 0
1231185 550124 m2 0.05555 -0.200999 0.344647 0 -0.0182244
1231185 627676 m2 0.0394 0.295748 0.0396201 0.067864 0
1231185 297436 m2 0.04215 -0.0817864 0.467672 0 -0.0131725
1231185 646864 m2 0.01525 0.0828125 -0.0185439 -0.0167614 0
1231185 413938 m2 0.03235 0.0410354 -0.762064 0 -0.0250628
1231185 524813 m2 0.02195 -0.0691772 -0.0283452 0 -0.0519368
1231185 394753 m2 0.04 0.0371283 0.114853 0.0228967 0
1231185 373122 m2 0.0258 0.0111215 -0.728372 0 -0.109673
1231185 607438 m2 0.0209 0.268208 0.127234 0.0383226 0
1231185 607926 m2 0.0285 0.144375 -0.145557 0.0200764 0
1231185 349752 m2 0.0794 0.0840708 -0.733203 -0.0440283 0
1231185 430493 m2 0.031 -0.0862028 -0.135662 0 -0.0375671
1231185 717521 m2 0.01035 0.204577 0.297391 0.018565 0
1231185 298697 m2 0.0281 -0.196724 -0.50331 -0.0746812 0
1231185 712036 m2 0.01045 0.123416 -0.0613688 0 0.0426971
1231185 371623 m2 0.058 -0.107399 -0.795703 -0.08841 0
1231185 433050 m2 0.0229 0.0384389 -0.026202 0.0165343 0
1231185 611447 m2 0.039 0.208404 -0.0535039 0.0510427 0
1231185 619120 m2 0.03785 0.303881 -0.252878 0.0511809 0
1231185 346006 m2 0.0719 -0.0123183 -0.24202 -0.0161597 0
1231185 442717 m2 0.0592 -0.118343 0.190914 -0.0671595 0
1231185 437733 m2 0.0199 0.0791849 -0.697239 0.04429 0
1231185 228147 m2 0.11075 -0.0137051 -0.903021 0 -0.0109738
1231185 342306 m2 0.0538 -0.0305574 -0.608318 0 -0.017858
1231185 264297 m2 0.06865 0.305171 0.135659 0.0278319 0
1231185 250610 m2 0.01635 -0.0545935 0.494492 0 0.0235066
1231185 560540 m2 0.0236 -0.0764931 -0.111554 0 -0.0330621
1231185 604455 m2 0.0139 0.232409 0.0169682 0 -0.0603453
1231185 282187 m2 0.0308 0.151157 -0.688847 -0.00267942 0
1231185 432792 m2 0.0186 0.103512 0.146474 0.0223069 0
1231185 242988 m2 0.06845 -0.109377 -0.294635 -0.0309076 0
1231185 291370 m2 0.04245 0.12765 -0.0288024 -0.00960829 0
1231185 470360 m2 0.05565 -0.0082195 -0.830988 0.0196162 0
1231185 609198 m2 0.01935 -0.0885902 -0.178765 -0.0417275 0
1231185 432503 m2 0.0235 -0.0843873 -0.0276498 -0.0314836 0
1231185 249415 m2 0.1159 0.33323 -0.278247 0.0889097 0
1231185 685174 m2 0.0177 0.114719 -0.029058 0.0677008 0
1231185 405400 m2 0.0484 0.0287749 -0.803696 0 -0.0435229
1231185 378471 m2 0.20465 0.39702 0.115842 0.0918714 0
1231185 568569 m2 0.0207 -0.0593763 -0.00156079 -0.0116895 0
1231185 375232 m2 0.0563 -0.0852821 -0.350229 -0.0889387 0
1231185 400313 m2 0.02175 -0.107909 -0.274856 -0.0691986 0
1231185 364212 m2 0.0768 -0.0242476 -0.268173 -0.0788111 0
1231185 397005 m2 0.0266 -0.221239 0.126384 -0.0921364 0
1231185 370352 m2 0.01835 0.0629262 -0.242592 0 0.000592889
1231185 290011 m2 0.02865 0.0132723 -0.50461 0.0196874 0
1231185 493243 m2 0.05685 -0.0181968 -0.277308 0.0231091 0
1231185 595607 m2 0.0154 -0.0775789 -0.0540756 -0.0198585 0
1231185 451617 m2 0.04215 -0.0192296 -0.102498 -0.0327609 0
1231185 647584 m2 0.0132 -0.0292428 -0.637446 -0.0277759 0
1231185 647363 m2 0.0231 -0.0886036 -0.0523024 0 -0.0369108
1231185 539228 m2 0.01885 -0.121434 -0.0652526 -0.061037 0
1231185 657243 m2 0.0184 -0.00848018 -0.29909 0.0658164 0
1231185 650621 m2 0.01775 0.119312 -0.0264345 -0.0310846 0
1231185 315615 m2 0.02035 -0.0275486 -0.233519 0 -0.0174163
1231185 562607 m2 0.01065 0.0091614 0.337462 0 0.0658518
1231185 694248 m2 0.01385 0.100639 0.0630554 0.0180226 0
1231185 676483 m2 0.0107 0.0350153 0.0762747 0 -0.0480193
1231185 357436 m2 0.0272 -0.0418752 -0.0562931 0.0455777 0
1231185 415229 m2 0.02635 0.15498 0.161592 0.0476781 0
1231185 585684 m2 0.0183 0.0634291 -0.262217 0.0134228 0
1231185 396725 m2 0.01085 -0.0127474 -0.566517 0 -0.00644212
1231185 589007 m2 0.03725 0.0292987 -0.506028 0 -0.00391491
1231185 299447 m2 0.0676 0.185683 -0.619963 0.0456957 0
1231185 528561 m2 0.01585 0.106455 -0.14045 0 -0.0459211
1231185 508893 m2 0.0256 -0.0497851 -0.0621576 -0.032228 0
1231185 466751 m2 0.0339 0.0117085 -0.266113 0 0.0256317
1231185 556696 m2 0.03995 -0.0447761 0.061883 0 0.0101822
1231185 517660 m2 0.0248 -0.133301 -0.237148 0 0.0462827
1231185 377212 m2 0.0463 0.035546 -0.814306 0 -0.100763
1231185 452644 m2 0.0324 -0.021163 -0.728844 0.0219491 0
1231185 573296 m2 0.0453 -0.0695747 -0.344825 -0.0496066 0
1231185 550084 m2 0.0155 0.0047085 -0.215696 0 -0.0408825
1231185 477065 m2 0.0266 0.059208 -0.527094 0.00449012 0
1231185 500415 m2 0.01425 -0.0387021 -0.177673 0 0.0304673
1231185 394001 m2 0.0337 0.067065 -0.455072 0.0194705 0
1231185 423275 m2 0.0249 0.367982 -0.561021 0.117036 0
1231185 571306 m2 0.03035 0.303269 0.208984 0.0139246 0
1231185 658261 m2 0.0406 0.00160872 -0.321369 0.00239821 0
1231185 404666 m2 0.0474 -0.105014 -0.0655069 -0.0666408 0
1231185 521679 m2 0.02375 -0.101299 -0.0524358 0 -0.0184124
1231185 396972 m2 0.03805 -0.0394963 -0.791841 0 -0.0505819
1231185 374977 m2 0.01755 -0.0256242 -0.570827 -0.0490845 0
1231185 670656 m2 0.01725 -0.0605336 -0.166347 -0.0637226 0
1231185 653898 m2 0.02385 -0.00685302 -0.0137828 -0.0080279 0
1231185 642870 m2 0.01205 -0.00164506 -0.0294067 0.0617345 0
1231185 464963 m2 0.02515 -0.121023 -0.689031 -0.00156345 0
1231185 487735 m2 0.0333 -0.127914 -0.685337 -0.0823455 0
1231185 583365 m2 0.02975 -0.0614071 -0.306813 -0.0422088 0
1231185 582834 m2 0.01425 0.0684195 -0.470436 0 0.0305333
1231185 494993 m2 0.0126 -0.0646727 -0.663464 0 0.0103958
1231185 569852 m2 0.01015 -0.0990083 -0.0538839 0.00365906 0
1231185 433565 m2 0.018 0.106162 -0.0229375 -0.0377739 0
1231185 625569 m2 0.01135 -0.0773956 -0.663457 0.000404973 0
1231185 657523 m2 0.0226 -0.151327 0.0634043 0 -0.0132976
1231185 600424 m2 0.0113 0.191481 -0.222356 -0.00367226 0
1231185 486758 m2 0.03415 0.00877891 -0.746667 0 0.0453009
1231185 500409 m2 0.02645 -0.0271127 -0.054111 -0.00459371 0
1231185 536973 m2 0.02655 0.166649 -0.310269 0.0679519 0
1231185 570752 m2 0.0267 0.15412 -0.190715 0.074864 0
1231185 459625 m2 0.0299 -0.178189 -0.309902 -0.0881502 0
1231185 521907 m2 0.013 -0.120658 -0.457182 0.00678357 0
1231185 671841 m2 0.0389 0.132365 -0.318252 0.0717679 0
1231185 456915 m2 0.0408 0.00380287 -0.793473 -0.0503559 0
1231185 603161 m2 0.01885 0.0334992 -0.640365 0 -0.0248145
1231185 663773 m2 0.0187 -0.0801246 -0.284751 -0.0100665 0
1231185 723693 m2 0.01445 0.114774 0.0975335 0 0.0640481
1231185 633961 m2 0.0116 -0.0593969 -0.528868 0 0.00239463
1231185 617340 m2 0.02515 0.0742229 -0.186319 0.0544191 0
1231185 671824 m2 0.0135 0.223668 -0.41323 0.076387 0
1231185 618854 m2 0.0183 -0.00434264 -0.507323 0 -0.00646456
1231185 641882 m2 0.0333 0.0880311 -0.666439 0 0.0175194
1231185 617633 m2 0.05615 -0.0493549 -0.0479775 -0.00498136 0
1231185 707859 m2 0.01035 0.255434 -0.0196794 0.0220336 0
1231185 712753 m2 0.01485 0.151647 -0.261003 0.0121016 0
