seed mutID muttype p cor_sal cor_temp mutSalEffect mutTempEffect
1231195 395802 m2 0.04425 0.0661225 0.517658 0 0.0408028
1231195 561982 m2 0.0589 -0.16295 0.430951 0 -0.0575688
1231195 396547 m2 0.0202 -0.162614 0.268926 -0.02984 0
1231195 665151 m2 0.01605 -0.206535 0.33044 0.0286667 0
1231195 52180 m2 0.19825 -0.273734 0.309564 -0.0271508 0
1231195 696144 m2 0.0103 0.00270548 0.344563 -0.00385526 0
1231195 575296 m2 0.04175 0.015553 0.420818 0.00903493 0
1231195 382286 m2 0.0531 0.11814 0.465597 0 -0.00580677
1231195 451073 m2 0.028 0.0647854 0.531564 -0.0186285 0
1231195 413620 m2 0.03425 0.0226314 0.435337 -0.0120448 0
1231195 549504 m2 0.01185 -0.224539 0.233832 0 0.0162604
1231195 377015 m2 0.044 -0.1735 0.3913 -0.0566321 0
1231195 645244 m2 0.02115 0.0343675 0.43744 -0.0160197 0
1231195 682689 m2 0.0168 -0.155826 0.41214 0 -0.0226998
1231195 467523 m2 0.01985 -0.194143 0.374571 0 0.0252289
1231195 551713 m2 0.01875 -0.0288648 0.36758 -0.000432254 0
1231195 179620 m2 0.01335 -0.0267736 0.183102 0.00851894 0
1231195 725702 m2 0.014 -0.211745 0.285819 0 -0.0240827
1231195 584236 m2 0.01985 0.294554 -0.0251781 0.0697926 0
1231195 352859 m2 0.1099 0.480608 -0.0429746 0.0411172 0
1231195 395014 m2 0.0269 -0.233541 0.146434 0.0264887 0
1231195 265543 m2 0.14525 -0.202547 0.671965 0 0.0304945
1231195 531433 m2 0.01115 -0.258756 0.259195 0 -0.024699
1231195 120063 m2 0.06325 0.0821191 0.329438 0 -0.0164035
1231195 153113 m2 0.05555 0.388093 0.407525 0.0344987 0
1231195 233792 m2 0.01595 -0.228659 0.230499 0 0.00367907
1231195 636629 m2 0.01065 -0.164349 0.329254 0.0156266 0
1231195 622027 m2 0.03795 -0.118446 0.321885 -0.0293025 0
1231195 660398 m2 0.01535 0.0918114 0.341358 0 0.0447419
1231195 259833 m2 0.0213 -0.321333 0.0674195 -0.017212 0
1231195 337589 m2 0.0142 0.261716 0.372459 0 0.0578779
1231195 527922 m2 0.03135 -0.174201 0.259231 0 0.0151072
1231195 634094 m2 0.0137 -0.21394 0.402125 0 0.000814586
1231195 205770 m2 0.02915 -0.176453 0.143466 0 0.0309866
1231195 344855 m2 0.15545 0.167095 0.649875 0.00808684 0
1231195 269213 m2 0.1535 0.21411 0.601255 0 0.0541529
1231195 57256 m2 0.07975 -0.363539 0.0599374 -0.0602518 0
1231195 200010 m2 0.02025 0.273926 0.46751 0 0.0396087
1231195 541724 m2 0.04845 0.414642 -0.0537734 0.0502452 0
1231195 651458 m2 0.04155 0.375471 0.437211 -0.0164767 0
1231195 483497 m2 0.0397 0.400875 0.411515 0 0.0557154
1231195 649996 m2 0.02915 -0.287987 0.0880839 -0.0131024 0
1231195 208923 m2 0.0332 0.00468101 0.228378 0 0.00607351
1231195 382980 m2 0.1415 0.155156 0.678118 0 0.0453063
1231195 488751 m2 0.0289 0.219956 0.132809 0 0.00230666
1231195 600380 m2 0.02825 0.351874 0.330738 0.0149094 0
1231195 689367 m2 0.01095 0.296063 0.418892 0.0314281 0
1231195 379513 m2 0.08725 0.433164 0.528628 0 0.0500876
1231195 57244 m2 0.09665 -0.261243 0.473637 -0.0406568 0
1231195 280802 m2 0.04465 0.059755 0.535595 0 0.0441517
1231195 368924 m2 0.0276 0.135848 0.477077 0 0.0697832
1231195 12465 m2 0.19265 0.113854 -0.329795 0 0.0215637
1231195 611936 m2 0.0112 0.258014 0.254228 0 0.0499364
1231195 86666 m2 0.31735 0.662217 0.272907 0.0763573 0
1231195 356391 m2 0.0174 0.238907 0.37898 0.0107758 0
1231195 164179 m2 0.07365 0.12437 0.21203 0.0375909 0
1231195 518010 m2 0.0139 0.165351 0.396895 0.0577965 0
1231195 79936 m2 0.0999 0.440051 0.421976 0.0580809 0
1231195 662637 m2 0.0127 -0.00755356 0.180477 -0.0406245 0
1231195 677228 m2 0.0212 0.353398 0.294856 0 0.0404811
1231195 228508 m2 0.03435 0.128776 0.31363 0 0.0263764
1231195 721669 m2 0.0197 -0.127136 0.349895 -0.0361061 0
1231195 458399 m2 0.01785 0.0917971 0.0604334 0 0.0357735
1231195 423701 m2 0.0967 -0.175676 0.574312 -0.00228181 0
1231195 659928 m2 0.01195 0.27863 0.345113 0.00289817 0
1231195 320787 m2 0.02575 -0.197761 0.189939 0 0.0453712
1231195 570384 m2 0.01045 0.213191 0.299904 0 -0.012317
1231195 322730 m2 0.077 -0.219053 0.465291 0 0.066602
1231195 240553 m2 0.22705 -0.0362324 0.633605 0 0.0445381
1231195 696840 m2 0.0198 0.159077 0.290182 -0.00878218 0
1231195 568389 m2 0.024 -0.264771 0.292487 0 -0.000479547
1231195 652725 m2 0.01805 -0.0591168 0.442561 0 0.0510047
1231195 199983 m2 0.01415 -0.226437 0.290401 0 0.0573932
1231195 109621 m2 0.06155 0.287888 0.397803 0 0.0168956
1231195 425179 m2 0.0207 -0.104117 0.120981 -0.0255659 0
1231195 111894 m2 0.167 -0.264824 0.447113 0 0.0388051
1231195 472444 m2 0.0453 -0.0459043 0.217728 0 -0.00298426
1231195 689343 m2 0.0172 -0.179207 0.38043 -0.0123745 0
1231195 695624 m2 0.0112 -0.239274 0.250372 0 0.00341137
1231195 57975 m2 0.0129 0.3612 0.284515 0.0257305 0
1231195 40286 m2 0.05775 0.14788 0.277577 0.0381956 0
1231195 240546 m2 0.0179 -0.114712 0.335421 0 0.0637635
1231195 519220 m2 0.0213 0.0474436 0.362975 -0.0118762 0
1231195 599844 m2 0.01275 -0.066043 0.411178 0 0.0121281
1231195 203426 m2 0.1238 0.181865 0.36084 0.0144294 0
1231195 488212 m2 0.0418 0.0415559 0.321853 -0.0113389 0
1231195 583725 m2 0.0131 -0.220512 0.364582 0 0.0042847
1231195 605373 m2 0.0159 -0.0424544 0.40293 0 -0.0281797
1231195 616654 m2 0.0211 0.117035 0.349945 0 0.00387338
1231195 636090 m2 0.0108 -0.226235 0.151055 0 -0.0483159
1231195 439590 m2 0.01705 -0.159568 -0.200941 0.00179968 0
1231195 588670 m2 0.0446 -0.269675 0.321486 -0.0369471 0
1231195 1949 m2 0.17725 0.408868 0.358737 0.0487967 0
1231195 289953 m2 0.0703 -0.128672 -0.370356 0 0.00966486
1231195 363968 m2 0.0152 0.0242786 0.332323 0 0.0394867
1231195 282584 m2 0.02345 0.228002 -0.168293 0.0314986 0
1231195 141235 m2 0.01175 0.304723 0.255162 0 0.0171373
1231195 309108 m2 0.05925 -0.21083 0.471887 -0.0259154 0
1231195 30231 m2 0.03005 0.430187 0.209373 0.0772049 0
1231195 623005 m2 0.01215 -0.151307 0.132384 0.0154581 0
1231195 230785 m2 0.0324 -0.383838 -0.14919 -0.043907 0
1231195 623002 m2 0.02 0.173093 0.309387 0.00101307 0
1231195 163126 m2 0.0554 0.264421 0.644638 0 0.00137628
1231195 117820 m2 0.074 0.1034 0.604217 0 -0.00442613
1231195 682881 m2 0.02375 0.0115329 0.450753 0 0.0765027
1231195 281807 m2 0.01905 0.0452583 0.406097 0 0.00249049
1231195 403359 m2 0.014 0.219299 0.255959 -0.0216651 0
1231195 250588 m2 0.0357 -0.0864316 0.478063 -0.0411812 0
1231195 241278 m2 0.43295 0.214027 0.833475 0 0.0838353
1231195 60264 m2 0.06625 -0.276455 0.319626 0 -0.0042376
1231195 334541 m2 0.14405 -0.378453 0.257457 0 0.0343016
1231195 50301 m2 0.0206 -0.0996284 0.30736 -0.0296727 0
1231195 405613 m2 0.02935 0.234468 0.128007 0.0333433 0
1231195 417836 m2 0.02755 -0.303856 0.280764 -0.0708892 0
1231195 520723 m2 0.0477 0.407996 0.452041 0.0304236 0
1231195 168655 m2 0.01175 0.14882 -0.00272595 0.0686984 0
1231195 427120 m2 0.014 0.223811 0.37774 0 0.0164938
1231195 73404 m2 0.08565 -0.0779402 0.612137 -0.0476624 0
1231195 674437 m2 0.0126 -0.0771553 0.385846 0.0413621 0
1231195 639082 m2 0.05685 -0.158405 0.455951 0.00715411 0
1231195 464923 m2 0.03245 -0.28364 0.316104 -0.0331779 0
1231195 610421 m2 0.01415 -0.292716 0.244537 -0.0334714 0
1231195 662609 m2 0.0112 0.168413 0.340607 0.0617011 0
1231195 661316 m2 0.0108 -0.184607 0.10062 -0.0124525 0
1231195 268201 m2 0.04885 0.214437 -0.17755 0 0.031256
1231195 66170 m2 0.0876 0.156082 0.445174 0.00205695 0
1231195 333531 m2 0.0698 -0.0302455 0.563724 0 0.0596054
1231195 568852 m2 0.01065 -0.11144 0.401819 -0.0363816 0
1231195 596542 m2 0.01165 -0.101839 0.265094 0 -0.00280786
1231195 688320 m2 0.0192 0.178759 0.371245 0 0.019573
1231195 714561 m2 0.01455 -0.0135048 0.307572 -0.0301362 0
1231195 526613 m2 0.0205 -0.321092 0.289027 0 -0.00757511
1231195 585435 m2 0.03245 0.0200427 0.430546 0 -0.021518
1231195 536936 m2 0.01865 -0.220281 0.256261 -0.0511827 0
1231195 373210 m2 0.0236 0.0127231 0.181886 -0.0411074 0
1231195 26466 m2 0.0333 -0.0639848 0.562755 0 0.017482
1231195 707158 m2 0.0169 -0.237865 0.259538 -0.0137681 0
1231195 514503 m2 0.0382 -0.29793 0.0548991 0 0.0152885
1231195 313191 m2 0.015 0.155475 0.364067 0 0.0271992
1231195 352079 m2 0.05355 0.17401 -0.453669 0 -0.0492009
1231195 686355 m2 0.01275 -0.219354 0.227751 0 0.0268958
1231195 617665 m2 0.02605 0.355338 0.284465 0 0.00851183
1231195 220821 m2 0.0121 0.0506148 0.492745 0 -0.00439337
1231195 457424 m2 0.08035 -0.108484 0.525397 0 0.0195884
1231195 349047 m2 0.04055 -0.284371 0.164473 -0.0458334 0
1231195 702626 m2 0.0133 -0.0339906 0.256384 0 0.0260187
1231195 275541 m2 0.0527 -0.32366 0.334186 -0.0122717 0
1231195 617660 m2 0.02795 0.137533 0.1752 -0.0368968 0
1231195 48732 m2 0.04445 -0.275635 -0.321619 -0.0389513 0
1231195 601769 m2 0.0544 0.194594 0.230687 0 -0.0133768
1231195 564562 m2 0.01685 -0.0445199 0.453211 0 0.0358428
1231195 354085 m2 0.01455 -0.111984 0.365855 0 0.0552616
1231195 534695 m2 0.019 -0.0117713 0.437824 0.00212977 0
1231195 571541 m2 0.0222 -0.264867 0.291329 0.00011979 0
1231195 69666 m2 0.01955 -0.327563 0.382369 -0.0156907 0
1231195 242012 m2 0.0927 0.134945 0.43207 0 0.0357605
1231195 217337 m2 0.04135 -0.277504 0.283929 0 0.0252456
1231195 582145 m2 0.03425 0.0834637 0.363571 0 0.0155598
1231195 678636 m2 0.01305 0.321721 0.291318 0.0203839 0
1231195 434128 m2 0.01215 0.0397351 0.404053 0 0.0285861
1231195 722585 m2 0.01095 0.176262 0.330562 0 -0.0767358
1231195 670235 m2 0.01885 -0.217951 0.375148 0 -0.03759
1231195 361729 m2 0.04795 0.110674 0.188657 0.0351273 0
1231195 273066 m2 0.0268 0.193339 0.4754 0.0186962 0
1231195 264235 m2 0.01425 0.230777 -0.13797 0.0151934 0
1231195 448510 m2 0.0574 -0.170132 0.320964 -0.0314983 0
1231195 427604 m2 0.04275 -0.182246 0.410281 0 0.0228027
1231195 643229 m2 0.0112 -0.0391211 0.282556 0 0.0558995
1231195 539697 m2 0.01725 0.2184 0.236284 0 -0.0630017
1231195 680593 m2 0.0242 0.1085 0.368689 0 0.00379394
1231195 181265 m2 0.11535 0.140404 -0.572378 0 -0.0529864
1231195 702152 m2 0.01285 -0.149066 0.305064 0 0.0867477
1231195 507752 m2 0.0181 -0.0450749 0.450873 0 0.017738
1231195 181031 m2 0.0697 0.348199 0.558665 0.0568004 0
1231195 596054 m2 0.05905 0.392899 0.423456 0.0203144 0
1231195 236411 m2 0.0104 -0.0394684 0.374589 0.0309279 0
1231195 564297 m2 0.04735 0.158249 0.637323 0 0.0253021
1231195 674150 m2 0.0127 0.282636 0.421641 0 0.0111938
1231195 426588 m2 0.0303 -0.054661 0.431548 0 -0.0235442
1231195 694083 m2 0.011 0.402472 0.183518 0.000764822 0
1231195 701376 m2 0.0122 0.359727 0.385037 0.0713066 0
1231195 193084 m2 0.08535 0.00573183 0.648568 0 0.0377444
1231195 191371 m2 0.05095 0.173696 0.589505 0 0.0270533
1231195 372619 m2 0.0467 -0.37585 0.309591 -0.0813603 0
1231195 515975 m2 0.018 0.141218 0.440472 0 0.00429869
1231195 665576 m2 0.0239 -0.340394 -0.0142087 -0.0574137 0
1231195 244604 m2 0.17515 0.46018 0.542919 0.0729326 0
1231195 61985 m2 0.0172 0.174611 -0.0860115 0.00762025 0
1231195 464902 m2 0.0645 0.219488 0.41043 0.00835713 0
1231195 357811 m2 0.02825 0.275075 0.232375 0.0644586 0
1231195 530849 m2 0.071 -0.0291275 -0.143758 -0.0134347 0
1231195 385127 m2 0.0205 0.145401 0.364545 0 -0.0178712
1231195 490926 m2 0.0584 -0.0263965 0.532434 0 0.0391262
1231195 261500 m2 0.08425 -0.371515 0.0457537 -0.0594895 0
1231195 607915 m2 0.016 -0.169549 0.369909 0 -0.00101125
1231195 78045 m2 0.04215 -0.0109927 0.525482 0.0454608 0
1231195 414040 m2 0.03705 -0.00625007 0.55968 0 0.0419457
1231195 128773 m2 0.0158 -0.225617 0.114164 -0.0511223 0
1231195 385126 m2 0.0171 -0.252233 0.0879641 0.00144125 0
1231195 681332 m2 0.01345 -0.208123 0.327273 0 -0.0033285
1231195 71873 m2 0.1915 0.140081 0.505367 0 -0.00034011
1231195 74544 m2 0.0579 0.0315803 0.527833 -0.0134236 0
1231195 42716 m2 0.1566 -0.209092 -0.0592784 -0.0366555 0
1231195 622734 m2 0.01335 0.273793 0.0553513 0.0507908 0
1231195 384375 m2 0.01795 -0.109095 0.305659 -0.0895691 0
1231195 612346 m2 0.0112 0.190297 0.044122 0 -0.0179323
1231195 202628 m2 0.03995 0.332498 0.505946 0.0670501 0
1231195 133979 m2 0.02565 -0.280809 -0.341317 -0.0196168 0
1231195 276726 m2 0.01225 -0.182265 0.394714 0.015828 0
1231195 616596 m2 0.02425 0.348709 -0.0552511 0 -0.00691513
1231195 180260 m2 0.2318 -0.19235 0.439395 0 0.0404435
1231195 488145 m2 0.02775 -0.115119 0.355042 0 0.0469414
1231195 12338 m2 0.06885 0.372222 0.300517 0.0186986 0
1231195 586372 m2 0.0128 -0.0363578 0.360997 0 0.0303948
1231195 512963 m2 0.0561 -0.273482 0.0731768 -0.0157129 0
1231195 494035 m2 0.03075 -0.140522 0.406768 -0.00356012 0
1231195 222842 m2 0.0912 0.444509 0.49254 0.0702432 0
1231195 176987 m2 0.0683 -0.0477223 -0.529639 0.0360866 0
1231195 697994 m2 0.0171 -0.0587024 0.355246 0 -0.035685
1231195 198702 m2 0.05025 -0.292446 0.0247721 -0.0505157 0
1231195 625720 m2 0.0161 -0.0176409 0.286322 0.0071033 0
1231195 308097 m2 0.05745 -0.326328 0.322669 -0.102955 0
1231195 165082 m2 0.02935 -0.045777 0.402307 0 -0.0154484
1231195 270642 m2 0.09865 0.112499 0.514603 0 0.0368828
1231195 84801 m2 0.2008 0.300974 -0.387667 0 -0.0297672
1231195 582895 m2 0.01555 -0.309404 0.293448 -0.0723244 0
1231195 464888 m2 0.01735 0.0571272 0.437051 0 0.0273442
1231195 7411 m2 0.0574 -0.442663 0.208466 -0.0530308 0
1231195 567544 m2 0.0137 0.253068 0.283664 -0.00453198 0
1231195 659073 m2 0.0203 -0.252744 0.27615 -0.0260834 0
1231195 496349 m2 0.0113 -0.20105 0.313306 0 0.0287977
1231195 310626 m2 0.01905 -0.332328 0.101328 -0.0923338 0
1231195 584638 m2 0.0323 0.0223151 0.309865 -0.00157181 0
1231195 373421 m2 0.0165 0.168744 0.409368 -0.0132557 0
1231195 298415 m2 0.05495 -0.0749445 0.645278 0.0421028 0
1231195 681051 m2 0.02565 -0.231997 0.0741058 0.0415488 0
1231195 646669 m2 0.014 0.147735 0.361094 0 0.0509273
1231195 591593 m2 0.02 -0.0251675 0.342059 0.0399243 0
1231195 69162 m2 0.06595 0.595653 -0.333324 0.0333192 0
1231195 275498 m2 0.01225 -0.208722 0.325067 0 0.0510711
1231195 619612 m2 0.0457 -0.320223 0.146229 -0.060148 0
1231195 401250 m2 0.0106 0.0153011 0.27884 -0.0144068 0
1231195 265169 m2 0.0202 -0.0549757 0.0886996 0 0.0305189
1231195 186758 m2 0.08565 -0.0346678 0.598575 0 0.0572159
1231195 195806 m2 0.02615 0.343126 0.419336 0.0142736 0
1231195 491917 m2 0.0449 0.144196 0.530299 -0.0315756 0
1231195 15582 m2 0.01835 0.12919 0.179443 0 0.0289841
1231195 590147 m2 0.01035 0.00530923 -0.133844 -0.00857885 0
1231195 703583 m2 0.01235 0.236446 0.262691 0 -0.04387
1231195 326353 m2 0.0256 0.272526 0.343711 0 0.0484052
1231195 561875 m2 0.0308 -0.0356155 0.278172 0 0.0277477
1231195 529046 m2 0.0131 -0.186387 0.202999 0 0.036909
1231195 451194 m2 0.03625 0.272072 0.498603 0.0239238 0
1231195 306555 m2 0.0551 -0.371677 0.283318 -0.0480685 0
1231195 599324 m2 0.0172 0.140705 0.417778 0.0274524 0
1231195 176959 m2 0.0267 0.082155 -0.297232 -0.0547846 0
1231195 594058 m2 0.03635 0.212596 0.43427 0 0.0225232
1231195 356815 m2 0.04505 -0.224157 -0.273218 -0.0566358 0
1231195 369072 m2 0.09445 -0.319055 0.378915 0 0.0518033
1231195 530579 m2 0.0308 0.190711 0.517226 0.0109091 0
1231195 117180 m2 0.0107 0.33293 0.202975 0.017803 0
1231195 229681 m2 0.01435 0.32799 0.384287 0 0.0591304
1231195 567778 m2 0.0484 0.249859 0.470705 0.0458937 0
1231195 336993 m2 0.0402 -0.232473 0.324589 -0.0192081 0
1231195 594574 m2 0.02045 -0.314572 0.2841 0 0.060258
1231195 11775 m2 0.1458 -0.124989 -0.507855 -0.00692094 0
1231195 281253 m2 0.0446 -0.228258 -0.265856 -0.0639829 0
1231195 600289 m2 0.03615 0.334981 0.428979 0.0422726 0
1231195 203077 m2 0.05775 0.14498 0.473991 0 0.0163112
1231195 336230 m2 0.01405 -0.215218 -0.199405 0 -0.0296079
1231195 242665 m2 0.09025 -0.178205 0.438302 0 0.0395547
1231195 42125 m2 0.02445 -0.167387 0.108539 -0.0247148 0
1231195 682352 m2 0.01205 0.342221 0.336829 0 -0.00897243
1231195 139669 m2 0.0165 -0.184671 0.356522 0 0.0349812
1231195 517170 m2 0.01935 -0.246013 0.355096 0 0.00927526
1231195 706850 m2 0.01325 0.366075 0.241595 0 -0.0586961
1231195 706320 m2 0.0141 0.0659329 0.298489 0 0.00783069
1231195 199618 m2 0.01405 0.277289 0.254398 0.0652549 0
1231195 687745 m2 0.0179 0.30988 0.216378 0.0466222 0
1231195 687227 m2 0.0136 -0.272523 0.148855 -0.0427573 0
1231195 36819 m2 0.07665 -0.187493 -0.180302 -0.00927312 0
1231195 694300 m2 0.0128 -0.0136445 0.309496 0 0.0572324
1231195 691249 m2 0.0287 -0.0482681 0.355881 0 0.0192884
1231195 673179 m2 0.01825 0.375748 0.252823 0 0.0706686
1231195 424641 m2 0.01395 0.372521 0.387031 0.0359855 0
1231195 714019 m2 0.01585 -0.23245 0.234747 0.0309391 0
1231195 526033 m2 0.01275 -0.282164 0.286616 0 0.00441576
1231195 352248 m2 0.0404 -0.132166 0.326273 0 0.00249168
1231195 623924 m2 0.0116 -0.128885 -0.0415965 0 0.0331912
1231195 439276 m2 0.0436 0.16034 0.286603 0 0.0170186
1231195 653197 m2 0.0162 0.355092 0.332539 0 0.00971307
1231195 361665 m2 0.05955 0.106668 0.579037 0 0.0222738
1231195 38865 m2 0.0705 0.0821696 -0.725703 0 -0.042755
1231195 554647 m2 0.0167 -0.295185 0.127361 0 -0.0640569
1231195 246053 m2 0.0712 -0.141667 0.44379 0 0.050726
1231195 533069 m2 0.0164 0.0557109 0.465852 -0.033402 0
1231195 209018 m2 0.03345 -0.0807084 0.338668 -0.00610401 0
1231195 623918 m2 0.0125 0.323111 0.295541 0.00857544 0
1231195 690230 m2 0.0209 -0.366595 0.245366 0 0.0505782
1231195 540634 m2 0.03135 -0.0749664 0.455856 0 0.0468362
1231195 713258 m2 0.0148 0.0398247 0.250367 0 0.00772232
1231195 336974 m2 0.0973 -0.104511 0.498158 0 0.0510711
1231195 584607 m2 0.0466 -0.174752 0.427171 -0.0298113 0
1231195 257668 m2 0.11535 -0.292479 0.385347 -0.0384168 0
1231195 312869 m2 0.12655 -0.278785 0.411059 -0.0551822 0
1231195 26332 m2 0.08885 0.252065 -0.615546 0 -0.0850771
1231195 386106 m2 0.05475 -0.229174 0.44612 0 0.0459698
1231195 259426 m2 0.0369 0.407971 0.409549 0.0408875 0
1231195 323399 m2 0.10785 -0.0112267 0.321419 0.0266469 0
1231195 37560 m2 0.0617 0.299628 0.299763 0 0.0184393
1231195 38335 m2 0.15405 0.087674 0.695338 0 0.0204123
1231195 376099 m2 0.04725 -0.0862029 -0.391243 -0.0461326 0
1231195 596213 m2 0.01065 0.143365 0.213614 -0.0168269 0
1231195 212749 m2 0.05815 -0.0148055 0.583295 0 0.0366722
1231195 397927 m2 0.0968 -0.154196 0.574388 0 0.0223251
1231195 593500 m2 0.01465 -0.207051 -0.277372 0.0709286 0
1231195 554640 m2 0.0174 -0.118018 0.0246652 -0.00241365 0
1231195 265647 m2 0.09335 0.124257 -0.021836 0 0.014577
1231195 393930 m2 0.01255 0.387613 0.181463 0 -0.0327764
1231195 530290 m2 0.0185 -0.305352 -0.130591 -0.050224 0
1231195 214487 m2 0.02665 0.113045 0.343329 0 -0.0152209
1231195 256638 m2 0.02535 0.23733 0.414189 0.0798363 0
1231195 605049 m2 0.02425 -0.342892 0.176576 -0.0371648 0
1231195 668866 m2 0.01645 0.339116 0.391443 0.00568975 0
1231195 658772 m2 0.018 -0.300121 -0.0503408 0 -0.00198751
1231195 409016 m2 0.0712 0.06406 -0.436964 0 -0.00955006
1231195 443800 m2 0.05435 -0.257807 0.416666 -0.01226 0
1231195 300611 m2 0.0177 0.368905 0.435826 0.00654449 0
1231195 180959 m2 0.07585 0.12752 0.44707 0 0.0250193
1231195 35372 m2 0.04995 -0.286618 -0.312182 0 0.0249928
1231195 91072 m2 0.2778 0.546383 -0.472794 0.0909096 0
1231195 720011 m2 0.01755 0.434888 0.0512861 0 -0.0487026
1231195 615334 m2 0.02525 0.106229 0.350968 0 0.062856
1231195 540128 m2 0.06685 0.462463 0.550042 0.0390695 0
1231195 279935 m2 0.0202 0.105736 0.471506 0 0.0432829
1231195 608570 m2 0.01125 -0.12779 0.183432 0.00308182 0
1231195 446492 m2 0.1067 -0.360542 0.592773 0 0.0300047
1231195 393927 m2 0.02885 -0.293613 0.301484 -0.0224206 0
1231195 223268 m2 0.0281 -0.0160911 -0.384257 0 -0.0323568
1231195 692983 m2 0.017 0.157496 0.201924 -0.0428682 0
1231195 617844 m2 0.0181 -0.109387 -0.266076 0 0.0225965
1231195 30077 m2 0.18025 -0.0249829 0.415207 0 0.00600248
1231195 370318 m2 0.02375 0.564001 0.2695 0.0353134 0
1231195 284264 m2 0.01595 0.236141 0.425806 0 0.0286699
1231195 623419 m2 0.0249 0.275775 0.416289 0 0.0210222
1231195 181190 m2 0.1474 -0.0561965 0.26899 0 -0.00870487
1231195 335445 m2 0.05265 -0.24754 -0.302218 0 -0.00670563
1231195 199353 m2 0.0167 -0.36359 0.0502704 0.00856747 0
1231195 664047 m2 0.0146 -0.302696 0.212966 -0.0501921 0
1231195 119417 m2 0.0196 0.368101 0.0549801 0.00906946 0
1231195 31622 m2 0.0336 0.0374472 0.187416 -0.0193001 0
1231195 714991 m2 0.0156 -0.0801425 0.355901 0 0.0150281
1231195 152690 m2 0.01645 -0.270546 0.316676 -0.0370442 0
1231195 291339 m2 0.0832 0.251498 0.519488 0 0.00614301
1231195 373854 m2 0.08945 -0.322059 0.161735 -0.0189524 0
1231195 685251 m2 0.0115 0.0532273 0.316124 0.034127 0
1231195 192523 m2 0.0233 -0.171775 0.00619783 -0.0404016 0
1231195 439254 m2 0.0215 0.0694784 0.424189 0 0.00427101
1231195 520380 m2 0.0344 -0.262949 0.177336 -0.0226323 0
1231195 114238 m2 0.01915 0.338849 -0.013647 0.0142553 0
1231195 304092 m2 0.03555 0.00284709 0.463951 -0.0198399 0
1231195 659020 m2 0.01745 -0.00525984 -0.115909 0 -0.00256248
1231195 437306 m2 0.0557 0.0584845 0.391395 0 -0.0154018
1231195 116415 m2 0.02865 0.0106313 0.294192 0.00883839 0
1231195 330742 m2 0.02155 -0.150258 0.440391 0 0.036203
1231195 67055 m2 0.14965 0.430445 0.18772 0.0128772 0
1231195 533894 m2 0.06 -0.405353 0.109666 0.0207547 0
1231195 680993 m2 0.0104 0.212883 0.177727 0.093636 0
1231195 36752 m2 0.0325 -0.372273 0.22177 -0.0761832 0
1231195 207487 m2 0.0551 0.321976 -0.301881 0.0624808 0
1231195 619823 m2 0.0138 0.231742 0.316539 0.0261816 0
1231195 314444 m2 0.02135 -0.268681 0.164947 0 -0.00935855
1231195 576811 m2 0.03215 0.449179 0.148002 0 -0.0177858
1231195 650869 m2 0.0114 -0.216766 0.145709 0 0.0275576
1231195 450167 m2 0.0253 0.33924 -0.145237 0.0170714 0
1231195 660979 m2 0.0114 0.108198 0.381106 0 0.0623134
1231195 230932 m2 0.04265 -0.0731733 0.353233 0.0316657 0
1231195 306505 m2 0.07415 0.0576716 -0.354947 -0.000981651 0
1231195 609593 m2 0.02075 -0.285815 -0.0682432 0 0.00533364
1231195 109673 m2 0.2001 0.203483 -0.361721 0 -0.00680249
1231195 108446 m2 0.13815 -0.388025 -0.370134 0 -0.000495787
1231195 103702 m2 0.03585 -0.26991 0.00455287 -0.0188384 0
1231195 427275 m2 0.05835 -0.415743 0.146423 -0.0254451 0
1231195 41561 m2 0.08205 -0.0248913 0.675187 0 0.0362945
1231195 351969 m2 0.02895 0.164605 0.53094 -0.0141627 0
1231195 361161 m2 0.12085 -0.330312 0.4413 0 0.0238022
1231195 417235 m2 0.10915 -0.0464269 0.00621069 -0.037354 0
1231195 561831 m2 0.01015 0.0870538 0.476434 0 -0.0378514
1231195 629859 m2 0.0128 0.0661085 0.238777 -0.0214873 0
1231195 638718 m2 0.03695 -0.19181 -0.174402 -0.0633833 0
1231195 621613 m2 0.0647 0.00574795 0.486228 -0.00922784 0
1231195 613505 m2 0.01015 -0.19849 0.280621 -0.0515765 0
1231195 635962 m2 0.03665 -0.336686 0.14598 0.00268221 0
1231195 98135 m2 0.0348 -0.313195 0.141131 -0.0388167 0
1231195 651107 m2 0.0128 -0.357559 0.0726233 -0.0243462 0
1231195 155500 m2 0.1251 -0.178369 0.0514186 -0.0471185 0
1231195 491070 m2 0.03855 0.404922 -0.293066 0 -0.0331381
1231195 568265 m2 0.01435 0.195696 0.155045 -0.00682012 0
1231195 374085 m2 0.0353 -0.195979 0.239681 -0.022923 0
1231195 587514 m2 0.01715 0.175089 0.312211 0 -0.00166134
1231195 441710 m2 0.0401 0.215486 0.00897213 0 0.0109467
1231195 576355 m2 0.0177 0.0205915 0.242435 0 -0.0156696
1231195 473830 m2 0.0239 -0.315711 0.0538866 0 -0.00607386
1231195 538848 m2 0.0188 -0.0223853 0.421101 0 -0.00599075
1231195 59109 m2 0.02815 0.214969 0.481171 0.0300963 0
1231195 90794 m2 0.04325 -0.378873 0.307254 -0.0333322 0
1231195 363326 m2 0.01825 -0.170922 0.223723 0 0.0199936
1231195 188504 m2 0.0446 -0.228258 -0.265856 0.026182 0
1231195 471292 m2 0.01105 -0.00895247 0.338814 -0.0148467 0
1231195 587267 m2 0.0253 -0.344417 0.0665643 -0.0530944 0
1231195 462606 m2 0.0142 -0.00143837 0.025587 0 0.00118281
1231195 599719 m2 0.01815 0.0602427 0.253952 0.0395102 0
1231195 411473 m2 0.0274 -0.0770052 0.432153 0 0.0640219
1231195 90793 m2 0.15315 -0.329423 0.202093 -0.0284974 0
1231195 651578 m2 0.01215 -0.191873 0.141216 0 -0.0189825
1231195 509961 m2 0.0119 -0.220645 0.110196 -0.024006 0
1231195 718737 m2 0.01415 -0.10311 0.0589726 -0.0403624 0
1231195 185635 m2 0.0116 -0.0944447 0.155513 0 0.023879
1231195 330208 m2 0.06535 -0.264008 0.549112 0 0.0641497
1231195 228842 m2 0.03715 0.0753999 0.485377 0 0.00607346
1231195 595955 m2 0.0212 -0.223164 0.276382 0 0.00795968
1231195 577803 m2 0.01305 -0.29727 -0.0726055 0 0.0257594
1231195 672448 m2 0.014 0.252046 0.399835 0 0.0486791
1231195 568718 m2 0.01015 -0.232924 -0.193191 -0.042765 0
1231195 557568 m2 0.0262 0.293335 -0.0413678 0 -0.0302543
1231195 149391 m2 0.0367 0.33658 -0.194371 0 -0.00371096
1231195 165973 m2 0.10475 0.371764 -0.179297 0.0122513 0
1231195 275165 m2 0.0525 -0.182226 -0.420053 0 0.00772566
1231195 80246 m2 0.0339 -0.0946631 -0.292069 0 -0.020213
1231195 323354 m2 0.023 -0.103473 0.235128 0.0371892 0
1231195 82930 m2 0.0352 0.289864 0.199585 0 -0.0126447
1231195 136133 m2 0.0388 -0.267644 0.354903 0 0.0317591
1231195 136598 m2 0.0729 -0.319915 0.462294 -0.0788754 0
1231195 636952 m2 0.01925 -0.121988 0.18667 0 0.0467097
1231195 569236 m2 0.0274 -0.124918 0.478666 0 0.0450325
1231195 196479 m2 0.21185 -0.441584 0.00936209 -0.0640503 0
1231195 660964 m2 0.0236 0.0018961 -0.260141 -0.0418766 0
1231195 497930 m2 0.0822 0.429024 0.10113 0.0606185 0
1231195 121796 m2 0.07845 -0.0635044 -0.106545 0 0.0211646
1231195 390817 m2 0.045 0.16152 0.063956 0 -0.0233163
1231195 640675 m2 0.0178 -0.283243 0.348146 0 0.018397
1231195 106393 m2 0.1392 0.397053 0.283995 0.0369216 0
1231195 297365 m2 0.0102 0.0544064 0.287111 -0.0434114 0
1231195 348657 m2 0.05115 0.0383747 0.563651 0 -0.00218009
1231195 98363 m2 0.08865 0.396751 0.330749 0.01601 0
1231195 606496 m2 0.04435 0.250202 -0.289274 0 -0.0532152
1231195 435282 m2 0.092 0.256621 -0.486601 0 0.00488892
1231195 128355 m2 0.1072 0.491354 -0.315799 0 -0.0198874
1231195 569233 m2 0.02415 -0.319977 0.1768 0 -0.0150277
1231195 156664 m2 0.3857 0.0060043 -0.537302 0 -0.0314949
1231195 655187 m2 0.01145 0.203872 0.175385 -0.0376454 0
1231195 673575 m2 0.05125 -0.0671325 0.272683 -0.0372134 0
1231195 482828 m2 0.07895 -0.265137 0.204932 -0.048407 0
1231195 210903 m2 0.0153 -0.0594179 0.0787825 0.00404468 0
1231195 90228 m2 0.1163 0.195827 0.463659 0 0.00500177
1231195 274476 m2 0.12315 0.277177 0.672306 0 0.0252635
1231195 659264 m2 0.01135 -0.210763 0.245028 0 0.0242561
1231195 88762 m2 0.01435 0.417536 0.194807 0.063576 0
1231195 349180 m2 0.0353 -0.146553 -0.435606 0 -0.0376141
1231195 631124 m2 0.0182 -0.0585028 0.241567 0 0.0365455
1231195 571905 m2 0.01235 0.230298 0.185519 0 0.00409564
1231195 505410 m2 0.0128 0.192794 0.395713 0 0.0264411
1231195 112443 m2 0.01175 0.0743806 0.200474 0 0.0806863
1231195 168974 m2 0.0713 -0.13062 0.0188835 0 -0.0197255
1231195 165204 m2 0.09075 0.193282 -0.202459 0.0050035 0
1231195 406499 m2 0.0224 0.125845 -0.384823 0 -0.0409394
1231195 99149 m2 0.38185 -0.383111 -0.611723 -0.00188314 0
1231195 691187 m2 0.01515 -0.33917 -0.0620537 0.054399 0
1231195 296020 m2 0.09265 -0.339241 -0.345925 0 -0.0458522
1231195 440912 m2 0.04215 -0.309516 0.380136 -0.0286206 0
1231195 595711 m2 0.04585 -0.191399 0.184748 0.00715968 0
1231195 259376 m2 0.2351 0.0618083 0.816315 0 0.0519246
1231195 97064 m2 0.01825 -0.0240244 0.456733 0 0.00420378
1231195 119828 m2 0.07735 -0.280323 0.454547 -0.0237084 0
1231195 446218 m2 0.01205 -0.02884 0.375602 0 0.0125672
1231195 295791 m2 0.15205 0.588118 0.149049 0.0157097 0
1231195 521577 m2 0.0113 -0.191765 0.0695109 0 -0.0176134
1231195 156444 m2 0.12055 0.554562 0.481065 0.0452358 0
1231195 555777 m2 0.0345 -0.309935 0.136911 0 0.0238737
1231195 281134 m2 0.05025 0.00500809 0.365766 0 0.033657
1231195 538080 m2 0.07535 -0.292459 0.401979 0 0.0245088
1231195 181660 m2 0.31145 0.107668 0.0760126 0 0.0539867
1231195 345863 m2 0.0583 -0.147276 -0.473539 0.0152431 0
1231195 485797 m2 0.0387 0.22107 -0.313907 -0.018618 0
1231195 332159 m2 0.04345 -0.283564 -0.199071 -0.068775 0
1231195 513906 m2 0.02015 -0.15588 0.171063 0 -0.0293983
1231195 138854 m2 0.0513 0.168528 0.427882 0 0.026881
1231195 664241 m2 0.01395 -0.356099 0.0862047 0.0124342 0
1231195 143879 m2 0.0189 -0.341599 0.288288 -0.0204828 0
1231195 126560 m2 0.04655 -0.14384 0.0605457 -0.0154519 0
1231195 643636 m2 0.0108 0.015928 0.26966 -0.0278332 0
1231195 134851 m2 0.0594 0.0637879 0.58227 0 2.90141e-05
1231195 376796 m2 0.0316 0.238325 0.464815 0.0104271 0
1231195 192717 m2 0.1054 -0.212257 -0.231973 -0.0449189 0
1231195 603976 m2 0.0304 -0.290316 0.386018 0 -0.00219822
1231195 189211 m2 0.02485 -0.298981 -0.256702 0 -0.0195608
1231195 521567 m2 0.0562 0.273957 0.610821 0.0198918 0
1231195 474065 m2 0.0141 -0.23411 -0.196752 -0.032995 0
1231195 655442 m2 0.0205 -0.198324 0.122371 -0.103606 0
1231195 268753 m2 0.0552 -0.03315 -0.0622099 0.0183943 0
1231195 520282 m2 0.01865 0.330782 -0.0259646 0 -0.00684574
1231195 589545 m2 0.0169 -0.289285 0.0941349 -0.0272147 0
1231195 131338 m2 0.47515 0.183376 0.00140188 0.0504164 0
1231195 563931 m2 0.0444 -0.297973 -0.21003 0 0.00273109
1231195 231844 m2 0.0995 0.335318 -0.105737 0.0284875 0
1231195 399109 m2 0.0415 0.406527 -0.108029 0.0556253 0
1231195 441672 m2 0.02855 0.215173 0.481665 0 0.0374586
1231195 147702 m2 0.01845 0.346531 0.223581 0 0.0159851
1231195 651082 m2 0.01245 0.340047 0.299404 0.0424942 0
1231195 324074 m2 0.01155 -0.18434 0.289967 -0.09504 0
1231195 204462 m2 0.01475 -0.147426 0.371672 0 -0.00513196
1231195 585530 m2 0.01155 0.16452 -0.372748 0 0.0329392
1231195 173652 m2 0.18005 0.0270234 -0.328908 -0.0132145 0
1231195 360409 m2 0.01265 -0.236525 0.1746 -0.0404556 0
1231195 467777 m2 0.0754 0.00630059 -0.258229 0 -0.0017694
1231195 239605 m2 0.06645 0.0306064 -0.215742 0 -0.00895265
1231195 158438 m2 0.17325 -0.318332 -0.331684 -0.0496753 0
1231195 500822 m2 0.05825 -0.243404 -0.446537 0 -0.0474005
1231195 237012 m2 0.08465 0.50192 -0.0410867 0.0593301 0
1231195 172092 m2 0.0131 0.0992871 0.192039 0.0503023 0
1231195 230291 m2 0.166 0.588534 -0.450952 0.071496 0
1231195 449401 m2 0.0143 -0.291005 0.425786 0.0138624 0
1231195 271856 m2 0.0688 -0.348964 -0.201755 0.0216379 0
1231195 175113 m2 0.0775 0.271164 -0.325871 0 -0.0369719
1231195 616479 m2 0.01995 0.439165 -0.00996383 0.0391975 0
1231195 195461 m2 0.0354 0.0327408 -0.563918 0 -0.0760651
1231195 486058 m2 0.0615 0.211385 0.524668 0 0.0288874
1231195 186620 m2 0.017 0.289864 0.409769 0 0.0135841
1231195 186115 m2 0.0448 -0.233134 0.250619 -0.01637 0
1231195 329924 m2 0.12355 -0.337772 0.364463 -0.0604814 0
1231195 273146 m2 0.1207 -0.0930187 -0.200796 -0.0146148 0
1231195 298837 m2 0.05885 -0.284705 0.155615 -0.0215053 0
1231195 305021 m2 0.0875 -0.295954 -0.163028 -0.0486458 0
1231195 231577 m2 0.1137 -0.240938 0.071004 0 0.0165422
1231195 545076 m2 0.01315 -0.0762715 0.211567 0.0298829 0
1231195 359397 m2 0.0538 -0.296804 0.330869 0 0.0280988
1231195 541974 m2 0.03185 -0.38234 -0.28925 -0.0509661 0
1231195 603185 m2 0.0201 0.460154 -0.0280186 0 -0.0123493
1231195 210874 m2 0.13465 0.330233 -0.452464 0.0497774 0
1231195 326486 m2 0.03685 -0.106019 0.298704 -0.00099922 0
1231195 569208 m2 0.0346 -0.102038 0.261758 0 -0.00524989
1231195 672598 m2 0.02065 0.350429 0.191599 0.105704 0
1231195 425700 m2 0.13125 -0.217944 -0.356606 0.0171482 0
1231195 555487 m2 0.01455 -0.19232 -0.324683 -0.0273838 0
1231195 566696 m2 0.01785 0.181177 0.206567 0 0.0650382
1231195 447640 m2 0.0142 -0.0148329 0.263591 0.00979683 0
1231195 365764 m2 0.04285 -0.266827 0.179635 0 -0.0260022
1231195 262852 m2 0.0267 0.0520943 0.40355 0 -0.00331895
1231195 514583 m2 0.0217 -0.278105 -0.380134 -0.0728934 0
1231195 278107 m2 0.0181 -0.212258 -0.425046 0 -0.0454814
1231195 438438 m2 0.03425 0.0999752 -0.494816 -0.0226341 0
1231195 248697 m2 0.06645 0.0478325 0.508986 0 0.0418391
1231195 259088 m2 0.0819 -0.105423 -0.484339 -0.0351294 0
1231195 213894 m2 0.12335 0.103856 -0.80479 0 -0.0665298
1231195 478841 m2 0.01535 -0.217447 0.31167 -0.0367418 0
1231195 284440 m2 0.09065 -0.251895 0.412907 -0.0194101 0
1231195 351907 m2 0.0677 0.277932 0.48748 0.0331153 0
1231195 217697 m2 0.01135 0.0769549 0.280544 -0.00141746 0
1231195 241357 m2 0.01115 -0.138845 -0.0527114 -0.0281978 0
1231195 345375 m2 0.04285 -0.37406 -0.288126 -0.0668788 0
1231195 658967 m2 0.01145 -0.0740679 0.269089 0.042273 0
1231195 639432 m2 0.02565 0.374797 -0.142794 0.0591969 0
1231195 491021 m2 0.01435 -0.0292066 -0.148663 -0.0720264 0
1231195 482534 m2 0.02485 -0.223493 0.135145 0.026161 0
1231195 253744 m2 0.08635 0.192661 -0.0722764 -0.030314 0
1231195 341311 m2 0.152 -0.0551589 -0.494698 0.0101787 0
1231195 494152 m2 0.08775 -0.241469 -0.21709 -0.0210063 0
1231195 594949 m2 0.02715 0.391821 0.170449 -0.0140138 0
1231195 313845 m2 0.0685 0.470196 -0.0341523 0.0498405 0
1231195 312798 m2 0.1075 0.290293 -0.0348541 0 0.0356391
1231195 224249 m2 0.0255 -0.146327 0.395409 0 0.00234927
1231195 240860 m2 0.0192 0.120662 0.52632 0 0.0257729
1231195 573909 m2 0.0249 -0.231797 -0.408915 -0.0245617 0
1231195 600701 m2 0.0463 -0.0481825 0.417362 0 0.00478664
1231195 618725 m2 0.01125 0.112731 -0.114629 0 -0.0109655
1231195 621827 m2 0.011 0.0411859 0.414193 0 0.00619421
1231195 491540 m2 0.0108 -0.239176 0.2572 -0.0182031 0
1231195 620742 m2 0.0177 0.263444 -0.45025 0.0835786 0
1231195 594214 m2 0.0257 -0.271974 0.204016 0.0104526 0
1231195 607281 m2 0.02275 -0.123163 0.207595 -0.00953437 0
1231195 542321 m2 0.02065 0.275059 -0.35993 0.0349801 0
1231195 436455 m2 0.0413 0.0126514 -0.491806 0.00725701 0
1231195 561009 m2 0.0499 0.441576 -0.210533 0.0456739 0
1231195 527223 m2 0.0995 0.543665 -0.541538 0.0785466 0
1231195 312256 m2 0.03445 -0.354954 -0.118669 0 -0.0426845
1231195 686433 m2 0.0103 -0.322253 0.0170487 -0.0619346 0
1231195 322786 m2 0.02425 -0.0439844 -0.516601 0 -0.0297764
1231195 637913 m2 0.01275 -0.035357 -0.0658491 0.0545565 0
1231195 692882 m2 0.011 -0.1739 -0.000230612 -0.00457631 0
1231195 601409 m2 0.0168 0.0501043 0.293432 0 0.0202587
1231195 626337 m2 0.01405 0.300709 -0.0838239 0 0.0362558
1231195 337847 m2 0.0923 -0.377781 -0.035868 -0.11295 0
1231195 585740 m2 0.0183 0.171727 -0.166695 0.0244914 0
1231195 479607 m2 0.01265 0.0557189 0.314039 0 0.0536056
1231195 627314 m2 0.014 -0.223014 0.11705 0.0739876 0
1231195 316672 m2 0.08475 -0.31491 0.386577 -0.0481612 0
1231195 645280 m2 0.03065 -0.190073 -0.244288 -0.00728462 0
1231195 570442 m2 0.07815 -0.279832 -0.106143 0 -0.029525
1231195 674795 m2 0.0229 0.454002 -0.127304 0 0.0587028
1231195 619768 m2 0.0167 -0.294093 0.0521992 0 0.00787872
1231195 622096 m2 0.02565 0.373057 -0.0849246 0 0.040654
1231195 309159 m2 0.1019 0.088172 -0.535852 0.0348696 0
1231195 373301 m2 0.08075 -0.345105 0.3815 0 0.035018
1231195 353159 m2 0.1637 -0.202341 0.507979 -0.0596656 0
1231195 342595 m2 0.1065 0.115097 -0.204225 -0.0260007 0
1231195 559014 m2 0.0373 0.278484 -0.329832 0 -0.0356934
1231195 714881 m2 0.0142 -0.146044 -0.144639 0 -0.0276284
1231195 645278 m2 0.01845 -0.169821 -0.0425346 0 0.0166127
1231195 524717 m2 0.03745 -0.0142098 0.274308 -0.0123597 0
1231195 371722 m2 0.1647 -0.259613 -0.479033 -0.0471512 0
1231195 352155 m2 0.016 0.152104 -0.00238444 0 -0.0425118
1231195 474838 m2 0.0282 -0.166853 -0.086171 -0.0302057 0
1231195 593635 m2 0.06715 -0.303127 -0.0766963 0 0.0167109
1231195 702476 m2 0.01165 -0.048105 -0.249465 0 -0.0382769
1231195 551988 m2 0.0168 -0.193948 0.0493777 0 -0.0231596
1231195 720194 m2 0.013 -0.108371 -0.218292 0.00643633 0
1231195 386007 m2 0.01905 -0.347302 -0.0276558 0 -0.0396322
1231195 407449 m2 0.0491 -0.269317 -0.0349651 0 -0.0401598
1231195 347152 m2 0.02455 -0.242359 -0.446261 0 -0.0407385
1231195 538266 m2 0.02295 0.266481 -0.319997 0 -0.0348849
1231195 389753 m2 0.0205 -0.0930433 0.295304 0.0373082 0
1231195 475343 m2 0.01605 -0.243441 0.0186517 0 0.0281099
1231195 692902 m2 0.0169 0.257835 -0.112104 0 -0.0345497
1231195 595655 m2 0.02305 -0.295185 -0.316413 -0.038718 0
1231195 417890 m2 0.03765 -0.158677 -0.083727 -0.000931546 0
1231195 604202 m2 0.02025 0.31768 -0.414138 0 0.00162411
1231195 659973 m2 0.03065 -0.194412 -0.412041 -0.0263247 0
1231195 376520 m2 0.02025 0.435772 0.272731 0.0838628 0
1231195 669285 m2 0.0194 0.416573 -0.402754 0 -0.018207
1231195 343618 m2 0.14875 0.0736104 -0.568258 0.00955849 0
1231195 594419 m2 0.0502 -0.187218 -0.407304 -0.037246 0
1231195 348850 m2 0.0141 -0.246772 0.212131 -0.0425981 0
1231195 492272 m2 0.0296 -0.166207 0.217256 0 0.00145335
1231195 418189 m2 0.04095 -0.190762 -0.407842 -0.0597928 0
1231195 656717 m2 0.01145 -0.0333282 -0.0480485 0 -0.0300392
1231195 520308 m2 0.01595 0.0566816 0.118265 0.00116856 0
1231195 652004 m2 0.0168 -0.138907 -0.251457 0 0.00921305
1231195 674272 m2 0.012 -0.280145 -0.211239 0 0.0523384
1231195 490522 m2 0.0932 0.0734967 -0.517507 0.0384995 0
1231195 382293 m2 0.0719 -0.45796 -0.13618 -0.0633726 0
1231195 603160 m2 0.01415 -0.0715261 -0.182727 0.0337671 0
1231195 632091 m2 0.01415 -0.219973 -0.0420735 0 0.034871
1231195 331889 m2 0.14835 -0.327117 -0.119888 0 0.027083
1231195 621546 m2 0.0133 -0.336004 -0.0677412 0 0.0283849
1231195 446177 m2 0.0399 0.0317555 -0.0480183 0 -0.00999096
1231195 541509 m2 0.0133 -0.0244764 0.0307705 0 -0.00327228
1231195 448089 m2 0.08075 -0.296847 -0.179069 0 0.0464953
1231195 418426 m2 0.0207 0.00700849 0.325853 0 0.0005462
1231195 505372 m2 0.09525 -0.295989 0.320418 0 0.021735
1231195 612475 m2 0.02045 -0.205492 -0.0447993 0 -0.05299
1231195 460189 m2 0.02215 -0.336757 0.247917 -0.0371279 0
1231195 700723 m2 0.01125 -0.0589345 -0.0582907 0 -0.00335279
1231195 415926 m2 0.0334 -0.166969 -0.472303 0 -0.0853907
1231195 493917 m2 0.03235 -0.14762 0.415456 -0.00249305 0
1231195 404661 m2 0.03985 0.330912 0.254577 0 -0.0104403
1231195 462767 m2 0.036 0.399641 -0.354311 0.120815 0
1231195 679436 m2 0.0148 -0.197373 -0.419113 0 -0.0326795
1231195 623062 m2 0.01985 0.122554 -0.168979 -0.0348352 0
1231195 612958 m2 0.019 0.127616 -0.369625 0.00825736 0
1231195 456238 m2 0.07175 0.211394 -0.477115 0 -0.0093862
1231195 414127 m2 0.02805 -0.0419477 -0.633903 0 -0.0771226
1231195 607268 m2 0.03225 -0.280539 0.158735 0 -0.00198581
1231195 669540 m2 0.0101 0.346268 -0.0698573 0.00852043 0
1231195 405153 m2 0.03405 -0.17816 0.198361 0 -0.0139632
1231195 392989 m2 0.0393 -0.114585 -0.0839256 0 -0.0288522
1231195 430358 m2 0.11085 -0.114065 -0.542698 0 -0.0357919
1231195 463743 m2 0.03605 0.592552 0.187974 0.0607135 0
1231195 661671 m2 0.01415 0.10882 0.201981 0.0515366 0
1231195 624376 m2 0.01145 -0.299354 0.100105 -0.0546647 0
1231195 537007 m2 0.017 0.14484 0.215954 0.0315611 0
1231195 498428 m2 0.0476 -0.265137 0.363238 0 0.013387
1231195 481288 m2 0.05355 0.247618 -0.358021 0.0209301 0
1231195 519788 m2 0.0496 0.187765 -0.220273 -0.0199164 0
1231195 609989 m2 0.05665 0.480932 -0.236575 -0.0483875 0
1231195 586470 m2 0.01495 0.114351 0.135184 0.018769 0
1231195 621260 m2 0.0156 -0.157543 -0.430272 -0.0364243 0
1231195 613967 m2 0.02685 -0.0976412 -0.492719 0 0.002263
1231195 621290 m2 0.0557 0.398501 -0.131943 -0.0307081 0
1231195 610011 m2 0.01805 -0.331709 0.135578 0 0.0152526
1231195 662683 m2 0.011 0.320591 0.0740684 0 0.0366691
1231195 678956 m2 0.01655 0.413472 -1.50633e-05 0 0.0518184
1231195 626079 m2 0.0141 -0.134489 0.275707 0 -0.0534439
1231195 690621 m2 0.046 -0.179097 -0.442169 0 -0.0140057
1231195 621262 m2 0.0112 0.353981 -0.393621 0 0.00388517
1231195 684162 m2 0.0114 0.215526 -0.329278 -0.0504417 0
1231195 577228 m2 0.0113 -0.191765 0.0695109 0 -0.0351565
1231195 614988 m2 0.02915 -0.0620893 -0.518588 0 0.000834039
1231195 578988 m2 0.03625 0.0987529 -0.176061 -0.0415587 0
1231195 605935 m2 0.0117 0.0512225 -0.261712 0 0.0521732
1231195 701953 m2 0.011 -0.22576 -0.137528 -0.0447379 0
1231195 673078 m2 0.0158 0.0234984 0.314037 -0.0116092 0
1231195 671566 m2 0.02425 -0.215005 -0.417437 0.0316592 0
1231195 635105 m2 0.01265 -0.169299 -0.130781 -0.0129754 0
1231195 657666 m2 0.0127 0.333702 -0.36053 0 -0.0131989
1231195 673989 m2 0.02025 0.270284 0.12065 0.00989879 0
1231195 695164 m2 0.011 -0.240879 -0.269614 0 -0.0360221
1231195 683910 m2 0.02655 -0.0457814 -0.193407 0 -0.0116156
1231195 668290 m2 0.0144 0.345968 -0.377166 0.0209738 0
