// Initial random seed:
1817775075922

// RunInitializeCallbacks():
initializeTreeSeq();
initializeMutationRate(2.5e-08);
initializeSex("A");
initializeMutationType(2, 0.5, "f", 0);
initializeGenomicElementType(1, m2, 1);
initializeGenomicElement(g1, 0, 500000);
initializeRecombinationRate(c(1e-06, 0.5, 1e-06, 0.5, 1e-06, 0.5, 1e-06, 0.5, 1e-06, 0.5, 1e-06, 0.5, 1e-06, 0.5, 1e-06, 0.5, 1e-06, 0.5, 1e-06, 0.5, 1e-06, 0.5, 1e-06, 0.5, 1e-06, 0.5, 1e-06, 0.5, 1e-06, 0.5, 1e-06, 0.5, 1e-06, 0.5, 1e-06, 0.5, 1e-06, 0.5, 1e-06), c(50000, 50001, 100000, 100001, 150000, 150001, 200000, 200001, 250000, 250001, 300000, 300001, 350000, 350001, 400000, 400001, 450000, 450001, 500000, 500001, 550000, 550001, 600000, 600001, 650000, 650001, 700000, 700001, 750000, 750001, 800000, 800001, 850000, 850001, 900000, 900001, 950000, 950001, 1000000));

QTL DFE means: 
0 0

QTL DFE variance-covariance matrix: 
      [,0]  [,1]
[0,] 0.002     0
[1,]     0 0.002

// Starting run at generation <start>:
1 

100:0.994677 0.994677 9.09273e-14 -0.00315086 -0.012931 0.154407 0.0638406 NAN NAN
200:0.986827 0.986827 -2.72005e-14 -0.0182388 -0.0208168 -0.292758 0.186535 NAN NAN
300:0.98738 0.98738 -3.55271e-14 -0.0445186 -0.0148964 -0.205641 0.238826 NAN NAN
400:0.990193 0.990193 -2.84217e-14 -0.0570418 0.00676944 -0.37469 -0.0362403 NAN NAN
500:0.990217 0.990217 -4.37428e-14 -0.0428848 0.0112162 -0.197889 0.0730783 NAN NAN
600:0.988113 0.988113 -3.55271e-15 -0.051722 0.0154634 0.0554562 -0.0132371 NAN NAN
700:0.986894 0.986894 -2.16493e-14 -0.0284866 0.028343 -0.0534357 -0.189744 NAN NAN
800:0.986762 0.986762 8.77076e-15 -0.0640138 0.00922227 -0.011474 -0.297772 NAN NAN
900:0.986641 0.986641 3.33067e-16 -0.0525981 0.00602293 0.23866 -0.316484 NAN NAN
1000:0.986844 0.986844 -2.77556e-15 -0.0118135 0.0154152 0.456504 -0.281667 NAN NAN
1100:0.981302 0.978256 0.00304568 -0.00268954 0.0248217 0.622492 0.118429 0.458146 0.0988996
1200:0.976862 0.961717 0.0151452 0.0143833 0.0260846 0.690951 0.462407 0.494179 0.416666
1300:0.967549 0.929475 0.0380739 0.0109332 0.037191 0.7588 0.65646 0.579846 0.578724
1400:0.958601 0.885799 0.0728026 0.00395116 0.0333617 0.829956 0.753387 0.685064 0.700199
1500:0.952329 0.832343 0.119986 0.0222544 0.0381495 0.841811 0.869746 0.747327 0.819363
1600:0.948782 0.757372 0.191409 -0.0554322 0.00450515 0.80919 0.940068 0.773299 0.898409
1700:0.941763 0.676455 0.265308 -0.038075 0.0207904 0.877381 0.942671 0.845009 0.923852
1800:0.920175 0.597224 0.322951 -0.0384832 0.0219562 0.906866 0.934085 0.863778 0.913759
1900:0.894362 0.493133 0.401229 -0.0310053 0.0236414 0.911338 0.93645 0.880228 0.921299
2000:0.871631 0.36388 0.507751 -0.0293119 0.0337735 0.937796 0.956153 0.913225 0.942438
2100:0.883706 0.349706 0.534001 -0.0386961 0.0245499 0.944933 0.956077 0.921843 0.946121
2200:0.887555 0.344744 0.542811 -0.0262834 0.0424161 0.947519 0.957467 0.927061 0.947834
2300:0.890846 0.344468 0.546378 -0.0316996 0.0523863 0.955682 0.957392 0.925735 0.949772
2400:0.887907 0.342717 0.54519 -0.0273702 0.0592281 0.954193 0.954483 0.92945 0.946383
2500:0.895641 0.345039 0.550602 -0.0352778 0.0573362 0.962125 0.9595 0.930494 0.952395
2600:0.887402 0.341867 0.545534 -0.0398922 0.0546954 0.957886 0.956055 0.929833 0.946647
2700:0.895413 0.343242 0.552171 -0.034135 0.0325134 0.957468 0.966499 0.93014 0.953067
2800:0.903866 0.345619 0.558247 -0.030278 0.01618 0.959971 0.969552 0.933747 0.956726
2900:0.896231 0.344493 0.551738 -0.0260326 0.0355822 0.955521 0.967292 0.928936 0.954077
3000:0.892786 0.340525 0.552261 -0.011634 0.0622827 0.956567 0.963616 0.92912 0.954111
