// Initial random seed:
1707014352252

// RunInitializeCallbacks():
initializeTreeSeq();
initializeMutationRate(2.5e-08);
initializeSex("A");
initializeMutationType(2, 0.5, "f", 0);
initializeGenomicElementType(1, m2, 1);
initializeGenomicElement(g1, 0, 500000);
initializeRecombinationRate(c(1e-06, 0.5, 1e-06, 0.5, 1e-06, 0.5, 1e-06, 0.5, 1e-06, 0.5, 1e-06, 0.5, 1e-06, 0.5, 1e-06, 0.5, 1e-06, 0.5, 1e-06, 0.5, 1e-06, 0.5, 1e-06, 0.5, 1e-06, 0.5, 1e-06, 0.5, 1e-06, 0.5, 1e-06, 0.5, 1e-06, 0.5, 1e-06, 0.5, 1e-06, 0.5, 1e-06), c(50000, 50001, 100000, 100001, 150000, 150001, 200000, 200001, 250000, 250001, 300000, 300001, 350000, 350001, 400000, 400001, 450000, 450001, 500000, 500001, 550000, 550001, 600000, 600001, 650000, 650001, 700000, 700001, 750000, 750001, 800000, 800001, 850000, 850001, 900000, 900001, 950000, 950001, 1000000));

QTL DFE means: 
0 0

QTL DFE variance-covariance matrix: 
      [,0]  [,1]
[0,] 0.002     0
[1,]     0 0.002

// Starting run at generation <start>:
1 

100:0.997808 0.997808 1.54321e-14 0.0035921 -0.00215023 0.275338 -0.0419684 NAN NAN
200:0.99645 0.99645 1.23235e-14 0.00562457 0.00581686 0.346379 0.247586 NAN NAN
300:0.995614 0.995614 9.99201e-15 0.00174765 0.00174464 0.466134 -0.154125 NAN NAN
400:0.993443 0.993443 -2.66454e-15 -0.00757297 0.0144622 -0.10317 -0.32155 NAN NAN
500:0.991656 0.991656 1.0103e-14 0.00540656 0.0182791 0.0483623 -0.191788 NAN NAN
600:0.990665 0.990665 -5.88418e-15 -0.00210219 -0.00375483 0.351739 -0.0420305 NAN NAN
700:0.991788 0.991788 -4.17444e-14 -0.00416135 -4.16854e-05 0.144512 0.317238 NAN NAN
800:0.990406 0.990406 -1.9762e-14 -0.0110091 0.00189542 -0.0752723 0.17866 NAN NAN
900:0.98894 0.98894 -4.40759e-14 -0.0112694 -0.0062003 -0.196283 -0.116935 NAN NAN
1000:0.989557 0.989557 1.18794e-14 -0.0167043 0.00308237 -0.0733828 0.114419 NAN NAN
1100:0.987027 0.984207 0.00282002 -0.0265632 -0.00293699 0.192577 0.449601 0.0854274 0.177037
1200:0.985024 0.962728 0.022296 0.000499014 -0.00351675 0.560668 0.882189 0.256936 0.556863
1300:0.979613 0.929367 0.0502464 0.0243747 -0.0109534 0.747665 0.921111 0.431051 0.6935
1400:0.978851 0.875426 0.103425 -0.00335309 -0.00965539 0.898505 0.972944 0.595517 0.823162
1500:0.974363 0.816195 0.158168 -0.0105328 -0.0128084 0.959414 0.972775 0.741327 0.857083
1600:0.970142 0.752115 0.218027 0.00495926 -0.00718303 0.962036 0.986706 0.79964 0.886635
1700:0.965467 0.6645 0.300967 0.0121715 -0.00134164 0.957337 0.987056 0.845126 0.917944
1800:0.960989 0.584031 0.376958 -0.0103092 -0.00321341 0.972366 0.993741 0.872493 0.93237
1900:0.95711 0.481244 0.475867 -0.0127469 0.0168097 0.989157 0.994 0.904816 0.940108
2000:0.947553 0.358121 0.589432 0.00811001 -0.00222331 0.993729 0.994507 0.934495 0.946177
2100:0.946845 0.351014 0.595832 0.00230022 -0.00158646 0.995022 0.994035 0.935672 0.945799
2200:0.947505 0.351328 0.596178 0.015074 0.0140249 0.995098 0.995215 0.933905 0.942561
2300:0.947924 0.350696 0.597228 0.00469516 0.0173136 0.995579 0.995536 0.934104 0.943535
2400:0.947766 0.352461 0.595305 -0.00998713 0.00608468 0.996628 0.995341 0.931671 0.944721
2500:0.943994 0.350026 0.593968 -0.0113836 0.00400347 0.991783 0.995967 0.930461 0.942291
2600:0.942753 0.351503 0.59125 -0.00462005 -0.0080667 0.992916 0.993667 0.934464 0.936167
2700:0.942607 0.353487 0.58912 -0.00342489 0.00408867 0.993532 0.995485 0.933597 0.937333
2800:0.942703 0.351727 0.590977 -0.0023763 -0.0186514 0.993948 0.995051 0.931227 0.936731
2900:0.941817 0.347041 0.594776 0.00495969 0.0068094 0.99465 0.994258 0.934011 0.93767
3000:0.942957 0.348312 0.594644 0.0136441 -0.000209856 0.994091 0.995648 0.932657 0.936468
